1.042165799999999933e+02 2.347071499999999844e+01 1.250902903595649889e+02 9.133236617787746425e+00
1.294916100000000085e+02 2.620026999999999884e+00 1.038605492852515226e+02 1.008252409473924160e+01
1.083680499999999967e+02 2.084225800000000106e+01 1.052659412860811869e+02 2.820853850013750019e+01
1.264986999999999995e+02 2.455890000000000128e+01 9.978752428816029862e+01 2.061129850473129821e+01
1.005045199999999994e+02 2.882197800000000143e+01 1.358609922289404892e+02 2.663515215508019551e+01
1.102168700000000001e+02 2.640597199999999845e+01 1.027855006533249025e+02 3.472938002038232241e+01
1.063184499999999986e+02 2.189414199999999866e+01 1.040637119279141842e+02 3.809009609387942419e+00
1.358888900000000035e+02 4.520160999999999873e+00 1.305352052595864052e+02 3.477728639765013785e+00
9.569082000000000221e+01 2.712815700000000163e+01 1.326066891637024696e+02 3.269790862647204932e+01
1.134832399999999950e+02 1.777810300000000154e+01 1.019165559465636477e+02 2.692359628853875364e+01
1.167711800000000011e+02 1.044548600000000071e+01 9.619793553542744746e+01 5.255433673231856950e+00
1.370959000000000003e+02 5.531164999999999665e+00 1.120234491509333026e+02 3.841780898883111028e+00
1.030680899999999980e+02 2.392125499999999860e+01 1.340228066907310733e+02 3.098205278771302318e+01
1.135055600000000027e+02 1.730492999999999881e+01 1.000056692433740295e+02 9.812246108448329451e+00
1.289106299999999976e+02 7.094847999999999821e+00 1.265684189732808420e+02 2.925056848625317230e+01
1.306562800000000095e+02 2.621539999999999981e-01 1.086591095106683440e+02 2.863284044368830905e+01
1.044074200000000019e+02 1.407581799999999994e+01 1.283105780118518737e+02 1.027300921365623410e+01
1.148044000000000011e+02 2.044948799999999878e+01 1.236424682997424327e+02 2.577933977942810628e+01
9.833840999999999610e+01 3.082450000000000045e+01 1.372700384396073900e+02 2.108847147894897844e+01
1.002892999999999972e+02 2.375831000000000159e+01 1.023388584528049563e+02 8.466148840702314438e-01
1.142837099999999992e+02 1.745475199999999916e+01 1.029784391085446771e+02 1.259153880905654255e+01
1.351008600000000115e+02 2.345284300000000144e+01 9.374317472515322436e+01 3.462235582378973220e+01
1.235097959999999944e+02 2.681490999999999847e+00 1.340773864762566632e+02 2.761332059203660449e+01
1.038327500000000043e+02 1.301466800000000035e+01 1.033502901378020056e+02 3.141085879480365151e+01
1.023049299999999988e+02 2.800608000000000075e+01 1.222059686291740945e+02 1.110907270081819576e+01
1.232273500000000013e+02 4.342469000000000356e+00 1.250686664389338318e+02 1.977120853963682023e+01
1.071924700000000001e+02 1.362108100000000022e+01 9.857975163166258881e+01 5.601561115920807410e+00
9.801369499999999846e+01 2.871176499999999976e+01 1.256903292132269598e+02 1.976359623296919388e+00
1.119646900000000045e+02 1.463188599999999973e+01 1.254733761653780277e+02 3.357437890307642281e+00
1.064903999999999940e+02 1.390643999999999991e+00 1.061648344671428816e+02 2.866229070678123492e+01
1.224132840000000044e+02 1.063505699999999976e+01 1.017164906408910099e+02 2.883696491572883502e+01
1.129178600000000046e+02 2.190700100000000106e+01 9.341554043968359622e+01 2.789352435327496238e+01
9.823951999999999884e+01 1.669737599999999844e+01 9.341035854925031856e+01 1.533620398515715344e+01
1.244601700000000051e+02 2.153512000000000093e+00 1.103731764340116968e+02 7.474242119818717889e+00
1.357005499999999927e+02 1.938025700000000029e+01 1.364917416795324812e+02 3.590880896148411772e+00
1.067377000000000038e+02 2.727607499999999874e+01 9.810219340971441682e+01 2.986101980009628232e+00
1.373412800000000118e+02 7.320990000000000553e-01 1.306785994568596436e+02 3.493179516809676244e+01
1.325616899999999987e+02 2.183529300000000006e+01 1.223930238728245570e+02 4.613637582297276829e+00
1.063896100000000047e+02 3.912881000000000054e+00 1.264477939236986117e+02 2.003821682842627183e+01
1.061745300000000043e+02 2.465655100000000033e+01 1.113898041485828969e+02 2.597088110274966510e+01
1.221146700000000038e+02 7.678874999999999673e+00 1.225302707855212532e+02 2.476632743235248313e+01
1.090837899999999934e+02 1.109345000000000026e+00 1.323069501790396600e+02 2.711050092197122297e+01
1.153614500000000049e+02 1.834740400000000093e+01 1.368753331652350482e+02 1.535351261376300958e+00
1.199054399999999987e+02 1.518948900000000002e+01 1.341750140054746794e+02 1.995538250505474176e-01
1.020971899999999977e+02 2.676877800000000107e+01 1.264882592077848216e+02 4.313193673123489447e+00
1.276204900000000038e+02 1.005807899999999933e+01 1.040863547030715921e+02 3.110374194161670047e+00
9.977344999999999686e+01 2.670044899999999899e+01 1.319232998373875034e+02 1.238808586114446086e+01
1.222376000000000005e+02 3.524550000000000183e-01 1.122856414471903292e+02 2.758268133354228624e+01
1.221697539999999975e+02 5.261603000000000030e+00 1.127549082132291147e+02 2.171068723616251717e+01
9.989088999999999885e+01 2.683164999999999978e+01 1.185076566587930955e+02 6.402578243815970627e-01
1.255556260000000037e+02 1.372629099999999980e+01 1.275892029283715772e+02 1.580543609808857042e+01
1.011475200000000001e+02 2.924591300000000160e+01 9.494313576474047522e+01 2.336500478236422751e+01
1.344037299999999959e+02 3.264661399999999958e+01 1.275260904217327607e+02 9.579739708596353154e+00
9.339405999999999608e+01 1.624022300000000030e+01 1.022703453238641487e+02 2.878150299599065676e+01
1.123576999999999941e+02 3.279659999999999798e-01 1.222912775438944522e+02 2.673954478832296644e+01
9.397973000000000354e+01 1.450080900000000028e+01 1.262305970909613677e+02 1.523476325547792598e+01
1.235973099999999931e+02 1.219101299999999988e+01 1.376327799607384748e+02 1.101654354999448771e+01
1.110467699999999951e+02 3.238026399999999683e+01 1.253318231534561846e+02 2.684262484167108198e+01
1.302385099999999909e+02 7.992467999999999684e+00 1.233895281975967890e+02 1.222099152019833568e+01
1.209112899999999939e+02 7.267337999999999631e+00 9.870380878154549009e+01 2.627321023273678335e+01
1.140832999999999942e+02 2.683112699999999862e+01 1.263964876194381191e+02 3.425491974823705732e+01
1.200522399999999976e+02 3.491102000000000061e+01 1.378963971038472778e+02 1.772685085168857455e+01
1.298188600000000008e+02 9.076064999999999827e+00 9.525907844616310172e+01 3.596320140343757910e+00
1.094431699999999950e+02 2.603854600000000019e+01 1.065976958242157053e+02 6.123171556926791048e+00
1.133071060000000045e+02 3.074285100000000170e+01 1.252467716217056477e+02 2.432858618432077691e+01
1.166539499999999947e+02 2.553005200000000130e+01 9.364130283599627091e+01 4.754577796299744641e+00
1.247720099999999945e+02 6.038419999999999899e-01 1.310543989588055354e+02 1.090580697242005392e+01
1.181114039999999932e+02 1.644512699999999938e+01 1.121892729483716238e+02 1.668400242428389646e+01
1.092677800000000019e+02 3.181741999999999848e+00 1.072217089908533438e+02 2.105345018605551033e+01
1.283993499999999983e+02 1.234091600000000000e+01 1.128055362891045093e+02 2.228138198988010288e+01
1.370245700000000113e+02 1.147566899999999990e+01 1.172552899050728001e+02 4.903109123220196430e+00
1.150682749999999999e+02 1.918149599999999921e+01 1.372064564594172680e+02 1.835492803394213723e+01
1.353151900000000012e+02 1.279140499999999925e+01 1.219168862450682980e+02 1.859828162871058410e+01
1.156589100000000059e+02 2.078124199999999888e+01 9.409428750117133688e+01 6.398104494443790369e-01
1.366617899999999963e+02 1.230031400000000019e+01 1.029540769338593975e+02 2.842626505893606037e+01
1.360886000000000138e+02 1.322069300000000069e+01 1.065863336840234723e+02 1.509056017871662903e+01
1.088749899999999968e+02 2.917879299999999887e+01 1.106400937643376068e+02 2.861093687327459278e+00
1.323020500000000084e+02 3.039486999999999828e+00 1.094697725082933886e+02 2.923702885991388101e+01
1.080707699999999960e+02 1.541756700000000002e+01 1.004125879442827767e+02 2.090493225029993241e+01
1.346454300000000046e+02 1.258279899999999962e+01 9.513972878573954972e+01 1.187276886349708427e+01
1.044894199999999955e+02 3.404343999999999681e+01 1.304587767260074997e+02 1.597363363554948990e+01
1.164115599999999944e+02 1.850963399999999837e+01 1.147769278923845349e+02 3.385952693282624182e+01
1.082674300000000045e+02 2.621295500000000089e+01 1.155215221432620041e+02 2.815759332012421368e+01
1.327039000000000044e+02 1.584810399999999930e+01 1.370597759822348962e+02 2.490005776665821458e+01
1.324894099999999924e+02 1.522223000000000104e+00 1.299815180522501805e+02 2.700725406948027540e+01
1.140755900000000054e+02 8.455011999999999972e+00 1.311977366503863607e+02 2.918799845859843600e+01
1.067997500000000031e+02 2.827483199999999997e+01 1.034943798352591244e+02 1.870598088592039687e+01
1.007028959999999955e+02 2.068726699999999852e+01 1.311668546422512804e+02 2.699870422992205921e+00
1.259789300000000054e+02 8.138935999999999282e+00 1.289933904872827384e+02 9.676124634932639523e+00
1.056316000000000059e+02 1.004083999999999932e+01 1.245093535434666308e+02 4.977984847220015219e+00
1.305616899999999987e+02 5.040212999999999610e+00 9.224731992042720208e+01 5.159693275055281525e+00
1.258230060000000066e+02 9.050392999999999688e+00 1.090186113176802110e+02 2.509696401190067760e+00
1.022638800000000003e+02 3.262707999999999942e+01 1.237134503080136056e+02 3.079670439840832685e+01
1.078804999999999978e+02 1.347900000000000098e+00 1.333740550400345626e+02 1.020185234352290848e+01
1.206234199999999959e+02 2.294290000000000163e+00 1.361415568098740891e+02 1.456245081008528786e+01
1.318405300000000011e+02 1.077468200000000031e+01 1.336629135691739236e+02 3.325822036652169800e+01
9.515203999999999951e+01 1.569428800000000024e+01 1.316849748486477552e+02 8.897061169902148237e+00
1.197646199999999936e+02 2.030460199999999915e+01 1.208997674942931440e+02 2.163098621998424420e+01
1.137167199999999951e+02 2.209496700000000047e+01 1.128758833292389454e+02 1.964454662719638023e+01
1.309361900000000105e+02 8.523167000000000826e+00 1.018750573594734163e+02 1.541614887333369133e+01
1.286229600000000062e+02 3.030732499999999874e+01 1.079775634656081706e+02 5.523240182484350669e+00
1.189220300000000066e+02 1.942037399999999892e+01 1.375217233746767533e+02 6.611704005724943656e+00
1.227206500000000062e+02 2.926232000000000166e+00 1.080027031250759251e+02 6.266184510537743613e+00
1.220304600000000050e+02 5.662862999999999758e+00 1.066294875801081901e+02 3.586730225519757509e-01
9.715987400000000207e+01 1.592667499999999947e+01 1.170086375380766412e+02 1.925585500569418906e+00
9.609209400000000301e+01 1.652753299999999825e+01 1.001079951862958950e+02 1.846677956780440866e+01
1.000685000000000002e+02 2.550993300000000019e+01 1.124680971857449379e+02 2.619393769581839848e+01
1.289122600000000034e+02 1.145462200000000053e+01 1.276022231200597048e+02 2.825486639569428959e+01
1.165112840000000034e+02 2.327571899999999872e+01 9.702978548171732598e+01 2.233920159574241993e+01
1.269610100000000017e+02 1.226305200000000006e+01 1.301453741697712303e+02 1.134767610554932915e+01
1.310166999999999859e+02 1.584964599999999990e+01 1.068551572846138811e+02 2.635780922841698626e+01
1.021120999999999981e+02 2.292310000000000159e+01 1.132467330793959377e+02 1.992314681202820736e+01
9.897588000000000363e+01 1.434022700000000050e+01 1.093460977548354123e+02 1.970287166669441037e+00
1.269099199999999996e+02 8.830450000000000799e+00 9.611813374766327911e+01 2.267608829129473147e+00
9.974796999999999514e+01 3.379717300000000080e+01 1.151624756867361725e+02 1.878159337893756486e+01
1.064971539999999948e+02 2.229241000000000028e+01 1.244666091640442858e+02 1.027195670267750316e+01
1.004711900000000071e+02 2.451955200000000090e+01 1.327463337737482334e+02 1.031908548432124206e+01
1.088499999999999943e+02 2.839095999999999975e+01 1.150498033853428694e+02 2.950882196673650171e+01
1.073838200000000001e+02 2.117361000000000004e+01 1.136068898251274959e+02 1.155455158579804831e+01
1.128090440000000001e+02 2.218561000000000050e+01 1.176392574863573941e+02 1.487691754302580094e+01
1.028493699999999933e+02 2.885465800000000058e+01 1.014320285686433039e+02 1.995620991573500902e+01
1.120762000000000000e+02 7.865459999999999674e-01 1.052367645558497458e+02 1.552984129005736236e+01
1.013173800000000000e+02 1.780067999999999984e+01 1.322971843806551817e+02 1.166114389303113086e+01
1.004048300000000040e+02 2.599754000000000076e+01 1.097596186803695275e+02 8.770356689427318386e+00
1.331729400000000112e+02 1.186766300000000030e+01 1.378444605233832192e+02 5.136278292574936177e-01
1.165767299999999977e+02 1.286235699999999937e+01 9.589697999246516247e+01 2.344188685303338460e+01
1.130037300000000045e+02 2.547221800000000158e+01 1.322692224272595922e+02 4.920894033767720721e+00
1.179488199999999978e+02 1.651808199999999971e+01 1.031571260631661175e+02 1.345572699731398103e+01
1.173357539999999943e+02 2.219921099999999825e+01 1.098525451070406973e+02 2.708718367515462333e+01
1.034781339999999972e+02 1.418773999999999980e+01 9.241285768028690484e+01 1.436310527168490481e+01
1.367545299999999884e+02 1.483705600000000047e+01 1.016758668556845180e+02 1.795835174797876022e+01
1.279808500000000038e+02 1.237441800000000036e+01 9.807172286364767899e+01 1.260480340116791531e+01
1.324488800000000026e+02 9.132956999999999326e+00 1.176273512498962219e+02 1.850978951269546258e+01
1.063328249999999997e+02 1.094751899999999978e+01 1.028147974917826559e+02 1.368167766789152395e+01
1.075895799999999980e+02 1.972467400000000026e+01 1.068570335653706849e+02 1.208855298136089296e+01
1.135468599999999952e+02 1.324376900000000035e+01 1.008016760581207052e+02 3.157591216739275453e+01
1.049325299999999999e+02 2.927804199999999923e+01 1.007121629801762310e+02 1.370663964120167222e+00
1.272875200000000007e+02 3.735890000000000044e-01 1.333023187428908898e+02 3.476674351023984144e+01
1.139247359999999958e+02 2.117171300000000045e+01 1.133466272552005307e+02 1.803856614064568475e+01
1.158584060000000022e+02 1.987986000000000075e+01 1.093582089657731160e+02 2.292377551358608656e+01
1.255835950000000025e+02 1.142485399999999984e+01 1.195109560749915261e+02 3.266216654362185068e+01
1.068959600000000023e+02 4.261408999999999558e+00 1.143415712817954386e+02 3.429965568856152913e+01
1.274308900000000051e+02 1.213617600000000074e+01 1.365642849213217289e+02 1.282586339404055664e+01
1.210836500000000058e+02 1.404887100000000011e+01 9.698108515282133624e+01 2.207665826366469375e+01
1.132784039999999948e+02 2.408719599999999872e+01 1.181347471420050397e+02 2.654099074051019258e+01
1.212168499999999938e+02 5.970590000000000064e-01 1.311351236848203996e+02 1.156838391963835555e+01
1.292556600000000060e+02 1.137209400000000059e+01 9.281594687648886577e+01 1.102134936230389606e+00
1.279676800000000014e+02 9.560188000000000130e+00 1.100760100935453636e+02 8.282635180365565120e+00
1.344405199999999923e+02 3.228481299999999976e+01 9.203270223086732926e+01 1.546507977060351102e+01
1.242736299999999972e+02 6.831006000000000355e+00 9.792648555358337603e+01 1.380563678828915819e+01
1.085890660000000025e+02 5.622329999999999828e-01 1.054825317418510906e+02 2.809171970852541733e+01
1.040049199999999985e+02 2.438359600000000071e+01 9.570242629556975089e+01 1.461899006088450292e+01
1.008322600000000051e+02 1.836909500000000151e+01 1.262169739030247229e+02 2.692986157581616879e+01
1.014903900000000050e+02 3.396592700000000065e+01 1.222693081430253130e+02 2.575207908474516927e+01
1.259232559999999950e+02 4.161654000000000408e+00 9.475363322334105476e+01 3.007561165269181558e+01
1.284304700000000139e+02 1.899298699999999940e+01 1.298087532044187924e+02 2.750188813876692251e+01
1.102149799999999971e+02 2.830182999999999893e+01 1.353667630560477733e+02 3.459580888990701908e+01
9.974071999999999605e+01 1.632757600000000053e+01 1.334121794557985368e+02 1.427232678136822841e+01
1.166653400000000005e+02 4.134577000000000169e+00 1.307788037879405181e+02 1.495256510420388096e+01
1.019195560000000000e+02 2.802453799999999973e+01 1.329620526565654757e+02 2.439364667652738206e+01
9.844208500000000583e+01 2.976761600000000030e+01 1.086763753755732154e+02 6.813599501936384861e-02
1.194439849999999979e+02 3.088717700000000121e+01 1.066685807819443426e+02 3.373997591815484753e+01
1.125423660000000012e+02 2.072739999999999938e+01 1.123032686366150017e+02 2.137738379754048168e+01
1.129410900000000026e+02 1.928609799999999908e+01 1.096904921509239301e+02 7.089342637330299901e+00
9.288236999999999455e+01 2.260556000000000054e+01 1.122482638341280392e+02 1.404578494605642547e+01
1.162961800000000068e+02 2.799809799999999882e+01 1.254460013285361129e+02 2.093894802082320084e+01
1.130678500000000071e+02 1.070391300000000001e+01 1.202132158033877118e+02 3.203732759295930066e+01
9.890682999999999936e+01 1.802293200000000084e+01 1.018671495477482836e+02 5.190396285215579830e+00
1.045020300000000049e+02 3.012155500000000075e+01 9.958007651989029796e+01 1.924779979760783633e+01
1.196812299999999993e+02 2.088022600000000040e+01 1.202673530274497864e+02 2.644248347741359240e+01
1.078554800000000000e+02 1.840535399999999910e+01 1.128760018083149248e+02 1.191912686513959230e+01
1.006064200000000000e+02 2.769523600000000130e+01 1.276081088292775121e+02 3.287839829455833041e+01
1.201523200000000031e+02 2.317364500000000049e+01 1.230819504888805511e+02 3.098195621239415587e+01
1.209411199999999980e+02 1.190699900000000078e+01 1.198316394658090758e+02 1.551650620202445197e+01
1.006795400000000029e+02 2.482919000000000054e+01 1.019678456083124729e+02 3.058106850224834616e+01
1.376394999999999982e+02 1.949024400000000057e+01 1.277132540698809748e+02 3.495802541723040235e+01
9.312736999999999910e+01 1.080105299999999957e+01 1.177952607573444652e+02 1.127587213180010295e+01
1.268122939999999943e+02 2.672148999999999930e+01 1.191191530639548404e+02 1.356141204623264152e+00
1.377720300000000009e+02 1.174125100000000010e+01 1.103957425601399365e+02 1.184658268216694310e+01
1.028629600000000011e+02 1.609947599999999923e+01 1.039839520911166346e+02 2.244072459741086689e+01
1.360862600000000100e+02 1.322449800000000053e+01 1.131394340443042665e+02 2.142872214008443521e+01
1.065750199999999950e+02 2.890432200000000051e+01 1.011663351037873753e+02 1.876087200080550588e+01
1.030200499999999977e+02 2.779550400000000110e+01 9.267410490518308563e+01 3.135456483179703824e+01
1.331578700000000026e+02 1.155118900000000082e+01 1.122947312108400268e+02 3.490047351657800334e+01
1.355842399999999941e+02 3.165399999999999991e+01 1.030515266334787441e+02 1.822229659192465334e+01
1.140301000000000045e+02 2.309675000000000011e+01 1.085928486673304008e+02 2.446799100344646760e+01
1.182392499999999984e+02 2.503325500000000048e+01 1.081473200555289935e+02 7.692686692404921089e+00
1.110863800000000055e+02 2.956343499999999835e+01 1.343180153452794912e+02 1.304281859404948207e+01
1.240100000000000051e+02 1.279410900000000062e+01 1.019509187355385080e+02 3.003472269096965519e+00
1.174997939999999943e+02 1.471192300000000053e+01 9.303980130433136253e+01 1.161793002110923823e+01
1.201075060000000008e+02 6.985503999999999714e+00 1.111490587633850282e+02 1.070050129558304874e+01
1.294016699999999958e+02 5.396980000000000111e-01 1.234437456174030672e+02 1.968700479981029616e+01
1.006839099999999974e+02 4.718844999999999956e+00 9.273117905859230348e+01 5.017757706217587099e+00
1.087034450000000021e+02 1.879413800000000023e+01 1.018598066281513184e+02 7.103862705454748294e+00
1.215274660000000040e+02 9.855489999999999640e+00 1.263627665583993291e+02 2.177389864064183200e+01
1.048228900000000010e+02 3.249645600000000201e+01 9.968637851622300161e+01 7.140963521868465946e+00
1.039862200000000030e+02 2.419322400000000073e+01 1.232149946740070874e+02 1.343752869158654217e-01
1.210841450000000066e+02 2.834050999999999831e+01 1.263838017279235970e+02 7.147112058313622285e+00
1.090832599999999957e+02 1.999703000000000008e+00 1.080243956411041495e+02 5.566267192512472484e+00
1.279924850000000021e+02 1.403315199999999940e+01 1.190609789890659727e+02 2.143415957340016575e+01
1.074301300000000055e+02 3.293291500000000127e+01 1.272810973626188229e+02 2.037801906136444785e+01
9.953991000000000611e+01 1.765159200000000084e+01 9.331309226606373386e+01 5.286340177125197215e+00
1.359555699999999945e+02 2.916656499999999852e+01 1.302007066431301325e+02 5.778073891806477569e+00
1.311990399999999966e+02 2.885759999999999881e+00 1.244211696648088719e+02 2.974484819843654293e+01
1.082274599999999936e+02 2.717001000000000133e+01 1.240879250337965800e+02 2.850793540370537116e+01
1.202229399999999941e+02 1.300534999999999997e+01 1.229922107094240431e+02 7.677262752534566914e+00
1.110126900000000063e+02 2.886413999999999902e+01 1.085593439206437267e+02 3.407496148011367865e+01
1.108547200000000004e+02 1.948833799999999883e+01 1.244497110075812145e+02 7.833153440163860282e+00
1.008899150000000020e+02 2.474351700000000065e+01 9.351946308671946895e+01 2.398089626227293536e+01
1.179312000000000040e+02 9.954869000000000412e+00 1.346025226754593689e+02 3.291423222035046336e+01
1.328286300000000040e+02 1.854412800000000061e+01 1.126205987227659762e+02 8.945408648524592721e+00
1.074241999999999990e+02 2.922848300000000066e+01 1.284062145182658981e+02 6.843553627146627960e+00
1.082378199999999993e+02 1.562821500000000086e+01 1.125069389226285352e+02 9.095124210974079304e+00
1.007646940000000058e+02 2.517087599999999981e+01 1.318889219537755935e+02 1.933707947464632682e+01
1.207063399999999973e+02 1.393922799999999995e+01 9.847843408350716743e+01 2.673304269080443873e+01
1.231192999999999955e+02 3.669859999999999900e+00 1.031096616683219054e+02 1.083515714151354992e+01
1.332452999999999861e+02 2.728622999999999799e+00 9.395217306478171793e+01 2.973317051986352411e+01
1.053674550000000067e+02 7.722144000000000119e+00 9.946644835638007009e+01 1.785198980294866455e-01
1.290050699999999892e+02 1.324962900000000054e+01 1.271527780879897875e+02 1.176590661674553218e+01
1.232222500000000025e+02 1.022940900000000042e+01 1.261333641697996200e+02 3.348909705667441727e+01
1.349519999999999982e+02 1.169487200000000016e+01 1.365082079123089329e+02 2.715813349410115762e+01
1.331191900000000032e+02 8.421360999999999208e+00 1.171457800148689898e+02 1.672799754320515575e+01
1.175621500000000026e+02 1.813804400000000072e+01 1.030616701684171517e+02 2.164088041618926184e+01
1.078730850000000032e+02 3.194168000000000163e+01 1.331741143985385349e+02 3.369866558534324952e+01
1.007823300000000017e+02 2.154664599999999908e+01 1.096119549329087306e+02 5.794721472846164900e-01
1.105762799999999970e+02 1.713849599999999995e+01 1.309937247870408328e+02 3.070190990008135046e+01
1.087185099999999949e+02 1.082315200000000033e+01 1.277751794835641590e+02 2.780392873622731642e+01
1.204627899999999983e+02 7.529904000000000153e+00 1.003731378938338139e+02 2.636125387839707557e+01
1.165043500000000023e+02 1.716985000000000028e+01 1.074248691907640421e+02 2.720160720025692314e+01
1.127789899999999932e+02 1.603903199999999885e+01 1.174604158584852911e+02 3.425786447340883711e+01
1.233474350000000044e+02 2.519231399999999965e+01 1.083716693384643293e+02 2.913674444098736416e+01
1.156852599999999995e+02 1.478857400000000055e+01 1.201217213106485815e+02 1.045490069016771706e+01
9.999969000000000108e+01 2.509792300000000154e+01 1.162266622674401901e+02 2.738533440923571760e+01
1.250700149999999979e+02 1.553383900000000040e+01 1.194301593383528513e+02 3.464937882104636202e+01
1.221295800000000042e+02 8.650660999999999490e+00 1.301550439735021030e+02 3.274768515852910866e+01
1.072066800000000057e+02 2.882234800000000163e+01 9.485164425895789009e+01 5.819031450616263257e+00
1.038123300000000029e+02 1.618331999999999837e+01 1.298210044804667120e+02 3.396125092094244735e+01
1.063787499999999966e+02 2.825092300000000023e+01 1.147503691391495977e+02 1.148512392873396237e+01
1.221287399999999934e+02 7.625099999999999767e+00 1.096058622003565119e+02 3.454351170115932490e+01
1.176738359999999943e+02 1.385884099999999997e+01 1.378293985395635275e+02 4.279787480259575005e+00
1.066250150000000048e+02 2.543620000000000214e+00 1.371473148392230428e+02 1.036698949613206544e+01
1.324696399999999983e+02 1.699832699999999974e+01 1.031814372642402731e+02 9.963036060234312430e+00
1.050813700000000068e+02 4.424735000000000085e+00 1.276818796843673596e+02 5.834522236816837015e+00
1.101911099999999948e+02 1.101826999999999934e+01 1.021198224777057817e+02 1.096818237319792111e+01
1.327581000000000131e+02 3.298633999999999844e+00 1.334970801120735189e+02 1.132075242009341665e+01
1.137061499999999938e+02 2.920176500000000175e+01 1.313212167316203534e+02 7.020341487951768933e+00
1.364280100000000004e+02 4.255118000000000400e+00 1.137424112006405039e+02 3.496691963273501624e-01
1.148343050000000005e+02 2.582363300000000095e+01 1.245763156893877124e+02 9.281401546712029216e+00
9.899518999999999380e+01 3.035501000000000005e+01 9.480040015213009497e+01 1.221711058964123531e+01
1.002700300000000055e+02 1.703686300000000031e+01 1.316580948900938495e+02 7.856295490004604254e+00
1.069558300000000060e+02 3.322021000000000157e+01 1.275320012007982200e+02 3.283253698135508358e+01
1.148769499999999937e+02 6.728119999999999656e-01 9.422214666853425058e+01 1.152808160766372936e+01
1.294755900000000111e+02 2.914704899999999910e+01 9.343237330794619311e+01 1.676415623565080537e+01
1.020575599999999952e+02 3.032312399999999997e+01 1.026960165831214766e+02 2.048438175148293539e+01
1.039350500000000039e+02 2.735918399999999906e+01 1.224171465633522473e+02 4.162172292902434734e+00
1.010540500000000037e+02 1.139439199999999985e+01 9.853050138634486643e+01 2.856240117469716111e+01
1.356580399999999997e+02 1.759958500000000114e+01 1.338506658495272177e+02 1.976579629960899709e+01
1.016832100000000025e+02 1.628771199999999908e+01 1.351475501231488465e+02 1.399367492078702568e+01
1.216335140000000052e+02 1.368565999999999949e+00 1.243886590795988525e+02 9.201637748265461880e+00
1.063444439999999958e+02 3.975452000000000208e+00 1.362408174443556561e+02 2.071225808526471823e+01
9.981171000000000504e+01 2.392927600000000155e+01 1.256667179941163113e+02 7.274489721598104808e+00
1.133417740000000009e+02 1.599369000000000085e+01 1.115330326954875204e+02 7.454122389900645018e+00
1.211908499999999975e+02 1.480161999999999978e+01 1.154820697977753952e+02 1.040914874399578238e+01
1.222233659999999986e+02 2.248752000000000084e+00 1.337513224801068930e+02 2.256506809829766169e+01
1.337603000000000009e+02 1.258384500000000017e+01 1.363825915263362845e+02 1.265034964857909827e+01
1.096788600000000002e+02 1.849008999999999903e+00 9.462704381218667038e+01 1.855314213612294694e+01
1.175999999999999943e+02 1.023433799999999927e+01 1.158065687702403466e+02 8.054067646876594821e+00
1.136618399999999980e+02 2.985846499999999892e+01 1.358566133062279278e+02 3.219951079852589970e+01
1.029471499999999935e+02 1.203110299999999988e+01 9.542454390003702258e+01 2.796015449313620138e+01
9.805646500000000287e+01 1.719266899999999865e+01 1.250613386535836042e+02 2.615009811035394982e+00
1.302130600000000129e+02 1.211599499999999985e+01 1.291668241785584428e+02 2.941219680053571039e+00
1.002797900000000055e+02 2.030880499999999955e+01 1.261409084218839638e+02 2.129104740338667412e+01
1.102496799999999979e+02 2.905307200000000023e+01 1.275497924955816700e+02 1.014065834304333080e+01
1.024364300000000014e+02 2.697588299999999961e+01 9.493781439861004401e+01 2.358548666020899987e+01
1.219563600000000037e+02 4.037063999999999986e+00 1.290208542287262503e+02 1.437563286735916002e+01
1.013219799999999964e+02 1.577685499999999941e+01 1.059819278377487137e+02 1.883014694329501637e+01
1.037949100000000016e+02 1.724506999999999834e+01 1.197124647253623095e+02 1.816439983730638730e+01
1.356722699999999975e+02 1.789586800000000011e+01 1.090722481969964690e+02 1.758704914876486569e+01
1.065502599999999944e+02 6.022739999999999760e+00 1.009436459975516556e+02 5.520840054047524426e+00
1.239427000000000021e+02 2.807401000000000035e+00 1.368503957987808235e+02 1.866303137610940510e+01
1.331978300000000104e+02 1.207540099999999939e+01 1.060160123264290775e+02 2.299145534164117777e+01
1.306637699999999995e+02 1.285029600000000016e+01 9.837925855645886486e+01 3.185287998342358762e+01
1.012301199999999994e+02 1.617340499999999892e+01 1.324385799983224956e+02 5.899279556168056438e+00
1.291559399999999869e+02 1.352395500000000084e+01 1.204810155380900198e+02 2.362230935464845416e+01
1.055970499999999959e+02 6.590237000000000123e+00 1.186795952605903324e+02 3.384297133109448463e-02
1.368218999999999994e+02 9.378269999999999662e-01 1.075430864416640446e+02 3.021784321334157752e+01
1.032657399999999939e+02 2.896160700000000077e+01 1.216317807914433899e+02 2.732437421591143334e+00
1.161196300000000008e+02 2.374014299999999977e+01 1.216359633087598127e+02 6.543300680854334139e+00
1.287667099999999891e+02 1.207068300000000072e+01 1.203536971797450406e+02 2.379685385926027763e+01
1.212147099999999966e+02 1.824274799999999885e+01 9.909914530556625323e+01 1.126471050317336964e+00
1.244378499999999974e+02 2.619258100000000056e+01 9.842551782266393445e+01 3.453505929468181535e+01
1.195463639999999970e+02 2.841035700000000119e+01 1.259138884978044928e+02 3.140085498660337748e+01
1.235410839999999979e+02 6.541074000000000055e+00 1.103053522877944204e+02 1.864709027256689566e+01
1.222981000000000051e+02 3.382558000000000220e+01 1.126722067342602713e+02 1.939652184656939937e+01
1.121128999999999962e+02 1.959123999999999910e+01 1.296579643222719653e+02 2.361224912177413060e+01
9.699267600000000300e+01 3.332831000000000188e+01 1.202034440145790199e+02 1.130093919151935999e+01
1.164321900000000056e+02 1.890602499999999964e+01 9.569471517943462402e+01 2.126098589339385114e+00
9.410971999999999582e+01 1.075564600000000048e+01 1.148096457848672856e+02 1.822152749028612462e+01
1.287243799999999965e+02 8.558763000000000787e+00 1.050231611845825626e+02 1.551911701860990966e+01
1.034372900000000044e+02 1.659929699999999997e+01 1.147560696634116226e+02 1.001202851838800534e+00
1.205678249999999991e+02 2.621988100000000088e+01 9.687261802459062210e+01 1.830177071535812772e+01
9.723202000000000567e+01 2.960429800000000000e+01 1.272495830735024924e+02 6.937847541143230323e+00
1.042143250000000023e+02 3.424630400000000208e+01 1.055939933337603236e+02 2.605888268887649062e+01
1.349317599999999970e+02 1.207422299999999993e+01 1.059622409524339588e+02 1.180922052643343534e+01
1.229745099999999951e+02 1.295093400000000017e+01 1.114740399284865191e+02 3.499684851601274005e+01
1.065032039999999967e+02 4.921710000000000251e-01 9.548578158805223381e+01 1.045745418597597087e+01
1.007858499999999964e+02 2.466396100000000047e+01 1.032802999036461529e+02 1.070424407045836901e+01
1.045286559999999980e+02 2.332880600000000015e+01 1.345997065786106361e+02 2.887102309385404908e+01
1.374745599999999968e+02 3.138292099999999962e+01 9.578437968786397505e+01 2.099997186620242218e+01
1.006227399999999932e+02 1.954385600000000167e+01 1.159701975480458174e+02 2.539601369031509392e+01
1.117577739999999977e+02 2.046753999999999962e+01 9.539638015881658362e+01 1.524691661404316356e+01
1.314515000000000100e+02 1.002607700000000079e+01 1.160713000466953133e+02 2.607014828434305187e+01
1.349924800000000005e+02 2.427803000000000111e+01 1.098451618570091028e+02 3.118514241536223253e+01
1.227981199999999973e+02 3.281226699999999852e+01 1.261161987366075721e+02 2.059923462878368916e+00
1.176956899999999990e+02 6.060266000000000375e+00 1.133730647703104069e+02 2.617860925882126821e+01
1.224107740000000035e+02 7.443858999999999781e+00 1.331044200269544717e+02 1.730702018138962828e+01
1.041200560000000053e+02 2.495909899999999837e+01 1.058967038955962607e+02 3.311742802161897714e+01
1.004917399999999930e+02 3.001473800000000125e+01 1.115328522058400580e+02 8.869880770611388021e-01
1.089955800000000039e+02 1.639875599999999878e+01 1.101101562224116321e+02 1.839776414114925629e+01
1.171882999999999981e+02 2.439474999999999838e+01 1.212027627082133847e+02 4.897711224472033109e+00
1.068714449999999943e+02 1.286970200000000020e+01 1.292282683178333968e+02 1.674003320119948057e+01
9.423632999999999527e+01 1.031035299999999921e+01 9.315654087863391908e+01 2.221263380988013125e+01
9.520380000000000109e+01 2.239091700000000174e+01 1.007276385534687506e+02 2.072636941326383919e+01
1.064823149999999998e+02 3.252676000000000123e+00 1.348341017591808395e+02 2.656864078634741588e+01
1.074369499999999960e+02 2.925465799999999916e+01 1.142368440902436220e+02 1.827265079020730099e+00
1.289265900000000045e+02 1.218157399999999946e+01 1.225370253164336134e+02 3.346366088191894761e+01
1.210716900000000038e+02 6.892971000000000181e+00 1.005495216335453676e+02 2.643288946079101009e+01
1.197064500000000038e+02 1.762339400000000111e+01 1.138269107090223571e+02 2.669670117389581776e+01
1.215634399999999999e+02 8.080892999999999660e+00 9.769490862197238812e+01 7.047994653408621524e+00
1.219990200000000016e+02 5.213186999999999571e+00 1.307335262812505619e+02 3.616813480135783188e-01
1.008948800000000006e+02 1.652329800000000048e+01 1.067237786441073126e+02 1.630576284100194329e+01
1.049673540000000003e+02 2.282041399999999953e+01 1.228995985161426177e+02 1.526482776801743135e+01
1.114765500000000031e+02 2.000540499999999966e+01 1.328263849737520559e+02 8.640931482122864438e+00
1.084516140000000064e+02 7.152399999999999869e-01 1.078419888085211795e+02 3.259958498550282258e+01
1.148470839999999953e+02 1.232656199999999913e+01 1.072304820784974311e+02 1.030474509942092443e+00
1.194723599999999948e+02 1.724490399999999823e+01 1.034108812993305833e+02 2.045532492394386725e+00
1.031737439999999992e+02 5.745917000000000385e+00 1.198701893439048547e+02 2.400792402117139801e+01
9.264901000000000408e+01 2.078608699999999843e+01 1.363798948822175703e+02 1.335318695532637179e+01
1.109355999999999938e+02 1.694945099999999982e+01 1.060927366305909487e+02 1.737239759400487671e+01
1.227775699999999972e+02 3.331928000000000001e+00 1.258513714445448528e+02 2.847664015609649724e+01
1.230936200000000014e+02 4.996221000000000245e+00 1.318948852007570167e+02 1.862832427772994848e+01
1.098809700000000049e+02 2.526983800000000002e+01 1.346631981866376577e+02 6.537878028944112074e+00
1.252770199999999932e+02 1.020389400000000002e+01 1.069001739483076818e+02 1.124011976798058576e+01
1.211230850000000032e+02 1.021513700000000036e+01 1.096633664424110322e+02 2.204962915170355586e+01
1.215120100000000036e+02 3.517780999999999825e+00 1.190264526342510862e+02 2.220639832816070935e+01
1.051916099999999972e+02 9.920849000000000473e+00 1.337481314718916678e+02 2.205497050110908219e+01
1.350492700000000070e+02 1.381308300000000067e+01 1.196413476748665516e+02 1.126594321611236182e+01
1.159256900000000030e+02 2.697432299999999827e+01 1.210402910101983451e+02 1.661234711588883250e+00
1.303266000000000133e+02 5.151488999999999763e+00 1.255366373572730083e+02 2.498828290473703362e+00
9.359354000000000440e+01 1.516930999999999941e+01 9.480725721491974411e+01 2.694589548727245187e+01
1.325118699999999876e+02 7.074665000000000425e+00 1.043179130923390971e+02 1.362846495443443651e+01
1.130387039999999956e+02 2.450758000000000081e+01 1.142115460849999380e+02 3.032276530338795695e+01
1.154087799999999930e+02 2.365899500000000089e+01 9.610905939117219532e+01 2.793875936689289929e+01
9.588267000000000451e+01 2.653397000000000006e+01 1.378013811052241522e+02 2.847776745555545119e+01
1.010747149999999976e+02 1.745857799999999926e+01 1.245268742086885538e+02 4.182531461019011410e+00
1.093003099999999961e+02 1.012630000000000058e-01 1.091545193933674511e+02 8.267154106186305640e+00
1.291512099999999919e+02 1.286193699999999929e+01 1.229584539228271041e+02 2.437812018851160900e+01
1.307676400000000001e+02 9.199001000000000872e+00 9.912414639710117115e+01 2.387222410381140136e+01
9.586464999999999748e+01 3.010379999999999967e+01 1.041678787187193649e+02 9.954963843102811794e+00
1.264625999999999948e+02 7.166369999999999685e-01 9.968247411085582144e+01 1.945641001580573715e+01
1.172729949999999945e+02 2.140795900000000174e+01 1.200777221956810195e+02 1.677952632983141967e+01
1.118345640000000003e+02 2.392749999999999877e-01 9.595025784887914710e+01 1.770986451524002447e+01
1.130644759999999991e+02 5.041568999999999967e+00 9.423168649245185691e+01 2.143404468006066210e+01
1.072773499999999984e+02 2.767564799999999892e+01 1.091907634852195201e+02 6.944374454793304174e+00
1.270486300000000028e+02 1.419520600000000066e+01 1.087993230685550685e+02 2.245667744529458076e+01
1.064764899999999983e+02 2.161875300000000166e+01 1.349204530949821219e+02 3.492212711045891638e+01
1.174418639999999954e+02 1.991549499999999995e+01 1.202636622222555616e+02 3.301302176026128876e+01
1.297366499999999974e+02 1.097087800000000080e+01 1.038766708280164721e+02 3.315304965125621095e+01
1.286007500000000050e+02 8.765936999999999202e+00 9.667924811414070518e+01 1.592341860299023582e-01
1.139231400000000036e+02 3.106367300000000142e+01 1.194727710060570729e+02 3.055120407917914349e+01
1.213342499999999973e+02 2.617049000000000181e+00 1.180437322755808083e+02 1.076173446371744014e+01
1.068052100000000024e+02 1.683014100000000113e+01 1.266071212477977639e+02 1.747126790020788434e+01
1.053509449999999958e+02 9.028912999999999300e+00 9.971856324838974217e+01 3.123087250295547435e+01
1.273446660000000037e+02 1.365026600000000023e+01 1.228767440857689479e+02 1.178589745057163718e+01
1.112859399999999965e+02 7.286299999999999999e-01 1.195333435290290396e+02 3.812434327548896107e+00
1.073123599999999982e+02 2.557497199999999893e+01 1.319062894479447721e+02 1.891711087809532543e+01
1.130844799999999992e+02 1.852679300000000140e+01 1.068590342620633464e+02 2.399836829629232682e+01
1.309324000000000012e+02 9.878012000000000015e+00 1.072180707803169213e+02 3.436409980205447567e+01
1.205876159999999970e+02 1.334072899999999962e+01 1.291449917850119959e+02 1.622881219847498713e+01
1.088684839999999951e+02 1.869618999999999920e+00 1.268905628039622115e+02 3.114651007825805351e+01
1.299299300000000130e+02 1.610754400000000075e+01 1.129556657493151590e+02 1.873607934041102041e+01
9.612255000000000393e+01 3.490480999999999767e+01 1.038171918562786686e+02 8.663129822915754730e+00
1.026750949999999989e+02 3.487172699999999992e+01 1.364872057301618895e+02 2.187583568956953428e+01
1.061328350000000000e+02 2.596210900000000166e+01 1.239228931864544592e+02 1.263083118703351460e+01
1.134846040000000045e+02 1.515536099999999919e+01 1.306176436570832777e+02 2.051769652462017035e+01
1.225421139999999980e+02 1.088495900000000027e+01 9.233827489384964338e+01 1.349827335974831577e+01
1.206880299999999977e+02 9.057698999999999501e+00 1.069832493275234100e+02 2.789565870282748961e+01
1.047877660000000049e+02 2.743140400000000056e+01 1.290606925791931303e+02 1.653405176447997960e+01
1.305980999999999881e+02 1.224686600000000070e+01 1.204877838110557917e+02 4.804496937409973967e+00
9.882135999999999854e+01 3.069462800000000158e+01 1.002595184294621617e+02 2.414204401799258193e+01
