1.015794000000000068e+02 7.872015000000000207e+00 1.154450516381167660e+02 5.696368147275893135e-01
1.138388060000000053e+02 1.427283199999999930e+01 1.037960448403979825e+02 7.057120325325844101e-01
1.132784039999999948e+02 2.408719599999999872e+01 1.204825586275188130e+02 1.424700616961245103e+01
1.281946399999999926e+02 1.151056699999999999e+01 1.241597258251523783e+02 1.610503655549935687e+01
1.198547059999999931e+02 7.232410999999999923e+00 1.371587718558243978e+02 6.430343425663620494e+00
1.060613900000000029e+02 3.150582100000000096e+01 1.139707816809249863e+02 1.987538974088414623e+00
1.268019900000000035e+02 6.239142000000000188e+00 1.131315441397902646e+02 3.435767642705182112e+01
1.164115599999999944e+02 1.850963399999999837e+01 1.075472284740113622e+02 4.504238602876498909e+00
1.102168700000000001e+02 2.640597199999999845e+01 9.918202765723147252e+01 7.671606590478313947e+00
1.148805399999999963e+02 1.808004999999999995e+01 1.143550420698835239e+02 7.533417669242571613e+00
1.134188099999999935e+02 1.023753300000000088e+01 1.226269341400500537e+02 2.486644399249892601e+01
1.205367660000000001e+02 1.833390400000000042e+01 9.747661451450724712e+01 2.045330193492527471e+01
1.289122600000000034e+02 1.145462200000000053e+01 1.221959450463808849e+02 3.042286391369614407e+01
9.942723999999999762e+01 2.273704499999999840e+01 1.328416686569853482e+02 2.740347384267286301e+01
1.088749899999999968e+02 2.917879299999999887e+01 1.353926884246384930e+02 1.132324348645846435e+01
9.963335999999999615e+01 3.011660600000000088e+01 1.150107063008235286e+02 1.885356525031524066e+00
9.786359400000000619e+01 2.648629000000000033e+01 1.190978996809205057e+02 2.215257733365016790e+01
1.228618239999999986e+02 3.672254999999999825e+00 1.135777581712279130e+02 2.238279356034238887e+01
1.179452600000000047e+02 3.413794299999999993e+01 1.022763816644159647e+02 2.953460715659007718e+01
1.166653400000000005e+02 4.134577000000000169e+00 9.892163565482354670e+01 1.767714859314493481e+01
1.221697539999999975e+02 5.261603000000000030e+00 1.263752689252997357e+02 1.126876556992750444e+01
1.123958300000000037e+02 1.957101600000000019e+01 1.287812831182772584e+02 2.678965095225171567e+01
1.066970400000000012e+02 2.854751200000000111e+01 1.219411767706175453e+02 1.185951744298460397e+01
1.346454300000000046e+02 1.258279899999999962e+01 1.146481965938108090e+02 7.270695058262858446e+00
1.356722699999999975e+02 1.789586800000000011e+01 1.187699876194325554e+02 2.104864460258898617e+01
1.003582999999999998e+02 2.007404500000000169e+01 1.236451113439927525e+02 3.124345690595237102e+01
1.205678249999999991e+02 2.621988100000000088e+01 9.470314771677782062e+01 2.444071803030523427e+01
1.204627899999999983e+02 7.529904000000000153e+00 1.059686826024489079e+02 1.929275076302069891e+01
1.090715200000000067e+02 1.751669499999999857e+01 1.351472476340695721e+02 2.392175677835104430e+00
1.135725199999999973e+02 1.487359700000000018e+01 1.131554803330743084e+02 7.663996131579162707e+00
1.234837399999999974e+02 2.555160000000000209e-01 1.161671073580124585e+02 2.819188877870606902e+01
9.515203999999999951e+01 1.569428800000000024e+01 1.160732782508691088e+02 2.511013121125546732e+01
1.162961800000000068e+02 2.799809799999999882e+01 1.085125337059938744e+02 5.474926605429167203e+00
1.353319700000000125e+02 1.899710500000000124e+01 9.968362950876867501e+01 3.391058205670607606e+01
1.363643999999999892e+02 1.274971000000000032e+01 1.214775308852765789e+02 2.076423987154749184e+01
9.286606600000000356e+01 6.433735999999999677e+00 1.283891830702200139e+02 9.194020305541190652e+00
1.176570099999999996e+02 2.176196300000000150e+01 1.184756697355164334e+02 3.306866241538091344e+01
1.274613300000000038e+02 8.821358999999999284e+00 1.213246335553167654e+02 4.554595674187911669e+00
9.689548999999999523e+01 3.139643900000000087e+01 1.030660296326594505e+02 1.144163589220938881e+01
1.370396700000000010e+02 1.252472000000000030e+00 1.005866920443173456e+02 1.544076061669313127e+01
1.065282440000000008e+02 1.715186000000000099e+00 1.057086692020988892e+02 1.127685831571756836e+01
1.371154999999999973e+02 4.333319999999999950e-01 1.282023179223456850e+02 1.347438018512826297e+01
1.286900599999999883e+02 1.486477799999999938e+01 1.327688413012130582e+02 3.187315956385990745e+01
1.344940300000000093e+02 7.012902999999999665e+00 1.195215389423277941e+02 3.379169872356926874e+01
1.120615540000000010e+02 2.049053999999999931e+01 9.228071981930493450e+01 1.804483935517914261e+01
1.064715499999999935e+02 3.050993000000000066e+00 1.111733672071989076e+02 9.920020711562022697e+00
9.715987400000000207e+01 1.592667499999999947e+01 1.235666609781582395e+02 3.459061354401947064e+00
1.181860400000000055e+02 2.456443600000000060e+01 1.024216376375936051e+02 3.148276053122823370e+01
1.006064200000000000e+02 2.769523600000000130e+01 9.444095235209564976e+01 6.843224541426023322e+00
9.363790000000000191e+01 1.419008299999999956e+01 9.717041015834549000e+01 2.462235855812844321e+01
1.290645299999999907e+02 1.239838499999999932e+01 1.261507024855783072e+02 2.127151326139377829e+01
1.250190400000000039e+02 1.223044999999999938e+01 9.407996779133583232e+01 1.269045081534526886e+01
1.009060400000000044e+02 2.837463199999999830e+01 1.271907251328390345e+02 1.851027808004132780e+01
1.140301000000000045e+02 2.309675000000000011e+01 1.343654803172822199e+02 1.044077099983463874e+01
1.061289500000000032e+02 1.904555099999999968e+01 9.538110345739529805e+01 4.468747043535851837e+00
9.996817000000000064e+01 2.509249700000000161e+01 1.163253935660818286e+02 1.702569226808113845e+00
1.076719200000000001e+02 1.886546900000000093e+01 9.557907983319569212e+01 1.373018530937150139e+01
1.074125099999999975e+02 6.090900000000000425e+00 1.135408365372683477e+02 1.657715267820867311e+01
1.181806899999999985e+02 1.782495300000000071e+01 1.367221459976399842e+02 1.831190852174951900e+01
1.130484199999999930e+02 2.044042800000000071e+01 1.374949499837888425e+02 2.889284113257214059e+01
1.287149499999999875e+02 8.613853000000000648e+00 1.071825815599043068e+02 1.259286468548178561e+01
1.042165799999999933e+02 2.347071499999999844e+01 1.091810410428819864e+02 3.337614809571245189e+01
1.144742360000000048e+02 2.767989000000000033e+01 1.314679159846643586e+02 2.590831228593874158e+00
1.234977099999999979e+02 1.764413300000000007e+01 9.578165158758557141e+01 9.900144560106877378e+00
1.006978600000000057e+02 1.544444200000000045e+01 1.214387980067768780e+02 2.064001688757499764e+01
1.033886799999999937e+02 2.024487500000000040e+01 1.338741273365395728e+02 2.423617553132776337e+01
1.295191499999999962e+02 3.220691300000000012e+01 1.344602645507757472e+02 2.412665705736550592e+01
1.161196300000000008e+02 2.374014299999999977e+01 1.308954353517087839e+02 1.688910633665738459e+01
1.175795600000000007e+02 5.611371000000000109e+00 9.743250737704708797e+01 2.472333606214429480e+01
1.279808500000000038e+02 1.237441800000000036e+01 9.850295744656708052e+01 9.138581788004509932e+00
1.211047800000000052e+02 2.653878999999999877e+01 1.128468681400504323e+02 3.206431625731442381e+01
1.252033899999999988e+02 9.675684000000000395e+00 1.149269526522204643e+02 2.356898705923146764e+01
1.020943999999999932e+02 1.659711000000000070e+01 1.363322971588739847e+02 2.143662106594644179e+00
1.211231700000000018e+02 5.250886000000000386e+00 1.183212545519892984e+02 1.904273480087144321e+01
1.078603300000000047e+02 3.205924000000000262e+01 9.947332110263339189e+01 2.086401128751010248e+01
1.193820400000000035e+02 7.351111999999999647e+00 1.370342670825631330e+02 3.866456349191160324e+00
1.148329200000000014e+02 2.281423799999999957e+01 1.231689833227501651e+02 1.393443312919402821e+01
1.182651900000000040e+02 1.205452299999999966e+01 1.105486312250286005e+02 7.869864844621826450e+00
1.237617400000000032e+02 2.570814499999999825e+01 9.231761333167810335e+01 2.638480959614287258e+01
1.264986999999999995e+02 2.455890000000000128e+01 1.103757703360196842e+02 2.826205349814738454e+01
1.252029399999999981e+02 8.083719000000000321e+00 9.840919538961357205e+01 1.835655228337090605e+01
9.548212999999999795e+01 1.554973200000000055e+01 1.324929606060264859e+02 2.048185574000060072e+01
1.106924300000000017e+02 8.721729999999999761e-01 1.078381426926105746e+02 2.488639377196489022e+01
1.374745599999999968e+02 3.138292099999999962e+01 1.294883821992157493e+02 1.762717271417945142e+01
1.287615499999999997e+02 1.689361399999999946e+01 1.285714361049391528e+02 1.069272954932955244e+01
9.639709999999999468e+01 2.889318000000000097e+01 1.035562187187619401e+02 1.895772566351710964e+01
1.092710799999999978e+02 1.336278599999999983e+01 1.315760288851639928e+02 3.117135252994407324e+01
1.006227399999999932e+02 1.954385600000000167e+01 1.034510896396449056e+02 2.821723781939243025e+01
1.159619799999999969e+02 3.274969500000000266e+01 1.378842619733293873e+02 1.798542408606046550e+01
1.060799499999999966e+02 9.110470000000000512e-01 1.338994522851255624e+02 8.993093199959790951e+00
1.075523299999999978e+02 1.898231499999999983e+01 1.352133532047181461e+02 2.076768670181417775e+01
1.352699100000000101e+02 1.797872999999999877e+01 9.525751808802378662e+01 2.144372406268773190e+01
1.312442299999999875e+02 1.030026800000000087e+01 1.195341353776731665e+02 3.344247575008063933e+01
1.352128999999999905e+02 5.011090000000000266e+00 1.301864879009467018e+02 2.201831334476264779e+00
9.918323499999999626e+01 1.574674699999999916e+01 1.142181184135441754e+02 2.131285490051293863e+01
1.308442000000000007e+02 8.125244999999999607e+00 1.192327341692576681e+02 2.497934062037894520e+01
1.009878700000000009e+02 1.558966700000000039e+01 1.142406304268035200e+02 3.081035283992197193e+01
1.211260759999999976e+02 1.171536500000000025e+01 1.123333912353831181e+02 3.169251527236614052e+01
1.135468599999999952e+02 1.324376900000000035e+01 1.111267540350049075e+02 3.079660808188951648e+01
1.248241299999999967e+02 2.644671599999999856e+01 1.229748827249833454e+02 3.569458563620945935e+00
1.073123599999999982e+02 2.557497199999999893e+01 1.102516099982199478e+02 2.060992529152850139e+01
1.190581049999999976e+02 2.063319200000000109e+01 9.764830836081385712e+01 2.601540986731226113e+01
1.175967899999999986e+02 3.310830700000000348e+01 1.149507364419572468e+02 3.795109508101301543e+00
1.227775699999999972e+02 3.331928000000000001e+00 1.341848374040499152e+02 3.360862199890699031e+01
1.286794999999999902e+02 1.162912799999999969e+01 1.291457798146551283e+02 2.197539676471674497e+01
9.579921000000000220e+01 1.503351199999999999e+01 9.943533791229177154e+01 1.045382876284320872e+01
1.089955800000000039e+02 1.639875599999999878e+01 1.366373805034019711e+02 2.666858265126335681e+01
1.015857799999999997e+02 1.553561999999999976e+01 1.044279425894604287e+02 3.238721402985144948e+01
1.082274599999999936e+02 2.717001000000000133e+01 1.045329793883405358e+02 1.228015500516256253e+01
1.193644560000000041e+02 2.596516599999999997e+01 1.066128819141907798e+02 9.458313808945209900e+00
9.922207000000000221e+01 4.366456999999999589e+00 1.083614991172136826e+02 1.201639947827823995e+01
1.288786599999999964e+02 1.183304700000000054e+01 1.364700432610114262e+02 3.328559611984996280e+01
1.180108199999999954e+02 1.392753899999999945e+01 1.042829016625155560e+02 2.350595397236669015e+01
1.241735800000000012e+02 1.073339700000000008e+01 1.024619261727012969e+02 1.405765697315464990e+01
1.141837539999999933e+02 2.640196200000000104e+01 1.206675668394078400e+02 9.790442767925922496e+00
1.173357539999999943e+02 2.219921099999999825e+01 1.308831776371017384e+02 2.749951218828350008e+01
1.218254000000000019e+02 4.371687999999999796e+00 9.815300677186461087e+01 2.355643709186091428e+01
1.004969799999999935e+02 2.176606200000000158e+01 1.278299068464270221e+02 1.095310799260500190e+01
1.281042500000000075e+02 1.263489599999999946e+01 1.362238481357091473e+02 1.274476995589039063e+01
9.987552999999999770e+01 8.232086999999999932e+00 1.233862299170566246e+02 2.890537706297449105e+01
1.265958100000000002e+02 2.633954999999999913e+01 1.118406544398898319e+02 1.252197464578332387e+01
1.305737499999999898e+02 2.831986999999999810e+00 9.795485989800071991e+01 1.394690426220130508e+00
1.171555249999999972e+02 2.330280700000000138e+01 1.079881088104304609e+02 2.039936129769387207e+01
1.134008259999999950e+02 2.899073999999999884e+01 1.064866382338001500e+02 2.546333910900444764e+01
1.085890660000000025e+02 5.622329999999999828e-01 1.194179923110521173e+02 1.011592228531790205e+01
1.106722100000000069e+02 2.715277999999999992e+01 1.200793481913041774e+02 1.353167011639143702e+01
1.045020300000000049e+02 3.012155500000000075e+01 1.205406672219187243e+02 3.189092989991677030e+01
1.094431699999999950e+02 2.603854600000000019e+01 1.188368449472953330e+02 3.614518372209707398e+00
1.239107999999999947e+02 6.146923000000000137e+00 1.245524589736405119e+02 3.387694449868016733e+01
1.132667699999999940e+02 2.412417599999999851e+01 1.219101530564361866e+02 3.166514987582605301e+01
1.349317599999999970e+02 1.207422299999999993e+01 1.110061964384039328e+02 2.749134577797142320e+00
1.286587700000000041e+02 1.192577099999999923e+01 1.350289857039690276e+02 2.420457041945464383e+01
9.713448999999999955e+01 2.390841500000000153e+01 1.275895751353338454e+02 8.032600379756123843e+00
9.999969000000000108e+01 2.509792300000000154e+01 1.349693664886694648e+02 5.005466553092990267e+00
1.320423000000000116e+02 1.426623200000000047e+01 9.876105254896133090e+01 2.533400017704829210e+01
1.079864000000000033e+02 3.225813699999999784e+01 1.264853198212324230e+02 8.697426536501330574e+00
1.099410100000000057e+02 2.527390700000000123e+01 1.015102015954441299e+02 5.742269966746697207e+00
1.171505300000000034e+02 2.386019699999999943e+01 1.327951506839992248e+02 1.139135278994901768e+01
1.117162550000000039e+02 2.099041700000000077e+01 1.123753321979598923e+02 2.824890932959197087e+01
1.252556299999999965e+02 7.355453999999999937e+00 9.373361681984503946e+01 3.517748541193826739e+00
1.105124739999999974e+02 2.767481799999999836e+01 1.349990430458434503e+02 2.251909327642137981e+01
1.109553400000000067e+02 1.066729000000000038e+00 1.198145005400149756e+02 6.099097635096910608e+00
1.086714099999999945e+02 1.278264599999999973e+01 1.148528655211909921e+02 9.163720875083894768e+00
1.305723099999999874e+02 3.448748799999999903e+01 1.116152112480856005e+02 3.401616767136270880e+01
1.283993499999999983e+02 1.234091600000000000e+01 1.007830239496467186e+02 1.003032470865612069e+01
1.066582599999999985e+02 2.877814700000000059e+01 1.030138603539670754e+02 9.391288182854129474e-01
1.129410900000000026e+02 1.928609799999999908e+01 1.241804795944772337e+02 7.682030052957270705e+00
9.288236999999999455e+01 2.260556000000000054e+01 1.020868626594242272e+02 2.257888498009820921e+01
1.259232559999999950e+02 4.161654000000000408e+00 1.257871251039008058e+02 3.715383268638590142e+00
1.044074200000000019e+02 1.407581799999999994e+01 1.088268703123230239e+02 3.081653620936531723e+01
1.118961000000000041e+02 1.561135900000000021e+01 1.219034892512367492e+02 7.567270384074268108e+00
1.091388699999999972e+02 1.284375499999999981e+01 1.329654735307974818e+02 1.294482758250481602e+01
1.303382699999999943e+02 1.019772700000000043e+01 1.144822598603587949e+02 1.949226823914453277e+01
1.276148699999999963e+02 1.206080700000000050e+01 1.378631793877879659e+02 1.624708329104179683e+01
1.286751700000000085e+02 8.353201000000000320e+00 1.327069908514862675e+02 1.666697790677162416e+01
9.482461499999999432e+01 7.552875000000000227e+00 9.516297547502577459e+01 1.778065020364553561e+01
9.954317000000000348e+01 2.821960599999999886e+01 1.008400113617332607e+02 6.892321299485136166e+00
1.122994499999999931e+02 1.439847999999999928e+01 1.346680592220847927e+02 3.180513889469788857e+00
1.126016500000000065e+02 1.711163499999999971e+01 1.299988933190508931e+02 2.112916812576627734e+01
1.294410000000000025e+02 2.921653200000000083e+01 1.194864873812210249e+02 1.180327025727161683e+01
1.084680560000000042e+02 1.681018399999999957e+01 1.124990260971046325e+02 5.269301998386494157e-01
1.292556600000000060e+02 1.137209400000000059e+01 1.336867568840377203e+02 1.103153774947925214e+01
1.092677800000000019e+02 3.181741999999999848e+00 1.070459892733941416e+02 2.489531158522094145e+01
1.222444500000000005e+02 8.908201999999999288e+00 1.208554022510733148e+02 1.192164274939450053e+01
9.492020999999999731e+01 2.098355700000000112e+01 1.326584382214036282e+02 2.520864280027850413e+01
1.191146099999999990e+02 1.880997299999999939e+01 9.235917730378292845e+01 3.361431388128799114e+01
1.197064500000000038e+02 1.762339400000000111e+01 1.061326888407849935e+02 3.432900936872171371e+01
1.055329299999999932e+02 8.244474999999999554e+00 1.189788195200217160e+02 1.844201358223984499e+01
1.345495300000000043e+02 6.859785999999999717e+00 1.211808667140874718e+02 1.787846163328129023e+01
9.808326999999999884e+01 2.820190200000000047e+01 1.213378108348433670e+02 4.337073819794707852e+00
1.043113299999999981e+02 9.546936000000000533e+00 1.244273128275216891e+02 1.603464045181799857e+00
1.118623300000000000e+02 1.493086300000000044e+01 1.318415220484039878e+02 3.070380735505357706e+01
1.339961700000000064e+02 3.438096600000000080e+01 9.280795012628426832e+01 2.789772277186601812e+01
1.216711800000000068e+02 9.723228000000000648e+00 1.225133886981337241e+02 2.416991529883755163e+01
1.274334099999999950e+02 7.574142000000000152e+00 9.338794085076865770e+01 2.778632002743516960e+00
1.165043500000000023e+02 1.716985000000000028e+01 1.279220842807699228e+02 1.560143111666121030e+01
1.234565599999999961e+02 1.023036199999999951e+01 1.078819509559968850e+02 2.812472698266246685e+00
9.686450000000000671e+01 3.287660000000000338e+01 9.921780525698852671e+01 4.466583771765667343e+00
1.332452999999999861e+02 2.728622999999999799e+00 1.039616595550859586e+02 2.444377129117048497e+01
1.262777600000000007e+02 1.555640400000000056e+01 1.056543362734531399e+02 2.564641265821318683e+01
1.182392499999999984e+02 2.503325500000000048e+01 1.359045978362335632e+02 4.576198139767052808e+00
1.121307599999999951e+02 2.552255800000000008e+01 1.076781999069614670e+02 6.629213851857599593e+00
1.111686299999999932e+02 3.224828000000000117e+01 1.148128156356174543e+02 2.249252875225767667e+01
1.033311999999999955e+02 8.036189999999999500e+00 1.342663456810387288e+02 3.497729721112332157e+01
1.221657000000000011e+02 3.453664999999999985e+00 1.375972265835977737e+02 3.321830916481942353e+01
1.363225999999999942e+02 2.142673699999999926e+01 1.286021650051327185e+02 1.082086288060619417e+01
1.051916099999999972e+02 9.920849000000000473e+00 1.306363023279032518e+02 1.267680481608466536e+01
1.299641100000000051e+02 1.389185499999999962e+01 9.928451051089896850e+01 2.129398085547850705e+00
1.224305650000000014e+02 1.482882700000000042e+01 9.220332521771733525e+01 1.153872054113092815e+01
1.343265800000000070e+02 3.472433000000000192e+01 1.132251053004790435e+02 4.891694282248091774e+00
1.202836599999999976e+02 1.236480500000000049e+01 1.013205541342541665e+02 2.073929879700011725e+01
1.058196200000000005e+02 1.893849399999999861e+01 1.017352318266570848e+02 9.969442412728721337e+00
1.360862600000000100e+02 1.322449800000000053e+01 1.140157073152765150e+02 2.082349518025213442e+01
1.286662800000000004e+02 5.189660000000000384e-01 9.479567435486487170e+01 1.949006348825516355e+01
9.911983499999999481e+01 3.033258400000000066e+01 1.128958418406662076e+02 2.368345399874478829e+01
1.178697700000000026e+02 2.086379200000000012e+01 1.005200474043237335e+02 5.774284225104226564e+00
1.245154399999999981e+02 9.428326000000000207e+00 1.148777173049373062e+02 9.339347725280488177e+00
1.078898599999999988e+02 1.824183700000000030e+01 1.348552460482617334e+02 8.750833407555877130e+00
1.165767299999999977e+02 1.286235699999999937e+01 1.205447378943646868e+02 6.696587446611530936e+00
1.301707000000000107e+02 5.522420000000000107e-01 1.300288464285245027e+02 1.502128086820135877e+01
1.364280100000000004e+02 4.255118000000000400e+00 9.661034831602466966e+01 2.373685224086536039e+01
1.176774800000000027e+02 2.114383099999999871e+01 1.314293110660233310e+02 2.882781481008229285e+00
1.293298800000000028e+02 7.388890000000000180e-01 1.334985725633924574e+02 1.326066092154727016e+01
1.305158500000000004e+02 8.179097000000000506e+00 1.060383764048067121e+02 1.569897291021726993e+01
1.023049299999999988e+02 2.800608000000000075e+01 1.162932205630016682e+02 1.358882211417975761e+01
1.130173300000000012e+02 1.738992299999999958e+01 1.139560308012669481e+02 3.627218806118818861e+00
1.019945450000000022e+02 1.624662599999999912e+01 1.003161319146013568e+02 1.992380971919244237e+00
1.064764899999999983e+02 2.161875300000000166e+01 1.365129215741197299e+02 1.214543826923675418e+01
1.156589100000000059e+02 2.078124199999999888e+01 1.310785840307457022e+02 2.279504767874862026e+01
1.147472199999999987e+02 3.243150700000000342e+01 1.095592463636477163e+02 7.835323775870453922e+00
1.260793199999999956e+02 1.507600200000000079e+01 1.169382744910562764e+02 2.099319189616817383e+01
1.004917399999999930e+02 3.001473800000000125e+01 9.423546032750986967e+01 2.719467883732523816e+01
1.215274660000000040e+02 9.855489999999999640e+00 1.229096039407403111e+02 6.153545594602187307e+00
1.100269849999999963e+02 1.782430499999999896e+01 1.285563459014161936e+02 3.411863417166537005e+01
1.035987200000000001e+02 1.906737000000000037e+01 1.284963452669434787e+02 1.052177327351701841e+01
1.344432400000000030e+02 7.931499999999999773e+00 1.160070044558304119e+02 2.012486958140287641e+01
1.222486099999999993e+02 1.220074699999999979e+01 1.281439973413924349e+02 2.007816608003554038e+01
1.194439849999999979e+02 3.088717700000000121e+01 1.069340855532569492e+02 8.270673469552530577e+00
1.112859399999999965e+02 7.286299999999999999e-01 1.212949711319226225e+02 1.101813046074338942e+01
1.123588600000000071e+02 5.283899999999999708e-02 9.455331160307285643e+01 1.593249299210051362e+01
9.977344999999999686e+01 2.670044899999999899e+01 1.084975808578468559e+02 1.662907575129478133e+01
1.130060650000000066e+02 2.550459999999999994e+01 1.339458424710842905e+02 1.227603608497019749e+01
1.172544599999999946e+02 4.492557999999999829e+00 1.168999211050426226e+02 3.468694232392208221e+01
1.364772499999999980e+02 2.120343999999999784e+00 1.180323913011823436e+02 6.575899145635551335e+00
9.395832000000000050e+01 5.743917999999999857e+00 9.582509775310985844e+01 1.022246425926815405e+01
1.270234300000000047e+02 5.967240000000000322e+00 1.081051901598899860e+02 1.891586254814489010e+01
1.331978300000000104e+02 1.207540099999999939e+01 1.356740714125208456e+02 3.244670793068568315e+01
1.058240600000000029e+02 1.711543800000000104e+01 9.974452165216560218e+01 9.052041849682099794e+00
1.004048300000000040e+02 2.599754000000000076e+01 1.152474184343986110e+02 3.487968074286688847e+01
1.164053499999999985e+02 1.685597999999999885e+01 1.073144955669250749e+02 2.620575970343540817e+01
1.242736299999999972e+02 6.831006000000000355e+00 1.041397760169089253e+02 1.874237208141639144e+01
1.328286300000000040e+02 1.854412800000000061e+01 1.352103146511535101e+02 8.673568209512683147e-01
1.137167199999999951e+02 2.209496700000000047e+01 1.005446856657194985e+02 2.804315322695901713e+01
1.194070700000000045e+02 1.974189399999999850e+01 1.202425708044640942e+02 2.027018237005175916e+00
1.052273249999999933e+02 1.942294899999999913e+01 1.341181222096391252e+02 2.686633293377185439e+01
1.040049199999999985e+02 2.438359600000000071e+01 9.446695751789994233e+01 3.037408197457284231e+01
9.877991500000000258e+01 1.703118500000000068e+01 1.095064155690933774e+02 2.639639367731441411e+01
9.801369499999999846e+01 2.871176499999999976e+01 1.118687091664830149e+02 9.837922152510023110e+00
9.755183399999999949e+01 3.184772999999999854e+01 1.016212299381004698e+02 2.486577857653931645e+01
1.117835000000000036e+02 4.146894999999999776e+00 1.073791448038029870e+02 2.825352798297337031e+01
1.226914500000000032e+02 9.774010000000000531e+00 1.166582069087909161e+02 2.739810629384033192e+01
1.032809749999999980e+02 1.728598600000000118e+01 9.369157141145791456e+01 3.069207608207863913e+01
1.065728000000000009e+02 5.804099999999999815e-01 1.186687520233520416e+02 3.265930577789585953e+01
1.158468500000000034e+02 2.654724699999999871e+01 1.074996442749044121e+02 4.822050696438965112e+00
1.259750059999999934e+02 8.296856999999999260e+00 1.284341758142920185e+02 4.235987819983229485e+00
1.205864299999999929e+02 8.516370000000000218e+00 9.535065241164977579e+01 3.223251063380137538e+01
1.245766100000000023e+02 8.309366000000000696e+00 1.130477173454758031e+02 1.086711493812079432e+01
1.180998459999999994e+02 1.284827399999999997e+01 1.281425636204016314e+02 2.694180854577134454e+01
1.079673540000000003e+02 1.237299100000000074e+01 1.102374037915577389e+02 3.811018120573134382e+00
1.091274599999999992e+02 2.936315300000000050e+01 1.153367230382769009e+02 1.502950934020591545e+00
1.054926999999999992e+02 8.352017999999999276e+00 1.140789674455028830e+02 7.802575809391326445e+00
1.204545700000000039e+02 7.107947000000000237e+00 1.009076117648501025e+02 2.166001353480886849e+01
1.333230000000000075e+02 1.215278799999999926e+01 1.309165407224648447e+02 2.128689097550041609e+01
1.090422400000000067e+02 3.257660000000000000e-01 1.348933588820635805e+02 3.009200091867336013e+01
1.172721250000000026e+02 1.818978299999999848e+01 1.313181813693940398e+02 3.201376151226509137e+01
1.276204900000000038e+02 1.005807899999999933e+01 9.731651313942046500e+01 1.542005691165653225e+01
1.272875200000000007e+02 3.735890000000000044e-01 1.020516364881942479e+02 5.615912676191821440e+00
1.005264739999999932e+02 1.630819999999999936e+01 1.029767848968675850e+02 6.293218469080890998e+00
1.205464199999999977e+02 1.931105200000000011e+01 1.250008075600960638e+02 9.232480942128162837e+00
9.981167000000000655e+01 2.547162799999999905e+01 1.144606180011034695e+02 2.006483001598140703e+01
1.175999999999999943e+02 1.023433799999999927e+01 1.010623970206302715e+02 7.712764846881972503e+00
1.130844799999999992e+02 1.852679300000000140e+01 1.308112266653153597e+02 6.098542772368137577e+00
1.085241099999999932e+02 2.678840999999999894e+01 1.292256510714043714e+02 1.173735315425839865e+01
9.312736999999999910e+01 1.080105299999999957e+01 1.117583246145184148e+02 1.891470511949180366e+00
1.181643140000000045e+02 2.271122000000000085e+01 1.334563440218381061e+02 2.784575060680788994e+01
1.225821150000000017e+02 6.734340000000000437e+00 1.205746864705330950e+02 2.734273597381466914e+01
1.063705499999999944e+02 2.535100999999999871e+01 1.136195655871102019e+02 2.982482070966291232e+01
1.248270700000000062e+02 4.432827999999999768e+00 1.042278529475927087e+02 2.045202242562318418e+01
1.252135240000000067e+02 1.563707699999999967e+01 1.064771066828140960e+02 1.428525824493551255e+01
1.358086700000000064e+02 1.854602399999999918e+01 1.354232748219149585e+02 2.514797791971954410e+01
1.048792499999999990e+02 1.661124399999999923e+01 9.372858470696954214e+01 3.356481848883536845e+00
1.262585600000000028e+02 1.632781999999999956e+00 1.034020432884494909e+02 2.005284690788219137e+01
1.030357699999999994e+02 2.493956400000000073e+01 1.054221520763439059e+02 2.308347640770306342e+01
1.066743699999999961e+02 3.105507700000000071e+01 9.677272381131417944e+01 2.903766604418729358e+01
1.065502599999999944e+02 6.022739999999999760e+00 1.323780630318065619e+02 1.352206467604817242e+01
1.083680499999999967e+02 2.084225800000000106e+01 1.107692577882858700e+02 2.708499914801593178e+01
1.073838200000000001e+02 2.117361000000000004e+01 1.264402580189742196e+02 2.432222740182346143e+01
1.233079199999999958e+02 7.494034000000000084e+00 9.504779871793338941e+01 9.688931267483637200e+00
1.121058799999999991e+02 5.483360000000000456e-01 1.042369600631219839e+02 3.431175429504170538e+00
1.099067840000000018e+02 1.686253999999999920e+01 1.304835140612851205e+02 1.624672045463394809e+01
1.265867599999999982e+02 2.725253899999999874e+01 1.152861008778437650e+02 6.935417952390809049e+00
9.868321000000000254e+01 2.970345299999999966e+01 9.888114904575064656e+01 6.627254682742888647e+00
9.848784999999999457e+01 2.775841000000000136e+01 1.104833667755311524e+02 2.132668879297491316e+01
1.195968249999999955e+02 1.992211299999999952e+01 1.347869951976199445e+02 5.735854806244985227e+00
1.209513000000000034e+02 1.574554299999999962e+01 1.268468103924139143e+02 2.099622996685492993e+01
1.365753499999999860e+02 3.356936300000000273e+01 1.275789671463605544e+02 2.503711713106896042e+01
1.015828300000000013e+02 3.012794999999999845e+01 1.279339680802229253e+02 2.725858555146799844e+01
1.073470499999999959e+02 1.714681799999999967e+01 9.811861653477011203e+01 2.567160236216875546e+01
9.981171000000000504e+01 2.392927600000000155e+01 1.327858278327597361e+02 1.815846653021172230e+01
1.182972699999999975e+02 1.483025899999999986e+01 1.155166919320680137e+02 2.798518454764769103e+01
1.009766800000000018e+02 1.603761899999999940e+01 9.787028748273583290e+01 2.240563594429099936e+01
1.124703750000000042e+02 1.702895499999999984e+01 1.278937357015141316e+02 3.055871007351454693e+01
1.055944099999999963e+02 1.730002199999999846e+01 1.357768457339794281e+02 1.375634406941752452e+01
9.823951999999999884e+01 1.669737599999999844e+01 9.913034384839136237e+01 1.729169042736654616e+00
1.213953300000000013e+02 5.272655000000000314e+00 1.126047966222480738e+02 1.376916063506737764e+01
1.365897199999999998e+02 8.289113999999999649e+00 1.288220240137126211e+02 2.625550957901952032e+01
1.167711800000000011e+02 1.044548600000000071e+01 1.350487672337936829e+02 1.959922507551552062e+00
1.298188600000000008e+02 9.076064999999999827e+00 1.224458678120577559e+02 2.838833788110976997e+01
1.055970499999999959e+02 6.590237000000000123e+00 1.073051946030398653e+02 1.365336588806336415e+01
1.218649499999999932e+02 3.051391999999999882e+01 1.114366521100529184e+02 2.432929085787019119e+01
9.448524500000000614e+01 1.358393900000000087e+01 1.205690864060262868e+02 2.423903157784386764e+01
1.327039000000000044e+02 1.584810399999999930e+01 9.227245841423065542e+01 3.451255415974080876e+01
1.273195599999999956e+02 1.021326400000000056e+01 9.946825757505570209e+01 2.410953944330838539e+01
1.219842399999999998e+02 1.118587100000000056e+01 9.950711757264826929e+01 1.526110271895031900e+01
1.293635400000000004e+02 1.894171000000000049e+00 1.338068994005608943e+02 1.923603619501754380e+01
1.188353800000000007e+02 2.132730300000000057e+01 1.314020476022949140e+02 1.364890852300473689e+00
1.277506199999999978e+02 9.857113000000000014e+00 1.221110565571331676e+02 2.694941705331970283e+01
1.222112300000000005e+02 1.084067199999999964e+01 1.005512511377887535e+02 3.405161977288618402e+01
1.167593700000000041e+02 2.162810899999999847e+01 9.969959517238046942e+01 2.189607287357454624e+01
1.208478199999999987e+02 2.691405000000000047e+00 1.232248399104297079e+02 1.640786641279980529e+00
1.376754999999999995e+02 1.454145600000000016e+01 9.266461842433761831e+01 2.523989325395667294e+01
1.130644759999999991e+02 5.041568999999999967e+00 1.148745296997767440e+02 3.500102975910856618e+00
1.137061499999999938e+02 2.920176500000000175e+01 1.362039997503644315e+02 3.412036441202878745e+00
9.765413999999999817e+01 2.677711499999999845e+01 1.140418405601093639e+02 3.221261024028110143e+01
1.063831100000000021e+02 8.929643999999999693e+00 1.049425706129308651e+02 2.121849064570073295e+01
1.067415100000000052e+02 2.775080900000000028e+01 1.283098121345653624e+02 1.362510312840849380e+01
9.723202000000000567e+01 2.960429800000000000e+01 9.582003301709455911e+01 1.655226145799480264e+01
1.010747149999999976e+02 1.745857799999999926e+01 1.374219017694822185e+02 2.869307197794477204e+01
1.034284499999999980e+02 2.847408899999999932e+01 9.982434553693086343e+01 8.114671650966052141e+00
1.078109199999999959e+02 3.159997999999999863e+01 1.018995032436106385e+02 1.285443622660836382e+01
1.349069200000000137e+02 4.621629999999999905e-01 1.249136244940869034e+02 1.033693012485458951e+01
1.098299099999999981e+02 2.569585199999999858e+01 1.037839718075234998e+02 2.965682365250149388e+01
1.210841450000000066e+02 2.834050999999999831e+01 1.106041536597374773e+02 2.733780939632446305e+01
1.255556260000000037e+02 1.372629099999999980e+01 9.378656335783941245e+01 3.087843966790562789e+01
1.022638800000000003e+02 3.262707999999999942e+01 1.360051069450270234e+02 2.495022988144797615e+00
1.047877660000000049e+02 2.743140400000000056e+01 1.276155917736816150e+02 3.462540130329431776e+01
1.153614500000000049e+02 1.834740400000000093e+01 9.896088017307482687e+01 2.150546412986317790e+01
1.246537699999999944e+02 1.549389700000000047e+01 1.228410150312723061e+02 2.703578322543226875e+01
1.034781339999999972e+02 1.418773999999999980e+01 1.076174509187556794e+02 9.735299739266960017e+00
1.217343299999999999e+02 1.486597700000000088e+01 1.220563953054572153e+02 1.053002903759528408e+01
1.152771500000000060e+02 4.479098999999999720e+00 1.136561575882886217e+02 2.751961385676727900e+01
9.890682999999999936e+01 1.802293200000000084e+01 1.364276506521540000e+02 4.026400647149689149e+00
1.262176500000000061e+02 1.077972399999999986e+01 1.076105886488920333e+02 2.377731716335238232e+01
1.286027200000000050e+02 8.726665000000000560e+00 1.305877337478589197e+02 1.532839232205796165e+01
1.207382000000000062e+02 1.915753600000000034e+01 1.295917981279725097e+02 1.112273793680992995e+01
9.897129999999999939e+01 1.955711399999999855e+01 1.035186030324643127e+02 3.475915422447443603e+01
1.221146700000000038e+02 7.678874999999999673e+00 1.187020373589768667e+02 3.199555679027078625e+01
1.242183150000000040e+02 2.629088000000000136e+01 1.019628651177109475e+02 1.529869452818055997e+01
1.040978850000000051e+02 1.695514100000000113e+01 1.059654482034114125e+02 2.022070139816171874e+01
1.358911999999999978e+02 3.048414999999999875e+00 1.044797369693510518e+02 3.497511792821816101e+01
9.586464999999999748e+01 3.010379999999999967e+01 1.027159958210909707e+02 2.719947490388142342e+01
1.229745099999999951e+02 1.295093400000000017e+01 1.312086492282394374e+02 2.094127904004381868e+00
1.203130950000000041e+02 1.544907599999999981e+01 1.338439251520595121e+02 2.488435873573915558e+01
1.131231460000000055e+02 2.764571000000000112e+00 1.190116921827398926e+02 2.480414690715700843e+01
1.067997500000000031e+02 2.827483199999999997e+01 1.008063965492938792e+02 1.349063209616628711e+01
1.179488199999999978e+02 1.651808199999999971e+01 1.180568832707999150e+02 1.278076852551219211e+01
1.214991760000000056e+02 1.366147199999999984e+01 9.346817832008125038e+01 7.964971093766910926e+00
1.236907599999999974e+02 2.655348599999999948e+01 1.219420662864205553e+02 4.246357827361663340e+00
1.367237700000000018e+02 5.390139999999999931e-01 1.375042333758260611e+02 3.180825611229453287e+01
1.221725399999999979e+02 1.971065000000000067e+00 1.139460216180938801e+02 1.628069822690429547e+01
1.281656299999999931e+02 6.427754000000000190e+00 1.131751135383287874e+02 1.357294182258152659e+01
1.081589000000000027e+02 1.194670699999999997e+01 1.209674561030176676e+02 3.995499489401343141e+00
1.189205999999999932e+02 1.653125000000000000e+01 1.129663671321194585e+02 1.207353338713724433e+01
1.056286400000000043e+02 2.796617300000000128e+01 1.206518174973925994e+02 1.811003186640857621e+01
1.236492400000000060e+02 8.307256999999999891e+00 1.136897128832893458e+02 2.024446516465943091e+01
1.153960299999999961e+02 3.187136999999999887e+01 9.423925273044081052e+01 1.404680857358490087e+01
