9.375951999999999487e+01 5.335786999999999836e+00 1.140069757740921972e+02 3.128793355216147631e+01
1.172544599999999946e+02 4.492557999999999829e+00 1.212842005816674913e+02 3.344259232916099478e+01
1.057738700000000023e+02 3.275798400000000044e+01 1.117755184797067898e+02 2.355645524276918579e+01
1.178990299999999962e+02 2.116672000000000153e+01 1.162026779600832924e+02 7.816109930216252888e-02
9.826783000000000357e+01 3.081710999999999956e+01 1.104867975788013581e+02 1.519685920452995553e+01
1.116364200000000011e+02 1.941812900000000042e+01 9.914286954947765196e+01 1.702081656472348925e+01
1.238157300000000021e+02 2.394317000000000029e+00 1.074294299850052568e+02 1.111234760106045982e+01
1.134066899999999976e+02 2.294010199999999955e+01 9.251765124829600495e+01 1.347397943913149376e+01
1.274336799999999954e+02 5.681447999999999610e+00 1.328057446406331223e+02 1.534856973539881686e+01
1.130770949999999999e+02 4.124679000000000428e+00 1.276369800019495528e+02 2.531695423502726428e+01
1.188802900000000022e+02 7.100107000000000390e+00 1.068912744332723008e+02 1.241754204390639416e+01
1.216861899999999963e+02 5.113725999999999772e+00 1.052578165525202820e+02 6.396811910710231697e-02
1.376754999999999995e+02 1.454145600000000016e+01 1.257751026715149578e+02 3.557213076583236600e+00
1.261360600000000005e+02 1.381871199999999966e+01 1.069233939904934942e+02 3.345567509050208344e+01
1.335709999999999980e+02 3.229453000000000173e+01 1.177746635399936252e+02 2.966475983559156049e+01
1.011866799999999955e+02 2.244153999999999982e+01 1.146576874885269604e+02 3.326624538872953707e+01
1.292459900000000061e+02 4.137847999999999971e+00 9.585164549967744563e+01 2.910780203265456478e+01
1.275943299999999994e+02 9.779089000000000809e+00 1.177779672970272031e+02 1.140973992997570008e+01
1.355432900000000132e+02 8.343788999999999234e+00 1.276405468559503049e+02 1.208534995984548033e+01
1.132487100000000027e+02 2.224254600000000082e+01 1.206575787147183121e+02 3.036051781520711756e+01
1.012597300000000047e+02 1.646368000000000009e+01 1.216093470308966289e+02 1.975307300407808953e+01
1.055517300000000063e+02 2.252885200000000054e+01 1.203856723226344343e+02 1.264063070125050636e+01
1.352002099999999984e+02 2.161869199999999935e+01 1.253286999714148635e+02 7.803473204885497116e-01
1.236827799999999939e+02 7.704500000000000348e+00 1.022840766020790539e+02 1.779751549386926257e+01
1.199050600000000060e+02 3.175273699999999977e+01 1.122847436844667754e+02 2.493840502362421674e+01
1.187935200000000009e+02 1.914017000000000124e+01 1.309382579916307066e+02 1.517224276088854573e+01
1.295190699999999993e+02 1.326800999999999897e+00 1.366509148365774138e+02 2.731598375185102512e+01
1.090962999999999994e+02 2.908158500000000046e+01 1.035007006580613478e+02 2.497005934089226642e+01
1.326187299999999993e+02 2.423593299999999928e+01 9.971214067503129286e+01 1.002401426223475944e+01
9.593086999999999875e+01 1.661455199999999977e+01 1.195158693065175868e+02 3.337639727277105806e+01
1.228012540000000001e+02 2.491700999999999944e+00 1.044666523924970392e+02 3.051846833722125751e+01
9.698529000000000622e+01 2.906835600000000142e+01 1.135178302898260085e+02 1.284837673215550424e+01
1.009878700000000009e+02 1.558966700000000039e+01 1.001215121918564392e+02 1.709483709592107559e+01
1.082233399999999932e+02 1.948895999999999873e+01 9.344407411596341717e+01 3.147214325067977470e+01
1.264865340000000060e+02 1.459183699999999995e+01 9.692623063325244459e+01 5.317547138424904674e+00
1.046525000000000034e+02 2.365267400000000109e+01 1.374750450792286358e+02 1.735728571686390254e+01
9.284171999999999514e+01 9.692450000000000232e-01 1.010533555820742038e+02 1.391680467163685009e+01
1.209731299999999976e+02 2.012263300000000044e+01 9.759107192153101096e+01 1.825450276417330286e+01
9.523578000000000543e+01 1.369793800000000061e+01 1.005844312332424693e+02 2.607844167962757709e+01
1.075523299999999978e+02 1.898231499999999983e+01 1.024420329978261179e+02 1.447713546305821453e+01
1.077314800000000048e+02 2.793261299999999991e+01 1.011876802913308779e+02 1.811944774979835060e+01
1.095793699999999973e+02 1.745886000000000049e+00 1.288919873826986304e+02 1.891022519834992011e+01
9.798886000000000251e+01 2.281648600000000116e+01 1.048735872018182675e+02 1.101090969439293588e+01
1.301094799999999907e+02 1.724228499999999897e+01 1.005643222911776036e+02 9.019897256574452626e+00
9.954317000000000348e+01 2.821960599999999886e+01 1.142289196727447802e+02 3.243530639175264696e+01
1.033311999999999955e+02 8.036189999999999500e+00 1.144175885451958266e+02 4.729762885942154327e+00
1.079270800000000037e+02 2.750382199999999955e+01 1.214570515987810211e+02 2.944405342374842860e+01
1.034334800000000030e+02 1.589862499999999912e+01 1.093075751618794413e+02 3.385765958257784547e+01
1.035432399999999973e+02 2.423743999999999943e+01 1.275193968720183477e+02 1.448150357265735977e+01
1.055583699999999965e+02 3.125904999999999845e+01 9.889961264966329679e+01 2.552602427103696670e+01
9.311654000000000053e+01 1.801235199999999992e+01 1.118227003748978774e+02 2.059171619550620846e+01
1.086775200000000012e+02 1.074131200000000064e+01 9.681973389949470743e+01 5.571595791671764886e+00
1.093180899999999980e+02 1.304350999999999949e+01 9.229265158052152174e+01 3.230692571387610457e+01
1.331451700000000073e+02 1.564029200000000053e+01 1.205697474633223578e+02 8.573678172980788048e+00
1.006243900000000053e+02 2.521868699999999919e+01 1.109101393997512019e+02 1.772197442840300852e+01
1.237802499999999952e+02 7.976399999999999935e+00 1.192261885842527249e+02 1.439248498033434132e+01
1.064135899999999992e+02 2.078034999999999854e+01 1.145892455655658608e+02 1.647697078890811540e+01
1.189135700000000071e+02 1.334721000000000046e+01 1.051493189192891151e+02 4.806892434582359819e+00
1.086584299999999956e+02 1.116496899999999926e+01 1.224766533405963287e+02 7.758692842422307834e+00
1.008096900000000034e+02 1.563741100000000017e+01 9.373216400643670454e+01 2.474242523566989505e+01
1.209966349999999977e+02 5.420730000000000270e-01 1.117128107335664851e+02 1.520835139036557493e+01
1.306742099999999880e+02 8.577165000000000816e+00 1.355387827460898507e+02 2.413746384951093304e+01
9.718044000000000437e+01 3.527642000000000166e+00 1.352857223271043665e+02 3.112989910972455121e+01
1.004608149999999966e+02 1.180514800000000086e+01 9.246423824785071588e+01 2.563505699770989299e+00
1.008982799999999997e+02 1.920488399999999984e+01 9.395662142256124127e+01 1.441751654811470473e+01
9.491244500000000528e+01 6.986594000000000193e+00 9.960504091308975205e+01 1.657681539008909866e+01
1.204624400000000009e+02 1.871413000000000082e+01 1.105819459830258751e+02 1.862760878346667148e+00
1.267472099999999955e+02 7.728730999999999796e+00 1.338916389175942072e+02 3.368794339931768889e+01
1.283342100000000130e+02 2.203216400000000164e+01 1.074695645084806728e+02 2.850888402971976276e+01
1.001638200000000012e+02 3.052398099999999914e+01 1.002472571338297058e+02 2.809104532622516004e+01
1.011674349999999976e+02 1.631124499999999955e+01 9.361504301355357427e+01 5.459442549863330330e-01
1.290396100000000104e+02 2.231170000000000098e-01 1.345038669076924407e+02 6.154572081128553585e+00
1.262086639999999989e+02 1.252762300000000018e+01 1.128283815843370377e+02 2.007065608202568896e+01
1.268019900000000035e+02 6.239142000000000188e+00 1.335876196213487788e+02 3.267445784952729326e+01
1.100269849999999963e+02 1.782430499999999896e+01 1.142248415870154759e+02 2.738737122999907569e+01
1.106396600000000063e+02 3.104340399999999889e+01 1.258307057283934398e+02 2.617445865065592514e+00
1.128123599999999982e+02 2.516570700000000116e+01 1.207780053274170911e+02 9.170028773691159429e+00
1.068862400000000008e+02 1.928219199999999844e+01 1.336517654033193310e+02 2.947017779826123274e+01
1.158168639999999954e+02 1.917301000000000144e+01 1.259805675807469356e+02 3.100847751568655397e+01
1.252029399999999981e+02 8.083719000000000321e+00 1.031559601701912925e+02 9.891957504611903929e+00
1.087539900000000017e+02 1.329248699999999950e+01 1.076003550217758544e+02 7.098289793891504607e-01
1.081180899999999951e+02 3.227875000000000227e+01 1.028154718523565379e+02 3.610217316826292766e+00
1.368379400000000032e+02 1.267808499999999938e+01 1.088177381621243569e+02 2.666393316442877293e+01
1.315446200000000090e+02 9.283360000000000056e+00 1.291467073290023961e+02 7.830336798619209837e+00
1.218052749999999946e+02 2.584820000000000118e+00 9.933879612603574571e+01 2.512818658988558340e+01
1.151589299999999980e+02 1.951465999999999923e+01 1.139026522901859408e+02 2.485952928013496432e+01
1.377912300000000130e+02 9.822943000000000424e+00 1.127856304302243302e+02 1.031802445877664454e+01
9.677979999999999450e+01 2.492586299999999966e+01 1.258136933758411971e+02 3.157849737228451303e+01
9.478686999999999330e+01 2.184519600000000139e+01 1.200143791044216215e+02 2.790671529186555588e+01
1.173642499999999984e+02 1.925955000000000084e+01 1.145028487976702252e+02 3.436721333278632073e+01
1.124594649999999945e+02 2.773611800000000116e+01 9.539004832358412500e+01 1.192523695104275205e+01
1.101364439999999973e+02 1.750603699999999918e+01 9.728067990462616876e+01 3.213788809078114639e+01
1.252612100000000055e+02 1.041665000000000063e+01 1.077469779657598679e+02 3.345550498240937998e+01
1.026967899999999929e+02 2.230161700000000025e+01 1.326794913269985727e+02 1.863319351435040261e+01
1.185986900000000048e+02 1.763774300000000039e+01 9.341041662671334223e+01 1.814093416472844567e+01
1.177207499999999953e+02 1.377951799999999949e+01 1.337031644652199134e+02 2.973363399557272402e+01
9.848666000000000054e+01 1.054087299999999949e+01 1.153166746695922882e+02 3.347939043256078406e+01
1.103286899999999946e+02 1.103283000000000014e+00 1.346765424380567424e+02 2.702143305618188052e+01
1.349553200000000004e+02 1.906885099999999866e+01 9.803607500593207646e+01 1.653317195197315570e+01
1.024226299999999981e+02 3.346227300000000326e+01 1.197411461113675699e+02 3.930128149573949514e+00
1.280316200000000038e+02 1.339511000000000074e+01 9.880202740660647009e+01 3.037959892328665745e+01
1.216506349999999941e+02 9.985416000000000736e+00 1.052976406629239250e+02 8.509913758158390351e+00
9.202891999999999939e+01 1.053919999999999924e+01 1.240736849757748246e+02 2.231713566471352195e+01
1.176570099999999996e+02 2.176196300000000150e+01 1.002246287426093403e+02 2.425479560065311446e+01
1.372800799999999981e+02 2.309875100000000003e+01 1.004553417713254504e+02 2.897919952026325774e+01
1.061427599999999956e+02 1.381433000000000000e+01 9.247269521153009464e+01 5.879136179667642459e+00
1.020267199999999974e+02 3.323541600000000074e+01 1.005013151288257802e+02 2.239198312236725386e+01
1.340829600000000141e+02 1.444733800000000024e+01 1.055096335418499933e+02 2.544821828515685880e+01
1.035987200000000001e+02 1.906737000000000037e+01 9.904617074111013153e+01 7.830976597449801346e-01
9.255561000000000149e+01 1.543583399999999983e+01 1.126955311415704699e+02 1.302905440658363645e+01
1.321534699999999987e+02 7.309249999999999581e+00 1.076678619895234732e+02 2.144611052029395637e+01
9.425745999999999469e+01 2.258308800000000005e+01 1.322672261985265720e+02 2.006216637498307875e+01
1.216711800000000068e+02 9.723228000000000648e+00 1.025165817681333778e+02 3.289194534008615278e+00
1.065756499999999960e+02 1.578832599999999964e+01 9.317799135758095019e+01 2.465287292231515792e+01
1.153154750000000064e+02 4.635790000000000188e-01 1.043501691036221786e+02 1.747464156073215591e+01
1.015988300000000066e+02 1.442102200000000067e+01 1.276962095800805201e+02 2.037373982088853808e+01
1.274280200000000036e+02 8.565103000000000577e+00 1.285123014789176068e+02 1.077918003651269707e+01
1.100219600000000071e+02 2.893303699999999878e+01 1.230926297357012373e+02 3.536780041389969931e+00
1.209879799999999932e+02 1.243783900000000031e+01 1.180829856499667727e+02 2.062819252764633049e+01
1.116369899999999973e+02 3.320690499999999901e+01 9.904705100609838553e+01 1.517355903208017498e+00
1.317522700000000100e+02 7.439243000000000272e+00 1.239281880471447153e+02 1.930926560043094398e+01
1.089707200000000000e+02 1.126750000000000007e+01 1.340878995949200032e+02 1.014433494178530459e+01
1.375393200000000036e+02 1.340690000000000026e+01 1.212586992536941182e+02 2.866661917114196001e+01
1.066058600000000069e+02 1.840644999999999953e+01 1.362540976215737771e+02 2.515279170265436193e+01
1.043716100000000040e+02 3.488888500000000192e+01 1.316884033330879049e+02 7.132166211541991707e+00
1.004067459999999983e+02 1.560150900000000007e+01 1.109399510516352052e+02 2.282323110289037515e+01
1.309042699999999968e+02 3.316279600000000016e+01 1.092395462873862044e+02 2.158480299936179492e+01
1.003102300000000042e+02 2.285036500000000004e+01 1.281683896241120522e+02 1.517644959448190001e+00
1.275184249999999935e+02 3.174202500000000171e+01 1.308664699016628106e+02 3.407432408587076367e+01
1.019243799999999993e+02 1.454230699999999921e+01 9.978233368656242419e+01 2.158434334631841267e+01
1.228618239999999986e+02 3.672254999999999825e+00 1.026439807025245585e+02 5.385059780358165682e+00
1.174769100000000037e+02 1.248690799999999967e+01 1.318268217846227799e+02 2.082768230650511310e-02
1.054926999999999992e+02 8.352017999999999276e+00 1.037351363558680504e+02 1.212571327534928045e+01
1.290636000000000081e+02 2.394454999999999956e+01 1.341003530832172146e+02 2.676376375061289536e+01
1.132756650000000036e+02 2.208142499999999941e+01 1.012720055722623300e+02 2.436999210295495999e+01
1.019604800000000040e+02 2.698521799999999971e+01 1.350157728358306315e+02 7.542002845248448217e+00
1.264155399999999929e+02 1.199724699999999977e+01 9.712663295325900492e+01 1.632083703607683134e+01
1.001488999999999976e+02 1.622813000000000017e+01 9.403357513412122159e+01 2.853901593550825666e+01
1.153960299999999961e+02 3.187136999999999887e+01 1.342243432822614011e+02 1.824979082457450019e+01
1.039070399999999950e+02 1.300106500000000054e+01 1.200585731632955770e+02 2.042976052274804388e+01
1.002545850000000058e+02 2.077258499999999941e+01 9.366583811496028034e+01 4.751442168210523453e-01
9.567327000000000226e+01 3.478048299999999671e+01 1.273020117252850696e+02 6.596178304804503512e+00
1.276514700000000033e+02 1.503062899999999935e+01 1.364881696153561279e+02 4.477464107720426689e+00
1.020150399999999991e+02 1.459681100000000065e+01 1.210662817730346745e+02 4.110530842788716832e+00
1.254233859999999936e+02 2.886179999999999968e+00 9.252193903234378070e+01 1.880518312824460381e+01
1.213759399999999999e+02 6.126888000000000112e+00 1.215782203457924595e+02 1.282118685701923155e+01
1.218883199999999931e+02 1.257749699999999926e+01 1.296619843085202319e+02 3.065679754638141574e+00
9.231682999999999595e+01 1.464926299999999948e+01 1.212718985079675633e+02 3.057695803162015480e+01
1.179629500000000064e+02 1.794520599999999888e+01 1.295408199384867203e+02 2.751022783343007916e+01
1.237547799999999967e+02 1.402938000000000018e+00 1.270831697988617179e+02 1.491724443543810530e+01
1.185999149999999958e+02 1.150301600000000057e+01 1.357904966880911957e+02 1.950312864125859846e+01
1.068477500000000049e+02 3.346115999999999957e+01 1.200724912889163960e+02 3.036873748942220530e+01
1.181156600000000054e+02 2.807990600000000114e+01 9.328356648331569545e+01 2.736948605525441636e+01
1.054755250000000046e+02 9.531067999999999429e+00 1.201513970092615438e+02 8.002166372701028152e+00
1.206739350000000002e+02 1.298873000000000033e+01 1.147957328888361417e+02 3.207151155300024215e+01
1.325828700000000140e+02 1.295411700000000010e+01 1.130526721848253260e+02 2.337518653719705597e+01
1.346369300000000067e+02 1.998772200000000154e+01 1.153487513558381465e+02 2.149915910197233870e+01
9.277315000000000111e+01 1.838847499999999968e+01 1.061652141325530891e+02 1.664233401225099840e+01
1.104863299999999953e+02 2.858129299999999873e+01 9.482754409356090264e+01 3.157036907217287336e+01
1.346411899999999946e+02 1.026627900000000082e+01 1.143227522150235131e+02 7.375572700887448541e+00
9.760130999999999801e+01 1.960865599999999986e+01 1.369344970014613239e+02 1.657867477537131151e+01
1.194749450000000053e+02 3.442628000000000021e+00 1.165314376968944430e+02 9.362137003306550298e+00
1.126016500000000065e+02 1.711163499999999971e+01 9.387124295268088758e+01 2.097912371794897624e+01
1.235079999999999956e+02 6.106423000000000378e+00 9.610445460708004362e+01 1.119471744731572826e+01
9.774904999999999688e+01 2.897119999999999962e+01 9.891000733196848671e+01 1.960987634555980108e+01
1.354431199999999933e+02 1.396106600000000064e+01 1.187653612352133905e+02 8.850626785598475266e+00
1.341854999999999905e+02 2.963914499999999919e+01 9.216439097415954507e+01 3.413142993189448049e+01
1.066784899999999965e+02 8.027340000000000586e+00 9.261760595126051498e+01 3.084210992111248828e+00
9.371902000000000044e+01 2.542849500000000162e+01 1.372796038870461075e+02 1.865565904246361129e+01
1.246245700000000056e+02 1.591313000000000066e+01 1.350587185296664643e+02 2.124222671122105766e+01
1.131172600000000017e+02 3.900424000000000113e+00 1.093508700976976797e+02 6.931106360355333784e+00
9.823263000000000034e+01 3.105466300000000146e+01 1.316790471562418645e+02 3.110400406736136247e+01
1.148437040000000025e+02 1.286086000000000062e+00 9.775938595331778913e+01 2.835920377845109641e+01
1.362089100000000030e+02 1.452587000000000073e+00 9.394689272652993850e+01 1.008325670205418767e+01
1.104067299999999960e+02 8.316698000000000590e+00 1.281285913356949209e+02 7.073138828587592464e+00
1.217467800000000011e+02 3.821569999999999911e+00 1.229364211451287474e+02 9.049168255635256841e+00
1.186736449999999934e+02 1.656894300000000086e+01 1.238952278345999787e+02 2.958029067706470983e+01
1.118961000000000041e+02 1.561135900000000021e+01 1.321744084394630931e+02 2.051663638661523947e+01
1.071597500000000025e+02 4.558792000000000399e+00 1.367884507566919297e+02 5.426887407351665971e-01
1.115106700000000046e+02 2.996729999999999894e+00 1.177246887473804406e+02 3.388961700614100891e+01
1.080312650000000048e+02 1.263360499999999931e+01 9.299259796732965810e+01 1.421141174229557080e+01
1.095981400000000008e+02 2.946638300000000044e+01 1.032290293969625452e+02 2.918744476513792208e+01
1.276148699999999963e+02 1.206080700000000050e+01 9.319595118248332710e+01 3.465838531984775273e+01
9.503709000000000628e+01 6.982403999999999833e+00 1.093991659493687223e+02 1.379793442553044969e+01
1.078603300000000047e+02 3.205924000000000262e+01 1.286348202099972582e+02 3.332287134840061071e+01
9.868321000000000254e+01 2.970345299999999966e+01 1.251377828078396135e+02 1.495984928195825425e+01
1.372332900000000109e+02 1.501410800000000023e+01 1.205145885773677037e+02 7.219848560507022839e+00
1.378858799999999860e+02 1.247752499999999998e+01 1.174360458730339332e+02 2.690546312195368728e+01
1.073292849999999987e+02 3.159566099999999977e+01 1.071560008480290662e+02 5.400414529400156205e+00
9.672302000000000533e+01 1.161534400000000034e+01 1.114149825024210827e+02 1.591448126646119299e+01
1.095285400000000067e+02 9.065305000000000391e+00 1.017270618340239992e+02 1.471823948288482242e+01
9.290546999999999400e+01 2.146123700000000056e+01 1.098435153489477614e+02 2.140645601984769186e+01
9.941035999999999717e+01 1.626425400000000110e+01 1.209139504723902974e+02 2.799726322571697423e+01
1.297718999999999880e+02 1.096346999999999916e+01 1.246031636020145328e+02 2.447572051884942468e+01
1.358086700000000064e+02 1.854602399999999918e+01 1.179746228244715667e+02 9.384490780092948015e+00
1.274613300000000038e+02 8.821358999999999284e+00 1.063278200747779465e+02 2.123546706084126612e+01
1.031009399999999943e+02 2.897423699999999869e+01 1.180655491569377205e+02 7.988898978707648979e+00
1.215447099999999949e+02 1.486668399999999934e+01 1.202173346794205457e+02 2.113062870747261712e+01
9.283028000000000191e+01 1.701686099999999868e+01 1.157416875071557882e+02 8.096241144994813510e+00
1.066796700000000016e+02 7.535884000000000249e+00 9.223048270019128836e+01 2.317773688311127067e+00
1.304119399999999871e+02 1.130974800000000080e+01 9.732988255597223315e+01 3.367297242863239859e+01
1.059936749999999961e+02 5.508810999999999680e+00 1.039767390571744272e+02 8.197599464457764995e+00
1.372423000000000002e+02 1.840880000000000072e+00 1.236017170816657824e+02 1.438178860601979814e+01
1.124872799999999984e+02 1.702377299999999849e+01 1.024414025114283220e+02 2.667231076413721880e+01
1.357525300000000072e+02 3.087321499999999830e+01 1.326356405077090699e+02 9.128597242321793814e+00
1.065728000000000009e+02 5.804099999999999815e-01 1.179731059585065225e+02 1.310023818553612607e+01
1.218649499999999932e+02 3.051391999999999882e+01 1.357477055725022694e+02 4.066726314437185685e-01
1.139112700000000018e+02 2.125302100000000038e+01 1.324319910726821945e+02 3.792666096521073005e+00
1.118421859999999981e+02 1.936338999999999899e+01 1.052428925842193053e+02 9.681906041617242664e+00
1.242767939999999953e+02 1.730797799999999853e+01 1.164925263857078477e+02 2.921073344749896705e+01
1.274986999999999995e+02 1.990880800000000050e+01 9.220475660361550752e+01 4.686718000217349633e+00
1.185020800000000065e+02 3.043984199999999873e+01 1.365415096359901099e+02 8.017518483790215811e+00
1.285662100000000123e+02 1.856218499999999949e+01 1.182115258292948283e+02 1.384516796252848536e+01
9.689548999999999523e+01 3.139643900000000087e+01 1.103234368385670621e+02 2.276887246914565566e+01
1.078126500000000050e+02 2.074755499999999842e+01 1.123744295691368222e+02 1.099400821789963789e+00
1.158917540000000059e+02 1.912817799999999835e+01 1.309446595455154068e+02 2.316590346869443451e+01
1.056286400000000043e+02 2.796617300000000128e+01 1.271905945649829164e+02 1.137929874996312662e+01
9.806082999999999572e+01 1.700191900000000089e+01 1.230628632427767144e+02 2.764481171507256718e+01
1.318092800000000011e+02 3.159798400000000029e+01 1.274279631298305162e+02 1.764731960472895977e+01
1.101968499999999977e+02 2.375801699999999883e+01 1.369911090096886142e+02 2.428910124421559047e+01
1.240659799999999962e+02 7.754509999999999792e+00 1.230182471101153965e+02 9.998530047140626209e+00
1.103507400000000018e+02 8.773649999999999505e-01 1.255447312849825607e+02 2.762846020754265908e+01
1.227914099999999991e+02 2.626429399999999958e+01 1.191320856544537037e+02 1.131982695906658520e+01
1.228449549999999988e+02 1.540113500000000002e+01 1.120609806369095480e+02 1.429660134351802370e+01
1.171391449999999992e+02 6.471200000000000563e-02 9.503786613401055661e+01 1.967335093073708663e+01
1.210699099999999930e+02 1.798126600000000153e+01 1.079388595878977100e+02 2.885647430519620471e+00
1.090090940000000046e+02 2.143956000000000195e+00 1.347090298371845734e+02 3.111296177677476038e+01
1.006573939999999965e+02 2.060479399999999828e+01 1.010477631543596573e+02 6.575854823552120365e+00
1.031240300000000047e+02 2.424801599999999979e+01 1.245080094508628008e+02 3.020115698860803022e+01
1.084333400000000012e+02 2.538845399999999941e+01 1.292079003607188952e+02 1.369492627504493676e+01
1.205836900000000043e+02 3.392866999999999855e+00 9.535036474888768510e+01 1.112139762970391565e+01
1.305003800000000069e+02 6.941775999999999947e+00 1.257553361454266110e+02 3.428373030615600925e+01
1.301203199999999924e+02 9.073128999999999778e+00 1.277801855331057936e+02 2.611836545807426546e+01
1.270216999999999956e+02 1.202432300000000076e+01 1.105782303987833899e+02 1.953781615013113893e+01
1.026667000000000058e+02 2.719775200000000126e+01 9.342807122711337797e+01 6.557805726926092760e+00
1.185405899999999946e+02 1.932002800000000065e+01 1.294363248356875431e+02 2.293596352556001250e+01
1.171641500000000065e+02 3.398652599999999779e+01 9.814237631045718047e+01 1.773110840470838312e+01
1.311959400000000073e+02 1.344396599999999964e+01 1.358392863069161081e+02 1.867831713278200922e+01
9.918323499999999626e+01 1.574674699999999916e+01 1.326480720784335574e+02 7.747672901275200807e+00
1.180546499999999952e+02 5.906247999999999720e+00 1.369161712689616479e+02 4.976096710743477480e+00
1.090113900000000058e+02 1.594006100000000004e+01 9.478915778652775259e+01 2.882417089613829475e+01
1.300095200000000091e+02 1.434867000000000026e+01 1.351016545812711911e+02 3.244743211797463278e+00
9.978853999999999758e+01 2.921312999999999960e+01 1.191463680642238927e+02 2.372580986123179159e+01
1.205683899999999937e+02 1.373879100000000086e+01 1.332912422653526505e+02 2.470200315131818414e+01
1.292091000000000065e+02 9.637442000000000064e+00 9.941867449368078269e+01 1.191204444974602339e+01
1.003903799999999933e+02 1.687093700000000140e+01 1.218857441131367239e+02 2.701496481974212571e+01
1.218425699999999949e+02 1.623406200000000155e+01 1.011659095956573822e+02 6.014921277576156022e+00
1.333482799999999884e+02 1.179657699999999920e+01 1.097385280968446324e+02 1.490202661138443041e+01
1.221774099999999947e+02 4.068751999999999924e+00 1.344387538961704820e+02 3.424608288404606071e+00
1.090013050000000021e+02 2.906080000000000041e+01 1.218421960134382687e+02 1.771885297912278556e+00
1.123585199999999986e+02 2.633208799999999883e+01 1.111520782650445653e+02 1.688387981277151795e+01
1.002380399999999980e+02 1.977633900000000011e+01 1.267444699835983783e+02 2.566827430122100751e+01
1.006953599999999938e+02 1.924044200000000160e+01 1.277057362795382289e+02 2.314133340628044166e+01
9.227044999999999675e+01 7.180528999999999940e+00 1.264348642657772643e+02 2.451663315682942823e+01
1.149821199999999948e+02 1.282922100000000043e+01 1.215242133908643325e+02 8.672032330005730927e+00
1.158468500000000034e+02 2.654724699999999871e+01 1.079245328171728744e+02 2.707809049632633958e+01
1.105670700000000011e+02 1.976796200000000070e+01 1.253344358636114180e+02 5.128364810868421664e+00
1.189044700000000034e+02 2.036654899999999913e+01 1.295308892377716461e+02 1.224551500807090321e+01
1.331738100000000031e+02 1.710335399999999950e+01 1.135632788721778041e+02 7.849893153243496791e+00
1.128938299999999941e+02 1.716561099999999840e+01 1.104302594139644782e+02 7.734563637317167561e+00
1.012475900000000024e+02 3.300020200000000159e+01 1.247286480829377524e+02 1.574047704474925347e+01
1.133772500000000036e+02 2.012534099999999881e+01 1.116858539779081809e+02 3.428917165378205567e+00
1.052188600000000065e+02 4.245258999999999894e+00 9.674863592138540014e+01 2.405242928065471020e+01
1.216979749999999996e+02 6.862764000000000308e+00 1.347232878434694499e+02 2.560894564319502820e+01
1.205477139999999991e+02 7.351634999999999920e+00 1.003935720173605262e+02 1.170675156638865566e+00
1.036258200000000045e+02 2.503497700000000137e+01 1.318354083611813508e+02 2.908799011342603080e+01
9.479399999999999693e+01 2.222920399999999930e+01 1.255425731484406100e+02 1.091000552792422695e+00
1.226914500000000032e+02 9.774010000000000531e+00 1.367781999097966263e+02 6.534947630609483582e+00
1.274859500000000025e+02 2.643822899999999976e+01 1.270631933473339785e+02 3.028371812613607972e+01
1.216885450000000048e+02 2.590928999999999860e+01 1.046848203605566141e+02 3.258693039451200235e+01
1.252135240000000067e+02 1.563707699999999967e+01 1.211664190330562860e+02 6.199758729663049195e+00
1.003017040000000009e+02 2.323865999999999943e+01 1.185631360241677044e+02 1.634618603618577382e+01
1.190807700000000011e+02 3.056827399999999884e+01 9.382580735311294973e+01 3.058825696968558816e+01
1.303903999999999996e+02 2.805204999999999949e+00 1.341961435581663409e+02 2.559678803450101370e+01
1.283577600000000132e+02 3.503263000000000016e+00 1.105106077031874463e+02 3.357354758730436828e+01
1.198271900000000016e+02 2.336774799999999885e+01 1.213389782040968754e+02 3.195630300319204586e+00
1.297281600000000026e+02 1.556633399999999945e+01 1.111280546234685005e+02 1.636515439006353390e+01
1.036701050000000066e+02 2.659670799999999957e+01 1.006778338830084607e+02 4.196080332379024114e+00
1.245154399999999981e+02 9.428326000000000207e+00 1.283104007421629831e+02 1.519916699694763196e+01
1.081139600000000058e+02 1.882120300000000057e+01 1.313750849840880335e+02 6.480231423222593712e+00
1.204013400000000047e+02 1.923368599999999873e+01 1.245726072942816813e+02 1.263775188870607202e+01
1.085017849999999981e+02 2.128969999999999985e+01 1.144686616352665851e+02 3.201168856377646676e+01
1.208478199999999987e+02 2.691405000000000047e+00 1.378202776678870976e+02 2.360806352510342165e+01
1.079575040000000001e+02 1.263439100000000082e+01 1.126558867507970945e+02 4.209028547730663483e+00
1.151021999999999963e+02 2.461723999999999890e+01 1.256878851110358397e+02 2.658997222004050442e+01
1.343044899999999870e+02 1.360846100000000014e+01 1.025932076637956385e+02 6.703156761545833398e+00
1.030110899999999958e+02 9.761288000000000409e+00 1.222547402167471091e+02 2.048959465545001279e+01
1.231748800000000017e+02 3.198018999999999945e+00 1.098768685192894594e+02 1.825088692105780730e-01
1.125651100000000042e+02 1.389909199999999956e+01 9.437452072305443096e+01 1.290919926145563945e+00
1.146491199999999964e+02 2.055787799999999876e+01 1.124071403753659695e+02 7.917936743115318698e+00
1.262960360000000009e+02 2.761617000000000033e+01 9.836448325515512181e+01 2.323489007667432560e+01
9.848254000000000019e+01 1.238479700000000072e+01 1.349169088451530172e+02 2.116858125657875078e+01
1.304762699999999995e+02 3.101247199999999893e+01 1.082250071636473052e+02 1.902944806166972924e+01
1.026298699999999968e+02 2.803945200000000071e+01 1.137735144085598051e+02 2.878463621166030251e+01
1.355338099999999883e+02 1.610411799999999971e+01 1.005751553181017641e+02 1.409598068485812661e+01
1.026683040000000062e+02 3.145880100000000112e+01 1.217859210405397903e+02 1.506396755152294631e+01
1.139474799999999988e+02 1.840344800000000092e+01 9.901660145512792610e+01 3.454066607342036832e+01
1.008354400000000055e+02 1.752425399999999911e+01 1.211464795052934846e+02 1.015673765072386736e+01
1.291045499999999890e+02 3.358156600000000225e+01 1.357789390373439460e+02 1.236574870171271101e+01
1.213383699999999976e+02 1.526827899999999971e+01 1.305876430863492885e+02 2.035553783355915769e+01
1.150612100000000027e+02 2.330619199999999935e+01 1.217632350529001144e+02 6.340461898614523584e+00
1.231007100000000065e+02 2.744201500000000138e+01 9.930894054936186421e+01 1.549124910313651426e+01
9.897129999999999939e+01 1.955711399999999855e+01 9.598213679713818181e+01 5.822193613305626236e+00
1.346167399999999930e+02 3.521285999999999916e+00 1.230760389278704849e+02 3.110811815386791679e+01
9.869783999999999935e+01 2.488554600000000150e+01 1.122618923802980930e+02 1.177194195443528635e+01
1.007318700000000007e+02 2.756443600000000060e+01 1.260665738487852536e+02 3.446212640356630175e+01
1.020793800000000005e+02 2.128403700000000143e+01 1.354209306852456791e+02 8.128094083630836408e+00
1.101622600000000034e+02 1.989431400000000139e+01 1.344331801423539900e+02 1.343622628057780943e+01
1.210844600000000071e+02 1.806569000000000003e+01 9.547855296422417837e+01 2.566147435826228218e+01
9.820441999999999894e+01 1.853960000000000008e+01 1.130816830560770114e+02 1.310045742368135180e+01
9.694570000000000221e+01 1.687334399999999945e+01 1.192716331730818808e+02 2.829613272014807990e+01
1.199698300000000017e+02 1.242413400000000046e+01 1.370172134977392489e+02 2.596030776316437994e+01
1.009080399999999997e+02 2.003603999999999985e+01 1.152890581884435903e+02 2.661669337730813112e+01
1.067415100000000052e+02 2.775080900000000028e+01 9.717532633990168733e+01 2.583652597616580948e+01
1.114913899999999956e+02 3.495139999999999914e-01 1.104641443139892942e+02 7.018951164899217332e+00
1.032109099999999984e+02 2.851755299999999949e+01 1.105211890147217559e+02 2.842059466386160338e+01
1.009996199999999931e+02 1.849940000000000140e+01 9.842028233521320146e+01 8.426286696929386366e+00
1.124129599999999982e+02 1.817833299999999852e+01 1.064687129673548469e+02 3.094079300516889575e+01
1.239288300000000049e+02 7.131028999999999840e+00 1.363172114154601218e+02 3.170605238037826901e-01
1.190598499999999973e+02 3.034787000000000035e+01 1.299686190947548710e+02 1.966212663274010453e+01
1.051076350000000019e+02 1.200686299999999918e+01 1.033708226328338498e+02 1.032395073895367332e+01
1.054726639999999946e+02 1.292944400000000016e+01 1.145530095077289303e+02 3.472598999604427661e+01
1.100146940000000058e+02 1.474479000000000095e+00 1.378976151251787599e+02 4.362073206301403383e-01
1.003582999999999998e+02 2.007404500000000169e+01 1.211071955390305703e+02 2.191591750721215703e+01
1.117770399999999995e+02 2.602037199999999828e+01 1.002076559527230728e+02 5.041583588614654055e+00
9.321605999999999881e+01 1.888607999999999976e+01 9.613522369252623889e+01 2.214514356763817560e+01
1.349340400000000102e+02 1.608970000000000056e+01 1.160906657625010467e+02 5.411448703269226890e+00
1.078628099999999961e+02 2.795533599999999907e+01 1.262387964621287182e+02 3.186464133113007691e+01
1.372602699999999913e+02 1.470439299999999960e+01 1.139441649704394166e+02 2.263772665834829212e+01
1.362818499999999915e+02 1.441225500000000004e+01 1.136378432488056092e+02 1.950139796592003094e+01
1.275956950000000063e+02 1.332109900000000025e+01 1.129785147051508432e+02 2.837392259934582839e+01
1.205941300000000069e+02 1.647275499999999937e+01 1.243892936299997132e+02 2.925340149498642006e+01
1.050091199999999958e+02 1.068350299999999997e+01 9.977307551062510527e+01 1.741570648244131103e+00
1.057254400000000061e+02 1.247801699999999947e+01 1.190033763291434923e+02 3.244343163881274705e+01
1.247264200000000045e+02 3.881044000000000160e+00 1.043069793026697312e+02 9.610492100080584521e+00
1.216377800000000065e+02 1.520599999999999952e+01 9.249400224127404613e+01 3.008448443128717997e+01
1.196281400000000019e+02 1.788663000000000025e+01 9.597942608119193153e+01 1.142787198505758361e+01
1.316337000000000046e+02 1.536777499999999996e+01 1.174452954039080339e+02 2.601409236183151208e+01
1.118623300000000000e+02 1.493086300000000044e+01 1.065019877271476076e+02 2.312665297572776169e+00
1.239226299999999981e+02 1.168934499999999943e+01 1.181596779368586567e+02 2.421946249041468491e+01
1.241735800000000012e+02 1.073339700000000008e+01 1.203583016285586780e+02 8.313943455818604278e+00
1.161219250000000045e+02 1.121271899999999988e+01 1.241608819242873381e+02 2.260725929273123569e+01
1.175521399999999943e+02 2.093461999999999890e+01 1.130826343004368084e+02 2.998496387308861344e+01
1.047332300000000060e+02 2.698434299999999908e+01 1.064029959824787852e+02 3.428782584746455342e+01
1.262763199999999983e+02 1.215531000000000006e+01 1.298495512576754720e+02 4.694485084899834959e+00
1.286027200000000050e+02 8.726665000000000560e+00 1.117196329599288163e+02 1.363661749772884946e+01
9.837326000000000192e+01 3.410959199999999925e+01 1.232477554602682517e+02 1.173810146073814309e+01
1.282690399999999897e+02 1.507000900000000065e+01 1.301649974351140031e+02 2.158914618504817895e+01
9.403598999999999819e+01 1.528279200000000060e+01 1.042125709629093961e+02 1.267118958169027865e+00
1.208735300000000024e+02 1.530674199999999985e+01 1.127438024568846515e+02 1.335716707585441831e+01
1.168420299999999941e+02 1.809422899999999856e+01 1.283341683972838894e+02 7.734372464791951174e+00
