1.053297349999999994e+02 2.381371899999999897e+01 1.348277813905171456e+02 9.181126452400270921e+00
1.324789299999999912e+02 1.566821200000000047e+01 1.245876689000610327e+02 5.229556507392617348e+00
1.017679899999999975e+02 1.656687200000000004e+01 1.285779128360753703e+02 2.972043535438499973e+01
1.004711900000000071e+02 2.451955200000000090e+01 9.666643232929699536e+01 3.458925211330483762e+01
1.001482199999999949e+02 1.817409899999999823e+01 9.985898526864671965e+01 1.042495009889396584e+00
1.264931950000000001e+02 3.052376699999999943e+01 1.202428317973910339e+02 3.039123254960291831e+01
9.359354000000000440e+01 1.516930999999999941e+01 1.289735522781356565e+02 2.058636115548065249e+01
1.052644350000000060e+02 2.553204200000000057e+01 9.997225983314274345e+01 2.603436391657442073e+01
1.301593200000000081e+02 3.440213800000000077e+01 1.153732692272345162e+02 4.774229223748312378e+00
1.195463639999999970e+02 2.841035700000000119e+01 9.399522070958589381e+01 2.128484307224898231e-02
1.232039299999999997e+02 2.544616699999999909e+01 1.376039743041320094e+02 5.719199244898752532e+00
9.423632999999999527e+01 1.031035299999999921e+01 1.123107716528636217e+02 1.222065336977684602e+01
1.135725199999999973e+02 1.487359700000000018e+01 9.551229251170016710e+01 1.841262603948836585e+01
1.366617899999999963e+02 1.230031400000000019e+01 9.308818541655315926e+01 1.527425405541501036e+01
1.123588600000000071e+02 5.283899999999999708e-02 1.293709304091150329e+02 1.368126546401319210e+01
1.008354400000000055e+02 1.752425399999999911e+01 1.120087439124861390e+02 3.196473538267940384e+01
1.042477099999999979e+02 1.724228499999999897e+01 1.087332413650521232e+02 2.470550602437987919e+01
1.008170850000000058e+02 2.297933400000000148e+01 1.157404773618172271e+02 1.552836048675979441e+01
1.215274660000000040e+02 9.855489999999999640e+00 1.200923263892049135e+02 4.282481165883457841e+00
9.727756499999999562e+01 3.723578999999999972e+00 1.258263510070105724e+02 1.484114561969789303e+00
1.011866799999999955e+02 2.244153999999999982e+01 1.186816398344629704e+02 2.320219463631404722e+01
1.047877660000000049e+02 2.743140400000000056e+01 1.309824951463624814e+02 3.044110555324905487e+00
9.328924999999999557e+01 3.156033700000000053e+01 1.300446252960999232e+02 1.008903934849937833e+01
9.833840999999999610e+01 3.082450000000000045e+01 1.354837771150047843e+02 6.281802654828007704e+00
1.063184499999999986e+02 2.189414199999999866e+01 9.508832904459741542e+01 1.637974442706057232e+01
1.240067399999999935e+02 2.538657399999999953e+01 1.289475052826821866e+02 2.648397268464081122e+01
1.208735300000000024e+02 1.530674199999999985e+01 9.837050829720990919e+01 5.397933845437624001e+00
1.090422400000000067e+02 3.257660000000000000e-01 9.654383243778919166e+01 3.777046036433459708e+00
1.104067299999999960e+02 8.316698000000000590e+00 1.043150199162817842e+02 1.466935249247439188e+01
1.070030799999999971e+02 1.416487799999999986e+01 9.224771939515278518e+01 3.425984253121649914e+01
1.085017849999999981e+02 2.128969999999999985e+01 1.234958119063924755e+02 8.428726879281358109e+00
1.091882499999999965e+02 1.309954999999999981e+00 1.198680176417924201e+02 2.747083616585468491e+01
1.212077560000000034e+02 3.169395300000000049e+01 1.125553757156446437e+02 3.449302911157194984e+01
1.081180899999999951e+02 3.227875000000000227e+01 1.359709070852481432e+02 3.276392233716560742e+00
1.211230850000000032e+02 1.021513700000000036e+01 1.103787706201116947e+02 9.875574128724040612e-01
1.130678500000000071e+02 1.070391300000000001e+01 1.181391204597152154e+02 3.132325267834049143e+01
1.045286559999999980e+02 2.332880600000000015e+01 1.136044174188209013e+02 9.976937620175986510e+00
9.848784999999999457e+01 2.775841000000000136e+01 1.100662984370965489e+02 3.010423838395504248e+01
1.151589299999999980e+02 1.951465999999999923e+01 9.580751854687703428e+01 2.248614315949504316e+01
1.210324499999999972e+02 1.877111599999999925e+01 9.725708167118730785e+01 1.097189113374720115e+01
1.075895799999999980e+02 1.972467400000000026e+01 9.925149990578051984e+01 1.226356815806866862e+01
9.869783999999999935e+01 2.488554600000000150e+01 1.330288361046796126e+02 3.498405809844671666e+01
1.241735800000000012e+02 1.073339700000000008e+01 1.062561308878136543e+02 2.771100084941514297e+01
1.200400099999999952e+02 2.610586400000000040e+01 1.146031189905921508e+02 1.832688651214209230e+01
1.192039699999999982e+02 8.441069999999999851e+00 1.356019311388546669e+02 1.874047783961380631e+01
1.305003800000000069e+02 6.941775999999999947e+00 1.096169834254253885e+02 3.337738677494306216e+01
1.272462900000000019e+02 1.223733999999999966e+01 1.289971844267860774e+02 8.556554846629808253e+00
1.233091349999999977e+02 7.443515999999999799e+00 9.278736771185927523e+01 1.897289217436958353e+01
9.940874999999999773e+01 1.305378200000000000e+01 1.285172454684889374e+02 7.450415816796324142e-01
1.325039999999999907e+02 4.645293999999999812e+00 1.182517065463710964e+02 1.603212849004098661e+00
1.357525300000000072e+02 3.087321499999999830e+01 1.020701835983333439e+02 2.666499452395219549e+01
1.146143200000000064e+02 2.004928200000000160e+01 1.311588092077922454e+02 3.356898770112040609e+01
1.248270700000000062e+02 4.432827999999999768e+00 1.225067548384461986e+02 8.824055854251607656e+00
1.045930900000000037e+02 2.917896000000000001e+01 1.350493452493489599e+02 2.708584466357331877e+01
1.033774300000000039e+02 2.454024499999999875e+01 1.263376044199919477e+02 2.798318272745025581e+01
1.106496700000000004e+02 2.569693600000000089e+01 1.160816898971541775e+02 1.935160461672430898e+01
1.009996199999999931e+02 1.849940000000000140e+01 1.271921572882724121e+02 3.345240466401298818e+01
1.279676800000000014e+02 9.560188000000000130e+00 1.069320578057636908e+02 1.352069349657580588e+01
1.159798799999999943e+02 1.298919800000000002e+01 1.237697987353333389e+02 3.455980167656215229e+01
1.224305650000000014e+02 1.482882700000000042e+01 1.168487054516636334e+02 3.351466974406036314e+01
1.020971899999999977e+02 2.676877800000000107e+01 9.555479720208376193e+01 6.162362880334574911e+00
1.077314800000000048e+02 2.793261299999999991e+01 1.048387709625177280e+02 3.273374519129299642e+01
1.073996900000000068e+02 2.886654499999999857e+01 1.086583841428501813e+02 1.187886518358996568e+01
1.013447299999999984e+02 1.738253800000000027e+01 1.062639866190220630e+02 9.719200581621509016e+00
1.087185099999999949e+02 1.082315200000000033e+01 1.259602780778165823e+02 3.364271393055233261e+01
1.317522700000000100e+02 7.439243000000000272e+00 1.142736362535578110e+02 3.058975415911415308e+00
1.145718600000000009e+02 2.732242199999999954e+01 9.371698713307550577e+01 1.418026506776632445e+00
9.612255000000000393e+01 3.490480999999999767e+01 1.340927387480553818e+02 1.697954989318813190e+01
1.356619699999999966e+02 1.893849600000000066e+01 9.378500942313844746e+01 2.876997712489956882e+01
1.187546099999999996e+02 1.839382399999999862e+01 1.359307371583362283e+02 3.330268565529858904e+01
1.183520900000000040e+02 1.158915299999999959e+01 1.020979271412575287e+02 8.556227063278530665e+00
1.011475200000000001e+02 2.924591300000000160e+01 1.013746312438524484e+02 3.764425326801715155e+00
1.038021240000000063e+02 2.390075699999999870e+01 1.060955502013643041e+02 2.378389310041922045e+01
1.358911999999999978e+02 3.048414999999999875e+00 1.173177458449015518e+02 2.769636441361125190e+00
1.305723099999999874e+02 3.448748799999999903e+01 1.239886652300637024e+02 1.470391865408819498e+01
1.088684839999999951e+02 1.869618999999999920e+00 1.283450830637189597e+02 3.200258707010342363e+01
1.275640800000000041e+02 1.488677000000000028e+01 9.809366331519579774e+01 2.039458698502017597e+01
1.028493699999999933e+02 2.885465800000000058e+01 1.192932343328774749e+02 2.570111298795607979e+01
1.217125499999999931e+02 1.215416100000000021e+01 1.118250872603485959e+02 2.847651808753269975e+01
1.132035199999999975e+02 2.151783400000000057e+01 9.827290213443170330e+01 1.099175632798387170e+01
1.211231700000000018e+02 5.250886000000000386e+00 9.369299590002668765e+01 2.979858935182258506e+01
1.239107999999999947e+02 6.146923000000000137e+00 1.152487492725005325e+02 3.067610854057859626e+01
1.182972699999999975e+02 1.483025899999999986e+01 1.090252577566483581e+02 4.849200088947706710e+00
1.161219250000000045e+02 1.121271899999999988e+01 1.031812673953163113e+02 1.631914042346831195e+01
1.195968249999999955e+02 1.992211299999999952e+01 1.144913892680440597e+02 1.998607384876632054e+01
1.218052749999999946e+02 2.584820000000000118e+00 1.356433185798363752e+02 1.812752476269901081e+01
1.321534699999999987e+02 7.309249999999999581e+00 1.361173685377773381e+02 1.004894611199850374e+01
1.060215299999999985e+02 3.060406000000000049e+01 1.372722421747585031e+02 2.468884619759533905e+01
1.328190899999999885e+02 1.732873199999999869e+01 9.411984456777346963e+01 1.483011998311600266e+01
1.344861300000000028e+02 1.449819800000000036e+01 1.226649070211148711e+02 2.765539295972109102e+01
1.314515000000000100e+02 1.002607700000000079e+01 1.131607944641036596e+02 4.003249345244211277e+00
1.101622600000000034e+02 1.989431400000000139e+01 1.231750260606420113e+02 2.808676906514629934e+01
1.310166999999999859e+02 1.584964599999999990e+01 9.993060089699937976e+01 3.018990796506510677e+01
1.064599699999999984e+02 1.460681199999999968e+01 1.028380164461876944e+02 2.558498377123832768e+01
1.083074799999999982e+02 1.009775699999999965e+01 1.152515451467957917e+02 1.539515781751073931e+01
9.639709999999999468e+01 2.889318000000000097e+01 9.901011514344193643e+01 3.200192394943868202e-01
9.546621000000000379e+01 1.610011700000000090e+01 1.147967897861029485e+02 8.785089181050812712e+00
1.008948800000000006e+02 1.652329800000000048e+01 1.070688489910928354e+02 1.786330389186386469e+01
1.252029399999999981e+02 8.083719000000000321e+00 9.351210542275724436e+01 1.616638282329734011e+01
1.155710700000000060e+02 2.116927000000000092e+01 1.112413893211950295e+02 1.857372677230411995e+01
1.010012799999999942e+02 3.239532499999999970e+01 1.229079047552345827e+02 2.023642571565981285e+01
1.055517300000000063e+02 2.252885200000000054e+01 1.189561343441123853e+02 1.281370702939353201e+01
1.030357699999999994e+02 2.493956400000000073e+01 1.319772928886279999e+02 7.087648372194077062e+00
1.085890660000000025e+02 5.622329999999999828e-01 1.353410910906899005e+02 3.434057843033694013e+01
1.055051500000000004e+02 2.869513999999999854e+01 1.033628679356524174e+02 1.999911946570009746e+01
1.189017699999999991e+02 2.030833000000000155e+01 1.022605307496026654e+02 9.761256531482809251e-01
1.218649499999999932e+02 3.051391999999999882e+01 1.201086640232282292e+02 1.417803125757590443e+01
1.026683040000000062e+02 3.145880100000000112e+01 1.159405855249934376e+02 1.281506459681363630e+01
9.425270999999999333e+01 2.257174099999999939e+01 1.321709239913443810e+02 7.158134971702343918e+00
1.188802900000000022e+02 7.100107000000000390e+00 1.315490995831772238e+02 4.163743208511884397e+00
1.147472199999999987e+02 3.243150700000000342e+01 1.059773116517991554e+02 6.377680484917607195e+00
1.134188099999999935e+02 1.023753300000000088e+01 1.070208367534999923e+02 2.804342034059976285e+01
1.133417740000000009e+02 1.599369000000000085e+01 1.376436291504854239e+02 7.916681839717790048e+00
1.257716139999999996e+02 1.154715299999999978e+01 9.658817255343957697e+01 3.193980117032156940e+01
1.298913300000000106e+02 2.633386999999999922e+00 9.252817385328430078e+01 9.106736220547567484e+00
1.331978300000000104e+02 1.207540099999999939e+01 1.118164428976436824e+02 9.294967984783253367e-01
9.515203999999999951e+01 1.569428800000000024e+01 9.235229384387662321e+01 7.911928671810027680e+00
9.838697999999999411e+01 2.572221800000000158e+01 1.335108735185610840e+02 7.731817383325792825e+00
1.367545299999999884e+02 1.483705600000000047e+01 1.121814606103385330e+02 1.525141822529652913e+01
1.318405300000000011e+02 1.077468200000000031e+01 9.814018049964251134e+01 2.985283518914477341e+01
1.105762799999999970e+02 1.713849599999999995e+01 1.198317342594028503e+02 3.181801105114515948e+01
1.134364199999999983e+02 3.037878600000000162e+01 1.248842278492828655e+02 1.826408494496059021e+01
1.232360460000000018e+02 2.468323699999999832e+01 9.950936182955899767e+01 2.121661590099208894e+01
1.165654899999999969e+02 2.752542100000000147e+01 1.152488898831097970e+02 2.403477468153691632e+01
1.039407649999999990e+02 1.002263800000000060e+01 1.136328716136361834e+02 3.174861953009354565e+01
1.298188600000000008e+02 9.076064999999999827e+00 1.193015554608932121e+02 3.138033257559095013e+00
9.319089999999999918e+01 1.835962900000000175e+01 1.061324840794011095e+02 9.994302291051228693e+00
1.117416840000000064e+02 2.507232999999999823e+00 1.184827954501427456e+02 1.359873742898063753e+01
1.081554900000000004e+02 3.279561199999999843e+01 1.136038750493915188e+02 1.352689317332581709e+01
1.202836599999999976e+02 1.236480500000000049e+01 1.320875805925238353e+02 2.114477523574735329e+01
1.026750949999999989e+02 3.487172699999999992e+01 9.544327168135266959e+01 1.074534547271936624e+01
1.102496799999999979e+02 2.905307200000000023e+01 1.243437262858170698e+02 6.110581023148412783e+00
9.897588000000000363e+01 1.434022700000000050e+01 1.254833160875806612e+02 1.378405135195829523e+01
9.678136000000000649e+01 1.699195500000000081e+01 1.232970758514409511e+02 8.574057133062003899e+00
1.250700149999999979e+02 1.553383900000000040e+01 1.227651216026320924e+02 1.896347745372792915e+01
1.074369499999999960e+02 2.925465799999999916e+01 1.019977182973146341e+02 1.766399098074447238e+01
1.110467699999999951e+02 3.238026399999999683e+01 1.344567020806246092e+02 9.309063480480176622e+00
9.325641000000000247e+01 2.074531999999999954e+01 1.140183697274206054e+02 1.457955450678560894e+01
1.274442599999999999e+02 1.363063600000000086e+01 1.131316693150301944e+02 6.715821661820653432e+00
9.321605999999999881e+01 1.888607999999999976e+01 1.218290334973428912e+02 2.757254928018003426e+01
1.128938299999999941e+02 1.716561099999999840e+01 1.277615915055332465e+02 1.756402771399195473e+01
1.015857799999999997e+02 1.553561999999999976e+01 1.349345885168721395e+02 3.250233870415309667e+01
9.987552999999999770e+01 8.232086999999999932e+00 1.206300013269069495e+02 2.913844157559353576e+01
1.015794000000000068e+02 7.872015000000000207e+00 1.296297644825637576e+02 5.362579829194038084e+00
1.282913200000000131e+02 3.539490000000000136e-01 1.337515987299142921e+02 2.079844315633619800e+01
1.032475400000000008e+02 1.298222999999999949e+01 1.147144133551948073e+02 8.622503680809977311e+00
1.226557159999999982e+02 2.243978999999999946e+00 9.537329751681292578e+01 3.477297860162953214e+01
1.255558699999999988e+02 4.544313999999999965e+00 1.296140156881234873e+02 3.179975326020133863e+01
1.242767939999999953e+02 1.730797799999999853e+01 1.051214200973176958e+02 7.436545270434857802e-02
9.283028000000000191e+01 1.701686099999999868e+01 1.268773859041269532e+02 2.758683210561254739e+01
1.198241399999999999e+02 4.847177000000000291e+00 1.276037129477487895e+02 1.261701138097474306e+01
1.167539400000000001e+02 1.200967200000000012e+01 1.202817732635560475e+02 9.376867114082767074e+00
1.044513100000000065e+02 2.886278000000000077e+01 1.036462342628662014e+02 1.586182686679969223e+01
1.066953900000000033e+02 1.603808599999999984e+01 1.023453641576043509e+02 5.879651349588993492e-01
1.185020800000000065e+02 3.043984199999999873e+01 1.252584003038276137e+02 2.308939088932333306e+01
1.305616899999999987e+02 5.040212999999999610e+00 1.359861578686421240e+02 3.331431753656729455e+01
1.004608149999999966e+02 1.180514800000000086e+01 1.293942303170326511e+02 2.653458205656036384e+01
1.190377660000000049e+02 3.042971800000000115e+01 1.043300492424167345e+02 2.488468190069942665e+01
1.219349399999999974e+02 1.171463199999999993e+01 9.354394027429459868e+01 5.446443439928930985e+00
1.372800799999999981e+02 2.309875100000000003e+01 1.025340252068736788e+02 2.047549580427315519e+01
1.371154999999999973e+02 4.333319999999999950e-01 1.249401343870028995e+02 2.227556821467069526e+01
1.242736299999999972e+02 6.831006000000000355e+00 1.341143867424459302e+02 3.429226413966395626e+01
1.045020300000000049e+02 3.012155500000000075e+01 9.789535902580668392e+01 2.933368646266785262e+01
1.325828700000000140e+02 1.295411700000000010e+01 1.312608025236925187e+02 1.730375216412761219e+01
1.226827100000000002e+02 4.561821000000000126e+00 1.138293351643466025e+02 2.632818768632807149e+01
1.141692800000000005e+02 1.235545300000000069e+01 9.287640722378654345e+01 2.927172420791318430e+01
1.235410839999999979e+02 6.541074000000000055e+00 1.142834895101223509e+02 3.012855355837248084e+01
9.836787400000000048e+01 1.882612400000000008e+01 1.303040842092050866e+02 6.646114252408835910e+00
1.296366999999999905e+02 1.288157499999999978e+01 1.222680968648087401e+02 7.812542599381322006e+00
9.978853999999999758e+01 2.921312999999999960e+01 9.735610845107625266e+01 6.829453799419243909e-01
1.148470839999999953e+02 1.232656199999999913e+01 1.358309414470034255e+02 9.776133996149459549e+00
1.173642499999999984e+02 1.925955000000000084e+01 9.617283875747507693e+01 9.700099634984892916e+00
1.336111899999999935e+02 1.554583700000000057e+01 1.298370172867882388e+02 1.802680389897297886e+01
1.133171600000000012e+02 1.842608800000000002e+01 1.181379060873815519e+02 3.471560742475914729e+00
1.272999200000000002e+02 3.150138899999999964e+01 9.966156894054434190e+01 2.562535818822527389e+01
1.082233399999999932e+02 1.948895999999999873e+01 1.010653774221992762e+02 2.213644355599532076e+01
1.149821199999999948e+02 1.282922100000000043e+01 1.256359246036491299e+02 5.862328519935935844e+00
1.165767299999999977e+02 1.286235699999999937e+01 9.265278956900033336e+01 5.900419721119883221e+00
1.241904750000000064e+02 6.973640999999999757e+00 1.336214253105010528e+02 3.025526915825948038e+01
1.038073299999999932e+02 4.714067000000000007e+00 1.376898870731092757e+02 1.885460146589251451e+01
1.183045350000000013e+02 1.970592500000000058e+01 1.040677666308479985e+02 1.284310177112609708e+01
1.075842059999999947e+02 1.186463999999999963e+01 1.249703537021542559e+02 3.479376028476254845e+01
1.000717899999999929e+02 3.462064399999999864e+01 9.912195589885614311e+01 1.526899232062825895e+01
1.146491199999999964e+02 2.055787799999999876e+01 1.355098754257823828e+02 2.003810356453286445e+01
1.065502599999999944e+02 6.022739999999999760e+00 1.137840468833164493e+02 3.002337753408750842e+01
1.118623300000000000e+02 1.493086300000000044e+01 1.283767743619869179e+02 1.587001003349169181e+01
1.068052100000000024e+02 1.683014100000000113e+01 9.487136685482890641e+01 2.551242307172321944e+01
1.303266000000000133e+02 5.151488999999999763e+00 9.639280308743805392e+01 1.741105493369798296e+01
1.332452999999999861e+02 2.728622999999999799e+00 1.200428114499227092e+02 3.180532523453490512e+01
1.016832100000000025e+02 1.628771199999999908e+01 1.009683156524419019e+02 1.624873216660886399e+01
1.005312500000000000e+02 2.588437800000000166e+01 1.278806128586715687e+02 1.947926477774577236e+01
9.702769499999999425e+01 1.544913900000000062e+01 1.366922671288043318e+02 2.171324694326712645e+01
1.168420299999999941e+02 1.809422899999999856e+01 1.052633371065020498e+02 3.255780090808674032e+01
1.174418639999999954e+02 1.991549499999999995e+01 1.235554762304841034e+02 1.797646594712943369e+01
1.236726299999999981e+02 5.878521000000000107e+00 1.249549947415057147e+02 3.421222030771399147e+01
1.237956499999999949e+02 7.412607999999999642e+00 1.338283211577860357e+02 1.445568273469739751e+01
9.569082000000000221e+01 2.712815700000000163e+01 1.249340339539852351e+02 2.219426517846251201e+01
1.211260759999999976e+02 1.171536500000000025e+01 1.137082214400740838e+02 2.592350866053570968e+01
1.284304700000000139e+02 1.899298699999999940e+01 9.259072113216419098e+01 8.407139620254952206e+00
1.059936749999999961e+02 5.508810999999999680e+00 1.161969445517779036e+02 2.522326070944612297e+01
1.199598000000000013e+02 6.656712999999999880e+00 9.820692619269858881e+01 2.300617495174072857e+01
1.275943299999999994e+02 9.779089000000000809e+00 1.087975454359737029e+02 1.305334074146908030e+01
1.377720300000000009e+02 1.174125100000000010e+01 1.051263635630340900e+02 2.813566217717364371e+00
1.343265800000000070e+02 3.472433000000000192e+01 1.092874067843374917e+02 1.626276403691849737e+01
1.186330399999999941e+02 1.129537400000000069e+01 1.203378999532957039e+02 1.209688462196413461e+01
1.117835000000000036e+02 4.146894999999999776e+00 1.329284340857075222e+02 2.176321136102006193e+01
1.081673300000000069e+02 3.137665000000000148e+01 9.876838979885124559e+01 3.248008780013193331e+01
1.268699649999999934e+02 1.922492000000000090e+01 1.060456465643251107e+02 9.820841642694894347e+00
1.253882700000000057e+02 1.252098200000000006e+01 1.322515271264661578e+02 2.375525591877220322e+01
1.031737439999999992e+02 5.745917000000000385e+00 1.070631044598692512e+02 2.584281112040693174e+01
1.207382000000000062e+02 1.915753600000000034e+01 9.433008093967244179e+01 1.644697066629871784e+01
9.423469500000000210e+01 8.636367999999999157e+00 1.065470451062892749e+02 1.024511650373532845e+01
1.268019900000000035e+02 6.239142000000000188e+00 1.018627632347923395e+02 2.368087626221993602e+01
1.139231400000000036e+02 3.106367300000000142e+01 1.351360007048872092e+02 1.494600806980793450e+01
1.040049199999999985e+02 2.438359600000000071e+01 1.211345087648777792e+02 1.917789332985889317e+01
1.094043350000000032e+02 2.911429400000000101e+01 1.112511926529345061e+02 1.844102195797410193e+00
1.149824200000000047e+02 3.944373000000000129e+00 1.149988747917082037e+02 3.283418009908328372e+01
1.053874359999999939e+02 2.219917999999999836e+01 1.374384374458643947e+02 1.020394577862725782e+01
1.273446660000000037e+02 1.365026600000000023e+01 1.323807352322487247e+02 1.654261004192449391e+01
1.006839099999999974e+02 4.718844999999999956e+00 1.115145671499351181e+02 3.437035151657387644e+01
1.156589100000000059e+02 2.078124199999999888e+01 1.270812259064481680e+02 9.131615358450131836e+00
1.088041099999999943e+02 2.617378799999999828e+01 1.020395823786718239e+02 2.324181931005901802e+01
1.151021999999999963e+02 2.461723999999999890e+01 1.164302575222756388e+02 6.729628633362963797e+00
1.088499999999999943e+02 2.839095999999999975e+01 1.112046057611636485e+02 3.219997934856360189e+01
1.292459900000000061e+02 4.137847999999999971e+00 1.173619632940863369e+02 9.312702541265897693e+00
1.136585500000000053e+02 2.298645199999999988e+01 1.137484619279678668e+02 3.371692739527779992e+01
1.066250150000000048e+02 2.543620000000000214e+00 9.988178056188078813e+01 1.495042587232136100e+01
1.174997939999999943e+02 1.471192300000000053e+01 1.074778689422903284e+02 1.463900826265649968e+01
1.081945400000000035e+02 1.628570200000000057e+01 1.021596838010072616e+02 2.950107548485486220e+01
1.106924300000000017e+02 8.721729999999999761e-01 1.175634691754362109e+02 2.852529554558850933e+01
1.215382000000000033e+02 6.101842000000000432e+00 1.348119731857142938e+02 1.338469813742401548e+01
1.205864299999999929e+02 8.516370000000000218e+00 1.330045639240107391e+02 2.419266256066669030e+01
1.135055600000000027e+02 1.730492999999999881e+01 1.002106760137070864e+02 1.665618634453730706e+01
1.212039639999999991e+02 1.003314899999999987e+01 9.299864961120169937e+01 3.302679364846797228e+01
1.081139600000000058e+02 1.882120300000000057e+01 1.009208942481452880e+02 2.854391250417005210e+01
1.146455700000000064e+02 2.811013399999999862e+01 1.358412376605083125e+02 3.773621331664145373e-03
1.281656299999999931e+02 6.427754000000000190e+00 9.971260897270281021e+01 2.725964768937688687e-01
1.062813639999999964e+02 9.905939000000000050e+00 1.108450028405991645e+02 2.210698170642660898e+01
1.069821239999999989e+02 1.260053199999999940e+01 1.130116256217476831e+02 3.159820121220690581e+01
1.119810260000000000e+02 2.986763200000000040e+01 9.838585634215128550e+01 2.240707160217651506e+01
1.269034099999999938e+02 1.216027200000000086e+01 1.109849208290157492e+02 2.531577353870057223e+01
1.068477500000000049e+02 3.346115999999999957e+01 1.078353701104731499e+02 2.208580771120365682e+01
1.262960360000000009e+02 2.761617000000000033e+01 1.310333122885966191e+02 3.001342411255795994e+01
1.092677800000000019e+02 3.181741999999999848e+00 1.198335429674004757e+02 2.102529099574728733e+01
1.290396100000000104e+02 2.231170000000000098e-01 1.002871314238701501e+02 8.183420724271806002e-01
1.308280000000000030e+02 1.675008999999999970e+00 1.192133054332083333e+02 1.954746102750946690e+01
1.078730850000000032e+02 3.194168000000000163e+01 1.136047878465740979e+02 2.682590825670035883e+01
1.006261599999999987e+02 2.471593500000000176e+01 9.807550449866216979e+01 2.249702144775737267e+01
1.164659599999999955e+02 1.853562499999999957e+01 1.000695853431672191e+02 8.680852666987458832e+00
1.034781339999999972e+02 1.418773999999999980e+01 9.389315095742944095e+01 2.949205692038337379e+00
1.170889999999999986e+02 9.770903999999999812e+00 1.289131935949432943e+02 8.744072140531319093e+00
1.062773360000000054e+02 3.356752000000000180e+01 9.615057826005502761e+01 1.084589042840024931e+01
1.272875200000000007e+02 3.735890000000000044e-01 1.299430508010105143e+02 1.615194168417015685e+00
1.072628899999999987e+02 2.054226099999999988e+01 1.160128169992305516e+02 3.062758441624583661e+00
9.953991000000000611e+01 1.765159200000000084e+01 9.519109983157417787e+01 2.766454089595742261e+01
1.015461399999999941e+02 1.266830999999999996e+01 1.244586806745110010e+02 7.312492370498483218e+00
1.104587499999999949e+02 2.348718999999999824e+01 1.121804518568212643e+02 1.265219057695869864e+01
1.286662800000000004e+02 5.189660000000000384e-01 1.373087194963700881e+02 2.289797721834244726e+01
1.227520700000000033e+02 1.170782999999999907e+00 1.018366733719107913e+02 1.371511741186697364e+01
1.014491600000000062e+02 2.277094299999999905e+01 9.441705813106716505e+01 7.829061290384746741e+00
1.332002899999999954e+02 1.412760000000000127e-01 9.510379625327608721e+01 2.192139349850903685e+01
1.057254400000000061e+02 1.247801699999999947e+01 1.143972734068699850e+02 2.951705915981389694e+01
1.251505659999999978e+02 9.431043000000000731e+00 1.324484673086514022e+02 2.588569873618111217e+01
1.287667099999999891e+02 1.207068300000000072e+01 9.753186225278874133e+01 2.014877059265296921e+01
1.117843550000000050e+02 3.318811999999999784e+01 1.276060006151106165e+02 1.199604147567193690e+00
1.190598499999999973e+02 3.034787000000000035e+01 1.214727388171319831e+02 3.077296985721454448e+01
1.078628099999999961e+02 2.795533599999999907e+01 1.005155152880678315e+02 2.690199824248503191e+01
1.090090940000000046e+02 2.143956000000000195e+00 1.126200339872606833e+02 2.191988599174454677e+01
1.001120700000000028e+02 3.238637500000000102e+01 1.319056679070642133e+02 1.385161871288553037e+01
1.083531200000000041e+02 1.792666600000000088e+01 1.300698845151327134e+02 2.160190505063907906e+01
1.262777600000000007e+02 1.555640400000000056e+01 1.094615855656764154e+02 2.519742014228206273e+01
1.219842399999999998e+02 1.118587100000000056e+01 9.288700344738938952e+01 1.013051597446088081e+01
9.823951999999999884e+01 1.669737599999999844e+01 1.169215322009657143e+02 2.961314245568280512e+01
1.208825700000000012e+02 1.676954800000000034e+01 1.053432557796126190e+02 1.030650591815021500e+01
1.262143800000000056e+02 1.201316999999999968e+00 9.361002281572395134e+01 1.428426669268483273e+01
1.065756499999999960e+02 1.578832599999999964e+01 1.301848452900685515e+02 8.851137201302801572e+00
1.209633500000000055e+02 3.282480600000000237e+01 9.809345577672199568e+01 1.207771077804034832e+01
1.009080399999999997e+02 2.003603999999999985e+01 9.658562246210512114e+01 1.016109195386844810e+01
1.221287399999999934e+02 7.625099999999999767e+00 1.177441985976639387e+02 2.833639202294758874e+01
9.363790000000000191e+01 1.419008299999999956e+01 1.250934430091105298e+02 2.102993831182797280e+01
1.051076350000000019e+02 1.200686299999999918e+01 1.140919201970217358e+02 3.042414569454689754e+01
1.148343050000000005e+02 2.582363300000000095e+01 1.109838894142637571e+02 2.789557625712140876e+01
1.378613000000000000e+02 1.162365699999999968e+01 1.170385744455860788e+02 7.180232124489389633e+00
1.073838200000000001e+02 2.117361000000000004e+01 1.008598391271040100e+02 1.741393105844925770e+01
1.212147099999999966e+02 1.824274799999999885e+01 9.282868578184533703e+01 4.061363540537358041e+00
9.806082999999999572e+01 1.700191900000000089e+01 1.226828334406621366e+02 9.290482143845629537e+00
9.592883000000000493e+01 2.637040999999999968e+01 1.199721002617628045e+02 2.335374503780014876e+00
1.086584299999999956e+02 1.116496899999999926e+01 1.366302443858104425e+02 5.116612189514992082e+00
1.176570099999999996e+02 2.176196300000000150e+01 1.288584873702031075e+02 2.636583680823486375e+01
1.174917099999999976e+02 2.498683400000000177e+01 1.216402722133972816e+02 5.557898556535866064e+00
1.023442150000000055e+02 1.525748100000000029e+01 1.339769905975335860e+02 2.716636522092005279e+01
1.040978850000000051e+02 1.695514100000000113e+01 1.146093452831929369e+02 1.748784400724717258e+01
9.922207000000000221e+01 4.366456999999999589e+00 9.902715654905725273e+01 2.080386817323491044e+01
1.066784899999999965e+02 8.027340000000000586e+00 9.330218704819867526e+01 8.000111229219378117e+00
1.121307599999999951e+02 2.552255800000000008e+01 1.329807936548577914e+02 1.147526846602762163e+01
1.286689599999999984e+02 1.164122899999999916e+01 1.352404538149657469e+02 3.210587681094137391e+00
1.344432400000000030e+02 7.931499999999999773e+00 1.192645675110951373e+02 2.166221449691204981e+01
1.136618399999999980e+02 2.985846499999999892e+01 1.211439604060461761e+02 5.829362813541271393e+00
1.108996999999999957e+02 3.483259000000000327e+01 9.441480360347354406e+01 3.156015790172009616e+01
1.101610500000000030e+02 1.556163899999999956e+01 1.278436150579877619e+02 4.137745275396635058e+00
1.117770399999999995e+02 2.602037199999999828e+01 1.128750561238759076e+02 2.520768351723000222e+01
1.282690399999999897e+02 1.507000900000000065e+01 1.223728019524235435e+02 1.559788100747721451e+01
1.246245700000000056e+02 1.591313000000000066e+01 1.168797642068816316e+02 2.576841377149992951e+01
1.376202000000000112e+02 4.332929999999999837e-01 1.053699466928037793e+02 3.204753767428662314e+01
1.114736800000000017e+02 2.004428000000000054e+01 9.621520984064160587e+01 3.435835859016601290e+01
1.211334899999999948e+02 2.106164700000000067e+01 1.009715776738782154e+02 2.658080048456252698e+01
1.263477249999999970e+02 1.183359199999999944e+01 9.309270989926488937e+01 8.949012487506889713e+00
1.091274599999999992e+02 2.936315300000000050e+01 1.191776241939944754e+02 5.711729544449143603e+00
1.176738359999999943e+02 1.385884099999999997e+01 1.101693146421254994e+02 1.244070974347638581e+00
1.007646940000000058e+02 2.517087599999999981e+01 9.455725991344176862e+01 1.199498987197504896e+01
1.153960299999999961e+02 3.187136999999999887e+01 9.279852408804997310e+01 1.288941102500037772e+01
1.222233659999999986e+02 2.248752000000000084e+00 1.097128983767637180e+02 3.838972541191759902e+00
1.025355399999999975e+02 3.082849900000000076e+01 1.345171283450072224e+02 5.761976009998628356e+00
1.302130600000000129e+02 1.211599499999999985e+01 1.156106767427294670e+02 3.329283720004085012e+01
1.355079499999999939e+02 1.208543799999999990e+01 1.073363900990939044e+02 2.460603986901642770e+01
1.376754999999999995e+02 1.454145600000000016e+01 9.625565115858930199e+01 8.702826010059492745e+00
1.353658100000000104e+02 1.056605300000000014e+01 9.761679634303847308e+01 1.091891284471774881e+01
1.038123300000000029e+02 1.618331999999999837e+01 9.326534072650873952e+01 1.018436680334282407e+01
1.125811400000000049e+02 1.467424100000000031e+01 9.919277950071017358e+01 2.472382937676004389e+01
1.349417400000000100e+02 3.249795499999999748e+01 1.159517697576002888e+02 1.540630194927141439e+01
1.094291599999999960e+02 1.452085000000000070e+00 1.139151918174062672e+02 1.313636716448310793e+01
1.294545999999999992e+02 9.188390999999999309e+00 1.080956492954405519e+02 2.785190013107620643e+01
1.174641299999999973e+02 1.372731300000000054e+01 1.015935378985848843e+02 1.938169463327397324e+01
1.121061799999999948e+02 1.889255100000000098e+01 9.969829443271012792e+01 3.285335439043836203e+01
1.054755250000000046e+02 9.531067999999999429e+00 1.245065762543574976e+02 2.360634869461330609e+00
1.205011700000000019e+02 1.523211200000000076e+01 1.082929219429791630e+02 1.889052516054212916e+01
1.244378499999999974e+02 2.619258100000000056e+01 1.337775715292416692e+02 2.284708289067285492e+01
1.164053499999999985e+02 1.685597999999999885e+01 1.049319464182638058e+02 1.328988117410526648e+01
1.239226299999999981e+02 1.168934499999999943e+01 1.297028811324004778e+02 8.034694003167720311e+00
1.325071299999999894e+02 3.182958000000000176e+00 1.374078719955101349e+02 2.777455205871387989e+01
1.346411899999999946e+02 1.026627900000000082e+01 1.183549531620008537e+02 3.403808581215252360e+01
1.052188600000000065e+02 4.245258999999999894e+00 9.360136328159912011e+01 1.569172588693928994e+01
1.099410100000000057e+02 2.527390700000000123e+01 1.318058475092653907e+02 1.468323269090158689e+01
1.180764159999999947e+02 1.789309899999999942e+01 1.061591213801087150e+02 1.830517812296263713e+01
1.114913899999999956e+02 3.495139999999999914e-01 1.279514930743293917e+02 4.544066040365176917e+00
1.216335140000000052e+02 1.368565999999999949e+00 1.186777899629489212e+02 3.436954729707322542e+01
1.078898599999999988e+02 1.824183700000000030e+01 1.361985073836199263e+02 1.950603345723794790e-01
1.092301300000000026e+02 1.388265000000000082e+00 1.232862003531249400e+02 3.161943897111067159e+01
1.301203199999999924e+02 9.073128999999999778e+00 1.036633650329177243e+02 2.282281128970253192e+01
1.304119399999999871e+02 1.130974800000000080e+01 1.282634633058636382e+02 7.957622559396021700e+00
1.330253999999999905e+02 1.143711000000000055e+01 1.029545517266855228e+02 3.363470016127886453e+01
1.317752499999999998e+02 1.714565800000000095e+01 1.180538714097603901e+02 3.300673711614070527e+01
9.672302000000000533e+01 1.161534400000000034e+01 1.356864027107771449e+02 3.038155633046682347e+00
1.009766800000000018e+02 1.603761899999999940e+01 9.960909880961986573e+01 2.623243970675879666e+01
1.229188999999999936e+02 4.614900000000000252e-02 9.826454404723025959e+01 2.956491492388193976e+00
1.020150399999999991e+02 1.459681100000000065e+01 1.266069332939381411e+02 2.699765481022756930e+01
1.198410400000000067e+02 1.864373600000000053e+01 1.290877555591229680e+02 1.512969079660069127e+01
1.199593700000000069e+02 2.753562700000000163e+01 1.142254254838713194e+02 2.715379989875629008e+01
1.311990399999999966e+02 2.885759999999999881e+00 9.934385518322842756e+01 1.934111114646618645e+01
9.914275999999999556e+01 6.968159999999999910e-01 9.551076316787118969e+01 1.806891645551084125e+01
1.042143250000000023e+02 3.424630400000000208e+01 1.055664991865400140e+02 2.868161881329555385e+01
1.311417199999999923e+02 4.451149000000000022e+00 1.164956673285536226e+02 8.625604456038210799e+00
1.075261500000000012e+02 6.490721999999999881e+00 1.181144042031686894e+02 2.449506026463114949e+01
1.057155460000000033e+02 7.953406000000000198e+00 1.204239856515177820e+02 2.979277744195048783e+01
9.882135999999999854e+01 3.069462800000000158e+01 1.341679100613921491e+02 1.598725889526387611e+01
9.343214000000000397e+01 1.265039200000000008e+01 1.015113260663917885e+02 1.722425603297412167e+01
1.283420600000000036e+02 2.360160399999999825e+01 1.009175608420896850e+02 1.282747800968786578e+01
1.118961000000000041e+02 1.561135900000000021e+01 1.078501451029321032e+02 1.788308986973337156e+01
1.186736449999999934e+02 1.656894300000000086e+01 1.139984191536522360e+02 4.211189291168958349e+00
1.080926400000000029e+02 3.690646999999999789e+00 1.000751215807662504e+02 1.077984983686809883e+01
