5.682670999999999850e+01 4.389077000000000339e+01 4.726324928059558772e+01 5.539530879575205802e+01
7.498845000000000027e+01 4.247617300000000284e+01 6.407039689367368851e+01 6.660090660022883924e+01
5.382874699999999990e+01 4.077295699999999812e+01 5.904591476994426102e+01 6.461254834002946268e+01
6.506362000000000023e+01 4.932741999999999649e+01 7.090923346054623266e+01 5.254065758669965192e+01
5.364372600000000091e+01 4.968298699999999712e+01 6.380164862838618944e+01 4.370124803492022636e+01
7.031310000000000571e+01 5.214257400000000331e+01 7.097829884288141500e+01 5.175293795715064959e+01
8.554076000000000590e+01 4.526500699999999711e+01 8.745706216813680101e+01 5.643566039050659811e+01
4.866503999999999763e+01 4.614283999999999963e+01 8.583593028461615404e+01 6.074472174044963424e+01
5.400205600000000317e+01 6.589191399999999987e+01 6.692747015361392471e+01 5.272258963607318094e+01
6.594256000000000029e+01 5.268306400000000167e+01 7.129118582593409315e+01 3.922541072994375355e+01
6.721398999999999546e+01 4.009886999999999802e+01 4.925127302519290851e+01 6.375365186947613694e+01
5.336617300000000341e+01 4.647099299999999999e+01 4.941492251701819782e+01 3.879496360377168429e+01
5.450867999999999824e+01 4.798115500000000111e+01 5.348800878110786527e+01 6.498254237072680439e+01
5.339562000000000097e+01 4.819332500000000152e+01 5.961249959311574287e+01 5.018426146399509236e+01
5.933621000000000123e+01 6.236477299999999957e+01 8.978165932140666428e+01 6.842519879542429351e+01
6.426962000000000330e+01 5.232027999999999679e+01 6.986942447985927629e+01 6.780144896296295087e+01
8.780607999999999436e+01 3.907204000000000121e+01 8.213191875906387907e+01 6.554647108882417683e+01
6.372266799999999876e+01 4.694447999999999865e+01 5.503129944660336292e+01 6.012193893032873859e+01
8.317892999999999404e+01 5.511390999999999707e+01 6.017520377991507985e+01 6.031669670460330224e+01
5.567817000000000149e+01 4.392220999999999975e+01 7.338792527099711549e+01 3.696183730495872055e+01
6.310660000000000025e+01 4.440919000000000239e+01 6.106178864024955999e+01 6.440301075619957771e+01
7.304407500000000653e+01 4.884670599999999752e+01 4.840185941955299143e+01 4.191241959128527128e+01
8.540730000000000643e+01 3.939616000000000184e+01 4.974360011527934944e+01 6.840704569610601027e+01
7.907899999999999352e+01 5.651028000000000162e+01 8.475437622945450755e+01 4.750128458989705393e+01
4.682751499999999822e+01 6.578252000000000521e+01 8.870039482536958531e+01 3.663722904981080575e+01
5.413719999999999999e+01 6.657320400000000404e+01 4.810466288592365913e+01 3.964432785583296237e+01
6.978509999999999991e+01 6.200424000000000291e+01 8.387438623870897914e+01 5.657964188262695870e+01
9.098907499999999970e+01 4.332945999999999742e+01 7.114610837559487777e+01 4.189208615165806293e+01
5.115114200000000011e+01 5.064909000000000106e+01 5.298590152413862597e+01 5.609937564537462151e+01
6.612401599999999746e+01 6.489065999999999690e+01 7.332846856142502645e+01 5.454871867418687259e+01
5.363974799999999732e+01 5.208994299999999811e+01 4.623120763995243721e+01 3.604345522907033228e+01
7.430379000000000644e+01 4.396401000000000181e+01 8.051677560777267217e+01 6.878616693747150634e+01
6.844832999999999856e+01 5.730413399999999768e+01 7.989254479974675860e+01 5.112122191782587777e+01
8.476594500000000210e+01 4.658230199999999854e+01 6.100524405421348462e+01 4.878707483216025054e+01
8.155437000000000580e+01 4.750036999999999665e+01 5.961448253117083595e+01 4.659426060180335583e+01
6.579370000000000118e+01 5.309502400000000222e+01 4.956297511597349370e+01 6.437495911093421341e+01
7.069325999999999510e+01 4.742500700000000080e+01 5.099316112936168111e+01 4.273551711629290395e+01
5.009697299999999842e+01 3.689758299999999736e+01 7.151432102253720302e+01 5.812192139092287846e+01
6.463611600000000124e+01 5.428184499999999701e+01 8.995800068943717065e+01 4.485793113331129689e+01
6.250783500000000004e+01 5.303157800000000321e+01 6.042137768710819046e+01 6.205268171321360171e+01
8.506038999999999817e+01 4.297482699999999767e+01 6.695073593911379817e+01 3.621566312660429077e+01
5.031473499999999888e+01 4.109745999999999810e+01 4.689746421087836836e+01 3.695438898939103467e+01
7.401948000000000150e+01 4.625668699999999944e+01 8.871742998860806040e+01 5.092258015271237781e+01
7.532416999999999518e+01 4.011449999999999960e+01 6.826343693237248544e+01 3.722698469471183103e+01
8.994052000000000646e+01 3.632224699999999729e+01 6.537987797896958853e+01 5.258885782736088288e+01
6.521347000000000094e+01 6.587377999999999645e+01 5.647641689476178328e+01 5.921230745885331004e+01
5.536148000000000025e+01 4.794722999999999757e+01 5.019620964315456746e+01 6.630796986063560894e+01
5.855407699999999949e+01 6.542522999999999911e+01 5.414131877462737208e+01 3.883986677853349079e+01
5.979800000000000182e+01 4.706063999999999936e+01 6.242146508015014206e+01 3.693174042173694716e+01
7.569961000000000695e+01 4.516561000000000092e+01 6.385630193173258107e+01 5.753991513880761488e+01
7.263534500000000094e+01 6.591482000000000596e+01 5.498803963724439114e+01 4.933832943155068307e+01
4.735890200000000050e+01 6.803895599999999888e+01 5.207271513206745084e+01 5.193010338268175019e+01
6.651388000000000034e+01 5.359824799999999811e+01 8.553763671202609942e+01 5.791747485476934543e+01
6.459828000000000259e+01 6.979175999999999647e+01 6.163408389737773518e+01 5.448729881589751756e+01
8.742462999999999340e+01 3.743291500000000127e+01 6.727623528609643699e+01 5.689721606007624644e+01
4.764016999999999769e+01 4.024199300000000079e+01 7.932956352820858115e+01 5.288338138865928073e+01
5.267781399999999792e+01 4.952029799999999682e+01 9.114538965350757849e+01 5.859472908692274729e+01
5.059288999999999703e+01 3.766018700000000052e+01 6.148993100835288317e+01 4.883928142915785031e+01
5.429485999999999990e+01 4.884084000000000003e+01 6.906987193349880272e+01 4.306617510446452002e+01
5.461650999999999812e+01 4.942170000000000130e+01 7.440553736565897225e+01 3.673401764439469730e+01
6.673151400000000422e+01 6.244692200000000071e+01 6.473534310154707327e+01 6.233038809114845691e+01
8.947969999999999402e+01 4.378523299999999807e+01 7.332412323244804497e+01 4.753364157836622894e+01
6.677664000000000044e+01 5.653610199999999963e+01 5.023489057706073879e+01 4.006547998490694340e+01
4.775593599999999839e+01 6.639164999999999850e+01 5.838473775011061662e+01 5.970643499502039475e+01
8.201357000000000141e+01 5.219725799999999793e+01 4.860507696222224894e+01 4.670832287930063131e+01
5.748829700000000287e+01 5.595329300000000217e+01 5.646688775528897963e+01 5.214747032303757379e+01
4.872610499999999689e+01 4.301434700000000078e+01 4.617320328156390730e+01 4.916881599465711616e+01
7.694122000000000128e+01 4.568415999999999855e+01 5.286025665008913421e+01 4.457368735910610269e+01
8.726282500000000653e+01 4.679518999999999807e+01 6.716254627876151062e+01 3.709981498902373431e+01
6.856942999999999699e+01 6.211330800000000352e+01 6.285754697131920210e+01 4.026109239752025104e+01
6.599164000000000385e+01 6.924809000000000481e+01 8.108272386900088691e+01 5.865720821234317839e+01
7.513997999999999422e+01 6.129621000000000208e+01 8.142587000269463715e+01 4.353860381488483711e+01
5.817465200000000181e+01 4.617281700000000200e+01 6.423540130997450603e+01 5.588416191332246541e+01
8.257880400000000520e+01 3.717007399999999961e+01 7.556628768581661859e+01 5.027970371541064765e+01
5.363667999999999836e+01 4.819988599999999934e+01 8.820403919687166194e+01 5.390114817201283870e+01
7.644329000000000462e+01 4.657066300000000325e+01 6.032007126879356917e+01 3.545486423620758387e+01
4.934065600000000273e+01 6.204409400000000119e+01 4.622359437180277553e+01 5.646269882318473066e+01
8.212173500000000104e+01 4.029014200000000301e+01 4.859082449953783112e+01 5.902956903415655177e+01
7.632841000000000520e+01 4.523435599999999823e+01 7.411223340751709543e+01 4.555180972298312270e+01
6.425799600000000567e+01 5.414581299999999686e+01 6.757257929813268049e+01 5.518842192592185825e+01
7.405304999999999893e+01 4.455815499999999929e+01 7.445472316681623681e+01 5.251320860726116990e+01
4.811440699999999993e+01 5.367403999999999797e+01 8.022834946466701922e+01 5.162582411831561302e+01
8.729072600000000648e+01 4.302579500000000223e+01 4.626541032976069090e+01 5.674115257618566943e+01
7.188934999999999320e+01 4.769791399999999726e+01 7.194633870191769631e+01 5.663165192285200789e+01
4.957694599999999951e+01 4.986617999999999995e+01 9.116110881284012635e+01 6.150902038928873594e+01
6.137015999999999849e+01 5.204327399999999670e+01 7.493682527440401486e+01 3.551745671100475477e+01
5.509714999999999918e+01 5.106415599999999699e+01 7.238066604559605821e+01 5.334897835465012861e+01
8.953078999999999610e+01 5.023995000000000033e+01 5.858742076731690673e+01 4.578174242762661805e+01
7.865295999999999310e+01 6.845534499999999412e+01 7.833048889637998968e+01 6.310807078343649579e+01
8.806625999999999976e+01 3.729690000000000083e+01 6.714657812571482509e+01 3.783065747865725115e+01
7.806696999999999775e+01 5.320942300000000103e+01 7.299078621710235382e+01 5.241678883424664548e+01
5.309535600000000244e+01 4.823342000000000240e+01 5.338529858865657474e+01 5.909204486158802183e+01
5.690837499999999949e+01 5.480534999999999712e+01 5.997365717701655541e+01 4.891217844280026839e+01
6.521056000000000097e+01 5.167953500000000133e+01 6.377837549862374544e+01 5.148687904449501929e+01
5.694366000000000128e+01 5.793184000000000111e+01 5.933973870767088243e+01 6.152430163609238178e+01
9.030997499999999434e+01 6.902100000000000080e+01 5.389341163043169303e+01 6.209047944322555423e+01
5.697548299999999699e+01 4.251236999999999711e+01 6.826217647528881116e+01 3.802910786120108355e+01
8.794871500000000708e+01 4.199166000000000309e+01 8.154034496151808753e+01 5.123085120629227873e+01
6.970458000000000709e+01 6.621998999999999569e+01 6.822442029655266538e+01 6.808380998672213025e+01
6.066973000000000127e+01 5.684465399999999846e+01 6.349422149198714749e+01 6.901132907730951160e+01
8.315384000000000242e+01 4.671061999999999870e+01 5.064238420913783045e+01 3.574631361674519070e+01
6.322707700000000131e+01 6.364811999999999870e+01 9.003752220432652109e+01 3.758132476204515626e+01
6.146526300000000020e+01 6.553976000000000113e+01 8.281762115510824174e+01 4.273306774014051257e+01
7.236713399999999297e+01 5.359680600000000084e+01 7.587905089404115699e+01 6.866493841542677501e+01
5.421309999999999718e+01 5.728742199999999940e+01 4.736916426276137315e+01 3.635347917331003487e+01
6.880440500000000270e+01 5.972476000000000340e+01 7.086170172826001590e+01 4.202917133969519625e+01
7.637121000000000492e+01 6.265274000000000143e+01 9.085617563168113975e+01 5.687196517266939111e+01
8.582438999999999396e+01 4.352882000000000318e+01 5.760806874304312686e+01 5.126169813906409445e+01
7.346007000000000176e+01 5.386707700000000187e+01 7.282332281924713868e+01 6.596844270239984098e+01
6.467489000000000487e+01 4.754215200000000152e+01 6.048353620254706442e+01 6.313779190925627915e+01
8.804195400000000404e+01 4.674388499999999880e+01 7.621768563261126417e+01 5.571358002111034580e+01
7.047728999999999644e+01 4.958598299999999881e+01 7.897243445826418906e+01 4.348637028993094589e+01
7.896323999999999899e+01 4.627617300000000000e+01 6.354172374329672124e+01 4.138766222711747389e+01
5.547576000000000107e+01 4.883494999999999919e+01 8.574820334248406084e+01 6.810400689295595100e+01
5.430799499999999824e+01 4.715450299999999828e+01 7.671028911610007128e+01 3.871500095316631018e+01
7.745943499999999915e+01 5.897106600000000043e+01 8.475357571433696080e+01 6.945016091488315624e+01
6.598450499999999863e+01 5.182002299999999906e+01 7.342464832543591058e+01 6.661614072757522820e+01
5.653450999999999738e+01 6.000314000000000192e+01 5.672524839376904993e+01 5.432952254675693382e+01
4.962999299999999891e+01 4.012511400000000350e+01 7.988338634410655459e+01 6.548314740396112654e+01
8.642296000000000333e+01 4.440330999999999761e+01 5.706634410709325778e+01 3.574009737637705797e+01
5.964972699999999861e+01 4.230685400000000129e+01 8.683265522417920579e+01 5.012768420363355659e+01
9.128652999999999906e+01 3.925340700000000282e+01 6.470529828547677198e+01 4.207537644788445874e+01
8.675363000000000113e+01 4.346631599999999906e+01 8.915623935482693696e+01 4.046574303185478527e+01
5.835997799999999813e+01 5.780623599999999840e+01 5.736231766733251902e+01 5.693407499045356701e+01
8.590979000000000099e+01 3.523488600000000304e+01 7.767349378961368700e+01 6.723460465120967910e+01
6.779018399999999644e+01 6.306392699999999962e+01 4.616559313834461875e+01 5.309504635091977320e+01
8.535965000000000202e+01 4.491523699999999764e+01 4.625302920648999105e+01 4.801757185332889577e+01
8.553109999999999502e+01 4.418075999999999937e+01 5.915100179416410242e+01 6.605440822907016241e+01
7.502486000000000388e+01 3.932047299999999979e+01 6.280342634814127223e+01 4.810066518275207414e+01
6.485940600000000700e+01 4.863174399999999764e+01 4.613137273435246044e+01 3.821857064346492905e+01
7.891028000000000020e+01 6.298868000000000222e+01 4.803400853388771452e+01 5.108235176046184023e+01
8.975776000000000465e+01 4.615767999999999915e+01 8.003887015376571412e+01 3.812902349312105343e+01
6.524366000000000554e+01 5.117226399999999842e+01 5.237019770038331501e+01 5.396303693713467453e+01
8.663148499999999785e+01 3.990982999999999947e+01 7.055079245238935925e+01 5.376439945765491757e+01
7.492061599999999544e+01 4.819925299999999879e+01 6.782648870696257859e+01 6.975085602772512061e+01
7.803538500000000511e+01 6.149983600000000195e+01 7.730467445652145386e+01 6.967254918597768665e+01
6.500728999999999758e+01 4.928378000000000014e+01 5.029176793630885811e+01 6.445542939722660947e+01
7.865703600000000506e+01 4.475950199999999768e+01 8.197682667126804290e+01 6.087623450646316314e+01
7.357657000000000380e+01 5.390614000000000061e+01 7.920192232904149421e+01 5.781332156490036311e+01
5.286175000000000068e+01 5.095715299999999814e+01 8.279064119483254558e+01 6.886142474500148580e+01
8.186610400000000709e+01 4.375295299999999799e+01 8.672205136339711373e+01 4.317528273564049357e+01
8.765320599999999729e+01 4.874345000000000283e+01 8.077830624781549318e+01 4.145191085770474615e+01
7.580970000000000653e+01 3.922681800000000152e+01 5.620478282752689836e+01 3.951404884712172816e+01
5.104829000000000150e+01 4.921446199999999749e+01 9.010274773818147764e+01 3.619214232958010768e+01
6.048337599999999981e+01 6.151382399999999961e+01 6.949453506124697810e+01 5.967870120616547069e+01
4.616987000000000307e+01 4.086637999999999948e+01 4.629877325243589326e+01 5.818212289866159637e+01
6.441042000000000201e+01 5.155160999999999660e+01 8.623201050910188314e+01 6.225925286749598087e+01
5.078484300000000218e+01 4.311047400000000351e+01 6.659148452381269578e+01 6.101910115422028014e+01
8.198730000000000473e+01 4.021397400000000033e+01 4.698540082335459545e+01 5.099840138190933203e+01
5.724527400000000199e+01 4.383981699999999648e+01 8.227167648829986035e+01 3.735333760418149041e+01
5.338119499999999817e+01 4.540312000000000126e+01 8.381024030988130846e+01 4.528623633268780679e+01
8.686418999999999357e+01 4.387660999999999945e+01 5.402598463684375929e+01 3.570018246455862254e+01
5.200366600000000261e+01 5.103144000000000347e+01 7.745459131208484393e+01 5.055027891332797196e+01
7.341700000000000159e+01 6.530172000000000310e+01 5.146140902996419442e+01 4.306916895978057624e+01
7.331856999999999402e+01 6.896445500000000095e+01 7.250191015419564167e+01 6.878918602354059431e+01
6.867817999999999756e+01 4.609026999999999674e+01 5.820200209573867056e+01 5.066682490062271427e+01
7.179988000000000170e+01 6.876121500000000708e+01 5.856788428253558720e+01 4.243661565060749297e+01
7.208037600000000111e+01 6.865512999999999977e+01 4.996006624506031102e+01 6.540710782365975717e+01
8.173636999999999375e+01 6.784996999999999900e+01 6.167399172701417598e+01 3.981690891827261680e+01
7.586669000000000551e+01 4.302570699999999704e+01 8.170549696720848942e+01 3.957960410485141267e+01
8.295906999999999698e+01 5.851885000000000048e+01 8.180285311852244945e+01 3.647671645812663854e+01
6.098011000000000337e+01 5.633001300000000100e+01 8.474013445794300026e+01 5.248960842067405963e+01
5.209573000000000320e+01 6.484472999999999843e+01 5.370723000348129972e+01 6.411906337622747287e+01
7.095891600000000210e+01 6.641106000000000620e+01 7.839018598937549598e+01 5.017747096691780939e+01
7.265532000000000323e+01 6.310888700000000284e+01 4.957716497478927664e+01 6.989566172966357271e+01
6.487651999999999930e+01 6.894028000000000134e+01 7.658703513085791315e+01 4.696247031322086229e+01
4.954738600000000304e+01 3.824540700000000015e+01 5.191984147558099494e+01 4.477058994446571205e+01
7.224148599999999476e+01 6.894777000000000555e+01 5.585911152222636389e+01 6.070428032266600837e+01
4.630128500000000003e+01 6.632629000000000019e+01 7.250831687611945142e+01 4.324299875967014373e+01
8.205965000000000487e+01 6.468255000000000621e+01 6.863966855699248981e+01 5.567557265139024736e+01
5.397681000000000040e+01 4.585221500000000106e+01 8.582622756517913842e+01 6.233361544800776244e+01
5.403204000000000207e+01 5.116592800000000096e+01 5.625488689458278202e+01 3.991304594108479620e+01
5.972766500000000178e+01 4.440487300000000204e+01 8.504962245427094558e+01 5.806365804963382971e+01
7.885416999999999632e+01 3.529026000000000352e+01 6.136231634315085870e+01 4.124886175949274758e+01
6.627116999999999791e+01 6.753251000000000204e+01 4.985083210609293758e+01 6.699971567210664602e+01
8.737299000000000149e+01 4.577764499999999970e+01 7.995482760816402390e+01 4.642055851610662387e+01
7.364605000000000246e+01 4.980917699999999826e+01 6.173165686855908518e+01 5.159436210359181274e+01
5.408313400000000115e+01 6.638416999999999746e+01 7.884016769149667425e+01 6.039647592178598501e+01
5.039290199999999942e+01 6.866956999999999312e+01 7.751454084443093961e+01 4.817230353445835078e+01
6.352276200000000017e+01 4.916449699999999723e+01 6.548854999303790692e+01 4.672167672299108432e+01
6.837843999999999767e+01 4.865468200000000110e+01 7.063214733145883883e+01 5.123244033316328228e+01
8.910262000000000171e+01 4.467295000000000016e+01 7.687505532202631287e+01 6.543375908308229327e+01
5.442630400000000179e+01 4.484588000000000108e+01 5.446172864798758440e+01 3.586249395430986908e+01
5.532457999999999743e+01 5.113638999999999868e+01 5.603634589862384274e+01 4.414678609814828292e+01
8.212149999999999750e+01 6.805886999999999887e+01 7.360508667471975741e+01 6.050883710157402362e+01
5.233660499999999871e+01 4.819270000000000209e+01 8.308636058282098702e+01 5.725175496284700216e+01
8.942528000000000077e+01 4.575683200000000284e+01 5.680273617137158482e+01 5.357123123392925379e+01
8.152298999999999296e+01 5.028269199999999728e+01 5.544125400683676475e+01 4.625782499653366386e+01
8.859553999999999974e+01 4.171603000000000350e+01 7.985108902978868173e+01 4.844149890166379180e+01
7.830775500000000022e+01 5.541690400000000238e+01 9.185623693421834446e+01 6.111254129013666869e+01
5.284531400000000190e+01 4.512162800000000118e+01 6.092803170172318517e+01 4.282651136247199020e+01
8.258718000000000359e+01 6.446133399999999369e+01 6.117862072668769713e+01 4.992777125669705640e+01
7.889297000000000537e+01 6.234449800000000153e+01 5.192353594486677082e+01 6.507136566990713789e+01
6.783283000000000129e+01 6.381229799999999841e+01 7.408625373503832634e+01 6.615666236375820120e+01
5.401004799999999761e+01 4.541924000000000206e+01 7.871648005238706958e+01 4.741043044454958988e+01
7.803976000000000113e+01 6.198502700000000232e+01 7.350250080674004494e+01 4.154677375344785872e+01
4.679430399999999679e+01 4.216695399999999694e+01 5.985088528376118688e+01 3.872427084125185104e+01
6.478409600000000523e+01 6.453046000000000504e+01 5.270848293862390221e+01 3.898407458703819373e+01
5.257021999999999906e+01 3.671679699999999968e+01 6.688681930646835383e+01 4.567656228613247293e+01
8.147925999999999647e+01 6.052933000000000163e+01 4.849105440398155054e+01 5.581904770566563201e+01
7.974235500000000343e+01 4.118516000000000332e+01 8.637829492019292843e+01 4.685010931836955450e+01
8.314601999999999293e+01 6.420999000000000478e+01 5.563704095186915310e+01 6.228395867911245887e+01
5.525240699999999805e+01 6.121945999999999799e+01 5.075485014990386645e+01 3.640984309950958675e+01
7.429716500000000678e+01 4.987426399999999660e+01 6.289588766470018300e+01 4.320518790862715974e+01
5.319486200000000053e+01 4.890612999999999744e+01 7.942385451063360335e+01 3.672405120332812345e+01
5.662628600000000034e+01 5.514053299999999780e+01 6.892501892871118230e+01 5.050711309104542579e+01
7.109244999999999948e+01 6.140245399999999876e+01 7.595237778568298381e+01 3.533437742150255900e+01
5.513156000000000034e+01 6.075578000000000145e+01 5.907745830222904004e+01 4.945615697569280655e+01
7.306785000000000707e+01 6.972611000000000558e+01 6.293203111068051214e+01 4.266333549545876735e+01
8.897160999999999831e+01 4.373075999999999652e+01 8.159991529561119705e+01 4.724201297191766713e+01
8.818219000000000563e+01 5.422068800000000266e+01 7.994950051534594593e+01 5.046633073395827296e+01
6.469078000000000372e+01 6.458218999999999710e+01 8.184694425637025006e+01 5.496811546059674924e+01
8.363159000000000276e+01 5.257257500000000050e+01 5.882561998345553178e+01 5.932254940780632779e+01
7.856969999999999743e+01 5.500180000000000291e+01 7.980805649778218935e+01 4.573189081475288731e+01
5.290209999999999724e+01 5.713993500000000125e+01 7.271331766076879433e+01 6.790092225714576557e+01
5.203767400000000265e+01 5.395211400000000168e+01 8.734006293945023458e+01 6.564822893972750251e+01
5.253663300000000191e+01 3.601392400000000293e+01 7.952082862559070975e+01 4.642357005270129378e+01
6.608248000000000388e+01 5.590762300000000096e+01 7.627484602246381939e+01 5.733902745374284393e+01
9.178313400000000399e+01 5.558882499999999993e+01 8.714539912849434700e+01 5.250666137945805900e+01
7.851379000000000019e+01 3.546386300000000347e+01 8.037084564748144544e+01 6.315241061081449914e+01
8.658387999999999352e+01 4.637970700000000335e+01 4.766892903601887355e+01 6.314124816767422033e+01
6.023380300000000176e+01 5.545163999999999760e+01 8.988067552224819678e+01 6.095316022441068782e+01
4.672376599999999769e+01 6.962304000000000315e+01 8.759105626492113572e+01 5.506383003237458240e+01
4.972973600000000260e+01 6.857572000000000401e+01 9.199634454987474896e+01 5.830804306672727932e+01
7.989584000000000685e+01 3.905698000000000292e+01 5.383192784024055300e+01 5.014524578829508528e+01
5.169720499999999674e+01 4.989869000000000199e+01 5.213662600977601613e+01 5.293639818007295617e+01
8.069112400000000207e+01 4.634583700000000306e+01 8.865816383465374884e+01 5.355310526435933127e+01
5.408736999999999995e+01 4.822462500000000318e+01 7.281118025443194597e+01 6.698120540242078391e+01
6.581596999999999298e+01 5.677728700000000117e+01 7.996791915954872820e+01 3.969934685183950762e+01
4.902411000000000030e+01 6.334384500000000173e+01 4.821599539469517737e+01 3.839384806201160671e+01
5.538620000000000232e+01 4.611807600000000207e+01 6.564144621020109582e+01 6.175967787589506486e+01
8.831159999999999854e+01 3.731616999999999962e+01 7.912114651976094137e+01 4.895205222309723325e+01
8.220014000000000465e+01 6.470933499999999583e+01 7.137249120090586985e+01 5.307649473086402736e+01
7.637748999999999455e+01 6.877970000000000539e+01 5.980878578002185009e+01 3.724592674864062047e+01
7.996568999999999505e+01 6.779388400000000559e+01 7.707210806968663519e+01 4.048228495115760950e+01
8.650522599999999329e+01 4.590870699999999971e+01 6.716375439896313537e+01 4.127869244388552517e+01
4.935990499999999770e+01 5.605839499999999731e+01 8.155408765885496791e+01 6.306761705296284504e+01
6.199449500000000057e+01 4.123483000000000231e+01 9.159518126289609086e+01 5.022784708846883461e+01
6.735670500000000516e+01 5.041149000000000058e+01 6.246449242236954547e+01 6.054879422815713497e+01
8.852997600000000489e+01 3.797641399999999834e+01 6.385510914230555102e+01 5.668469764264065702e+01
6.510826000000000136e+01 6.686397599999999386e+01 9.160528370432740530e+01 4.666478512571114834e+01
5.144386699999999735e+01 5.034185399999999788e+01 6.179976003116057370e+01 3.882681435853953644e+01
9.175052999999999770e+01 4.081071500000000185e+01 6.119515192409585325e+01 3.572721260750790151e+01
5.339393199999999950e+01 4.658201600000000298e+01 5.357487348834089858e+01 5.140301280914147952e+01
4.983039500000000288e+01 5.025559599999999705e+01 5.384508609293620651e+01 5.118536210950244225e+01
8.027527000000000612e+01 4.288470000000000226e+01 5.429713912116005758e+01 6.041168011503562241e+01
8.021922000000000708e+01 4.084998699999999872e+01 8.492347215834908525e+01 6.660104580307614697e+01
4.924508000000000152e+01 4.573075999999999652e+01 6.315094949595291496e+01 4.469444930832876395e+01
6.612999999999999545e+01 5.269389999999999930e+01 8.658596106521818569e+01 5.561249019762816914e+01
7.151955399999999941e+01 4.778076599999999985e+01 8.291273352133787000e+01 6.755598667822069103e+01
6.421460000000000434e+01 4.855725000000000335e+01 6.129308151111854386e+01 5.664614135567327935e+01
4.670871700000000004e+01 6.377425999999999817e+01 7.159759270644858020e+01 4.129054282726381331e+01
5.841998699999999900e+01 3.671247499999999775e+01 5.391424845085690265e+01 4.911816336210209499e+01
5.082811699999999888e+01 4.560262699999999825e+01 5.926179009297128175e+01 5.049336176788634134e+01
7.517798600000000420e+01 5.425798000000000343e+01 5.877603574447572754e+01 5.894850869422643314e+01
4.704746999999999701e+01 4.864985999999999677e+01 5.300783777584280898e+01 6.252751606699584386e+01
7.081449000000000638e+01 6.198342999999999847e+01 7.137784669293382933e+01 5.467800947389599742e+01
8.433438999999999908e+01 3.928714000000000084e+01 5.294402503150745787e+01 6.214239834640829940e+01
7.233463000000000420e+01 4.200035499999999900e+01 8.352611950816842068e+01 5.764578996275383815e+01
8.003162399999999366e+01 4.691811799999999977e+01 5.561070147619288662e+01 4.187972580383768673e+01
7.462242000000000530e+01 4.588313300000000083e+01 4.651188911902658418e+01 6.954157450193636691e+01
6.294104999999999706e+01 4.766602699999999970e+01 5.005197116091291321e+01 5.598241030797136375e+01
7.551157999999999504e+01 5.821988999999999947e+01 7.918940489869507360e+01 4.428800332712123122e+01
6.539163999999999533e+01 6.597992000000000701e+01 5.647785418272633962e+01 4.413256048076424065e+01
8.275954000000000121e+01 4.590746699999999691e+01 5.196829235667451030e+01 5.011730643694414766e+01
6.587963000000000591e+01 5.883500699999999739e+01 7.445295280314806519e+01 5.353861544244273318e+01
5.844738999999999862e+01 6.888080999999999676e+01 9.091673340585343510e+01 5.527209792060492077e+01
6.481473499999999888e+01 4.456393400000000327e+01 8.104298690847147668e+01 4.369891413322960716e+01
6.020953399999999789e+01 4.516971999999999809e+01 5.232350147757782821e+01 6.379869387542065340e+01
9.046371999999999503e+01 6.047626999999999953e+01 6.794057396903519930e+01 4.054820991304613642e+01
6.230940600000000273e+01 6.209315000000000140e+01 7.122807257602671882e+01 5.335270218909690954e+01
4.760193000000000296e+01 4.378117999999999910e+01 4.714473184328472399e+01 6.149873785567123718e+01
5.246391700000000213e+01 4.780145600000000172e+01 5.222569248084286642e+01 6.353893098860269362e+01
4.666504299999999716e+01 4.539951700000000301e+01 5.471915320633555524e+01 6.447282031515287315e+01
8.185470999999999719e+01 4.928301600000000349e+01 4.796836550081634698e+01 6.998647941174900211e+01
5.566822400000000215e+01 5.443486999999999654e+01 4.880737351660951617e+01 3.901291801702942763e+01
6.066823600000000027e+01 4.825421000000000049e+01 4.729139956195415095e+01 3.897719089693891448e+01
8.324456000000000699e+01 4.588488799999999657e+01 5.168530984241695592e+01 3.637055909181006541e+01
6.518153999999999826e+01 6.714570000000000505e+01 5.252599994114294191e+01 6.299222998473013035e+01
5.288052700000000073e+01 4.685767400000000293e+01 6.505553929354087472e+01 5.984722000324451585e+01
5.922205000000000297e+01 5.737902499999999861e+01 4.878211642782903112e+01 4.686272310179361256e+01
5.249409500000000151e+01 4.657718299999999800e+01 6.330966909569627887e+01 5.498388552713988986e+01
8.828168999999999755e+01 3.561987299999999834e+01 5.650802956431354573e+01 5.370112540517584421e+01
5.508444200000000279e+01 4.897662400000000105e+01 6.083273334124790210e+01 5.658963974002155339e+01
7.929738600000000304e+01 5.334486799999999818e+01 7.478974966995258455e+01 3.870581587925092037e+01
8.278986999999999341e+01 6.091132700000000000e+01 6.260733087248563322e+01 6.057514148284077038e+01
7.273438000000000159e+01 5.694560599999999795e+01 7.741379091227727827e+01 5.263723186610766902e+01
5.608556699999999751e+01 4.873567200000000099e+01 5.987523110582237962e+01 6.206110638634953602e+01
4.800569000000000131e+01 6.700045000000000073e+01 5.307650299031442387e+01 4.876713559817282828e+01
4.799080299999999966e+01 6.598578999999999439e+01 7.067485700139312144e+01 5.360435003407073395e+01
5.768971599999999711e+01 5.626144399999999735e+01 8.938684684116708468e+01 6.970761617804961929e+01
7.484981500000000665e+01 5.974059299999999695e+01 6.086844462841474979e+01 6.941449482770431700e+01
8.061682999999999311e+01 5.918603000000000236e+01 5.922563719757519607e+01 3.664130218596050526e+01
6.404304500000000644e+01 6.398645400000000194e+01 9.032566281693019050e+01 6.766341629053681572e+01
6.008419800000000066e+01 6.724903000000000475e+01 6.419229881318975117e+01 3.799132564776584076e+01
5.423397400000000346e+01 3.584526400000000024e+01 6.529177591712354456e+01 3.804204164971028490e+01
5.123778500000000236e+01 5.036023000000000138e+01 5.239644886749469066e+01 4.347140492590609284e+01
8.202487999999999602e+01 4.714908599999999694e+01 4.677630845979464169e+01 4.076804682794863766e+01
5.181455199999999905e+01 4.689494299999999782e+01 9.166466345906752622e+01 4.915360276172890508e+01
7.121519499999999425e+01 6.740169500000000369e+01 5.395126567292809483e+01 6.810452868432544449e+01
7.686307499999999493e+01 4.832139999999999702e+01 6.590274737404914163e+01 5.313257534363030743e+01
8.259461000000000297e+01 4.808888999999999925e+01 6.550290124765518840e+01 3.986509181304891314e+01
8.821962999999999511e+01 4.613478500000000082e+01 7.554274992257379040e+01 3.909867210456639697e+01
4.819915000000000305e+01 4.407435199999999753e+01 7.803285470140555447e+01 5.717072409602418759e+01
8.813251499999999794e+01 3.577533999999999992e+01 5.212200698348961225e+01 4.475654203486837446e+01
4.898817999999999984e+01 5.657592999999999961e+01 8.838582441022641945e+01 5.688799686185322457e+01
6.258970000000000056e+01 5.024907000000000323e+01 5.064373075449060480e+01 4.205422651789187682e+01
5.286663999999999675e+01 5.036919000000000324e+01 7.567958784637430369e+01 4.260276375433140572e+01
