1.303164500000000032e+02 4.178262000000000143e+01 1.093980070639809696e+02 6.380551075811782624e+01
1.187232000000000056e+02 3.828542999999999807e+01 1.253697008456025230e+02 6.049184612262088478e+01
9.495183000000000106e+01 6.317466699999999946e+01 9.803439516818043842e+01 6.325699618934982738e+01
1.081348399999999970e+02 4.663883599999999774e+01 1.274351161561638150e+02 5.613583461710621236e+01
9.871819000000000699e+01 5.298465300000000155e+01 9.740352600995016985e+01 4.349302223516041010e+01
9.429412000000000660e+01 4.671772800000000103e+01 1.222417866591011233e+02 5.514550375667231208e+01
1.278491999999999962e+02 6.229797700000000304e+01 1.333607915682316332e+02 4.977454395071204374e+01
1.361618300000000090e+02 6.482999399999999923e+01 1.243938702308622908e+02 6.234625980502795528e+01
1.122731299999999948e+02 5.138609000000000293e+01 1.246833188781922530e+02 4.722289936969917790e+01
9.481621599999999717e+01 3.920390299999999684e+01 9.682479294254703461e+01 5.939194413404857897e+01
1.306917400000000100e+02 5.744736000000000331e+01 1.035575662926464986e+02 5.271541052093144231e+01
1.198207600000000070e+02 6.540080000000000382e+01 1.208856664226209574e+02 3.964621215701949808e+01
1.312898600000000044e+02 5.333268999999999949e+01 1.030119630131476924e+02 3.699200443833358065e+01
1.126175839999999937e+02 6.155445000000000277e+01 1.005886004959674267e+02 6.286537193317420247e+01
1.177592000000000070e+02 6.768806499999999460e+01 1.087974970003787547e+02 5.979420552391658816e+01
9.625152599999999836e+01 4.471645699999999835e+01 1.273484149644097982e+02 6.127044387345548415e+01
1.175773240000000044e+02 5.057151400000000052e+01 1.046646096416729819e+02 4.041964221369822496e+01
1.283248900000000106e+02 5.769391300000000200e+01 1.377298592309599030e+02 4.668510067883106274e+01
1.116417799999999971e+02 5.706051000000000073e+01 9.706932243745598043e+01 4.330114833371129635e+01
1.112591859999999997e+02 4.836675600000000230e+01 1.173178978452131389e+02 5.203233631510968848e+01
1.051679400000000015e+02 4.492616000000000298e+01 1.076421432911650413e+02 4.743078336846806309e+01
9.804591999999999530e+01 6.713985999999999876e+01 9.859224792041791829e+01 5.030829258921389879e+01
1.335288099999999929e+02 4.829560000000000031e+01 1.119592917477989005e+02 5.866494542127071554e+01
1.173201140000000038e+02 4.935978999999999672e+01 1.275862901654225254e+02 6.180861630136600127e+01
9.209501000000000204e+01 4.073973000000000155e+01 1.265835845294770508e+02 5.924648800401763538e+01
1.233552499999999981e+02 5.736090999999999696e+01 1.101840202185549060e+02 5.726497466312936524e+01
9.533126000000000033e+01 4.475791999999999859e+01 1.225783984411141887e+02 4.540685459190908091e+01
9.569385499999999922e+01 6.916244000000000369e+01 1.191108511446890361e+02 4.029390344783719513e+01
9.488523000000000707e+01 3.703966499999999940e+01 1.367137852786949566e+02 4.400976994382462237e+01
1.298243999999999971e+02 3.636473999999999762e+01 1.147737476468006292e+02 5.263425052470102372e+01
1.004887849999999929e+02 5.317101300000000208e+01 1.289734658571151726e+02 5.865253620025696080e+01
1.266113050000000015e+02 5.884190000000000254e+01 9.898680753481694694e+01 4.379522765749712221e+01
1.364535500000000070e+02 6.822651000000000465e+01 1.252507723908699688e+02 5.520738345824734949e+01
9.698628999999999678e+01 4.595006599999999963e+01 1.183287844016298607e+02 4.851480694627107937e+01
1.320416299999999978e+02 6.974830000000000041e+01 1.118244767238893331e+02 4.480275819577683194e+01
1.035666959999999932e+02 3.601506799999999942e+01 9.663411130986419550e+01 4.988201435425228425e+01
1.120970899999999943e+02 4.923708299999999838e+01 9.794589437332663806e+01 4.472332088237264003e+01
1.327243200000000058e+02 5.793455500000000313e+01 1.330895231714491729e+02 6.139266297434288333e+01
1.190468900000000048e+02 4.108363700000000307e+01 1.045869096890172472e+02 6.132747568125533633e+01
9.981673399999999674e+01 4.543990699999999805e+01 1.044457922667306917e+02 4.460039653110094804e+01
1.006911199999999980e+02 6.388932799999999901e+01 1.205604748938640114e+02 5.403947135162884763e+01
1.188862500000000040e+02 4.624365600000000143e+01 1.210449042267141948e+02 5.336673187293357046e+01
1.235362549999999970e+02 5.786950000000000216e+01 1.274719148526594665e+02 6.589004104099662129e+01
1.269463650000000001e+02 3.934170499999999748e+01 1.260598146437923504e+02 3.890723925930291927e+01
1.261050599999999946e+02 3.787845999999999691e+01 1.283625859139826275e+02 6.088850540681139023e+01
1.105666959999999932e+02 6.339222699999999833e+01 1.348583667812709166e+02 4.671362506614641319e+01
9.880102999999999724e+01 4.527918199999999871e+01 1.358050383369379972e+02 3.527651837808350166e+01
9.320995000000000630e+01 6.852751000000000658e+01 1.010286555617768158e+02 6.221366519011445462e+01
1.048131199999999978e+02 4.228242500000000348e+01 1.030785299538454467e+02 6.540053825566114654e+01
1.117759499999999946e+02 5.740368300000000090e+01 1.347591799382731494e+02 3.982834586117981246e+01
1.065212499999999949e+02 4.801573599999999686e+01 1.074789607486319625e+02 3.513457486858143142e+01
1.377959700000000112e+02 5.005338700000000074e+01 1.095836651068180032e+02 3.901348160450986313e+01
1.296910599999999931e+02 4.083194000000000301e+01 9.710217564586994854e+01 6.719748208681539836e+01
9.865367999999999427e+01 6.547084999999999866e+01 1.330007225182041566e+02 5.975855678640570545e+01
1.160869749999999954e+02 5.279642499999999927e+01 1.353538139166242331e+02 3.908747749288409068e+01
1.015846999999999980e+02 4.328289800000000298e+01 1.309763118635007118e+02 5.617545435111599517e+01
9.418828000000000600e+01 5.873288300000000106e+01 1.378739687675252981e+02 4.391487075272292628e+01
1.140481950000000069e+02 4.898435599999999823e+01 9.391232008903409678e+01 4.310728568504806901e+01
1.351995000000000005e+02 5.748747000000000185e+01 9.395301619396261117e+01 5.573998120226931974e+01
9.946101000000000170e+01 6.492065999999999804e+01 9.900129598965625632e+01 5.849245474419838331e+01
1.132092899999999958e+02 5.722433500000000350e+01 1.105539445246263881e+02 3.841329166102281789e+01
1.208447599999999937e+02 4.896385999999999683e+01 9.611029030972834164e+01 4.089904092704600203e+01
9.642338599999999360e+01 4.365512999999999977e+01 1.296076879665662318e+02 3.616203944354935373e+01
1.343005799999999965e+02 5.008973000000000297e+01 9.752113852855666210e+01 4.540417632300642481e+01
1.231062000000000012e+02 5.243079000000000178e+01 1.224017233978700574e+02 4.983256473127030972e+01
1.377918699999999887e+02 6.768683000000000050e+01 1.307560541239579948e+02 5.953956225938216562e+01
1.025857299999999981e+02 6.367561299999999846e+01 1.078884000794650291e+02 3.839457516043747631e+01
1.126295599999999979e+02 5.718482000000000198e+01 1.008330692024289590e+02 6.681575058327271677e+01
1.045499800000000050e+02 6.043415499999999696e+01 1.127625534737294828e+02 6.963601284015160786e+01
1.121085300000000018e+02 6.513195000000000334e+01 1.206568306239340558e+02 3.817835909134999639e+01
1.378383300000000133e+02 4.636522300000000030e+01 1.024989459020553113e+02 3.716007790745320705e+01
1.229112549999999970e+02 5.106822600000000278e+01 1.123886856703349224e+02 4.527926778109215178e+01
1.065605400000000031e+02 6.567464999999999975e+01 1.195803874091106422e+02 5.011885321279200411e+01
1.186176899999999961e+02 4.189419999999999789e+01 1.052198549275654784e+02 6.255204868708530341e+01
1.107018900000000059e+02 5.872917000000000343e+01 1.331119198840632123e+02 5.480524190500996440e+01
1.140110800000000069e+02 6.248358999999999952e+01 1.243480232027924188e+02 3.601825620275433693e+01
1.208681399999999968e+02 6.975766000000000133e+01 1.004475518908280804e+02 5.448542015660010662e+01
1.373203399999999874e+02 6.983962999999999965e+01 1.065923860546427449e+02 4.803285655248992470e+01
1.307656900000000064e+02 3.974736999999999654e+01 1.135103776395415878e+02 5.566022128803292190e+01
1.207486700000000042e+02 6.298458999999999719e+01 1.298674441023183590e+02 4.732947295179437219e+01
1.091523059999999958e+02 6.072717699999999752e+01 1.077068446246479141e+02 5.393563615374505105e+01
9.406001000000000545e+01 3.944881999999999778e+01 1.077398151225027050e+02 6.427406330813091984e+01
1.008486800000000017e+02 4.275090000000000146e+01 1.160234898397856966e+02 6.945535818977249676e+01
9.638885999999999399e+01 3.515666999999999831e+01 1.104556837507645639e+02 5.683930190630118062e+01
1.108460400000000021e+02 3.671795000000000186e+01 9.369768623485842340e+01 5.319659706575475866e+01
1.021115199999999987e+02 4.314330999999999960e+01 1.318188328828606473e+02 4.449682928072403598e+01
1.209086000000000070e+02 6.666240999999999417e+01 9.934152077041636630e+01 4.302503236443553902e+01
1.112347199999999958e+02 6.623319999999999652e+01 1.125022303005169846e+02 6.902872233884114905e+01
1.195745849999999990e+02 6.469527999999999679e+01 1.316044926959261261e+02 5.782231805620379816e+01
1.276721600000000052e+02 4.024942800000000176e+01 1.262908705048305507e+02 5.166478283984798736e+01
1.027138599999999968e+02 5.414148999999999745e+01 1.019762086058962325e+02 4.402215906644967447e+01
1.156520600000000059e+02 4.975501299999999816e+01 9.726001166186014757e+01 4.449446302486804683e+01
1.200657199999999989e+02 5.448017000000000110e+01 9.530328514876531187e+01 4.306715410662166477e+01
1.082019039999999990e+02 5.525202999999999776e+01 1.136229905792396124e+02 5.115988172857890959e+01
1.234111900000000048e+02 4.187895199999999818e+01 1.072690321777685796e+02 6.773283784189956691e+01
1.098468400000000003e+02 6.733369399999999416e+01 1.301760765495056660e+02 3.535259549963040371e+01
1.131740999999999957e+02 4.886526500000000084e+01 1.008876320720951441e+02 6.048088563692920161e+01
1.085478899999999953e+02 6.761072500000000218e+01 1.067522164666522002e+02 4.994384804777875075e+01
1.028016800000000046e+02 6.360831999999999908e+01 1.059299132745913852e+02 4.677058816742277259e+01
9.431417000000000428e+01 4.569948200000000327e+01 9.310932957055676695e+01 5.524894572600307185e+01
1.372391000000000076e+02 6.389992999999999768e+01 1.094285199441136740e+02 5.056277835663550491e+01
1.130334550000000036e+02 3.586519599999999741e+01 9.648342586415421351e+01 5.528344933602087963e+01
9.806736999999999682e+01 5.068809000000000253e+01 1.184484130515244260e+02 5.474104318863554397e+01
1.115619300000000038e+02 5.320960199999999674e+01 1.374125004208450207e+02 6.187639038771420275e+01
9.263953399999999760e+01 6.514744600000000219e+01 1.051241265342286795e+02 4.693772839421252030e+01
1.003629150000000010e+02 4.366604199999999736e+01 9.398566555240228126e+01 5.139560228264247144e+01
1.244192900000000037e+02 3.773806799999999839e+01 1.250169970274165934e+02 4.198127298799920482e+01
1.190330100000000044e+02 6.743752999999999531e+01 1.070853156541277968e+02 4.311934254510840248e+01
1.142539799999999985e+02 4.134615300000000104e+01 1.039406479660082994e+02 6.809935501083339204e+01
1.142627939999999995e+02 4.061001000000000261e+01 1.201708562258977508e+02 6.382628365947803672e+01
1.090172799999999995e+02 6.533647000000000560e+01 1.288922558354406931e+02 3.638036084220596678e+01
1.344918499999999995e+02 4.730473299999999881e+01 1.080044419618286611e+02 5.067900959716793352e+01
9.707353999999999417e+01 3.589202000000000226e+01 9.347457896091002283e+01 5.663050179145395902e+01
1.282167800000000000e+02 5.935827299999999696e+01 9.978146804691962757e+01 6.022691664129179401e+01
1.061327600000000047e+02 5.057131600000000304e+01 1.232970388483311126e+02 3.847241925989414568e+01
1.342288200000000131e+02 3.530897999999999826e+01 1.207871280272520380e+02 4.751090373977839931e+01
9.565617000000000303e+01 4.331096999999999753e+01 1.311507281666515610e+02 6.156413427957718199e+01
1.277198700000000002e+02 6.017326400000000319e+01 1.052632165193132465e+02 6.205090806577121754e+01
1.041059699999999992e+02 6.759010999999999569e+01 1.338471276758077124e+02 4.308441328507551304e+01
1.210823900000000037e+02 6.356654000000000337e+01 1.366117948407205631e+02 5.916989811144796363e+01
1.347739599999999882e+02 6.384909400000000090e+01 1.199307102510927336e+02 6.262561844196048355e+01
1.351169099999999901e+02 5.073756000000000199e+01 1.062189985799982281e+02 3.765216859706102071e+01
1.231624199999999973e+02 5.639403000000000077e+01 1.195056256400762180e+02 4.968257315073380909e+01
1.128155100000000033e+02 5.559803399999999840e+01 1.210335330646541365e+02 5.398215635119576916e+01
1.368031200000000069e+02 5.141456199999999654e+01 1.330318284121700856e+02 3.584673372523403145e+01
9.604994999999999550e+01 6.870289999999999964e+01 1.281103287753488189e+02 6.694557131270371997e+01
1.345830799999999954e+02 5.759463999999999828e+01 1.206421328593982025e+02 6.062397925476541616e+01
1.175016799999999932e+02 5.310159699999999816e+01 1.127331641603745851e+02 5.507807836617328689e+01
9.481428499999999815e+01 3.971272700000000100e+01 1.162862901662370092e+02 4.433773787833277424e+01
1.153752700000000004e+02 5.059105699999999928e+01 1.247394968569221305e+02 4.744238302721171152e+01
9.526812999999999931e+01 4.319290999999999769e+01 1.043922885177871649e+02 5.142322021999638793e+01
9.614772000000000673e+01 4.304235500000000059e+01 1.038180301254240590e+02 6.962775408466092131e+01
9.208877599999999575e+01 6.644231399999999610e+01 1.318032605243297724e+02 3.719184841796423768e+01
1.374030500000000075e+02 6.787948000000000093e+01 1.112233827247470117e+02 5.787113179214674830e+01
9.856878000000000384e+01 5.492711599999999805e+01 1.187236897623705261e+02 5.466218850273208574e+01
9.288750000000000284e+01 6.529811999999999728e+01 1.287611019721550747e+02 6.117225712306053254e+01
1.164859900000000010e+02 6.195959500000000020e+01 1.367340606073326512e+02 5.430757394153401663e+01
1.233585999999999956e+02 3.775298699999999741e+01 1.211609824817520433e+02 4.497781479933134818e+01
1.026455500000000001e+02 6.412498999999999683e+01 1.343798725695167491e+02 4.246375408311140376e+01
1.003260199999999998e+02 6.171815500000000299e+01 1.374061436635756763e+02 6.177500332637961833e+01
1.358907600000000002e+02 5.284387199999999751e+01 1.133489545979756770e+02 6.860495514410004603e+01
9.956618000000000279e+01 3.861913299999999793e+01 1.283251012080616817e+02 4.156704241016065993e+01
1.378637400000000071e+02 4.308997999999999706e+01 1.349987660419656663e+02 6.676982857161577556e+01
1.362611499999999864e+02 6.887183000000000277e+01 1.276716542228543574e+02 3.762508816913461374e+01
1.370550100000000100e+02 6.047201499999999896e+01 1.224945745181239687e+02 5.963064014771542531e+01
1.220744799999999941e+02 5.367751700000000170e+01 1.008607979044586074e+02 4.553731883826652194e+01
1.093788299999999936e+02 6.730993999999999744e+01 9.362289395556584282e+01 5.141598442410336389e+01
1.058603800000000064e+02 6.570698000000000150e+01 1.283617937367788784e+02 4.831046286890285302e+01
1.225811300000000017e+02 6.121703999999999724e+01 1.169013011066156338e+02 6.922089435501077048e+01
1.215311049999999966e+02 6.086510499999999979e+01 9.918222911652560470e+01 5.370082658130121445e+01
1.347181400000000053e+02 6.828470599999999990e+01 1.068797385755347591e+02 6.569531036032090299e+01
1.124857099999999974e+02 6.738697999999999411e+01 9.416951430956277136e+01 5.944710858251324481e+01
1.160137200000000064e+02 4.994438999999999851e+01 1.135050455606848061e+02 6.111960096590483005e+01
1.185045599999999979e+02 6.484065999999999974e+01 1.286759480843638244e+02 3.839074288179629946e+01
1.210040300000000002e+02 4.381646700000000294e+01 1.043065434870958370e+02 5.194037040417974538e+01
1.366090399999999931e+02 6.254430800000000090e+01 1.075632410654034317e+02 5.569030200070500314e+01
1.133212099999999936e+02 5.477952200000000005e+01 1.041844508630180854e+02 4.014414155790463923e+01
1.377362400000000093e+02 6.287449600000000061e+01 1.296740132537528041e+02 6.978540567387076976e+01
1.085675659999999993e+02 5.680635500000000349e+01 1.007354437414315527e+02 3.624233729439747265e+01
1.008468600000000066e+02 4.232002299999999906e+01 9.737664677199779817e+01 6.733032807247785456e+01
1.127646260000000069e+02 5.742548000000000030e+01 1.070635177699581959e+02 3.631628101541017628e+01
1.347378199999999993e+02 6.818597400000000164e+01 9.892885197806646147e+01 4.177702954076805497e+01
1.300085599999999886e+02 6.276484299999999905e+01 1.151759541126584878e+02 5.266799195060549721e+01
1.364731299999999976e+02 3.534309799999999768e+01 1.331979045509470154e+02 5.698662604137456356e+01
1.306594000000000051e+02 3.958785999999999916e+01 1.183109926507435432e+02 6.764363591344798010e+01
9.719414999999999338e+01 6.278937499999999972e+01 1.031491310373771455e+02 3.798525944959759926e+01
9.342373999999999512e+01 6.422974399999999662e+01 1.366180039715488306e+02 4.480242122912184755e+01
1.037407500000000056e+02 4.917862699999999876e+01 1.115320954970514293e+02 3.978570503464608521e+01
1.367304699999999968e+02 6.747073000000000320e+01 1.000456307912102574e+02 4.163503939021983768e+01
1.232669999999999959e+02 5.521932600000000235e+01 1.005218779945502234e+02 5.021977080206826827e+01
1.247188799999999986e+02 5.935538999999999987e+01 1.218062024988266785e+02 6.866364906641560140e+01
1.303248399999999947e+02 5.027868699999999791e+01 1.253119632874078775e+02 5.822018717010155342e+01
1.291370699999999943e+02 6.474119000000000312e+01 1.066319179110904827e+02 3.728498369879278584e+01
1.297479399999999998e+02 6.019642600000000243e+01 1.272585393883250902e+02 5.708071181222302926e+01
1.298000800000000083e+02 6.065485000000000326e+01 9.425036936687496336e+01 4.760452556308243999e+01
1.008080800000000039e+02 6.596468000000000131e+01 1.312706671500917821e+02 6.286114225501162167e+01
1.207393200000000064e+02 5.399756000000000000e+01 1.157327457618213487e+02 5.386064695784085643e+01
1.358793000000000006e+02 6.832295999999999481e+01 1.274662446203690251e+02 5.937986243277219955e+01
1.234705799999999982e+02 5.746117999999999881e+01 9.592000823700075784e+01 5.277307617762941305e+01
1.263459699999999941e+02 5.723924600000000140e+01 1.221039341942154124e+02 3.911332876673290571e+01
9.551240500000000111e+01 4.700285300000000177e+01 1.324281982127621120e+02 4.866759870701130097e+01
1.043039700000000067e+02 3.826391199999999770e+01 1.186542091243032786e+02 6.921436894840945797e+01
1.355774800000000084e+02 4.936659000000000219e+01 1.032190849380897362e+02 5.434768995628088817e+01
1.302298700000000053e+02 4.411104999999999876e+01 1.041391594512107730e+02 6.223481042233107985e+01
1.234647140000000007e+02 4.079735999999999763e+01 9.915759353708922674e+01 6.196728324566535662e+01
9.579735999999999763e+01 4.076124599999999987e+01 1.111490094436504847e+02 6.857146125156936023e+01
1.244733399999999932e+02 5.978685999999999723e+01 1.321450906741141580e+02 6.380612388589294426e+01
1.226312999999999960e+02 6.782847999999999900e+01 1.247588780443794860e+02 6.274179074614583840e+01
1.056291200000000003e+02 6.470005000000000450e+01 1.188840012595622539e+02 4.449862212654195304e+01
1.188622359999999958e+02 5.802089000000000141e+01 1.064437326195401283e+02 5.305019020084981207e+01
1.074293299999999931e+02 4.562702000000000169e+01 1.101888737908217166e+02 4.865601846072827641e+01
1.148245239999999967e+02 4.082608799999999860e+01 1.150574939851904901e+02 5.205594577017183155e+01
9.516834000000000060e+01 3.540656299999999845e+01 1.243444818082887480e+02 6.491079204621495080e+01
1.373030500000000131e+02 4.943370000000000175e+01 1.174072954056438505e+02 5.351407184730465616e+01
1.228202900000000000e+02 5.288609300000000246e+01 1.055178085442612144e+02 5.552091570896467942e+01
1.125337200000000024e+02 5.876469800000000276e+01 1.267583532624879012e+02 4.787253228053172194e+01
1.210394440000000031e+02 6.648418999999999812e+01 1.084363168592876292e+02 4.956364719663622509e+01
9.324991599999999892e+01 4.487876500000000135e+01 1.099638711367705213e+02 6.034531569592762423e+01
1.153566600000000051e+02 5.274234400000000278e+01 1.252884359507264236e+02 4.617846979087551063e+01
1.133329999999999984e+02 5.673472199999999788e+01 1.192394251632637747e+02 5.770844188056030077e+01
1.321107499999999959e+02 6.280727399999999960e+01 1.254271807070667393e+02 5.628902865339446748e+01
1.308691900000000032e+02 5.021161299999999983e+01 1.053610826399959990e+02 5.091244072600424886e+01
1.176811600000000055e+02 4.999291199999999691e+01 1.054316780174598023e+02 5.546844652362484851e+01
1.053103399999999965e+02 4.868883000000000294e+01 1.195784444435087579e+02 6.036407563186286751e+01
1.127881100000000032e+02 6.700262999999999636e+01 1.350248499045690664e+02 6.225513460412315681e+01
9.787319999999999709e+01 4.237385600000000352e+01 1.286702413373537297e+02 6.606898185799505541e+01
1.094101100000000031e+02 5.766582499999999811e+01 1.329021720326705918e+02 4.381211846794565190e+01
1.276217500000000058e+02 5.815567000000000064e+01 9.396280497590890946e+01 5.764120633235025082e+01
9.961059000000000196e+01 6.369157799999999980e+01 1.313224654774167561e+02 4.078817720379802836e+01
1.138006299999999982e+02 3.540925200000000217e+01 1.322844223985972860e+02 5.697250882329449695e+01
1.312872999999999877e+02 4.876053199999999777e+01 1.278849775276437128e+02 5.323006945564316084e+01
1.233985100000000017e+02 4.811843999999999966e+01 1.201735505066641281e+02 6.038725572024361554e+01
1.031321400000000068e+02 5.005382999999999782e+01 1.050518631427199807e+02 4.958205234983456222e+01
1.083012849999999929e+02 5.437543000000000148e+01 1.294416440965190986e+02 4.894520917855807340e+01
1.330698199999999929e+02 4.641217999999999932e+01 1.361137819519508128e+02 6.304264381856327759e+01
1.123364499999999992e+02 5.254028699999999930e+01 1.274393366289967560e+02 3.539720411801155819e+01
1.351996599999999944e+02 4.736585000000000178e+01 1.156797513211871262e+02 4.635358905759485992e+01
1.062774299999999954e+02 6.175794599999999690e+01 1.362643897138556213e+02 3.974641138969753484e+01
1.242548450000000031e+02 6.895856000000000563e+01 1.261967202756992066e+02 6.695183288150491308e+01
9.844664000000000215e+01 6.560905999999999949e+01 1.138690320957980617e+02 4.824884295031019832e+01
1.039233100000000007e+02 4.137460300000000046e+01 1.070838560695205643e+02 6.845658045599134311e+01
1.218907800000000066e+02 6.058512000000000342e+01 1.262436130836450729e+02 6.458467986398817118e+01
1.154809199999999976e+02 6.258726000000000056e+01 1.093436725706224166e+02 6.944275429627762719e+01
1.268415449999999964e+02 5.629915199999999942e+01 1.274277291184980641e+02 6.852678688603418777e+01
1.325090999999999894e+02 3.858546400000000176e+01 1.182776396038411946e+02 5.241012495828785944e+01
1.194133499999999941e+02 5.612178800000000223e+01 9.924567531547965871e+01 5.473160222523870289e+01
1.135815499999999929e+02 6.283503000000000327e+01 1.059726728897455814e+02 5.621942678730336240e+01
1.276399499999999989e+02 4.359067000000000291e+01 1.352176566186235789e+02 6.975992422371575685e+01
1.134251399999999990e+02 6.658665999999999485e+01 1.149748190693070171e+02 5.722725920940460753e+01
9.380387000000000342e+01 4.174504499999999751e+01 1.236628581466101480e+02 4.697918961185618514e+01
1.338985600000000034e+02 5.235605000000000331e+01 1.019382664646552712e+02 5.763267006100761591e+01
9.334332999999999458e+01 3.989628199999999936e+01 1.208161975221371449e+02 6.469856361816316337e+01
1.073836699999999951e+02 4.898013300000000214e+01 1.065605873163760009e+02 3.938186930716392453e+01
1.213935599999999937e+02 3.919628999999999763e+01 1.331759353800724170e+02 3.941840579476395590e+01
1.019195200000000057e+02 4.648414199999999852e+01 9.203019980178866888e+01 6.800739861066639946e+01
1.161189600000000013e+02 4.181031399999999820e+01 1.228420460137646870e+02 5.969865220609984391e+01
1.219254799999999932e+02 4.223789200000000221e+01 1.376679728142632371e+02 4.700553982028097266e+01
1.228253250000000065e+02 3.745292700000000252e+01 1.217354845439126620e+02 5.618955714184404826e+01
1.047271039999999971e+02 6.549576999999999316e+01 1.353954333410366928e+02 5.759530586793189855e+01
1.347803000000000111e+02 6.115250999999999948e+01 1.118640855521512663e+02 3.843884931096600610e+01
1.107963699999999960e+02 5.634107000000000198e+01 9.392747224359557379e+01 4.421841399750118029e+01
1.040613799999999998e+02 6.049796299999999860e+01 1.041830419878726701e+02 4.348435438616467508e+01
1.313628500000000088e+02 6.673791500000000099e+01 1.195110601141896325e+02 6.926930989108362269e+01
1.193807999999999936e+02 6.231979400000000169e+01 1.143676733548515188e+02 5.462225225894717084e+01
1.238206250000000068e+02 6.507634000000000185e+01 9.224661944529688640e+01 6.662887236614201925e+01
1.298264599999999973e+02 4.875956699999999699e+01 9.355935607230580331e+01 4.350620340572670131e+01
1.207007899999999978e+02 4.377951000000000192e+01 9.307135731392580169e+01 5.109948425827127494e+01
1.336815499999999872e+02 4.736565000000000225e+01 1.046656970818138745e+02 4.972855628438487940e+01
1.217793000000000063e+02 4.958662000000000347e+01 1.163592862311084843e+02 4.889092263760652202e+01
1.328617999999999881e+02 3.623093999999999681e+01 9.550901105978091721e+01 5.157883064843183263e+01
1.364897300000000087e+02 6.388716999999999757e+01 1.318460365243601018e+02 4.747351379439337649e+01
1.239343199999999996e+02 5.815125299999999697e+01 1.061367853098809633e+02 5.622218442113703674e+01
1.378662600000000111e+02 6.982735999999999876e+01 1.105457418517961230e+02 5.538682292405200513e+01
1.252290200000000056e+02 5.604797400000000351e+01 1.020353094771134295e+02 6.367031453087265902e+01
9.718044000000000437e+01 3.889817000000000036e+01 9.630878328249755782e+01 4.309584215637089954e+01
1.129713440000000020e+02 5.591232999999999720e+01 1.137924633438794615e+02 3.631741266122929090e+01
9.671662000000000603e+01 6.548481999999999914e+01 1.211528523342137760e+02 5.034083747426844013e+01
1.111412700000000058e+02 6.494727000000000317e+01 9.608868939843951296e+01 6.262976168019287115e+01
1.275243600000000015e+02 3.745123300000000199e+01 9.635507746976401222e+01 5.243930908973118932e+01
1.099284999999999997e+02 6.729084000000000287e+01 1.116428413470447509e+02 4.952747656360373441e+01
1.338738999999999919e+02 3.505416000000000309e+01 1.248277810880016432e+02 4.100566945099802041e+01
1.066348339999999979e+02 6.778414999999999679e+01 1.224402770152502882e+02 4.457672483924049089e+01
1.337663699999999949e+02 5.044924999999999926e+01 1.261766808053893669e+02 5.380572990650983911e+01
1.313948699999999974e+02 3.586773000000000167e+01 1.156798989635361465e+02 5.087186497424463028e+01
1.103336639999999989e+02 6.353291699999999764e+01 1.284464144986692986e+02 5.748378634649047569e+01
9.277927400000000091e+01 3.962583000000000055e+01 1.160159466993647470e+02 4.354577198596227561e+01
1.142303849999999983e+02 5.676774199999999837e+01 1.214611219425276118e+02 6.128161727805345294e+01
1.361330700000000036e+02 5.354596999999999696e+01 1.247158853337344340e+02 5.508634352152332525e+01
1.167841339999999946e+02 3.776747000000000298e+01 1.249725622708310482e+02 6.971163897593140746e+01
1.119305599999999998e+02 5.205868000000000251e+01 1.035326119797827715e+02 5.270292853862085991e+01
9.438846599999999398e+01 4.031015800000000127e+01 1.254983475093816025e+02 3.541947028182266877e+01
1.068678599999999932e+02 6.381319799999999987e+01 1.290164089593328072e+02 6.984085447623562004e+01
1.368104099999999903e+02 5.565367499999999978e+01 1.377651195350263436e+02 6.787151033776854092e+01
1.206620699999999999e+02 6.639817999999999643e+01 9.356662261525301005e+01 4.758863161683724741e+01
1.103462999999999994e+02 6.724505600000000527e+01 1.329910674464798888e+02 5.007108088983959959e+01
9.383820000000000050e+01 5.891158300000000025e+01 1.040485987494272706e+02 5.578089321296494063e+01
1.017724000000000046e+02 3.981458700000000306e+01 1.117965510499564630e+02 3.717822369879475985e+01
1.173170240000000035e+02 3.559248999999999796e+01 1.045712862994896568e+02 6.346266850501262979e+01
1.235533199999999994e+02 6.130510699999999957e+01 1.355032498700014685e+02 6.210791133485154347e+01
1.249292099999999976e+02 3.565120000000000289e+01 9.862753945063980154e+01 6.919398695793198328e+01
1.134150159999999943e+02 6.822314000000000078e+01 9.241917501518840083e+01 5.885298229390670599e+01
9.577902000000000271e+01 4.517924500000000165e+01 9.932579559765407851e+01 5.046632278347856726e+01
1.285295399999999972e+02 5.493441399999999675e+01 1.034410380254772690e+02 4.914999689848979614e+01
1.307075299999999913e+02 5.673199499999999773e+01 1.009057320919632730e+02 6.713709438643584804e+01
9.707605999999999824e+01 6.043931200000000104e+01 1.346247392608022722e+02 5.349996955599908688e+01
1.296929000000000087e+02 4.231410999999999945e+01 1.306053401786011250e+02 5.697644696742401038e+01
9.525037000000000376e+01 5.093585000000000207e+01 1.320858503350233946e+02 3.868801196065364678e+01
9.859493000000000507e+01 4.309593000000000274e+01 1.121804178880917107e+02 3.702295536544560406e+01
1.355886800000000108e+02 4.643408999999999764e+01 1.101567314343356827e+02 4.403970780545348163e+01
1.239386200000000002e+02 3.821930299999999647e+01 1.188174538961428937e+02 5.217812845580714054e+01
1.359813800000000015e+02 6.846658999999999651e+01 9.346891911228190963e+01 6.546498908195835043e+01
1.327313800000000015e+02 3.814770999999999646e+01 9.612788775745839587e+01 4.263047439570900110e+01
1.258248200000000026e+02 6.033276000000000039e+01 9.205426606186702543e+01 4.765007974681559233e+01
1.186272660000000059e+02 4.683688399999999774e+01 1.149222692486277708e+02 5.270396785472232892e+01
1.011211399999999969e+02 5.816889599999999660e+01 1.254322121411052677e+02 4.072667151966788879e+01
9.636706999999999823e+01 4.866378000000000270e+01 1.016761885502514389e+02 3.613609196179980643e+01
1.067559739999999948e+02 6.742802399999999352e+01 1.042019103600697321e+02 5.990976418303779383e+01
1.009700899999999990e+02 4.732034000000000162e+01 1.222787849247529834e+02 6.509669976377664113e+01
1.116045000000000016e+02 4.680906000000000233e+01 1.356881454040353105e+02 5.482811795860855852e+01
9.213756999999999664e+01 5.450085399999999680e+01 1.048182104512896018e+02 5.611060596241325982e+01
1.037253299999999996e+02 6.026968999999999710e+01 1.175665909865697216e+02 6.484907521644058193e+01
9.421202999999999861e+01 6.090870000000000317e+01 1.125116243611165316e+02 6.624666151106104905e+01
1.138199299999999994e+02 6.267815399999999926e+01 1.237516652007345641e+02 4.964828381119130540e+01
1.342609899999999925e+02 5.069985199999999992e+01 1.371119499678954412e+02 5.059777540495862524e+01
1.063761599999999987e+02 6.434953000000000145e+01 1.212658426224213031e+02 4.864630949033822560e+01
1.169342800000000011e+02 4.266548499999999677e+01 1.193039400305713116e+02 5.825716730624478146e+01
1.038725000000000023e+02 4.851848999999999990e+01 1.131490656464493298e+02 5.015368785385705053e+01
1.215820700000000016e+02 6.574401000000000295e+01 9.327681401769933700e+01 5.336903612264137564e+01
1.091557799999999929e+02 6.643088500000000352e+01 1.020132299909583367e+02 3.632244680991880159e+01
1.356773000000000025e+02 4.673428299999999780e+01 1.133262816087821960e+02 3.613183042563794345e+01
1.331251399999999876e+02 6.713410000000000366e+01 1.143360880152011418e+02 5.466008096854093878e+01
1.370529799999999909e+02 4.074389000000000038e+01 1.307282770082449872e+02 5.572972280943782408e+01
1.065789000000000044e+02 5.354368999999999801e+01 1.189156108522328310e+02 5.580174274058362016e+01
1.278148960000000045e+02 5.850153000000000247e+01 1.333810255330584482e+02 3.550256150320399939e+01
1.368883500000000026e+02 3.989352999999999838e+01 1.195371414774748189e+02 3.956526350595239450e+01
1.154514900000000068e+02 6.532047000000000025e+01 9.322844149852852524e+01 6.131194310074231879e+01
1.378039899999999989e+02 4.999645000000000294e+01 1.170957049450094019e+02 3.523267935973295550e+01
1.099103499999999940e+02 5.161455500000000285e+01 1.059542333577747542e+02 3.776725377861652078e+01
1.186875600000000048e+02 5.348340199999999811e+01 1.325089809026986813e+02 6.950382777329772921e+01
1.109360999999999962e+02 5.697852699999999970e+01 1.283552534936139580e+02 6.909410260765989165e+01
1.374616699999999980e+02 3.592125300000000010e+01 9.868210912179210936e+01 4.412318181216463131e+01
1.234520100000000014e+02 3.643175000000000097e+01 1.256254738241472921e+02 4.078786752050758224e+01
1.096850199999999944e+02 6.364363000000000170e+01 1.340624456519678063e+02 4.163437979236547903e+01
1.287802299999999889e+02 6.903870999999999469e+01 1.088153781825462829e+02 4.933577002602982731e+01
1.027318499999999943e+02 4.217830699999999666e+01 1.025565806020150887e+02 5.091369612043686033e+01
1.203109800000000007e+02 4.588696300000000150e+01 1.113457839394009454e+02 6.005497633824341364e+01
1.146987799999999993e+02 3.591790999999999912e+01 1.237672194654561366e+02 3.810423503199466921e+01
9.543085999999999558e+01 3.915487000000000251e+01 1.161576040546478907e+02 3.958382751060097604e+01
1.307729199999999992e+02 5.892434300000000036e+01 1.178948202918317634e+02 3.552341337607409599e+01
1.118709599999999966e+02 6.615093000000000245e+01 1.270942640735727593e+02 5.458955473365540456e+01
