1.023944549999999936e+02 4.811321999999999832e+01 1.111734912958948485e+02 4.002285919736866759e+01
9.432820999999999856e+01 6.398832999999999771e+01 1.316173415478409652e+02 6.464254348563645181e+01
1.261482400000000013e+02 6.885550000000000637e+01 1.195642363615073265e+02 4.466110165055488324e+01
9.599138000000000659e+01 6.353705200000000275e+01 1.046976867645113032e+02 5.231433634852120917e+01
1.327368199999999945e+02 3.730113200000000262e+01 1.111995235758498666e+02 5.942278825523928276e+01
1.138185650000000066e+02 6.695681000000000438e+01 1.149509570251081243e+02 3.762199640633183861e+01
1.137138900000000064e+02 5.597245800000000315e+01 1.175634845782626741e+02 6.935093199272597531e+01
1.088223100000000017e+02 4.469180000000000064e+01 1.181890403488129664e+02 5.349765403479285908e+01
1.211068499999999943e+02 6.337301300000000026e+01 1.251494133981933032e+02 5.975259120089880582e+01
9.276399000000000683e+01 4.047182000000000102e+01 1.346640152647970012e+02 3.595058768174231290e+01
1.128570299999999946e+02 5.715805399999999992e+01 1.072284784447974602e+02 4.962632600476442946e+01
1.064029500000000041e+02 6.490815999999999519e+01 1.259887324463404354e+02 6.971692329442556968e+01
1.256236300000000057e+02 5.928546000000000049e+01 1.348075778038556223e+02 5.971813676939137849e+01
1.164367450000000019e+02 5.002380800000000249e+01 9.753977356415104794e+01 3.569329458041538317e+01
1.313304599999999880e+02 5.917006299999999896e+01 1.001079055274836946e+02 5.453735266044556340e+01
9.600928500000000554e+01 3.826387799999999828e+01 1.062611126041509522e+02 5.811350114145010082e+01
1.019523899999999941e+02 6.235867700000000013e+01 9.626800825336995615e+01 3.510736561920347754e+01
1.168338300000000061e+02 6.845978999999999814e+01 1.331462363639286650e+02 6.023399297623133464e+01
1.359256100000000060e+02 6.001570499999999697e+01 1.276718277484856969e+02 4.146717132735390265e+01
1.256098860000000030e+02 3.802913300000000163e+01 1.003359567568340509e+02 5.292595869081230830e+01
1.322531299999999987e+02 6.535482000000000369e+01 1.197252656748532331e+02 5.149184402852164055e+01
1.240868499999999983e+02 4.143977999999999895e+01 9.632105465065072281e+01 6.641082347356916671e+01
1.184687040000000025e+02 6.456449999999999534e+01 1.215604269764115628e+02 3.983424940398066383e+01
1.220973359999999985e+02 3.747324400000000111e+01 1.103095224955952176e+02 4.573537149713380501e+01
1.156140800000000013e+02 5.241935999999999751e+01 1.036363952918605662e+02 6.218831105310628971e+01
1.161034400000000062e+02 6.589624999999999488e+01 9.639469988055536476e+01 5.449588448302851873e+01
1.056713639999999970e+02 5.190405299999999755e+01 1.203371146067810997e+02 5.080385721914917951e+01
1.161035300000000063e+02 5.092034499999999753e+01 1.339463532182951440e+02 5.806334127571345505e+01
1.342975600000000043e+02 5.047000500000000045e+01 1.356015751774069429e+02 5.923363550437793634e+01
1.202558750000000032e+02 3.691761799999999738e+01 1.335398098932565745e+02 6.543635523543463250e+01
9.648690000000000566e+01 3.992600000000000193e+01 1.247243909116523639e+02 4.625218903831362383e+01
1.065997600000000034e+02 5.146107500000000101e+01 1.106378767650628561e+02 5.944735290122187621e+01
1.177576999999999998e+02 4.647661200000000292e+01 1.240802138416407558e+02 5.881209041587948150e+01
1.346253199999999879e+02 4.361478799999999723e+01 1.010867874964152122e+02 4.961076944141373701e+01
1.278325650000000024e+02 6.943859999999999388e+01 1.172690746583073746e+02 5.547657357039928883e+01
1.288902699999999868e+02 4.266319000000000017e+01 1.314729827475607635e+02 5.921881670411890752e+01
1.354074200000000019e+02 5.689085399999999737e+01 1.137997243759026276e+02 6.528994734099612174e+01
1.138029400000000066e+02 6.695118999999999687e+01 1.210913218696026945e+02 5.520332539011521078e+01
1.263455660000000051e+02 6.963536999999999466e+01 1.112842500262030256e+02 6.972467217767758996e+01
1.074176400000000058e+02 6.680929000000000428e+01 1.235639346884976817e+02 3.973710102275284584e+01
1.100661400000000043e+02 5.793815599999999932e+01 1.288405717213190940e+02 3.547102890217141180e+01
1.364436499999999910e+02 4.229717999999999734e+01 1.103937304773609469e+02 5.827662654120746311e+01
1.346829199999999958e+02 4.800224299999999999e+01 9.783161091045970181e+01 6.929904021965454319e+01
1.196387799999999970e+02 4.566082800000000219e+01 1.070998946548075565e+02 5.737065442317991426e+01
1.143336500000000058e+02 5.074838299999999691e+01 9.663557619459876946e+01 3.595104583878735838e+01
1.177334800000000001e+02 5.912105999999999995e+01 9.402427469546945815e+01 4.939725759510883307e+01
9.607720000000000482e+01 4.594196000000000168e+01 1.028036735637977728e+02 3.792631672792884245e+01
1.168657500000000056e+02 6.853745999999999583e+01 9.971752274810557992e+01 5.713056480573345652e+01
1.055930599999999941e+02 6.742842000000000269e+01 1.294276584578732923e+02 3.862515645569413891e+01
1.029468300000000056e+02 4.661905699999999797e+01 1.133645469554699616e+02 6.676321846936268400e+01
1.130550999999999959e+02 6.670310999999999524e+01 1.348884204006605785e+02 6.366229713191347628e+01
1.321657099999999900e+02 6.890446000000000026e+01 1.140926488853897780e+02 6.290362936294530982e+01
1.340047800000000109e+02 4.727393699999999654e+01 1.194655350420710391e+02 5.779662733664305563e+01
1.039908300000000025e+02 3.995857600000000076e+01 1.346878439258035201e+02 4.745963483771283364e+01
1.038838650000000001e+02 4.027470399999999984e+01 1.271233835500535179e+02 6.881276159874431642e+01
1.031282700000000006e+02 6.346961199999999792e+01 1.320943488080434918e+02 6.609278278710198151e+01
9.410367599999999300e+01 4.683707400000000121e+01 9.989795146481151278e+01 4.595329976104255820e+01
1.088624300000000034e+02 5.752385000000000304e+01 1.173201997732232940e+02 3.903168488345691145e+01
9.645026000000000010e+01 5.764059000000000310e+01 1.316518575157956832e+02 5.853533219322618208e+01
1.000060299999999955e+02 6.571474499999999352e+01 1.371900414348073696e+02 4.101412509757373925e+01
1.205990400000000022e+02 4.722468599999999839e+01 1.121080447925547645e+02 4.363714725763738045e+01
1.238888299999999987e+02 4.577213299999999663e+01 1.330537256735591995e+02 6.883197461765715275e+01
1.270892599999999959e+02 4.063807700000000267e+01 1.069099054536323479e+02 5.245454257056846359e+01
1.354099600000000123e+02 5.487340499999999821e+01 9.228268604050911961e+01 5.693825177200379528e+01
1.032408499999999947e+02 4.871040699999999646e+01 1.077707362745368158e+02 5.065864065493583013e+01
1.043917399999999986e+02 5.141837999999999909e+01 1.003052311698229317e+02 6.633876681762362182e+01
1.266524349999999970e+02 4.005852999999999753e+01 1.376657211944059895e+02 5.814841138872493786e+01
1.059593399999999974e+02 6.162485499999999661e+01 1.091549105591867601e+02 3.781551182896713925e+01
1.234026259999999979e+02 4.115814999999999912e+01 1.316551502011042771e+02 5.232488854027323555e+01
1.028335699999999946e+02 5.662832999999999828e+01 1.002989836797813723e+02 6.492532230417168648e+01
9.816434499999999730e+01 4.644866600000000290e+01 9.360964756209104110e+01 6.405751671275346837e+01
1.093612059999999957e+02 4.570676000000000272e+01 1.012026231503445501e+02 3.701651676046333961e+01
9.573429000000000144e+01 3.713606599999999958e+01 1.317622107076423958e+02 3.587437512023933550e+01
1.319801300000000026e+02 6.534508999999999901e+01 1.130708306519986763e+02 5.872857037730550900e+01
1.057629400000000004e+02 5.378704499999999911e+01 1.166800993765047707e+02 3.580933896413390727e+01
1.268544849999999968e+02 5.979496400000000023e+01 9.672680877078516914e+01 5.621706029696481721e+01
1.074874999999999972e+02 4.529456299999999658e+01 1.091831659310249165e+02 5.320280232434939194e+01
9.536253999999999564e+01 5.861595499999999959e+01 1.283851896102401327e+02 6.834531824684640355e+01
1.114331049999999976e+02 6.401009999999999422e+01 9.394816585731814484e+01 6.950642710020147774e+01
1.023293599999999941e+02 5.154813800000000157e+01 9.250961193281329997e+01 6.183827881454345032e+01
1.363438999999999908e+02 5.151936700000000258e+01 1.222154811607760934e+02 5.597798931835062319e+01
1.343604400000000112e+02 5.352008399999999710e+01 1.255178524737892332e+02 5.291468145573627169e+01
1.292475000000000023e+02 5.356246600000000058e+01 1.238331848829459148e+02 4.215120579023286496e+01
1.248424799999999948e+02 4.243063999999999680e+01 1.326376559045605177e+02 5.548696881609999565e+01
1.348133200000000045e+02 4.448705300000000307e+01 1.276713402969417359e+02 5.402796949902617030e+01
9.688072999999999979e+01 4.251056700000000177e+01 9.788962332209999317e+01 3.772980119860152115e+01
1.366933300000000031e+02 4.723219699999999932e+01 1.011513863068141177e+02 4.587202591185093326e+01
1.043343100000000021e+02 6.323402800000000212e+01 1.122384334978465006e+02 5.050564071449443304e+01
1.115299150000000026e+02 5.904030999999999807e+01 1.058002584257913981e+02 3.700232914653664551e+01
1.025848900000000015e+02 3.943468500000000176e+01 1.261538807267530444e+02 6.515170819010111813e+01
1.377412999999999954e+02 4.273087000000000302e+01 1.196574000176053119e+02 4.924304459144630641e+01
1.197202599999999961e+02 6.586975999999999942e+01 1.371711182484417861e+02 5.429413658029322676e+01
1.235990450000000038e+02 6.941846499999999764e+01 1.102114580189709727e+02 3.948262805545231657e+01
1.135630900000000025e+02 5.915950999999999738e+01 1.139023140695666285e+02 5.581546454207033037e+01
1.277234600000000029e+02 6.877106499999999301e+01 1.250891476871589987e+02 5.420955298317031179e+01
1.178212359999999990e+02 4.984277699999999811e+01 1.140948565514446500e+02 6.627444943012400813e+01
1.279852450000000061e+02 5.981517399999999895e+01 9.477705486910979005e+01 4.016696441527847838e+01
9.431119999999999948e+01 3.976769600000000082e+01 1.325218805324093978e+02 6.310756756075396368e+01
1.132491150000000033e+02 5.881017700000000303e+01 1.112480053721574080e+02 4.897121490485137940e+01
9.602576399999999524e+01 3.697605000000000075e+01 1.324483095561366497e+02 5.553189322494272062e+01
1.166068039999999968e+02 5.251057399999999831e+01 1.350575506444559437e+02 5.818855690518967094e+01
1.033530039999999985e+02 4.667880000000000251e+01 1.061705462517240051e+02 4.793403616551895396e+01
1.220661850000000044e+02 3.824112000000000222e+01 1.147777407222765191e+02 5.463527999176818639e+01
1.354188100000000077e+02 5.773960999999999899e+01 1.027563910065544803e+02 5.195785728374353596e+01
1.125752600000000001e+02 3.782198999999999955e+01 1.268954226353346542e+02 5.295553837474353287e+01
1.087514299999999992e+02 6.824840500000000532e+01 1.120979150022992030e+02 6.768441525298345596e+01
1.300067699999999888e+02 6.759642999999999802e+01 1.150592136818939366e+02 4.585486312222787575e+01
1.055846559999999954e+02 4.430736999999999881e+01 1.001101928811827406e+02 6.464018195700407432e+01
1.350423099999999863e+02 5.930976499999999874e+01 1.212011142115996023e+02 5.164151476392968476e+01
1.123640699999999981e+02 5.726374400000000264e+01 1.233060789075608881e+02 4.539546275507733242e+01
1.115687900000000070e+02 5.822879999999999967e+01 1.252143468275035900e+02 6.281276000474142052e+01
1.297583899999999915e+02 4.202197600000000222e+01 1.225837151764660717e+02 6.890456258983695648e+01
1.088627550000000070e+02 6.511239999999999384e+01 1.327255540620628835e+02 4.022687566847778129e+01
9.558965000000000600e+01 4.558610000000000184e+01 1.220757886571397961e+02 4.638370033338014764e+01
1.327386999999999944e+02 6.520575999999999794e+01 1.144739073523248294e+02 5.627322524812323934e+01
9.607141000000000020e+01 4.099394000000000204e+01 9.556087217552817492e+01 6.213724667859265338e+01
1.320200199999999882e+02 4.390352599999999939e+01 1.110613237394835551e+02 6.884513890318133633e+01
1.233993760000000037e+02 5.600807999999999964e+01 1.037547174247772830e+02 6.018564166774019242e+01
1.324967300000000137e+02 5.870237699999999847e+01 1.262115010360485030e+02 4.615876615397672822e+01
1.203319800000000015e+02 5.181714000000000198e+01 9.574255872934114109e+01 6.929651891462802382e+01
9.794934000000000651e+01 4.111440300000000292e+01 9.906889332501845047e+01 6.561039685666776222e+01
1.294334599999999966e+02 4.124304599999999965e+01 1.047485795666800215e+02 4.703154322644459739e+01
1.375166800000000080e+02 5.479719000000000051e+01 1.045617129706879638e+02 6.768781376520229287e+01
1.271818800000000067e+02 5.645850800000000191e+01 1.094173616712348007e+02 6.648391209914554167e+01
1.208611760000000004e+02 6.358239400000000074e+01 9.591506976714367738e+01 5.160757914016696191e+01
1.335552399999999977e+02 3.943005000000000138e+01 9.725413212435354637e+01 5.251599144601691194e+01
1.350986200000000110e+02 4.677751500000000107e+01 1.280026683113901527e+02 6.453482284507829547e+01
1.373629899999999964e+02 4.215791999999999717e+01 1.093061065456977872e+02 6.011736720969263104e+01
1.278004799999999932e+02 5.078154800000000080e+01 9.575413109060799854e+01 6.215587313606152975e+01
1.346873300000000029e+02 4.790935000000000343e+01 1.068571385426582339e+02 6.764180572763270050e+01
1.181053500000000014e+02 6.824705000000000155e+01 1.105390317964095175e+02 6.590225413269635624e+01
9.309257999999999811e+01 6.523121000000000436e+01 1.161112857779140199e+02 5.723023025065066349e+01
1.066004499999999950e+02 6.671836999999999307e+01 1.172571460394157015e+02 5.415953153034137557e+01
1.143947699999999941e+02 3.913360000000000127e+01 1.147343622523297739e+02 4.510816679888043268e+01
1.167336499999999972e+02 3.767959599999999654e+01 1.162052704590112455e+02 4.703468587599068940e+01
1.307606000000000108e+02 6.531921400000000233e+01 1.267972170078908789e+02 4.351757914539210503e+01
1.092056000000000040e+02 4.450489000000000317e+01 1.020673626204130073e+02 4.124818812114551037e+01
1.093431199999999990e+02 5.360247400000000084e+01 1.279394907099053285e+02 4.187202808242530949e+01
1.346184700000000021e+02 5.579169499999999715e+01 1.297287170732770960e+02 6.653280211519552267e+01
1.181307599999999951e+02 6.529719000000000051e+01 1.104833829157448264e+02 6.654754991698550270e+01
1.195583500000000043e+02 4.484248000000000189e+01 1.072390113942067984e+02 5.019394182168506546e+01
1.141873250000000013e+02 6.630110999999999422e+01 1.296200825672506483e+02 6.281322859023259753e+01
1.122552100000000053e+02 5.814871200000000329e+01 1.255919264606310151e+02 6.217629994662821957e+01
1.277210400000000021e+02 3.798819999999999908e+01 9.234540550222521915e+01 5.357954320552815375e+01
1.021744599999999963e+02 4.839929200000000264e+01 1.189313192884552990e+02 6.509056613304643690e+01
9.987014999999999532e+01 4.085164600000000235e+01 9.811452710005477229e+01 4.364614694233786452e+01
1.314610900000000129e+02 4.021933700000000300e+01 1.264213502614417450e+02 5.945877623324983574e+01
1.289813200000000109e+02 6.302158399999999716e+01 1.169533235364262964e+02 6.631283794956077315e+01
1.137143250000000023e+02 6.302846000000000259e+01 1.236602145264593560e+02 5.193880868254142058e+01
1.207592099999999959e+02 5.875544699999999665e+01 1.309268851099289463e+02 5.176904171264378363e+01
1.278565700000000049e+02 3.811675000000000324e+01 1.209814511458250479e+02 3.897597094031211640e+01
9.475802000000000191e+01 3.782542999999999722e+01 1.350305249772957268e+02 4.708190800922746178e+01
1.133846599999999967e+02 5.737774999999999892e+01 9.757572292548812243e+01 4.844392365562540448e+01
1.069193400000000054e+02 5.945234700000000316e+01 1.218162818033741956e+02 5.147985699046145669e+01
1.319109200000000044e+02 4.064019400000000104e+01 1.197964638311512289e+02 3.908705708984425087e+01
1.348235799999999927e+02 4.961592000000000269e+01 1.001742106184457697e+02 6.694173488480799961e+01
1.227935260000000000e+02 5.788669199999999648e+01 1.067440497206189036e+02 3.833800489679347123e+01
1.191930399999999963e+02 6.205193700000000234e+01 1.002419691124013070e+02 5.055296943550087008e+01
1.310868700000000047e+02 6.495543999999999585e+01 1.039594290841519495e+02 6.366657753086815319e+01
1.133291300000000064e+02 6.728217999999999677e+01 1.069443608808551573e+02 3.775634453552918757e+01
1.255010450000000048e+02 5.979644799999999805e+01 1.336489618297529773e+02 4.628928754176871507e+01
1.228964399999999983e+02 6.520598599999999578e+01 1.128410968190323160e+02 6.369927571821924062e+01
1.303636799999999880e+02 4.830610999999999677e+01 1.233213476130782311e+02 5.563483126533213863e+01
1.371529099999999914e+02 3.569744500000000187e+01 1.129467841586878478e+02 5.570717569499642963e+01
1.341650400000000047e+02 4.366583299999999923e+01 1.123675673354189115e+02 6.337591113922249519e+01
1.370354800000000068e+02 4.519325599999999810e+01 1.211906426450201195e+02 6.967093103371458085e+01
1.245135300000000029e+02 6.885027999999999793e+01 1.360648921443603570e+02 5.432934928196284119e+01
1.078201750000000061e+02 6.916227999999999554e+01 1.231166374599707041e+02 5.244037662523999188e+01
1.267501500000000050e+02 6.225421500000000208e+01 1.150792979734689254e+02 4.410428319805084385e+01
1.154181399999999940e+02 5.275567000000000206e+01 1.181627144320003140e+02 5.881172005203349329e+01
1.299738600000000019e+02 4.006620399999999904e+01 1.122187688230374363e+02 3.711599702599387030e+01
1.304262400000000071e+02 6.264705299999999966e+01 1.156814824804630888e+02 6.930918819726079505e+01
9.487002999999999986e+01 4.951098000000000354e+01 1.231649005595304089e+02 4.683106913711855412e+01
1.228504939999999976e+02 4.187241999999999820e+01 1.215253413164268892e+02 3.579040113097234865e+01
1.006695859999999954e+02 6.484783000000000186e+01 1.266297522304982408e+02 5.603253343179565604e+01
1.324243600000000072e+02 6.488380999999999688e+01 9.952416902762773532e+01 4.742411217349519603e+01
1.308886599999999873e+02 4.676214600000000132e+01 1.370233300688765041e+02 5.983255465522355365e+01
1.261268539999999945e+02 5.741901000000000010e+01 1.337457064964677897e+02 6.937037077165291521e+01
1.051884840000000025e+02 5.407434500000000099e+01 1.019208436292634019e+02 6.472888502797995613e+01
1.303482700000000136e+02 6.551869999999999550e+01 1.236667948712289444e+02 5.926972587325570885e+01
1.264556599999999946e+02 3.962801699999999983e+01 1.228871981437247030e+02 5.175483947259858297e+01
1.361555999999999926e+02 4.953344700000000245e+01 1.327612978102773127e+02 6.958861769657755758e+01
1.200123799999999932e+02 4.956056600000000145e+01 1.307896196346873694e+02 6.858116370665624117e+01
1.047366499999999974e+02 6.219717800000000096e+01 1.049740293702847254e+02 5.887492594685811298e+01
1.035749399999999980e+02 3.972534600000000182e+01 9.611882832335922444e+01 5.820767857815472723e+01
1.067369800000000026e+02 5.852929300000000268e+01 1.013436688228553919e+02 3.839269844204070381e+01
1.282375999999999863e+02 3.746785700000000219e+01 1.276796507248931363e+02 4.715912287679387305e+01
9.559592399999999657e+01 6.545029399999999953e+01 1.259282672909777432e+02 5.741271341997234146e+01
1.191252999999999957e+02 5.451771500000000259e+01 1.374377448926869079e+02 5.304381845486168601e+01
1.095118700000000018e+02 6.987735999999999592e+01 1.272834090617355116e+02 4.708711903507502683e+01
9.826823000000000263e+01 3.592634999999999934e+01 1.193929470251817975e+02 6.720768513944662459e+01
1.215424000000000007e+02 4.956035200000000174e+01 1.030884338264381057e+02 3.765216888045511467e+01
1.308657499999999914e+02 3.508633999999999986e+01 1.114467311014628308e+02 4.067294679065778951e+01
1.289333499999999901e+02 3.834403600000000267e+01 1.182308580074728610e+02 3.953051683518292947e+01
1.337317199999999957e+02 4.680275000000000318e+01 1.255035895562930079e+02 4.469879313113949593e+01
1.051237500000000011e+02 4.343054999999999666e+01 1.313268344586079195e+02 3.786175843051901779e+01
1.144350050000000039e+02 5.995313600000000065e+01 9.990980497641535862e+01 6.969651155851342139e+01
1.343707699999999932e+02 5.009324600000000061e+01 1.371115710645698869e+02 4.341708743497036949e+01
1.347220499999999959e+02 4.999175999999999931e+01 1.167285658504482910e+02 6.433765462704394622e+01
1.025221099999999979e+02 4.501479700000000150e+01 9.763271660245274575e+01 6.587623408598011565e+01
9.595001999999999498e+01 6.466397999999999513e+01 1.213857522143980106e+02 6.600563593685521369e+01
1.290626200000000097e+02 4.030111300000000085e+01 1.355995905842957825e+02 6.627147804297118228e+01
1.061654599999999959e+02 5.734033199999999653e+01 1.335928663427620506e+02 4.312111794550528998e+01
1.180556950000000001e+02 4.647782500000000283e+01 1.076231366408262602e+02 5.894810887120389964e+01
1.152320299999999946e+02 5.966016400000000175e+01 9.645647876669909238e+01 3.754346278376278434e+01
1.233379099999999937e+02 4.795910299999999893e+01 1.112018839314033869e+02 4.036020092241462720e+01
1.022252000000000010e+02 5.481523500000000126e+01 1.340826584467890257e+02 4.133792422835038849e+01
1.216290900000000050e+02 3.923321500000000128e+01 1.124643739861246843e+02 4.070248817534817931e+01
1.283379400000000032e+02 5.314012999999999920e+01 1.314516954121916115e+02 5.734637900136024768e+01
1.115326160000000044e+02 5.735440400000000238e+01 9.697638127521013018e+01 4.826324285631714162e+01
1.188639450000000011e+02 4.617845499999999959e+01 1.173856225223816097e+02 6.872917453699014345e+01
1.358191199999999981e+02 4.654333499999999901e+01 9.805065877732957347e+01 4.996269405682128451e+01
1.162105700000000041e+02 4.969053600000000159e+01 1.203804886939506957e+02 5.556374565406891008e+01
1.052851900000000001e+02 5.441114400000000018e+01 1.333361264412383775e+02 3.927208708912081647e+01
1.352012599999999907e+02 4.531300699999999892e+01 1.200385514484570990e+02 6.262955882856753931e+01
1.376905500000000018e+02 6.961476000000000397e+01 1.035366344095677960e+02 5.857334133990829628e+01
1.351138799999999947e+02 5.220130999999999943e+01 9.775698760190455516e+01 6.400452517131934371e+01
1.327068999999999903e+02 6.648405999999999949e+01 1.325890147060430593e+02 3.942535587840779954e+01
1.346901100000000042e+02 5.328213000000000221e+01 1.303299175459337675e+02 4.444513914357912654e+01
1.163338300000000061e+02 4.963624200000000286e+01 9.332181576359177200e+01 3.981707844074125546e+01
1.302204900000000123e+02 5.691657299999999964e+01 1.371765598785910640e+02 6.502372771743642943e+01
1.211527559999999966e+02 6.379101599999999905e+01 1.180048718269340355e+02 4.537576331291862175e+01
1.313499300000000005e+02 3.606913800000000236e+01 1.250621450599471132e+02 3.732880898210308374e+01
1.101399700000000053e+02 5.342727699999999658e+01 1.095819513708306090e+02 3.920597424139966591e+01
1.291178099999999915e+02 6.282701000000000136e+01 1.165125994758584227e+02 6.597426259105975532e+01
9.724459000000000231e+01 5.547702400000000011e+01 1.048417303235222846e+02 5.308640835741547903e+01
1.334870600000000138e+02 4.257648999999999972e+01 1.199305745923661277e+02 4.554946749219194402e+01
1.374315499999999872e+02 4.426265000000000072e+01 1.246686417339019357e+02 4.499415443389249702e+01
1.331070599999999899e+02 4.078096000000000032e+01 1.366185100290071546e+02 5.094042972808551184e+01
1.116892500000000013e+02 3.833706999999999709e+01 9.606692151749464870e+01 5.665593028160196809e+01
1.061117700000000070e+02 6.838577999999999690e+01 1.228191051107590965e+02 4.918949729409479232e+01
1.238079900000000038e+02 5.720375400000000354e+01 1.209737353377069411e+02 6.768132719238495554e+01
1.089134399999999943e+02 4.635067399999999793e+01 9.433166434706026848e+01 5.960649346647240066e+01
1.068808060000000069e+02 5.541333800000000309e+01 1.029695457139465873e+02 3.942574855124150446e+01
1.059183400000000006e+02 6.725857999999999493e+01 1.015538801840514083e+02 6.102931402125248894e+01
1.008032900000000041e+02 3.587965799999999916e+01 1.159752982421928493e+02 6.585503394163963264e+01
1.118090739999999954e+02 5.815490299999999735e+01 1.039221467676097319e+02 4.165445777051581899e+01
9.503400999999999499e+01 4.826057000000000130e+01 9.464647995036686723e+01 4.912236861159079382e+01
1.331576399999999865e+02 4.985916499999999729e+01 1.070113661828258529e+02 6.953440070031925302e+01
1.025146000000000015e+02 4.883102399999999932e+01 1.339843984862312425e+02 4.484675494254990014e+01
1.044767200000000003e+02 3.661670699999999812e+01 1.113485218809968273e+02 5.762827462208059615e+01
1.376431599999999946e+02 6.244700199999999768e+01 1.232244863936716968e+02 5.973788045684527503e+01
1.369787900000000036e+02 6.950996000000000663e+01 1.327293999622326055e+02 5.812906474297778914e+01
1.323467899999999986e+02 5.949927499999999725e+01 1.191361317986472557e+02 3.999916373292779781e+01
1.313378899999999874e+02 5.852443300000000193e+01 1.205308179311002732e+02 4.268206556307193011e+01
1.006804800000000029e+02 4.138840499999999878e+01 1.317081060072038952e+02 6.124868604639734571e+01
1.043121799999999979e+02 3.501574300000000051e+01 1.237921322505188186e+02 5.960627248475739037e+01
1.154960599999999999e+02 4.745178200000000146e+01 1.195494994207586359e+02 5.743470041149636529e+01
1.366916200000000003e+02 5.175617600000000351e+01 1.062932895223986094e+02 5.407688638473160836e+01
1.347979400000000112e+02 5.332272999999999996e+01 1.191298553697743898e+02 5.764028919964471953e+01
9.911858999999999753e+01 4.324430999999999869e+01 1.266664903610811450e+02 6.111715008306461527e+01
1.209257000000000062e+02 4.925255200000000144e+01 9.311754252183607150e+01 3.652109273671828049e+01
1.356246500000000026e+02 5.434440000000000026e+01 1.169817583880714267e+02 6.204022886998935604e+01
1.163279299999999949e+02 3.967260000000000275e+01 1.266568766114434652e+02 6.148953693301876910e+01
1.075105499999999950e+02 4.657856400000000008e+01 1.080749784756291376e+02 3.710028809871339917e+01
1.233258060000000000e+02 6.405006000000000199e+01 1.167985013506780234e+02 5.968821596660026785e+01
1.295448900000000094e+02 4.203256999999999977e+01 1.270266750401273725e+02 3.695880507077002619e+01
1.130254000000000048e+02 6.018344499999999897e+01 1.346334190243184139e+02 6.013130403894466269e+01
9.240642499999999870e+01 6.633324399999999343e+01 1.251899700195490084e+02 5.764768169785749308e+01
1.047051199999999938e+02 4.426525999999999783e+01 1.200089653980040367e+02 6.360762660186334472e+01
1.246290300000000002e+02 3.972558000000000078e+01 1.104243545100948438e+02 6.496957828944242408e+01
1.327821399999999983e+02 6.254310000000000258e+01 1.370792369211426376e+02 6.597891386370648092e+01
1.266702650000000006e+02 5.792263400000000217e+01 1.057460499305636432e+02 5.358504095389412214e+01
1.033268099999999947e+02 6.551658999999999367e+01 9.237274827921605436e+01 6.245494248779241531e+01
1.334584700000000055e+02 4.586475999999999686e+01 9.423927427819795355e+01 3.940631905672056234e+01
1.103841800000000006e+02 4.689770500000000197e+01 1.226426459525524990e+02 5.437238999893882152e+01
1.128607200000000006e+02 5.217754399999999748e+01 9.966319539169197128e+01 6.575267920177766712e+01
1.364318800000000067e+02 3.824378999999999706e+01 9.513194854039279846e+01 3.782667832294937682e+01
9.696164000000000271e+01 3.827187700000000348e+01 9.517383054583237367e+01 5.213569430280556105e+01
9.961864500000000078e+01 4.244724000000000075e+01 1.113374874355311306e+02 6.490779908254916108e+01
1.138751139999999964e+02 5.824143000000000114e+01 9.336396123455858742e+01 5.116077598589461672e+01
1.176154250000000019e+02 4.960932499999999834e+01 1.326330895866539663e+02 6.522288614158769349e+01
1.333644600000000082e+02 3.957710000000000150e+01 1.063646464651468904e+02 6.712081140298461435e+01
1.236966400000000021e+02 5.796273399999999754e+01 1.054820307033341749e+02 5.323257817097547218e+01
1.068961400000000026e+02 4.665027200000000107e+01 1.082470300500701796e+02 4.451429799422555789e+01
1.284813699999999983e+02 3.778779000000000110e+01 1.235298747077527395e+02 3.866343692048927494e+01
1.174192800000000005e+02 6.475329000000000690e+01 1.003251427030750307e+02 4.538192446370025124e+01
1.223317700000000059e+02 6.445031000000000176e+01 1.084647237178953105e+02 5.634861764272018547e+01
1.349447800000000086e+02 4.617287400000000019e+01 1.367508171415510105e+02 6.748524659051771835e+01
1.004147600000000011e+02 3.989914999999999878e+01 1.295149668406132548e+02 4.618851217135026843e+01
1.232302200000000028e+02 5.847270999999999930e+01 1.251582492458216791e+02 5.410533337989720337e+01
1.348987300000000005e+02 5.387854999999999706e+01 1.027805680114919085e+02 5.863393393104581719e+01
1.029638599999999968e+02 4.456754300000000057e+01 1.297142881629702629e+02 5.777337340704872304e+01
1.213796159999999986e+02 6.646210000000000662e+01 1.082352591699323199e+02 5.602423066205294333e+01
1.216677499999999981e+02 6.209411999999999665e+01 1.128567849386209332e+02 4.402054552952290578e+01
1.123416699999999935e+02 5.769964000000000226e+01 1.167174888937152559e+02 6.794125324452583925e+01
9.670753999999999451e+01 4.132718700000000212e+01 1.245836129700087156e+02 5.131442548518464264e+01
1.199271700000000038e+02 6.676372000000000639e+01 1.236804215947529144e+02 6.093625529896255699e+01
9.940861499999999751e+01 4.560683000000000220e+01 1.172123055009222981e+02 5.012266002635549711e+01
1.015891340000000014e+02 4.724515000000000242e+01 1.152355947391699686e+02 6.905808982885707792e+01
1.258444439999999958e+02 3.973371499999999656e+01 1.107237479596072092e+02 6.289625607740225632e+01
1.277453900000000004e+02 6.870624499999999557e+01 1.214409926436274247e+02 4.160324413598647908e+01
1.045013399999999990e+02 5.101257700000000028e+01 1.208340853007962465e+02 4.153263356416587015e+01
9.833098999999999990e+01 4.177409999999999712e+01 1.056019769195231532e+02 3.515052842100940467e+01
1.340953499999999963e+02 4.368100400000000150e+01 9.540637442893472553e+01 4.128677123472932919e+01
1.056122199999999935e+02 4.302997599999999778e+01 1.145390366161429512e+02 4.029960377048306697e+01
1.002985599999999948e+02 4.151474999999999937e+01 1.063694715775738331e+02 6.954692099805561156e+01
9.844848000000000354e+01 4.719725999999999999e+01 9.960607449178996831e+01 5.447204339824790509e+01
1.023033499999999947e+02 6.605926999999999794e+01 1.002338753641890747e+02 4.876603232391687470e+01
1.095243300000000062e+02 5.239529399999999981e+01 9.522471936043878316e+01 3.580915391532509062e+01
1.024266599999999983e+02 3.831853999999999871e+01 9.995081217334690393e+01 6.834749882357333206e+01
1.355577499999999986e+02 6.552724000000000615e+01 9.601038549569624081e+01 6.577291592472175807e+01
1.140900960000000026e+02 5.671571699999999794e+01 1.157596921191269814e+02 6.023878499661321939e+01
1.165983800000000059e+02 5.033196999999999832e+01 1.295613646747383996e+02 5.166986247462806148e+01
1.255145499999999998e+02 3.988392300000000290e+01 1.183846189374640971e+02 4.516815882193681375e+01
1.013396800000000013e+02 4.091257499999999681e+01 1.145111662991837420e+02 3.943861136940207501e+01
1.209438200000000023e+02 6.579501000000000488e+01 1.137629962827059842e+02 4.677063098452689616e+01
1.224706500000000062e+02 6.799121999999999844e+01 1.340497311185223737e+02 4.952388248322920106e+01
1.311754200000000026e+02 5.622561600000000226e+01 9.561003670903842533e+01 5.256832424950164295e+01
9.575677000000000305e+01 3.859582000000000335e+01 9.764750366023802997e+01 4.736576501482149837e+01
1.204246100000000013e+02 6.231484600000000285e+01 1.237717067950879368e+02 4.632604112123296147e+01
1.160637700000000052e+02 5.782109499999999969e+01 1.202254723472358933e+02 5.713588322320606494e+01
9.557548500000000047e+01 5.319823499999999683e+01 9.232050870443104884e+01 4.636655903698029135e+01
1.051468500000000006e+02 6.515932999999999709e+01 1.097726834917541225e+02 6.894260943731315194e+01
1.179316199999999952e+02 5.411393400000000042e+01 1.172087938862416081e+02 5.655990742668619475e+01
1.234825199999999938e+02 5.638200799999999902e+01 1.039243833204808567e+02 6.170612737764515998e+01
9.307535000000000025e+01 5.584784700000000157e+01 1.353634830274169190e+02 3.762145579964980158e+01
1.318831199999999910e+02 6.519039999999999679e+01 1.266293010806536188e+02 6.832754358756366742e+01
1.266517599999999959e+02 5.783147999999999911e+01 1.075448393272816645e+02 5.792769306688838071e+01
1.070964400000000012e+02 4.531366700000000236e+01 1.075903272840352543e+02 3.664522207082632832e+01
1.016654050000000069e+02 5.439698800000000034e+01 9.401839757595253388e+01 4.309802765313421702e+01
1.232779500000000041e+02 6.408071999999999946e+01 1.162468522640776740e+02 6.634489448136713463e+01
1.119978299999999933e+02 6.080753700000000350e+01 9.478341436095900008e+01 4.022455336802455150e+01
1.095452999999999975e+02 5.220594799999999935e+01 1.370416302951708758e+02 5.978676204977774944e+01
1.223227200000000039e+02 6.547964500000000498e+01 1.291880274741440928e+02 4.744107944994998860e+01
1.114380100000000056e+02 5.875666400000000067e+01 1.306588088159577978e+02 5.911377362311581862e+01
1.306865699999999890e+02 5.963584000000000174e+01 1.110066437764962188e+02 5.694220155728150701e+01
9.765483000000000402e+01 4.698033999999999821e+01 1.247726858025992129e+02 5.123053224819020102e+01
9.533765999999999963e+01 6.871425000000000693e+01 1.175959323832846763e+02 4.720495113663868381e+01
1.124406299999999987e+02 5.732614499999999680e+01 1.369985441845871037e+02 4.919146211047746675e+01
1.227413099999999986e+02 6.434415400000000318e+01 1.125527011896484453e+02 4.667975855054078238e+01
1.312434399999999926e+02 5.882000399999999729e+01 1.315957446410472471e+02 3.788821540518293318e+01
1.277011099999999999e+02 6.663982000000000028e+01 1.122003411837811484e+02 5.463570588960790531e+01
1.126823040000000020e+02 6.530576000000000647e+01 1.269643421977422406e+02 6.635646811209460338e+01
