1.210324499999999972e+02 1.877111599999999925e+01 1.004914687484457261e+02 1.749947517967652288e+01
1.061427599999999956e+02 1.381433000000000000e+01 1.359780826248968708e+02 1.227071529932370986e+01
9.231682999999999595e+01 1.464926299999999948e+01 9.307086668717073508e+01 6.274303023574173466e+00
1.221371100000000069e+02 3.243491000000000213e+01 1.108943049516020096e+02 1.197493264964362325e+01
1.045930900000000037e+02 2.917896000000000001e+01 1.000002266010816641e+02 1.950201286762609243e+01
1.182681050000000056e+02 5.761924999999999741e+00 1.313848541254684221e+02 2.734193126267397389e+01
1.020694000000000017e+02 1.701910399999999868e+01 1.204038344201560307e+02 3.376778546608916542e+01
1.047877660000000049e+02 2.743140400000000056e+01 9.278182449823485456e+01 3.826762245440860521e+00
1.044074200000000019e+02 1.407581799999999994e+01 1.054118261428070582e+02 1.040270788809358393e+01
1.327039000000000044e+02 1.584810399999999930e+01 9.409612759322571662e+01 4.916277996193835875e+00
1.262945699999999931e+02 1.275773399999999924e+01 9.760937347543904252e+01 1.066642999772540890e+01
1.219990200000000016e+02 5.213186999999999571e+00 1.292239038548236465e+02 2.705827749915379954e+01
9.284171999999999514e+01 9.692450000000000232e-01 1.129708674736742324e+02 1.589617230356939004e+01
9.311654000000000053e+01 1.801235199999999992e+01 9.399742016960063040e+01 4.928616514279119620e+00
9.403598999999999819e+01 1.528279200000000060e+01 1.050966814950068908e+02 3.458528290505010006e+01
1.074369499999999960e+02 2.925465799999999916e+01 1.325700875985413063e+02 5.701253429896880220e+00
1.219884500000000003e+02 2.734084500000000162e+01 1.092014581198324947e+02 5.323503950780358096e+00
1.114765500000000031e+02 2.000540499999999966e+01 1.309373046556746090e+02 2.340618928176552771e+01
1.133089750000000038e+02 2.231603600000000043e+01 1.036441067079750269e+02 3.374309508694882709e+01
1.096529100000000057e+02 2.872749299999999906e+01 1.304178218919900587e+02 2.663769350758634857e+00
1.077591400000000021e+02 1.810984399999999894e+01 1.016980856717894994e+02 1.032343676448604164e+01
1.247264200000000045e+02 3.881044000000000160e+00 9.848428455379102786e+01 4.331916523954484788e+00
1.306637699999999995e+02 1.285029600000000016e+01 1.342863223989929793e+02 6.699854995600034613e+00
1.290636000000000081e+02 2.394454999999999956e+01 1.023107937951921116e+02 1.437795212931021283e+01
1.207911699999999939e+02 1.297105099999999922e+01 1.004395244583456019e+02 2.356831039092882918e+01
1.308442000000000007e+02 8.125244999999999607e+00 1.085841544859023031e+02 3.465787455748216672e+01
1.178990299999999962e+02 2.116672000000000153e+01 1.046234928688077730e+02 4.542049579822784899e+00
1.175501100000000037e+02 2.228393600000000063e+01 1.052699384079798222e+02 1.278848647877931022e+01
1.208729550000000046e+02 1.335633900000000018e+01 1.223817765643015321e+02 1.579688655651503204e+01
9.423632999999999527e+01 1.031035299999999921e+01 1.233718696918434858e+02 1.771762495770286705e+01
9.548212999999999795e+01 1.554973200000000055e+01 1.340739455614051963e+02 2.833355258297687751e+00
1.254603199999999958e+02 1.298301599999999922e+01 1.212192827261994665e+02 3.881998475772463042e+00
9.319089999999999918e+01 1.835962900000000175e+01 9.407649843256139377e+01 3.027998796775701607e+01
1.277506199999999978e+02 9.857113000000000014e+00 1.262412300034340831e+02 3.104546782636354152e+01
1.356619699999999966e+02 1.893849600000000066e+01 1.107681324699061634e+02 3.209421735959850253e+01
1.304027600000000007e+02 8.559516999999999598e+00 1.026974980686989625e+02 1.613622314208660313e+01
1.171641500000000065e+02 3.398652599999999779e+01 9.635816693833075419e+01 3.121089742317788307e+01
1.155710700000000060e+02 2.116927000000000092e+01 1.257555874251021635e+02 3.339383118945912088e+01
1.054726639999999946e+02 1.292944400000000016e+01 1.215646717327581428e+02 1.913471563087020755e+01
1.285267200000000116e+02 1.431049299999999924e+01 1.334140050942257290e+02 6.801658401277260957e+00
1.211230850000000032e+02 1.021513700000000036e+01 1.103808649967155020e+02 3.341305631604262771e+01
1.270486300000000028e+02 1.419520600000000066e+01 1.238877116519741151e+02 2.780868460641247708e+00
1.063295999999999992e+02 3.358952000000000027e+01 1.156096086505680773e+02 2.523971974822623920e+01
1.195463639999999970e+02 2.841035700000000119e+01 1.124568243526687041e+02 2.637706937390587925e+01
1.162961800000000068e+02 2.799809799999999882e+01 1.322004194558391248e+02 2.556499891680550363e+01
1.081180899999999951e+02 3.227875000000000227e+01 1.197667330220679531e+02 1.704831573983190296e+01
1.239082300000000032e+02 3.439435000000000020e+00 9.512482819496189279e+01 5.524076922518994515e-01
1.064971539999999948e+02 2.229241000000000028e+01 9.475303178633406276e+01 2.728677424171709021e+01
1.151904700000000048e+02 8.768988999999999479e+00 9.472372620679040267e+01 2.120714105526130311e+01
1.130844799999999992e+02 1.852679300000000140e+01 1.165861393992542787e+02 8.394692448545503893e+00
9.569082000000000221e+01 2.712815700000000163e+01 1.295051485370187265e+02 5.265801479914111738e-01
1.036124999999999972e+02 3.156100700000000003e+01 1.338695889249370623e+02 5.450424115190345198e+00
1.089955800000000039e+02 1.639875599999999878e+01 9.939011171295051383e+01 1.939496502561671321e+01
1.174997939999999943e+02 1.471192300000000053e+01 1.316320873270286711e+02 4.692451127120366827e+00
1.251190799999999967e+02 3.508843000000000156e+00 1.069497505429168882e+02 3.365583858277501861e+01
1.335709999999999980e+02 3.229453000000000173e+01 1.250327920718272736e+02 7.887561522617614784e+00
1.190807700000000011e+02 3.056827399999999884e+01 1.052249760857517202e+02 1.490700949559969324e+01
1.068862400000000008e+02 1.928219199999999844e+01 1.261743069813305738e+02 3.263795256394492128e+01
1.064599699999999984e+02 1.460681199999999968e+01 9.300822474099960857e+01 5.412618755536836801e+00
1.215634399999999999e+02 8.080892999999999660e+00 1.141137847415280504e+02 2.365554801450511846e+01
1.234426899999999989e+02 2.473543000000000092e+01 1.221687897298290437e+02 2.611006277084412375e+01
1.297718999999999880e+02 1.096346999999999916e+01 1.271192390158298764e+02 2.627145959571677736e+00
1.267436749999999961e+02 9.896597999999999118e+00 1.029944539937486496e+02 3.312444033419298961e+01
1.322730999999999995e+02 7.564643000000000228e+00 1.254662113386669660e+02 3.658186280667737655e+00
1.004711900000000071e+02 2.451955200000000090e+01 1.000598896229687256e+02 7.878376875904617549e+00
1.221421050000000008e+02 3.095749999999999780e+00 1.102125786020474862e+02 6.061563544526332947e+00
1.008322600000000051e+02 1.836909500000000151e+01 1.048831259777690690e+02 1.385640782627959844e+01
1.352721099999999979e+02 9.163007999999999598e+00 1.374730075874259683e+02 2.673759803937198498e+01
9.760130999999999801e+01 1.960865599999999986e+01 1.187953892175600856e+02 1.392882147379234503e+01
1.365753499999999860e+02 3.356936300000000273e+01 1.136931192757353699e+02 2.286348332193650279e+01
1.034398300000000006e+02 1.943669999999999831e+01 1.222312236804720271e+02 3.342347154470675008e+01
1.078147349999999989e+02 2.483155299999999954e+01 9.922207095318591996e+01 2.594097671823071138e+01
1.123661100000000062e+02 1.985620899999999978e+01 9.256524781836326099e+01 2.208955134555646538e+01
1.117049099999999981e+02 1.392223999999999906e+00 1.115040745065229828e+02 3.852181983783830699e+00
1.182972699999999975e+02 1.483025899999999986e+01 1.038500431996268532e+02 2.542887936220336798e+01
1.337603000000000009e+02 1.258384500000000017e+01 1.288792470390404503e+02 3.110151676355330963e+01
1.150381200000000064e+02 7.768379999999999619e+00 1.002520197593480020e+02 6.910097807853234464e+00
1.078109199999999959e+02 3.159997999999999863e+01 1.296252718762684708e+02 2.815488742830268620e+01
1.332002899999999954e+02 1.412760000000000127e-01 1.156379339907602457e+02 7.524244558081598200e+00
1.215447099999999949e+02 1.486668399999999934e+01 1.057701129825759949e+02 1.473985804131161537e+01
1.185986900000000048e+02 1.763774300000000039e+01 1.007781348825077856e+02 1.744990730191086215e+01
1.009766800000000018e+02 1.603761899999999940e+01 1.365733491743649495e+02 1.394350108118575982e+01
1.186736449999999934e+02 1.656894300000000086e+01 1.106202585838139356e+02 5.953909449349222172e+00
1.350492700000000070e+02 1.381308300000000067e+01 1.320042136863582414e+02 1.048865325111133373e+01
1.086775200000000012e+02 1.074131200000000064e+01 1.145728406907320363e+02 2.403432834672905827e+01
9.430186999999999387e+01 1.769696799999999826e+01 1.282896645243189369e+02 9.845076029813828455e+00
1.123585199999999986e+02 2.633208799999999883e+01 1.279118447308801905e+02 3.959204661803084946e+00
1.042165799999999933e+02 2.347071499999999844e+01 9.627645361255692080e+01 1.701042577426536972e+00
1.244378499999999974e+02 2.619258100000000056e+01 1.143201687222883578e+02 2.061117557716045567e+01
1.376754999999999995e+02 1.454145600000000016e+01 1.329442866395483520e+02 3.366841703305336608e+01
1.285975599999999872e+02 1.229112600000000022e+01 1.336544252936451471e+02 2.260906186264874052e+01
1.121061799999999948e+02 1.889255100000000098e+01 1.030185845533213325e+02 2.197114250748978748e+01
9.784082999999999686e+01 2.707178299999999993e+01 1.194631390210114432e+02 1.145151927206531894e+01
1.116215100000000007e+02 2.149703999999999837e+01 1.377474882656272257e+02 8.079225354810349202e+00
1.246537699999999944e+02 1.549389700000000047e+01 9.529693351724907302e+01 9.995585356419731227e+00
1.266689800000000048e+02 1.227758900000000075e+01 9.905288036288436615e+01 2.111695041851364962e+01
9.826783000000000357e+01 3.081710999999999956e+01 1.083240755409424168e+02 1.288600895582373340e+01
1.086714099999999945e+02 1.278264599999999973e+01 9.528115666231454384e+01 5.893199457481456349e+00
9.490277000000000385e+01 2.671841999999999828e+01 9.824699042120174397e+01 3.457117496966274217e+01
1.188665600000000069e+02 1.811891200000000168e+01 1.277597905533533549e+02 2.483110496668283673e+01
1.274986999999999995e+02 1.990880800000000050e+01 1.105111318895365429e+02 2.022663200188377530e+01
1.080926400000000029e+02 3.690646999999999789e+00 1.241741814438617553e+02 3.311397273824390197e+01
9.278024999999999523e+01 2.806382800000000088e+01 1.158414261128628056e+02 9.890841386307544170e+00
1.233091349999999977e+02 7.443515999999999799e+00 9.338511887557375246e+01 3.435603926437526212e+01
1.219842399999999998e+02 1.118587100000000056e+01 9.233559402653689574e+01 3.193191926393742719e+01
1.291045499999999890e+02 3.358156600000000225e+01 1.194803401339200803e+02 2.124251721441009266e+01
1.142723500000000030e+02 1.447158600000000028e+01 1.050074989199126634e+02 3.057173577549134436e+01
1.007371399999999966e+02 2.470236600000000138e+01 1.318638257091095909e+02 9.326032684012590224e+00
1.088499999999999943e+02 2.839095999999999975e+01 1.125019026423341586e+02 4.941045724329560684e+00
1.233079199999999958e+02 7.494034000000000084e+00 1.293957798298733337e+02 5.697328177742996935e+00
1.256887399999999957e+02 2.777485499999999874e+01 1.011646203238077248e+02 2.621298595569310663e+01
1.275956950000000063e+02 1.332109900000000025e+01 9.269634450368896239e+01 2.981313998405119392e+01
1.179629500000000064e+02 1.794520599999999888e+01 1.321744883976883784e+02 1.248949341898970111e+00
1.197189560000000057e+02 1.547260600000000075e+01 9.386252192334073641e+01 1.109343210413427272e+01
1.190509339999999980e+02 3.018608700000000056e+01 1.107778800880254266e+02 8.037706223227949920e+00
1.091274599999999992e+02 2.936315300000000050e+01 9.531179892393060982e+01 3.942303405368519531e+00
1.007858499999999964e+02 2.466396100000000047e+01 1.269619180495066786e+02 2.228759400250379130e+01
1.073785500000000042e+02 3.300144999999999840e+01 1.102591263048247185e+02 2.978642547797714357e+01
1.010012799999999942e+02 3.239532499999999970e+01 9.814431936218120711e+01 3.274672938099134711e+01
1.022503200000000021e+02 1.647226099999999960e+01 1.230446728512078067e+02 9.178149645960100855e+00
1.309042699999999968e+02 3.316279600000000016e+01 1.372530493739718054e+02 1.820341431944147104e+01
1.295190699999999993e+02 1.326800999999999897e+00 1.198911694904123522e+02 2.858315886949360163e+01
1.081589000000000027e+02 1.194670699999999997e+01 1.357486331715196002e+02 1.900564266879837660e+01
1.271800499999999943e+02 1.194703699999999991e+01 1.038002946935343545e+02 2.363154768033717446e+01
1.128090440000000001e+02 2.218561000000000050e+01 9.893315744038770276e+01 2.060335788695955017e+01
9.840043000000000006e+01 2.720805700000000016e+01 9.389407809327451560e+01 3.098869600273831182e+01
1.224551199999999938e+02 7.128555000000000419e+00 1.199349698734958594e+02 3.250646998579559011e+01
1.084333400000000012e+02 2.538845399999999941e+01 1.146355255732970875e+02 4.008393831506003480e+00
1.006129099999999994e+02 2.531807900000000089e+01 9.298949144487504270e+01 4.544935161371910226e-01
1.211231700000000018e+02 5.250886000000000386e+00 1.375581201632629700e+02 1.804065683636601136e+01
1.292091000000000065e+02 9.637442000000000064e+00 1.123453434945015346e+02 1.217538623836579603e+01
1.034781339999999972e+02 1.418773999999999980e+01 1.277572479682781079e+02 2.296513681575509835e+01
1.138190160000000049e+02 1.354168100000000052e+01 1.108986485843999645e+02 1.407714128558580136e+01
1.042477099999999979e+02 1.724228499999999897e+01 1.327042174035473749e+02 1.023983264578469132e+01
1.222190400000000068e+02 1.304349299999999978e+01 1.365278432882645347e+02 3.076908184173586491e+01
1.096028799999999990e+02 2.265409999999999968e+01 1.244484467122869660e+02 7.070528088399612443e+00
1.013447299999999984e+02 1.738253800000000027e+01 9.568369611783255380e+01 2.857502181238410444e+01
1.115443949999999944e+02 1.032299199999999928e+01 1.254632062999202589e+02 3.464508111851338867e+01
1.176738359999999943e+02 1.385884099999999997e+01 1.351398856956590464e+02 1.741165455930286043e+01
1.323526599999999860e+02 2.869183000000000039e+00 1.363922176050460848e+02 1.207654059829469873e+01
1.011063460000000021e+02 3.288495000000000346e+01 1.337627444599648641e+02 2.533483432847300598e+00
9.612255000000000393e+01 3.490480999999999767e+01 1.185430056714213549e+02 1.618073477434326080e+01
1.019243799999999993e+02 1.454230699999999921e+01 1.208019840585704969e+02 1.647565590905933064e+01
1.067864399999999989e+02 5.403266000000000346e+00 1.134550614783505864e+02 2.904838311686409824e+01
1.084680560000000042e+02 1.681018399999999957e+01 1.122696402826798021e+02 2.851346053092520449e+01
1.270006400000000042e+02 1.816579000000000121e+01 1.180633827787715404e+02 1.328202580913150221e+01
1.346167399999999930e+02 3.521285999999999916e+00 9.492437911202722489e+01 2.290019824882765676e+01
1.006243900000000053e+02 2.521868699999999919e+01 1.369782105296655459e+02 2.861040381896529539e+01
1.012284599999999983e+02 2.449690000000000012e+01 9.970460429785880763e+01 5.743777406587041945e+00
1.318092800000000011e+02 3.159798400000000029e+01 1.069221906106052415e+02 1.854885822696930120e+01
1.221697539999999975e+02 5.261603000000000030e+00 1.148899755746695774e+02 1.649451890582844982e+01
1.078603300000000047e+02 3.205924000000000262e+01 1.293508142362061619e+02 3.419997573020525294e+01
9.911983499999999481e+01 3.033258400000000066e+01 1.282006673937924006e+02 2.761460208166354846e+01
1.139279860000000042e+02 2.727532000000000068e+01 1.297276281773837354e+02 6.740260392693430802e+00
1.055970499999999959e+02 6.590237000000000123e+00 1.265907090756413425e+02 1.512252600225773236e+01
1.049337600000000066e+02 3.191469599999999929e+01 1.228138351649354831e+02 1.532889975546981454e+01
1.264625999999999948e+02 7.166369999999999685e-01 1.050466845890778416e+02 1.665395100967955244e+01
1.226557159999999982e+02 2.243978999999999946e+00 1.077230479791284381e+02 7.967603192782306110e+00
9.297975999999999885e+01 2.366921800000000076e+01 1.204880337828489587e+02 1.849781960201485020e+01
1.073838200000000001e+02 2.117361000000000004e+01 1.138333779440400946e+02 3.107391387671652794e+01
1.166653400000000005e+02 4.134577000000000169e+00 9.846256649099065328e+01 7.805593702217142216e+00
1.063831100000000021e+02 8.929643999999999693e+00 9.411853061914656848e+01 1.389524418458619692e+01
1.265932540000000017e+02 1.222334599999999938e+01 1.247787101435687021e+02 3.414392630690367980e+01
1.270514139999999941e+02 1.592723100000000080e+01 9.310003224576679770e+01 6.886267414126015396e+00
1.134832399999999950e+02 1.777810300000000154e+01 9.365782820165642875e+01 3.180947060604699672e+01
1.004663800000000009e+02 2.924779099999999943e+01 1.105316179190190553e+02 5.934241093558273228e+00
1.105762799999999970e+02 1.713849599999999995e+01 1.240540460999751815e+02 1.833131639974030236e+01
1.082205100000000044e+02 3.116235000000000088e+00 9.617823685558846591e+01 2.812308554391013127e-01
1.360886000000000138e+02 1.322069300000000069e+01 9.230983050404167045e+01 3.111365555308402620e+01
9.264901000000000408e+01 2.078608699999999843e+01 1.146129945829977714e+02 1.461533710685329890e+00
1.139474799999999988e+02 1.840344800000000092e+01 1.365095355830703454e+02 7.704603068532525967e+00
9.787714400000000126e+01 3.442560999999999893e+01 1.222515746585013119e+02 2.082500572213091772e+01
1.349417400000000100e+02 3.249795499999999748e+01 1.053131795853396682e+02 1.282070873834821789e+01
9.987552999999999770e+01 8.232086999999999932e+00 1.044256324723470897e+02 1.311958873576929108e+01
1.041709440000000058e+02 3.200216000000000349e+01 1.152383426931942978e+02 2.224356638442033240e+00
1.075227359999999948e+02 3.279679000000000144e+01 1.144792755497486070e+02 2.538521724181167727e+01
1.013173800000000000e+02 1.780067999999999984e+01 1.285623551564258662e+02 2.773646308600832455e+01
1.344405199999999923e+02 3.228481299999999976e+01 1.128270356913292574e+02 3.144264776259994676e+01
1.344432400000000030e+02 7.931499999999999773e+00 1.350919737389161241e+02 6.554641940399626776e+00
1.066686859999999939e+02 3.609456000000000220e+00 9.303847307791701837e+01 7.697036342773061257e+00
9.989088999999999885e+01 2.683164999999999978e+01 1.237134708156578853e+02 1.755266779596477278e+01
1.196281400000000019e+02 1.788663000000000025e+01 1.168202064047775934e+02 1.220757274629326616e+01
1.138202059999999989e+02 2.715001699999999829e+01 1.056284296330852186e+02 3.029144192913297928e+01
1.053158899999999960e+02 1.049280700000000088e+01 9.959635991874998240e+01 2.237835968446555412e+01
1.229570539999999994e+02 1.920611999999999986e+00 9.496984914810037992e+01 8.899868663746305586e+00
1.053674550000000067e+02 7.722144000000000119e+00 1.344552626898077108e+02 2.097835566404502572e+01
1.054833399999999983e+02 7.198695999999999984e+00 1.188107167776150561e+02 3.382025828441393855e+01
1.075261500000000012e+02 6.490721999999999881e+00 9.278632776293547124e+01 4.722220278423035822e+00
1.364280100000000004e+02 4.255118000000000400e+00 1.187469889636887501e+02 3.370550498668261241e+01
1.176570099999999996e+02 2.176196300000000150e+01 1.215500245086510915e+02 3.081676279953329711e+01
9.586464999999999748e+01 3.010379999999999967e+01 1.219440129370471766e+02 1.184435601298944540e+01
1.363225999999999942e+02 2.142673699999999926e+01 1.266285886837545434e+02 1.183335388995674009e+01
1.025581399999999945e+02 2.460176999999999836e+01 9.459077567832301270e+01 2.751781969488356694e+01
1.172729949999999945e+02 2.140795900000000174e+01 1.182989551019619228e+02 8.355962313902180583e+00
1.161196300000000008e+02 2.374014299999999977e+01 9.527064528784144670e+01 2.075609051749752609e+01
9.899518999999999380e+01 3.035501000000000005e+01 1.160357528009289894e+02 2.353412630269368577e+01
1.227914099999999991e+02 2.626429399999999958e+01 1.133710124287037928e+02 3.273153784747524941e+00
1.230443949999999944e+02 4.896641999999999939e+00 1.024440767324431931e+02 1.250855154572208150e+01
1.187915799999999962e+02 1.987776600000000116e+01 9.271622613858922080e+01 1.796929849125702461e+01
1.083700699999999983e+02 1.887853999999999921e+00 1.315668180614126754e+02 4.938263622872668401e-01
1.180546499999999952e+02 5.906247999999999720e+00 1.256430256842725726e+02 3.520064985301420535e+00
1.174418639999999954e+02 1.991549499999999995e+01 1.138071452987675798e+02 1.772812214024486011e+01
1.078628099999999961e+02 2.795533599999999907e+01 1.277959827312719199e+02 3.205708179888829790e+01
1.066743699999999961e+02 3.105507700000000071e+01 1.136024644414078466e+02 3.069034635869380523e+00
1.329613999999999976e+02 9.990607000000000681e+00 1.158343880938250123e+02 2.869546186104346930e+01
1.262960360000000009e+02 2.761617000000000033e+01 1.372617302091928764e+02 3.433379148857103047e+01
1.189044700000000034e+02 2.036654899999999913e+01 1.280406965703080573e+02 8.548579446361468825e+00
1.002380399999999980e+02 1.977633900000000011e+01 9.353266405279238427e+01 4.705188689592390006e+00
1.308280000000000030e+02 1.675008999999999970e+00 1.302123384571320912e+02 1.465716836079361229e+01
1.345495300000000043e+02 6.859785999999999717e+00 1.060108343834212832e+02 1.199084725478204128e+01
1.064715499999999935e+02 3.050993000000000066e+00 1.369110341959648451e+02 1.521407074939556026e+01
1.146143200000000064e+02 2.004928200000000160e+01 1.233088777931403257e+02 1.614887396884174109e+01
1.240659799999999962e+02 7.754509999999999792e+00 1.180711643457110682e+02 1.682231402400605091e+01
1.100357360000000000e+02 2.855119900000000044e+01 1.299033867762501018e+02 2.236819106756125208e+01
1.110126900000000063e+02 2.886413999999999902e+01 1.328896863885032928e+02 1.134697797550491494e+01
1.074296650000000000e+02 4.943573999999999913e+00 1.096805095289253984e+02 9.313401004465928779e+00
1.270634600000000063e+02 1.166692100000000032e+01 9.824685938085740133e+01 2.591933190551716848e+01
1.254562600000000003e+02 3.918108000000000146e+00 1.275374255688716545e+02 1.381206201097967678e+01
1.287667099999999891e+02 1.207068300000000072e+01 1.327237697014248852e+02 1.487081819776502201e+01
1.115106700000000046e+02 2.996729999999999894e+00 1.257099095929074082e+02 2.686579249389005142e+01
1.190333899999999971e+02 1.967544600000000088e+01 1.289803689302299574e+02 4.262346537973008331e+00
1.132487100000000027e+02 2.224254600000000082e+01 1.279435841809807926e+02 5.569903685498309720e+00
1.032809749999999980e+02 1.728598600000000118e+01 1.062886203307571691e+02 1.454598899133591061e+01
1.181806899999999985e+02 1.782495300000000071e+01 1.196001611356455498e+02 1.383283224997638072e+01
1.054974399999999974e+02 8.065478999999999843e+00 1.167865953859210180e+02 3.317400172109037371e+00
1.292556600000000060e+02 1.137209400000000059e+01 1.017055056995223481e+02 1.403338709821838393e+01
1.339961700000000064e+02 3.438096600000000080e+01 1.145736174306406951e+02 2.167962644170951236e+01
1.036258200000000045e+02 2.503497700000000137e+01 1.071839195160216747e+02 3.743765818958233904e+00
1.354256300000000124e+02 3.155119300000000138e+01 9.799349521127211915e+01 2.679319466834092012e+01
1.274308900000000051e+02 1.213617600000000074e+01 1.010486964461438788e+02 1.755700903507784005e+01
1.262763199999999983e+02 1.215531000000000006e+01 1.273753932044694750e+02 5.692182032057381491e+00
9.677979999999999450e+01 2.492586299999999966e+01 1.057746896748768961e+02 8.532799340912211594e-01
9.755183399999999949e+01 3.184772999999999854e+01 1.271783926295185836e+02 1.780799841609287881e+01
1.013850300000000004e+02 5.791350000000000442e+00 9.711641822494702581e+01 2.222717355914962667e+01
1.130083900000000057e+02 3.054526299999999850e+01 1.187019102863995101e+02 1.308104398693394366e+01
1.226827100000000002e+02 4.561821000000000126e+00 1.122207553087273482e+02 1.663060969367462150e+01
1.283577600000000132e+02 3.503263000000000016e+00 1.374705740288469258e+02 8.837202450522180230e-01
1.264931950000000001e+02 3.052376699999999943e+01 1.013555948021923854e+02 7.087058378093884059e+00
9.386674499999999455e+01 5.584399000000000335e+00 1.182069193351076422e+02 1.871163074605299315e+01
1.203130950000000041e+02 1.544907599999999981e+01 1.003084312819941886e+02 5.834768265854508584e+00
1.065750199999999950e+02 2.890432200000000051e+01 1.220107244678589922e+02 2.563371205845483392e+00
1.051628400000000028e+02 1.601568200000000175e+01 9.814319323015344310e+01 2.490756212842123674e+01
1.187546099999999996e+02 1.839382399999999862e+01 1.010351961589781951e+02 1.061832374329296513e+01
1.335680000000000121e+02 1.057251199999999969e+01 1.033415803479788764e+02 3.217490015462876585e+01
9.681256000000000483e+01 2.568727000000000160e+01 1.238852667079205929e+02 1.024976427791508193e+01
1.232360460000000018e+02 2.468323699999999832e+01 1.071487991140412674e+02 2.428408536126984885e+01
1.131622399999999971e+02 1.624390599999999907e+01 1.054299287044584901e+02 1.104449256404053159e+01
1.236907599999999974e+02 2.655348599999999948e+01 1.170312658002872013e+02 2.014943451700261079e+01
1.303218400000000088e+02 8.996290000000000120e-01 1.345025794087517852e+02 2.122119231775791093e+01
1.117798300000000040e+02 2.242299999999999827e+01 9.335146768123792071e+01 7.589317552012161627e+00
1.306742099999999880e+02 8.577165000000000816e+00 1.177644781899714843e+02 7.906683908537362804e+00
1.002892999999999972e+02 2.375831000000000159e+01 1.187783832875714154e+02 1.583489742679580203e+01
1.119646900000000045e+02 1.463188599999999973e+01 1.022832291238858602e+02 1.749942721504623222e+01
1.110340350000000029e+02 1.670452699999999879e+01 1.305341854527675878e+02 1.410371614856996025e+00
1.227853800000000035e+02 1.303865900000000089e+01 1.370218201519890613e+02 2.365414893997038703e+01
1.059587700000000012e+02 8.478775999999999868e+00 1.236642762530679960e+02 6.128396238970992727e+00
1.021120999999999981e+02 2.292310000000000159e+01 1.077031063654124381e+02 2.979817338386499159e+01
9.423469500000000210e+01 8.636367999999999157e+00 9.984411202370122851e+01 2.950922909285905504e+01
9.884615999999999758e+01 1.700900999999999996e+01 1.137081174582560692e+02 1.306040963661045495e+00
1.185020800000000065e+02 3.043984199999999873e+01 9.489857296487616622e+01 2.594424460432272284e+01
1.180059100000000001e+02 1.182370000000000054e+01 1.093737445235850885e+02 2.973188663862955661e+00
1.286007500000000050e+02 8.765936999999999202e+00 1.130313425618622603e+02 1.769697186790938659e+01
1.358888900000000035e+02 4.520160999999999873e+00 1.209400437349958821e+02 2.097375205570078904e+01
1.331978300000000104e+02 1.207540099999999939e+01 1.029270660233995613e+02 8.653422607682731638e+00
1.026683040000000062e+02 3.145880100000000112e+01 9.727968756528215977e+01 2.234295771013682241e+01
1.170046200000000027e+02 2.565857000000000099e+01 9.973238375739926198e+01 3.425556266622496793e+01
1.094362699999999933e+02 8.352039999999999464e-01 1.370893898241621685e+02 3.441446204353385241e+01
1.211334899999999948e+02 2.106164700000000067e+01 1.010601453497481970e+02 3.209408469665874719e+01
1.241904750000000064e+02 6.973640999999999757e+00 1.022343780910565698e+02 1.753340525035502395e+01
1.247555499999999995e+02 1.558736700000000042e+01 1.122320131197067781e+02 8.099660205546140190e+00
1.033886799999999937e+02 2.024487500000000040e+01 9.789937292403962488e+01 2.332243133515713396e+01
1.355880699999999877e+02 2.913927999999999852e+00 1.018242837028795975e+02 4.301394298009681094e+00
1.028629600000000011e+02 1.609947599999999923e+01 1.366267574597509338e+02 6.668435455760789665e+00
9.533898999999999546e+01 1.831156199999999856e+01 1.013194924005745463e+02 3.031579264802287454e+01
1.133772500000000036e+02 2.012534099999999881e+01 9.241634349943244331e+01 2.461102151437237140e+01
1.216711800000000068e+02 9.723228000000000648e+00 1.326752626947958333e+02 1.484476685190293033e+01
1.052644350000000060e+02 2.553204200000000057e+01 9.642109963411294871e+01 3.247336895852077276e+01
1.007264200000000045e+02 2.864308700000000130e+01 1.042369675242978246e+02 2.879685396692203270e+01
1.035987200000000001e+02 1.906737000000000037e+01 1.250589127938184504e+02 3.075679360866824474e+00
1.165043500000000023e+02 1.716985000000000028e+01 1.315706074564994879e+02 2.376399948052238642e+01
1.093217539999999985e+02 1.300310099999999913e+01 1.267141340578655218e+02 1.347730970108306181e+01
1.340732099999999889e+02 2.924155999999999977e+00 1.246055653402884644e+02 2.566572068717521304e+01
1.038845599999999934e+02 3.195431999999999917e+01 1.077644002711930540e+02 3.204738910279272091e+01
9.806082999999999572e+01 1.700191900000000089e+01 1.333347224516916754e+02 2.843070073148816945e+01
1.357156699999999887e+02 3.125895300000000177e+01 1.080333768841627062e+02 1.488060912159356874e+00
9.343214000000000397e+01 1.265039200000000008e+01 1.313806554399345430e+02 7.216634446631865707e+00
1.180998459999999994e+02 1.284827399999999997e+01 1.328673138497237005e+02 8.235519797932782993e+00
1.098299099999999981e+02 2.569585199999999858e+01 9.446698326789946520e+01 2.627533082091864358e+01
1.096538500000000056e+02 3.307865999999999929e+01 1.216690377494019373e+02 3.289032124586380945e+01
1.054755250000000046e+02 9.531067999999999429e+00 1.008667717928864818e+02 2.744021610332147887e+01
1.239427000000000021e+02 2.807401000000000035e+00 9.869951455931800410e+01 1.987967933452181768e+01
1.183045350000000013e+02 1.970592500000000058e+01 1.365867897171606842e+02 3.061206338804023730e+01
1.276514700000000033e+02 1.503062899999999935e+01 9.684964257056077486e+01 8.564637731441749224e+00
1.187935200000000009e+02 1.914017000000000124e+01 1.328096376807086187e+02 8.605749948445673425e+00
9.499912999999999386e+01 1.481619899999999923e+01 1.196124623050378659e+02 1.110465482892115219e+01
9.969432999999999367e+01 1.796410600000000102e+01 1.041734645354408997e+02 1.160218665509414571e+01
1.228186299999999989e+02 2.599601699999999838e+01 1.011030462348581551e+02 9.645465886126073585e+00
1.280408500000000060e+02 3.937300000000000244e-01 1.168406005021690532e+02 1.978991935384461609e+00
1.221508800000000008e+02 1.807763900000000135e+01 1.322024491075885635e+02 1.450721029432265219e+00
9.848254000000000019e+01 1.238479700000000072e+01 1.049859137795998976e+02 2.581737826965961347e+01
1.283420600000000036e+02 2.360160399999999825e+01 1.174479164324898619e+02 1.725250293578595606e+00
1.085017849999999981e+02 2.128969999999999985e+01 1.215224888939227554e+02 1.499480223562211734e+01
1.373439500000000066e+02 5.370046000000000319e+00 9.411445475220524770e+01 3.048793470523031957e+01
1.039746800000000064e+02 2.082602500000000134e+01 1.346537469132046567e+02 2.653982001710683392e+01
1.235362300000000033e+02 1.231942500000000074e+01 1.228039076061862431e+02 2.205504966453553095e+01
1.003582999999999998e+02 2.007404500000000169e+01 1.089680182866264460e+02 4.922087921761397755e-01
1.210841450000000066e+02 2.834050999999999831e+01 9.375036032464024061e+01 3.045914144946746660e+01
1.062175399999999996e+02 1.773735800000000040e+01 1.359522463420275074e+02 3.237606341733651050e+01
1.250190400000000039e+02 1.223044999999999938e+01 1.357595177518470564e+02 2.694471113288494024e+01
1.154636600000000044e+02 6.711888000000000076e+00 9.890887146592547197e+01 2.467110203226585696e+01
1.275717999999999961e+02 1.522483000000000075e+01 1.165546515014987676e+02 3.497965460417695738e+00
1.175795600000000007e+02 5.611371000000000109e+00 1.128441122079727279e+02 8.416461369369503842e+00
1.117770399999999995e+02 2.602037199999999828e+01 1.136703939409354405e+02 3.218210866991363872e+01
1.190581049999999976e+02 2.063319200000000109e+01 1.207134452376334792e+02 3.142773331823935123e+01
1.086584299999999956e+02 1.116496899999999926e+01 1.273669132319627408e+02 1.678799477499214632e+01
1.109616900000000044e+02 1.647451399999999921e+01 1.294396350939726403e+02 1.443401388617090397e+01
1.221774099999999947e+02 4.068751999999999924e+00 1.089633076134984861e+02 2.654391596545078258e+01
1.043716100000000040e+02 3.488888500000000192e+01 1.282911416635741091e+02 1.583357720842123761e+01
1.190598499999999973e+02 3.034787000000000035e+01 1.120626454841072075e+02 1.649534440083844800e+01
1.079571899999999971e+02 2.927635199999999926e+01 9.747456641516569675e+01 1.261820767584553948e+01
1.062813639999999964e+02 9.905939000000000050e+00 9.583065040647565525e+01 1.317629499132819504e+01
1.120615540000000010e+02 2.049053999999999931e+01 9.455493407517214166e+01 1.743713570373784805e+01
9.520380000000000109e+01 2.239091700000000174e+01 1.345711588988989433e+02 2.424931253030360168e+01
1.072773499999999984e+02 2.767564799999999892e+01 1.026907777909686388e+02 2.760317550107802376e+01
1.087744299999999953e+02 9.552899999999999725e-01 1.116951882648935737e+02 2.196008917222425794e+01
1.065728000000000009e+02 5.804099999999999815e-01 1.122873877446849917e+02 3.115345722337407253e+01
9.837677999999999656e+01 1.711163099999999915e+01 1.021705306000909275e+02 2.655816256073680748e+01
1.169782000000000011e+02 4.263942000000000121e+00 1.045845122512716756e+02 3.315446880437583843e+01
1.125811400000000049e+02 1.467424100000000031e+01 1.158086033662053751e+02 6.416155040912196128e+00
1.239226299999999981e+02 1.168934499999999943e+01 1.001926544081952812e+02 1.300638514879013385e+01
1.067997500000000031e+02 2.827483199999999997e+01 1.074572648505564558e+02 2.358637553741642989e+01
1.354431199999999933e+02 1.396106600000000064e+01 9.390090423304758360e+01 3.024111673967570013e+01
1.004126049999999992e+02 2.261345000000000027e+01 1.015743640432108634e+02 8.811055029753832812e+00
1.235973099999999931e+02 1.219101299999999988e+01 1.179153029678164160e+02 1.316996119727766335e+01
1.141692800000000005e+02 1.235545300000000069e+01 1.246115292247891659e+02 2.374429083638047544e+01
1.134066899999999976e+02 2.294010199999999955e+01 1.249057738041243510e+02 2.795017591626268683e+01
1.207063399999999973e+02 1.393922799999999995e+01 1.240890469129170413e+02 5.539511759707030691e+00
1.135080899999999957e+02 2.942609399999999908e+01 1.337666254326448438e+02 1.576157858278644319e+01
1.120548550000000034e+02 2.349282799999999938e+01 1.126818135982552462e+02 6.699262644958134061e+00
1.071597500000000025e+02 4.558792000000000399e+00 1.223564977227798352e+02 1.269867967812659870e+01
1.022247540000000043e+02 1.159689299999999967e+01 1.208420113807309662e+02 2.380451321628545003e+01
1.002700300000000055e+02 1.703686300000000031e+01 1.175465987264776402e+02 3.141220189625879122e+00
1.106384299999999996e+02 3.058228099999999827e+01 1.346223423577760627e+02 1.868008822397754898e+01
9.914275999999999556e+01 6.968159999999999910e-01 1.214181284466468185e+02 2.852269078135890013e+01
1.194723599999999948e+02 1.724490399999999823e+01 1.036938893733466784e+02 3.299839642566861642e+01
1.099410100000000057e+02 2.527390700000000123e+01 9.327385675346484106e+01 6.661078150980803692e-01
1.262777600000000007e+02 1.555640400000000056e+01 9.605005888309538875e+01 2.587528685045902677e+01
1.227206500000000062e+02 2.926232000000000166e+00 9.209829668163699523e+01 1.274557070176032525e+01
1.049807359999999932e+02 3.378130699999999820e+01 1.329080906254768024e+02 2.090036266509409657e+00
1.294916100000000085e+02 2.620026999999999884e+00 1.245429739207557986e+02 1.912589324635368371e+01
1.236827799999999939e+02 7.704500000000000348e+00 1.099696088922658532e+02 2.624608230625968819e+00
1.286027200000000050e+02 8.726665000000000560e+00 1.231030191176893709e+02 1.737746068919721054e+01
1.290396100000000104e+02 2.231170000000000098e-01 1.373732245316839453e+02 2.696082840156124050e+01
1.282690399999999897e+02 1.507000900000000065e+01 1.199980060522869536e+02 1.055431705825411370e+01
1.210114200000000011e+02 2.978116199999999836e+01 9.725247485846529116e+01 3.431110328641505447e+01
1.197646199999999936e+02 2.030460199999999915e+01 1.094797096174249873e+02 2.707067253183629418e+01
1.055823599999999942e+02 2.382420000000000115e+01 1.266239677671952961e+02 2.656480811130396136e-01
1.287243799999999965e+02 8.558763000000000787e+00 1.219404436440041763e+02 3.346873978496652313e+01
1.274442599999999999e+02 1.363063600000000086e+01 9.575817104777360100e+01 2.167032551441433341e+01
1.196812299999999993e+02 2.088022600000000040e+01 1.023337488058194111e+02 6.903707634907793711e+00
1.044894199999999955e+02 3.404343999999999681e+01 1.017705655683314490e+02 1.716763148587661902e+01
