1.215120100000000036e+02 3.517780999999999825e+00 1.142683375121487757e+02 4.433397167116580384e+00
1.167711800000000011e+02 1.044548600000000071e+01 1.033995008774993920e+02 1.571026799781368766e+01
1.034372900000000044e+02 1.659929699999999997e+01 1.134034907072477552e+02 3.178688156921283081e+01
9.446862000000000137e+01 4.517010000000000192e-01 1.333945634599388086e+02 2.411996801944380309e+01
1.213342499999999973e+02 2.617049000000000181e+00 1.230152456165603354e+02 1.934176204565494661e+00
1.161196300000000008e+02 2.374014299999999977e+01 1.167380672850576389e+02 2.843194793521070807e+01
1.294016699999999958e+02 5.396980000000000111e-01 1.218912217762379271e+02 1.625875859975664284e+01
9.884615999999999758e+01 1.700900999999999996e+01 1.017853302578873240e+02 1.593340609113856310e+01
1.040978850000000051e+02 1.695514100000000113e+01 1.237160545851753710e+02 1.429620123633840478e+01
1.221287399999999934e+02 7.625099999999999767e+00 1.274980245402068419e+02 1.383459124888238101e+01
1.251748699999999985e+02 2.681115199999999987e+01 1.018079314297051781e+02 3.406319531324930594e-01
1.331729400000000112e+02 1.186766300000000030e+01 1.369120140739262581e+02 5.362167932466203268e+00
1.221657000000000011e+02 3.453664999999999985e+00 1.375038181759829286e+02 3.242186447180944953e+01
1.279808500000000038e+02 1.237441800000000036e+01 9.932758097196537506e+01 3.492660255998037400e+01
1.225343299999999971e+02 4.270537000000000027e+00 1.309069151300313649e+02 1.343658403054830863e+01
1.015857799999999997e+02 1.553561999999999976e+01 1.088546284340256278e+02 3.265183067592329991e+01
1.194439849999999979e+02 3.088717700000000121e+01 1.117197283441870894e+02 2.358243744991747803e+01
9.786359400000000619e+01 2.648629000000000033e+01 1.082377430274681842e+02 1.520153624544669846e+01
1.215111540000000048e+02 9.026956999999999454e+00 9.867433793534713971e+01 2.869837996147963466e+01
9.579921000000000220e+01 1.503351199999999999e+01 1.009621245930526925e+02 2.085210002242651939e+01
1.210836500000000058e+02 1.404887100000000011e+01 9.461194157857705989e+01 2.946535368452293469e+00
1.181114039999999932e+02 1.644512699999999938e+01 1.313149368636717611e+02 1.211192115355464693e+01
1.110126900000000063e+02 2.886413999999999902e+01 1.105128585593495529e+02 2.633502885622495882e+01
1.211908499999999975e+02 1.480161999999999978e+01 1.063003743205941447e+02 2.162113715583339513e+01
9.319089999999999918e+01 1.835962900000000175e+01 1.007473029466290342e+02 3.007750929471594148e+01
9.234408600000000433e+01 1.566721100000000000e+01 1.375390332312997828e+02 5.703404006119387581e+00
1.233474350000000044e+02 2.519231399999999965e+01 1.025990132653215028e+02 1.686390332931285840e+01
1.164053499999999985e+02 1.685597999999999885e+01 1.222642737913383542e+02 3.897822765044302695e+00
1.340509999999999877e+02 2.624378400000000156e+01 1.238744187226805451e+02 1.445167906427052351e+01
1.105762799999999970e+02 1.713849599999999995e+01 1.330741313843167859e+02 1.852938743898408447e+01
1.222190400000000068e+02 1.304349299999999978e+01 1.230624137872561334e+02 1.045509672789257571e+01
1.201523200000000031e+02 2.317364500000000049e+01 9.478982399056839370e+01 1.091469112241337491e+01
1.206234199999999959e+02 2.294290000000000163e+00 1.231962855100831575e+02 1.743996683823147720e+01
1.318405300000000011e+02 1.077468200000000031e+01 1.053880802874316203e+02 2.089871523678474929e+01
1.166539499999999947e+02 2.553005200000000130e+01 1.074346955438706885e+02 2.916989836019753923e+01
9.264901000000000408e+01 2.078608699999999843e+01 9.203693324390414432e+01 1.403918508270106891e+01
1.325118699999999876e+02 7.074665000000000425e+00 1.089626534752442808e+02 1.631381877229166832e+01
1.259232559999999950e+02 4.161654000000000408e+00 1.183406644711092497e+02 2.660635947041458138e+01
1.234565599999999961e+02 1.023036199999999951e+01 9.627049195654004166e+01 3.029737408426379375e+01
1.080707699999999960e+02 1.541756700000000002e+01 9.951939669500333707e+01 2.968058767283300625e+01
1.123588600000000071e+02 5.283899999999999708e-02 1.353858147796886726e+02 2.477484744041665365e+01
1.312442299999999875e+02 1.030026800000000087e+01 9.376324213107588434e+01 2.887152006639032820e+01
1.331978300000000104e+02 1.207540099999999939e+01 1.358208681775529953e+02 3.159033343951545092e+01
1.302130600000000129e+02 1.211599499999999985e+01 9.365978426747386720e+01 2.423905971009386562e+01
1.276204900000000038e+02 1.005807899999999933e+01 1.069359990507089577e+02 2.848054673201237463e+01
1.159256900000000030e+02 2.697432299999999827e+01 1.016900740056186692e+02 1.454063405427659283e+01
1.075895799999999980e+02 1.972467400000000026e+01 1.299527258453066167e+02 1.972018624833286893e+01
1.132784039999999948e+02 2.408719599999999872e+01 1.359918263700052989e+02 1.051325233844005069e+01
1.002700300000000055e+02 1.703686300000000031e+01 1.375835254547627926e+02 6.556345779188815115e+00
1.088499999999999943e+02 2.839095999999999975e+01 1.339372133515466885e+02 3.750990174930728838e+00
1.253882700000000057e+02 1.252098200000000006e+01 1.057565602970097132e+02 4.279577991290262062e+00
1.211047800000000052e+02 2.653878999999999877e+01 1.330455947118435915e+02 2.172636172572388702e+01
1.291559399999999869e+02 1.352395500000000084e+01 1.117441894617681299e+02 2.350458329939912261e+01
1.004917399999999930e+02 3.001473800000000125e+01 1.185118084913639507e+02 2.254568510786911784e+00
1.078898599999999988e+02 1.824183700000000030e+01 9.310466251637922142e+01 1.252960428641601176e+01
1.176774800000000027e+02 2.114383099999999871e+01 1.299334386023684544e+02 2.693700047542446541e+01
1.134008259999999950e+02 2.899073999999999884e+01 9.522923443773713359e+01 2.999654953077941499e+01
1.048228900000000010e+02 3.249645600000000201e+01 1.130800271172092835e+02 1.822315481980339413e+01
1.269099199999999996e+02 8.830450000000000799e+00 1.163997160284272923e+02 2.589204672476018487e+01
1.014491600000000062e+02 2.277094299999999905e+01 1.279410097889659141e+02 1.017138437589687472e-01
9.515203999999999951e+01 1.569428800000000024e+01 1.304894211562556166e+02 3.346451944933252065e+01
1.117835000000000036e+02 4.146894999999999776e+00 1.319784930263655269e+02 8.518355254911375241e+00
1.337603000000000009e+02 1.258384500000000017e+01 1.084198529784196978e+02 1.155585752833634494e+01
1.181806899999999985e+02 1.782495300000000071e+01 1.042650596548372732e+02 1.488857585872372447e+01
9.911983499999999481e+01 3.033258400000000066e+01 1.172054406633514390e+02 8.390072403089321895e+00
1.121128999999999962e+02 1.959123999999999910e+01 9.856206231591438893e+01 3.099099373998987872e+01
1.102496799999999979e+02 2.905307200000000023e+01 1.328270839291135132e+02 2.099816582364280038e+01
1.259789300000000054e+02 8.138935999999999282e+00 1.181727865692410120e+02 3.249586986662060184e+01
9.548212999999999795e+01 1.554973200000000055e+01 9.630601335753296155e+01 9.006674250693500028e+00
1.210716900000000038e+02 6.892971000000000181e+00 1.079413782361966412e+02 9.088087202013955590e+00
1.212094600000000071e+02 1.131169599999999953e+01 1.175886770540124076e+02 2.039860683209797187e+01
1.287118000000000109e+02 8.186422000000000310e+00 1.190769126045725415e+02 2.842933212852617331e+01
1.219884500000000003e+02 2.734084500000000162e+01 1.222760385664825549e+02 1.409955780275383042e+01
9.793104999999999905e+01 2.979559499999999872e+01 1.283276205882768295e+02 1.674486145291258055e+01
1.045020300000000049e+02 3.012155500000000075e+01 1.359157655566784797e+02 1.934769585711716289e+01
1.350546699999999873e+02 1.248166299999999929e+01 1.042269219564157368e+02 8.114370866833764406e-01
1.005045199999999994e+02 2.882197800000000143e+01 1.259504218947432577e+02 1.636825738578504641e+01
1.279676800000000014e+02 9.560188000000000130e+00 1.343551073561566795e+02 1.883231797059755763e+01
1.350492700000000070e+02 1.381308300000000067e+01 1.349753707531606324e+02 3.118489409866764817e+01
1.053674550000000067e+02 7.722144000000000119e+00 9.894984182162376385e+01 2.685517121789387573e+01
1.090832599999999957e+02 1.999703000000000008e+00 1.254051191026067613e+02 1.024542584784836841e+01
1.013219799999999964e+02 1.577685499999999941e+01 1.019955149638695389e+02 1.747396940326830972e+01
1.302385099999999909e+02 7.992467999999999684e+00 1.027782994957813116e+02 1.962510061626405289e+01
1.196812299999999993e+02 2.088022600000000040e+01 1.303681357229530136e+02 2.515713178058344468e+01
1.147561599999999942e+02 1.838597100000000140e+01 1.102500827786739990e+02 1.763365536260995725e+01
1.227775699999999972e+02 3.331928000000000001e+00 1.321393644622827708e+02 2.774161318547403710e+01
1.183520900000000040e+02 1.158915299999999959e+01 1.260905079370331521e+02 5.537634325592128093e+00
1.188353800000000007e+02 2.132730300000000057e+01 1.071151587155711269e+02 2.702080351134455327e+01
9.848784999999999457e+01 2.775841000000000136e+01 9.326340087304687643e+01 1.238445882581571666e+01
1.159619799999999969e+02 3.274969500000000266e+01 1.203839048003740402e+02 2.015446029204158940e+00
1.360862600000000100e+02 1.322449800000000053e+01 1.063631928406237961e+02 9.466052934071230496e+00
1.118345640000000003e+02 2.392749999999999877e-01 1.292723794723680442e+02 3.236473175871475405e+01
1.085890660000000025e+02 5.622329999999999828e-01 9.342530690327984644e+01 5.137576156454485066e+00
9.965353399999999340e+01 2.953445800000000077e+01 1.001637653360347713e+02 6.023808397570736162e+00
1.213953300000000013e+02 5.272655000000000314e+00 9.648132726561719608e+01 2.368917202287346768e+01
1.211230850000000032e+02 1.021513700000000036e+01 1.200181398226983589e+02 5.133407700619457614e+00
1.073891449999999992e+02 2.746964799999999940e+01 1.203835038257040111e+02 3.260480328026189767e+01
1.365753499999999860e+02 3.356936300000000273e+01 1.123785447844015408e+02 3.141829965664723900e+01
1.179312000000000040e+02 9.954869000000000412e+00 1.331420864447170231e+02 1.538284517164040821e+01
1.164321900000000056e+02 1.890602499999999964e+01 1.042323446309555663e+02 5.578385641187110444e+00
1.294755900000000111e+02 2.914704899999999910e+01 1.092206879483074573e+02 7.643436709374273441e+00
1.230443949999999944e+02 4.896641999999999939e+00 1.217472889143157317e+02 3.012252201263886064e+01
1.305616899999999987e+02 5.040212999999999610e+00 1.372481314764115723e+02 1.919059774464358981e+01
1.349924800000000005e+02 2.427803000000000111e+01 1.154644232619066599e+02 2.484536150574693636e+01
1.323020500000000084e+02 3.039486999999999828e+00 1.224894284600648575e+02 4.557195241138624731e+00
1.205464199999999977e+02 1.931105200000000011e+01 1.302191149349676493e+02 1.699203146729189484e+00
1.222486099999999993e+02 1.220074699999999979e+01 1.050641070278171298e+02 3.382800143543025229e+01
1.074369499999999960e+02 2.925465799999999916e+01 1.190384554401020978e+02 2.919153191165215944e+01
1.369361299999999915e+02 1.332057299999999955e+01 1.039475732344657359e+02 2.746863214569551559e+01
1.244378499999999974e+02 2.619258100000000056e+01 1.284404781252490864e+02 3.106259342939173962e+01
1.324488800000000026e+02 9.132956999999999326e+00 1.004146297182673351e+02 2.952125956196326584e+01
1.117577739999999977e+02 2.046753999999999962e+01 9.368074495196316320e+01 7.701770371805420901e+00
9.882135999999999854e+01 3.069462800000000158e+01 1.096371019491247409e+02 2.197603926088124027e+01
1.279924850000000021e+02 1.403315199999999940e+01 1.019679218012734054e+02 2.800708591795009994e+01
1.358911999999999978e+02 3.048414999999999875e+00 1.267935861235082200e+02 1.019180995886718932e+01
1.277506199999999978e+02 9.857113000000000014e+00 9.496046471230688724e+01 1.032526923638513061e+00
1.221146700000000038e+02 7.678874999999999673e+00 9.921032477646738812e+01 8.537231505412721688e+00
1.175621500000000026e+02 1.813804400000000072e+01 1.259298558296609656e+02 2.254516634023705279e+01
1.180108199999999954e+02 1.392753899999999945e+01 1.224001005751061086e+02 1.339627141371170183e+01
9.363790000000000191e+01 1.419008299999999956e+01 1.288567392891091288e+02 2.919643493472281470e+00
1.210841450000000066e+02 2.834050999999999831e+01 1.059698257324360071e+02 1.389788468818365708e+01
9.288236999999999455e+01 2.260556000000000054e+01 1.013310235583700916e+02 8.994777371706486058e-01
1.310166999999999859e+02 1.584964599999999990e+01 1.209048281273330190e+02 1.531619019776525725e+01
1.274308900000000051e+02 1.213617600000000074e+01 1.269228489192866220e+02 3.211922881741442382e+01
1.011475200000000001e+02 2.924591300000000160e+01 1.195835290045305328e+02 2.168417326226896336e+01
1.082674300000000045e+02 2.621295500000000089e+01 1.113703516808005816e+02 7.163395565538133170e-03
1.289106299999999976e+02 7.094847999999999821e+00 1.256900890583568895e+02 2.409380787311755157e+01
1.262777600000000007e+02 1.555640400000000056e+01 1.268634154687483857e+02 1.406026138355753474e+01
1.140832999999999942e+02 2.683112699999999862e+01 1.226546351537583348e+02 3.434190691132155582e+00
1.365897199999999998e+02 8.289113999999999649e+00 1.227612990101209931e+02 7.278006514576867758e+00
1.287667099999999891e+02 1.207068300000000072e+01 1.113305055833735366e+02 7.352690661845501907e+00
1.007646940000000058e+02 2.517087599999999981e+01 1.038250285658079406e+02 7.773972350621993765e-02
1.355842399999999941e+02 3.165399999999999991e+01 1.071929671314292420e+02 2.248674824870582611e+01
1.173357539999999943e+02 2.219921099999999825e+01 1.122916119305752432e+02 5.483304516111781046e-01
9.910477000000000203e+01 2.538836900000000085e+01 1.003616365403413795e+02 2.318123944084880250e+01
1.041200560000000053e+02 2.495909899999999837e+01 1.239189466480007411e+02 2.114754389338265028e+01
1.165767299999999977e+02 1.286235699999999937e+01 1.041845653973972787e+02 2.207448749493728712e+01
1.034781339999999972e+02 1.418773999999999980e+01 1.026906545744835171e+02 2.727591192066129011e+01
1.232273500000000013e+02 4.342469000000000356e+00 1.286399786196368780e+02 2.830833974096643857e+01
1.127789899999999932e+02 1.603903199999999885e+01 1.048503567138408812e+02 9.115013532973270216e+00
1.129178600000000046e+02 2.190700100000000106e+01 1.012588877965717700e+02 2.979301767371944010e+01
9.974071999999999605e+01 1.632757600000000053e+01 1.239677640740024600e+02 1.287520227697307362e+01
1.172729949999999945e+02 2.140795900000000174e+01 1.249309910513697162e+02 5.986653859582886206e+00
1.252033899999999988e+02 9.675684000000000395e+00 1.142157751999671689e+02 3.460147428130062508e+01
1.115640259999999984e+02 1.853575000000000017e+01 9.410602558494476000e+01 2.003184329346044734e+01
1.051916099999999972e+02 9.920849000000000473e+00 1.237721894146236679e+02 9.996829275040440166e+00
1.308442000000000007e+02 8.125244999999999607e+00 9.338624641653119340e+01 9.377798151732587684e+00
1.264625999999999948e+02 7.166369999999999685e-01 1.041133536899858427e+02 4.994369236254640576e+00
1.004048300000000040e+02 2.599754000000000076e+01 1.363233942425947021e+02 1.906027962436562007e+01
1.064715499999999935e+02 3.050993000000000066e+00 9.725183659295905159e+01 4.710095523932212203e+00
1.265867599999999982e+02 2.725253899999999874e+01 1.256317728504965316e+02 6.885531463217772874e+00
1.007823300000000017e+02 2.154664599999999908e+01 1.272617886854320517e+02 1.373754963374173954e+01
1.088684839999999951e+02 1.869618999999999920e+00 1.308345763720226955e+02 9.572949268109661958e+00
1.175999999999999943e+02 1.023433799999999927e+01 1.110785315183092479e+02 1.883402011506720797e+01
1.030357699999999994e+02 2.493956400000000073e+01 1.067496728255898546e+02 2.812198865128758030e+01
1.075842059999999947e+02 1.186463999999999963e+01 1.014924198278490337e+02 2.400500545362516291e+01
1.320785700000000134e+02 1.136370800000000081e+01 1.213043975989268972e+02 3.423623267038195905e+01
1.376394999999999982e+02 1.949024400000000057e+01 9.226357932637932890e+01 2.987876424631316397e+01
1.073838200000000001e+02 2.117361000000000004e+01 9.715196344614177804e+01 2.066213103719818989e+01
1.197646199999999936e+02 2.030460199999999915e+01 1.275783978851253551e+02 1.026377810942471314e+01
1.306637699999999995e+02 1.285029600000000016e+01 1.126779210035003018e+02 3.109392823264295558e+01
1.087185099999999949e+02 1.082315200000000033e+01 9.860076494553599957e+01 3.347159451275517483e+01
9.897588000000000363e+01 1.434022700000000050e+01 1.176965781224283774e+02 2.988161282762055393e+00
9.448524500000000614e+01 1.358393900000000087e+01 1.335170050096444925e+02 5.765826981644107896e+00
1.102149799999999971e+02 2.830182999999999893e+01 1.125425935410839031e+02 2.256621633533926286e+01
1.205876159999999970e+02 1.334072899999999962e+01 1.210013369059321917e+02 2.559739137025292521e+01
1.138526399999999938e+02 2.842907299999999893e+01 1.260923376937257672e+02 1.171085086706883871e+01
9.981171000000000504e+01 2.392927600000000155e+01 1.281866571929375027e+02 2.840364139387792974e+01
1.353151900000000012e+02 1.279140499999999925e+01 1.227998881386492229e+02 2.782874599964571516e+01
1.272875200000000007e+02 3.735890000000000044e-01 1.358259409378534315e+02 1.365946310531829688e+00
1.090422400000000067e+02 3.257660000000000000e-01 1.335740468938861625e+02 2.296276457839136853e+01
1.083133540000000039e+02 2.792756299999999925e+01 1.281188536997210861e+02 1.754193444870033858e+01
1.061328350000000000e+02 2.596210900000000166e+01 1.001072128878968073e+02 2.436794030417451395e+01
1.092677800000000019e+02 3.181741999999999848e+00 9.569654305637821778e+01 2.838347328449597384e+01
1.093003099999999961e+02 1.012630000000000058e-01 1.010901884474357502e+02 2.327239629228903439e+01
1.291512099999999919e+02 1.286193699999999929e+01 1.001371646628193730e+02 2.977672815445778109e+00
1.031737439999999992e+02 5.745917000000000385e+00 9.427151153713032272e+01 1.878737117897792785e+01
1.374745599999999968e+02 3.138292099999999962e+01 1.232710860980776602e+02 3.148656209706146569e-01
1.245306700000000006e+02 7.659853000000000023e+00 9.407485313459278586e+01 3.202861563156348979e+01
1.006839099999999974e+02 4.718844999999999956e+00 1.310721562703657526e+02 3.470303618608593865e+01
1.153614500000000049e+02 1.834740400000000093e+01 1.254238278596810119e+02 1.808318508588063755e-01
1.356722699999999975e+02 1.789586800000000011e+01 9.852311067776503251e+01 3.277519255827589006e+01
1.072773499999999984e+02 2.767564799999999892e+01 9.238245869749465555e+01 3.042478704128372158e+01
1.221725399999999979e+02 1.971065000000000067e+00 9.621063481380791416e+01 3.230481092140602328e+01
1.008948800000000006e+02 1.652329800000000048e+01 1.255278513907481397e+02 1.039886232851462466e+01
1.235410839999999979e+02 6.541074000000000055e+00 1.280148699023943095e+02 5.791340949537624461e+00
1.255835950000000025e+02 1.142485399999999984e+01 1.176874028263816570e+02 1.184221028048486701e+01
1.110863800000000055e+02 2.956343499999999835e+01 1.205627324657470467e+02 2.117090219013216412e+01
1.331578700000000026e+02 1.155118900000000082e+01 1.109075032601072337e+02 6.777025635003605331e+00
1.055329299999999932e+02 8.244474999999999554e+00 1.349548569453963296e+02 2.355084745897093157e+01
9.397973000000000354e+01 1.450080900000000028e+01 1.301637848891135150e+02 1.453051286903006734e+01
1.055970499999999959e+02 6.590237000000000123e+00 1.163469597832632303e+02 2.155187177612353366e+01
1.325616899999999987e+02 2.183529300000000006e+01 1.240782604467317753e+02 2.141560520936202394e+01
1.270486300000000028e+02 1.419520600000000066e+01 9.509248935160350413e+01 2.128063899905810885e+01
1.344405199999999923e+02 3.228481299999999976e+01 1.014619533868141303e+02 1.548569234749719392e+01
9.953991000000000611e+01 1.765159200000000084e+01 1.049317012072371256e+02 9.600926369862228249e-01
1.174997939999999943e+02 1.471192300000000053e+01 1.326916575426997724e+02 1.284521874888913295e+01
1.227981199999999973e+02 3.281226699999999852e+01 1.284014004897144048e+02 1.863118274867857949e+01
1.093217539999999985e+02 1.300310099999999913e+01 1.015706943889862259e+02 2.275781682111822946e+01
1.297366499999999974e+02 1.097087800000000080e+01 9.817535501992357183e+01 1.210234447980941397e+01
1.140301000000000045e+02 2.309675000000000011e+01 1.149098042040902072e+02 1.242320434991288991e+01
9.833840999999999610e+01 3.082450000000000045e+01 1.089378185192335735e+02 3.313097261837364726e+01
1.305980999999999881e+02 1.224686600000000070e+01 1.277381976662805414e+02 2.432093875295283425e+00
1.225421139999999980e+02 1.088495900000000027e+01 9.688688410571691634e+01 2.727268024962284443e+01
1.135468599999999952e+02 1.324376900000000035e+01 9.693116264706924312e+01 2.062898353088656833e+01
1.081589000000000027e+02 1.194670699999999997e+01 9.977225765087379727e+01 8.705481660775280517e+00
1.158584060000000022e+02 1.987986000000000075e+01 1.373992324635004820e+02 3.196865626891404943e+01
1.045286559999999980e+02 2.332880600000000015e+01 1.106447951372786633e+02 2.920123549966995569e+01
1.028629600000000011e+02 1.609947599999999923e+01 1.160441329337466669e+02 1.157291589712844093e+01
1.094431699999999950e+02 2.603854600000000019e+01 1.357469700561697437e+02 3.494760893495834608e+01
1.262135240000000067e+02 1.085353699999999932e+01 1.199009005866768689e+02 2.910090905617817025e+00
1.306562800000000095e+02 2.621539999999999981e-01 1.334963501502878103e+02 2.950184365403616837e+01
1.230936200000000014e+02 4.996221000000000245e+00 1.274446363225837757e+02 3.210887196036167524e+01
1.006795400000000029e+02 2.482919000000000054e+01 9.901165388745559426e+01 1.062390160187066535e+01
1.303218400000000088e+02 8.996290000000000120e-01 1.225296499263716612e+02 1.314430599140491296e+01
1.370959000000000003e+02 5.531164999999999665e+00 1.009050161129614338e+02 1.065693483663936192e+01
1.091274599999999992e+02 2.936315300000000050e+01 1.365370327541750441e+02 2.727955039530128545e+01
1.086714099999999945e+02 1.278264599999999973e+01 1.238271555783282736e+02 2.294087246797766255e+01
1.169782000000000011e+02 4.263942000000000121e+00 1.091424942496842334e+02 1.830542732105735837e+01
1.082378199999999993e+02 1.562821500000000086e+01 1.236513745146081362e+02 3.442254058783871784e+01
1.143764000000000038e+02 1.332743100000000069e+01 9.567831416227957675e+01 2.266617689747079112e+01
1.367545299999999884e+02 1.483705600000000047e+01 1.286882476579814920e+02 2.869016380056603754e+00
1.078554800000000000e+02 1.840535399999999910e+01 1.245408947817362986e+02 7.424162366796362100e+00
1.216335140000000052e+02 1.368565999999999949e+00 9.368284053436457270e+01 7.488962914790606717e+00
1.068959600000000023e+02 4.261408999999999558e+00 9.421531284970900799e+01 3.336847938873314945e+01
1.344037299999999959e+02 3.264661399999999958e+01 1.243103755852844472e+02 1.255956370795681565e+00
1.135055600000000027e+02 1.730492999999999881e+01 9.355442074308542999e+01 2.599882828235600130e+01
1.112859399999999965e+02 7.286299999999999999e-01 1.056131154951270474e+02 2.585499184430335262e+01
1.195463639999999970e+02 2.841035700000000119e+01 1.156338835857055471e+02 1.346482892637570927e+00
1.244601700000000051e+02 2.153512000000000093e+00 1.140947295636345586e+02 8.614372844144631003e+00
1.303266000000000133e+02 5.151488999999999763e+00 1.365451842570649319e+02 1.941133843811031312e+01
1.377720300000000009e+02 1.174125100000000010e+01 1.104351125867912344e+02 1.212659951739821018e+01
1.134964499999999958e+02 2.987325299999999828e+01 1.237262509029341970e+02 1.065439866499566790e+01
9.987552999999999770e+01 8.232086999999999932e+00 1.264632880482404573e+02 2.471400294988673707e+01
1.065502599999999944e+02 6.022739999999999760e+00 1.354136152778745554e+02 1.316381917488882181e+01
1.130387039999999956e+02 2.450758000000000081e+01 1.092353151973470062e+02 2.453338692432302537e+01
1.166653400000000005e+02 4.134577000000000169e+00 9.823442653452212880e+01 2.681389592471036920e+00
1.050813700000000068e+02 4.424735000000000085e+00 1.367205330331888433e+02 1.937330826392171801e+01
1.039862200000000030e+02 2.419322400000000073e+01 1.010774150923196402e+02 2.847718538706520874e+01
1.212147099999999966e+02 1.824274799999999885e+01 9.456594443044500053e+01 7.179698331384467558e+00
1.212168499999999938e+02 5.970590000000000064e-01 1.205478753503987264e+02 1.489147106547435051e+01
1.219563600000000037e+02 4.037063999999999986e+00 1.371339526446585069e+02 1.612286682293172513e+00
1.331191900000000032e+02 8.421360999999999208e+00 1.108238238907109974e+02 1.847101378407299777e+01
1.117162550000000039e+02 2.099041700000000077e+01 1.196989728412409448e+02 7.649833416558030841e+00
1.020971899999999977e+02 2.676877800000000107e+01 1.000334795500540253e+02 3.270376844329741317e+01
1.229570539999999994e+02 1.920611999999999986e+00 1.267369106945680102e+02 3.106491708857448941e+01
1.063444439999999958e+02 3.975452000000000208e+00 1.272551259019738836e+02 6.307698211986590309e+00
1.201075060000000008e+02 6.985503999999999714e+00 9.986505666735983766e+01 2.282218576323866799e+01
1.132039199999999965e+02 1.668616300000000052e+01 1.126184122971622514e+02 2.427521473712295652e+00
1.328286300000000040e+02 1.854412800000000061e+01 1.165532732283659811e+02 6.867669332626229028e+00
1.073123599999999982e+02 2.557497199999999893e+01 1.120937201243960715e+02 2.184441337251637805e+01
1.129410900000000026e+02 1.928609799999999908e+01 9.612367446549288275e+01 2.000318544056490566e+01
1.009060400000000044e+02 2.837463199999999830e+01 1.172283946776252179e+02 2.743345188054735218e+01
1.148769499999999937e+02 6.728119999999999656e-01 1.105295395628714914e+02 2.820232989844873472e+01
9.808326999999999884e+01 2.820190200000000047e+01 1.008234737433691350e+02 2.817148428235330471e+01
1.299299300000000130e+02 1.610754400000000075e+01 9.782194173325768816e+01 3.449416868034050765e+01
1.292556600000000060e+02 1.137209400000000059e+01 1.253801125533108660e+02 3.339930172631126482e+01
1.346648600000000044e+02 1.416948599999999914e+01 1.067866999926169740e+02 4.997383731587326849e+00
1.287149499999999875e+02 8.613853000000000648e+00 9.837054474892383382e+01 1.971951280925620509e+01
1.209513000000000034e+02 1.574554299999999962e+01 1.002339934486253696e+02 7.273906710075456417e+00
1.067377000000000038e+02 2.727607499999999874e+01 9.896681356620040049e+01 1.882121413861961301e+00
1.078804999999999978e+02 1.347900000000000098e+00 1.101285319861853083e+02 1.937166476340907195e+01
9.723202000000000567e+01 2.960429800000000000e+01 1.113103291896470637e+02 2.723681492852926311e+01
1.309324000000000012e+02 9.878012000000000015e+00 1.106211415233948969e+02 1.236239198586749666e+01
1.235097959999999944e+02 2.681490999999999847e+00 1.106420963940536808e+02 7.249158035215649498e+00
1.040049199999999985e+02 2.438359600000000071e+01 1.194546028353786795e+02 1.497479411847839970e+01
1.028493699999999933e+02 2.885465800000000058e+01 1.314273607289706547e+02 3.124728598408886171e+01
1.014903900000000050e+02 3.396592700000000065e+01 1.150730870747718626e+02 2.337034329058165483e+01
1.176956899999999990e+02 6.060266000000000375e+00 1.143875850192615928e+02 3.210386505074433217e+01
9.569082000000000221e+01 2.712815700000000163e+01 1.252690311231353490e+02 7.791793957610034127e+00
9.974796999999999514e+01 3.379717300000000080e+01 1.019154679184609620e+02 2.806202483685662941e+01
1.039350500000000039e+02 2.735918399999999906e+01 1.118952269347068977e+02 3.054091603491002260e+01
1.098809700000000049e+02 2.526983800000000002e+01 1.327509984589414955e+02 4.513779718206872849e-01
9.801369499999999846e+01 2.871176499999999976e+01 9.920060387004537006e+01 1.611744108184841595e+00
1.034284499999999980e+02 2.847408899999999932e+01 1.333724936189258017e+02 1.278433392154758508e+01
1.012301199999999994e+02 1.617340499999999892e+01 1.231834639882424369e+02 1.498053097946359280e+01
1.295191499999999962e+02 3.220691300000000012e+01 1.081510560564225756e+02 2.729195964306165934e+01
1.283993499999999983e+02 1.234091600000000000e+01 1.223203953156808268e+02 1.936691893654411345e+01
1.233091349999999977e+02 7.443515999999999799e+00 1.114748192649490477e+02 9.990450781866243801e+00
1.364280100000000004e+02 4.255118000000000400e+00 1.243012733603269595e+02 1.895769761658508967e+00
1.306561399999999935e+02 2.535673000000000066e+00 1.288252719122858991e+02 1.909602661293824610e+01
1.047176599999999951e+02 4.703091999999999828e+00 1.279608688339586138e+02 3.390085960190495484e+01
9.312736999999999910e+01 1.080105299999999957e+01 1.117268291802127180e+02 2.154552942450592212e+01
1.332452999999999861e+02 2.728622999999999799e+00 1.179031248859431571e+02 2.770870532817616905e+01
1.052273249999999933e+02 1.942294899999999913e+01 1.232052601114965285e+02 1.157487289404186903e+01
1.063184499999999986e+02 2.189414199999999866e+01 1.033756882710754894e+02 8.519845558557808118e+00
1.189205999999999932e+02 1.653125000000000000e+01 1.376362272914703624e+02 2.072167865551622157e+01
9.996817000000000064e+01 2.509249700000000161e+01 1.151442083223305417e+02 1.663226332463191781e+01
1.239427000000000021e+02 2.807401000000000035e+00 9.636271591399838599e+01 2.769386268054251943e+01
1.137167199999999951e+02 2.209496700000000047e+01 9.785427747351472760e+01 9.717369673773086802e+00
1.065032039999999967e+02 4.921710000000000251e-01 1.074943417591823618e+02 8.252746648187784473e+00
1.064823149999999998e+02 3.252676000000000123e+00 9.789205423636107639e+01 2.979579235041531149e+01
1.311990399999999966e+02 2.885759999999999881e+00 1.326268079472132513e+02 1.558139518227196341e+01
1.353685499999999990e+02 1.775348299999999924e+01 1.135091897027072179e+02 1.800611857549915129e+01
1.222376000000000005e+02 3.524550000000000183e-01 1.271793350123621025e+02 1.688692244072270698e+00
1.206880299999999977e+02 9.057698999999999501e+00 1.160457749232007103e+02 2.397750936049021675e+01
1.359555699999999945e+02 2.916656499999999852e+01 1.125563460484247429e+02 1.907243380897638119e+01
1.108547200000000004e+02 1.948833799999999883e+01 1.214099696467710601e+02 5.165982146806663344e+00
1.032657399999999939e+02 2.896160700000000077e+01 1.050227366545666285e+02 2.683446688309135553e+01
1.344432400000000030e+02 7.931499999999999773e+00 1.213127417714815834e+02 1.472744492766656643e+00
1.164659599999999955e+02 1.853562499999999957e+01 9.699222996985690770e+01 5.718942816202386759e+00
1.189017699999999991e+02 2.030833000000000155e+01 1.089953362707124143e+02 1.380840275861967115e+01
1.119646900000000045e+02 1.463188599999999973e+01 9.726098438120735068e+01 1.324658592135758894e+01
1.174418639999999954e+02 1.991549499999999995e+01 1.172960799279577486e+02 8.381956496584585636e+00
9.605414600000000291e+01 3.418947000000000003e+01 1.181645356220030010e+02 1.374770562746806313e+01
1.349519999999999982e+02 1.169487200000000016e+01 1.021430618650962572e+02 1.838152639527894294e+01
1.287243799999999965e+02 8.558763000000000787e+00 1.066804702297850866e+02 2.690921919056208367e+01
1.151012699999999995e+02 2.510251999999999839e+01 1.135577336999447766e+02 2.513896098243282751e+00
1.064971539999999948e+02 2.229241000000000028e+01 1.100434065230307255e+02 1.047889776335837553e+01
1.089955800000000039e+02 1.639875599999999878e+01 1.233812199919449313e+02 1.687216835352387179e+01
1.049673540000000003e+02 2.282041399999999953e+01 1.215831151600656312e+02 2.272075908879259032e+01
1.099067840000000018e+02 1.686253999999999920e+01 1.368483577459977312e+02 5.076261239923225865e+00
1.073470499999999959e+02 1.714681799999999967e+01 1.099368736748245396e+02 2.751942281796366174e+01
9.823951999999999884e+01 1.669737599999999844e+01 1.290841630946321175e+02 1.871757244306929024e+01
1.123576999999999941e+02 3.279659999999999798e-01 9.458872226632324498e+01 6.263053836680086306e+00
1.130844799999999992e+02 1.852679300000000140e+01 1.103390833272935936e+02 1.151331887102891827e+01
1.010747149999999976e+02 1.745857799999999926e+01 1.305843069420436109e+02 1.114611780213145309e+01
1.047877660000000049e+02 2.743140400000000056e+01 1.369527346692312051e+02 2.719082564864359597e+01
1.209112899999999939e+02 7.267337999999999631e+00 1.327630939842552209e+02 7.962712421305410793e+00
9.612255000000000393e+01 3.490480999999999767e+01 1.049481061641381956e+02 3.763092372110369954e+00
1.209411199999999980e+02 1.190699900000000078e+01 1.348512924672032511e+02 6.108504996669325671e+00
9.359354000000000440e+01 1.516930999999999941e+01 1.102776011269542664e+02 1.638378380105621090e+01
1.293298800000000028e+02 7.388890000000000180e-01 9.517464722795178034e+01 1.010265801077680603e+00
1.074125099999999975e+02 6.090900000000000425e+00 1.319028758640832280e+02 3.230067178646786630e+01
1.344861300000000028e+02 1.449819800000000036e+01 9.720836472464958433e+01 1.555318867702694696e+01
1.207382000000000062e+02 1.915753600000000034e+01 1.242087073529404222e+02 5.293748094941320481e+00
1.164115599999999944e+02 1.850963399999999837e+01 9.496141359766488677e+01 1.269630453409268078e+01
1.269610100000000017e+02 1.226305200000000006e+01 1.235306522267505613e+02 4.855652710416263673e+00
1.056316000000000059e+02 1.004083999999999932e+01 1.111785629308638619e+02 6.581324226543577183e+00
1.227206500000000062e+02 2.926232000000000166e+00 1.295630636187567291e+02 1.382507813599971591e+01
1.264986999999999995e+02 2.455890000000000128e+01 9.462209922537483919e+01 1.417180953605729421e+01
1.231785699999999935e+02 1.163075599999999987e+01 1.115509319888309108e+02 2.187814321325994982e+01
1.114765500000000031e+02 2.000540499999999966e+01 1.209701234266466656e+02 2.033474037149908753e+01
1.065282440000000008e+02 1.715186000000000099e+00 1.313175556590536246e+02 6.441345311832323617e+00
1.182392499999999984e+02 2.503325500000000048e+01 1.257843187972797807e+02 1.646212681254386823e+01
1.142837099999999992e+02 1.745475199999999916e+01 1.334470594105061707e+02 1.333521153982797713e+01
1.140755900000000054e+02 8.455011999999999972e+00 1.113702755859792433e+02 2.348790372175519892e+01
1.239107999999999947e+02 6.146923000000000137e+00 1.035567807359191050e+02 4.620648943260244224e+00
1.273446660000000037e+02 1.365026600000000023e+01 1.099393268301257223e+02 2.797753657380911818e+01
1.232222500000000025e+02 1.022940900000000042e+01 1.138753842884445078e+02 3.221086942098353489e+01
1.351008600000000115e+02 2.345284300000000144e+01 1.266914908407703990e+02 2.730002714486124660e+01
1.360886000000000138e+02 1.322069300000000069e+01 1.116009665700115363e+02 3.417952761471160272e+01
9.890682999999999936e+01 1.802293200000000084e+01 1.029485104048909960e+02 2.514783415102527897e+01
1.044894199999999955e+02 3.404343999999999681e+01 9.570573062967835654e+01 3.478114144970584221e+01
1.156852599999999995e+02 1.478857400000000055e+01 1.297340959831954592e+02 7.773335860410679921e+00
1.042143250000000023e+02 3.424630400000000208e+01 1.205875995939609595e+02 3.456088162180156331e+01
1.140009500000000031e+02 2.463463799999999893e+01 1.353315305236878316e+02 3.062573043726979805e+01
1.176738359999999943e+02 1.385884099999999997e+01 1.366597375461264505e+02 1.557848280295801047e+01
1.281656299999999931e+02 6.427754000000000190e+00 1.209523490752682449e+02 1.357200923657694425e+01
1.067997500000000031e+02 2.827483199999999997e+01 1.197809920312624143e+02 1.104269233048457011e+01
9.423632999999999527e+01 1.031035299999999921e+01 1.148200997921133535e+02 3.274214513305831531e+01
1.087034450000000021e+02 1.879413800000000023e+01 1.262030895978630269e+02 1.801965393636433532e+01
1.109553400000000067e+02 1.066729000000000038e+00 1.114557539583703516e+02 8.489969509736795317e+00
1.084516140000000064e+02 7.152399999999999869e-01 9.901740277676415758e+01 2.017341944860486080e+01
1.207063399999999973e+02 1.393922799999999995e+01 1.285206050991143059e+02 1.600241900034071296e+00
1.007858499999999964e+02 2.466396100000000047e+01 9.381760555267499058e+01 1.146673565268458006e+01
1.096788600000000002e+02 1.849008999999999903e+00 1.322042968444552287e+02 9.506748279654519962e+00
1.222112300000000005e+02 1.084067199999999964e+01 1.069874622269918945e+02 6.147137698335730427e+00
1.290050699999999892e+02 1.324962900000000054e+01 1.289280955333644840e+02 3.162525156569703455e+00
1.268122939999999943e+02 2.672148999999999930e+01 1.057480438595324870e+02 2.802991571632995615e+01
9.989088999999999885e+01 2.683164999999999978e+01 1.294186145933567218e+02 2.957597387992229798e+01
1.171882999999999981e+02 2.439474999999999838e+01 1.332136759586515780e+02 2.347940506505419833e+01
1.231192999999999955e+02 3.669859999999999900e+00 9.841563790451510840e+01 4.818520134875114103e+00
9.899518999999999380e+01 3.035501000000000005e+01 1.087768956927392026e+02 4.032608039540861000e+00
1.240121900000000039e+02 1.423227999999999938e+00 9.753048717670202450e+01 3.279428458829433168e+01
1.122994499999999931e+02 1.439847999999999928e+01 1.329647769223997216e+02 1.205240414069962895e+01
1.006227399999999932e+02 1.954385600000000167e+01 1.246206461954417648e+02 2.360815613900891208e+01
1.327039000000000044e+02 1.584810399999999930e+01 1.181098957043112136e+02 7.833900017667668969e+00
1.074241999999999990e+02 2.922848300000000066e+01 1.130652123030072289e+02 2.954742479393346244e+01
1.215274660000000040e+02 9.855489999999999640e+00 1.169468881074903095e+02 6.028841100418777188e+00
1.221697539999999975e+02 5.261603000000000030e+00 1.282985478591781430e+02 2.581382692258358702e+00
9.482461499999999432e+01 7.552875000000000227e+00 9.636630270240229379e+01 2.934926293772093686e+01
1.028035200000000060e+02 2.750330200000000147e+01 1.179028826300586701e+02 7.928855238932054128e+00
1.021120999999999981e+02 2.292310000000000159e+01 1.353055919672315781e+02 7.114580507503270645e+00
1.026750949999999989e+02 3.487172699999999992e+01 1.255726568749312975e+02 2.673786295076003583e+01
9.588267000000000451e+01 2.653397000000000006e+01 1.051521768278970939e+02 8.293249373022955950e+00
1.179488199999999978e+02 1.651808199999999971e+01 9.918621337950757777e+01 3.216043365367697504e+01
1.187546099999999996e+02 1.839382399999999862e+01 1.157134505514910074e+02 2.600784209819224913e+01
1.205678249999999991e+02 2.621988100000000088e+01 1.170196468163582892e+02 3.499227227805658913e+01
1.294916100000000085e+02 2.620026999999999884e+00 1.256622768512879134e+02 9.088413198209574162e+00
9.999969000000000108e+01 2.509792300000000154e+01 1.309929677948771882e+02 3.315271570849898808e+01
1.307908799999999871e+02 1.009277999999999897e+00 1.015646878789695080e+02 1.923007633920663295e+01
1.063328249999999997e+02 1.094751899999999978e+01 1.379395744162827953e+02 3.477791837881862591e+01
1.030680899999999980e+02 2.392125499999999860e+01 1.243489310116794400e+02 4.147388125177719154e+00
9.982527000000000328e+01 2.515078700000000111e+01 1.002771355792251171e+02 1.101725132702330079e+01
1.181860400000000055e+02 2.456443600000000060e+01 1.288578226283514141e+02 1.881950119918243658e+01
1.370245700000000113e+02 1.147566899999999990e+01 1.325682818749670560e+02 2.619101111755788480e+01
1.258230060000000066e+02 9.050392999999999688e+00 9.768176925610043781e+01 1.633139620565000527e+01
9.586464999999999748e+01 3.010379999999999967e+01 1.367669531550123168e+02 1.151916194051100639e+01
9.686450000000000671e+01 3.287660000000000338e+01 1.276183365523497741e+02 1.780097570091805359e+00
1.242736299999999972e+02 6.831006000000000355e+00 1.355518056968027736e+02 1.515041321327308310e+01
1.102168700000000001e+02 2.640597199999999845e+01 9.352379942798384604e+01 1.584559571051179283e+01
1.162961800000000068e+02 2.799809799999999882e+01 1.147775559579516909e+02 7.046659872828159088e+00
1.007028959999999955e+02 2.068726699999999852e+01 1.201237643825168107e+02 3.881625379014212562e+00
1.262176500000000061e+02 1.077972399999999986e+01 9.788071441146365714e+01 2.797104167868491942e+01
1.126715200000000010e+02 1.748623999999999867e+01 1.208303232571477110e+02 4.816333206020326330e+00
1.204627899999999983e+02 7.529904000000000153e+00 1.095998651385635583e+02 1.094488532239764922e+01
1.162218600000000066e+02 1.465482599999999991e+01 1.301556218397854821e+02 2.547341989901681814e+01
9.462124000000000024e+01 2.250560199999999966e+01 1.304677652455964676e+02 1.128207266751539173e+01
9.639709999999999468e+01 2.889318000000000097e+01 1.033067040694016612e+02 7.517095474101522790e+00
1.309361900000000105e+02 8.523167000000000826e+00 1.274840760769950947e+02 9.350272522430991273e+00
9.805646500000000287e+01 1.719266899999999865e+01 1.285800488520655449e+02 1.439361370939571039e+01
1.042165799999999933e+02 2.347071499999999844e+01 1.211427697906550520e+02 1.133986411506469771e+01
1.008322600000000051e+02 1.836909500000000151e+01 1.320557125376519423e+02 1.768314971670386271e+01
9.609209400000000301e+01 1.652753299999999825e+01 1.045600261587248525e+02 9.945509013173541746e+00
1.298188600000000008e+02 9.076064999999999827e+00 1.074117694869941317e+02 2.390555244593223350e+01
1.181643140000000045e+02 2.271122000000000085e+01 1.090291452304097533e+02 2.600463265751251285e+01
9.713448999999999955e+01 2.390841500000000153e+01 1.144950652698691727e+02 2.976955249035614770e+01
1.286900599999999883e+02 1.486477799999999938e+01 1.081202787767340965e+02 1.800042022785681439e+01
1.324696399999999983e+02 1.699832699999999974e+01 1.302596097375460147e+02 3.088979348498964228e+01
