9.177763000000000204e+01 4.572117200000000281e+01 4.903242388513179861e+01 6.325533194917869650e+01
6.212583999999999662e+01 5.241832399999999836e+01 8.748229477933715259e+01 5.585209301724918873e+01
7.309830999999999790e+01 5.234477199999999897e+01 6.725800481146750087e+01 6.213011586034544109e+01
5.612691999999999837e+01 4.677530000000000143e+01 4.817205830663504429e+01 6.540493060125862712e+01
9.192443000000000097e+01 4.391416499999999701e+01 8.009602265113990427e+01 4.396817299112569088e+01
6.499267000000000394e+01 6.441571999999999321e+01 8.200508625776049598e+01 3.981295088554374217e+01
4.651906199999999814e+01 6.564847000000000321e+01 7.397453362884795069e+01 5.657365982555016615e+01
6.102018699999999995e+01 6.031772600000000040e+01 6.898245302441883098e+01 5.583460517841618298e+01
5.367402299999999826e+01 4.804916399999999754e+01 7.756596799401975773e+01 3.641791702249592078e+01
5.008755000000000024e+01 3.895271300000000281e+01 6.217376481618080675e+01 5.159485921297213906e+01
5.511140000000000327e+01 4.555278799999999961e+01 8.491028444227126215e+01 3.508986966798915574e+01
5.385738400000000325e+01 3.741060999999999837e+01 5.906470654972849843e+01 3.594741056028917114e+01
6.837092599999999720e+01 6.343894199999999728e+01 8.891158777650430522e+01 4.533142439792804623e+01
5.880583000000000027e+01 5.679195800000000105e+01 7.666440828978002742e+01 4.846875063401785866e+01
7.511430000000000007e+01 6.221965800000000257e+01 7.995608862426652763e+01 6.163257192751328262e+01
9.079550999999999306e+01 3.981207700000000216e+01 5.875388355736837553e+01 5.926926610464124678e+01
4.925378800000000012e+01 4.487882599999999655e+01 9.014019180976362122e+01 4.228041364774794175e+01
5.590519299999999703e+01 4.911775200000000297e+01 7.573983390001879457e+01 4.893219536455059426e+01
7.909267400000000237e+01 4.625860999999999734e+01 7.392220704696703137e+01 5.503744333885961026e+01
8.112063600000000463e+01 5.854007000000000005e+01 5.968035341899550161e+01 6.228144167092114003e+01
7.874617000000000644e+01 6.338141000000000247e+01 7.451315473404822853e+01 3.726759675215674150e+01
7.493410000000000082e+01 5.462091000000000207e+01 5.212524592600907880e+01 4.839606217363593288e+01
4.683886700000000047e+01 6.762047599999999647e+01 9.023236376296331684e+01 3.697982006579648129e+01
9.018449400000000082e+01 5.716975000000000051e+01 6.600681510399729746e+01 3.936986749136621455e+01
5.649604399999999771e+01 5.879238000000000142e+01 6.370801310835144449e+01 4.289343548554210628e+01
6.263247299999999740e+01 6.278571999999999775e+01 6.610529011657133935e+01 5.172637049134511500e+01
5.690843000000000274e+01 4.435243599999999731e+01 8.434747953579537239e+01 4.708092896589087673e+01
4.813165300000000002e+01 5.349941599999999653e+01 8.837806144796736874e+01 3.566214976437036199e+01
4.699412999999999840e+01 4.661490599999999773e+01 5.919464295678558585e+01 4.268611110015170595e+01
7.955441999999999325e+01 3.933534199999999714e+01 7.467012858741725267e+01 5.477653577674294638e+01
5.938430400000000020e+01 5.994136400000000009e+01 5.430203350389804484e+01 4.565183622370983585e+01
5.158545999999999765e+01 3.968241499999999888e+01 4.972002834752545652e+01 6.477158921425925087e+01
4.838024500000000216e+01 4.576261499999999671e+01 7.816656577724256749e+01 6.497451621826553492e+01
6.340314500000000209e+01 4.693292600000000192e+01 8.120012468949062168e+01 5.327414789849159149e+01
4.950020200000000159e+01 4.039718599999999782e+01 7.674480351117802002e+01 6.657415877630346301e+01
5.981524999999999892e+01 4.196849399999999974e+01 5.981711953048513664e+01 6.058151925706219032e+01
8.254558000000000106e+01 4.413940999999999804e+01 9.180035345170718131e+01 5.398262878530502462e+01
5.172338500000000039e+01 4.529092399999999685e+01 6.595886853293680474e+01 3.522515240764827382e+01
7.866343999999999426e+01 5.207111700000000098e+01 5.595206435734704087e+01 6.043914350863890661e+01
7.570255000000000223e+01 4.478640699999999697e+01 6.961673331237432194e+01 5.841061739959921795e+01
6.968741599999999892e+01 4.434613999999999834e+01 7.158186713011969005e+01 6.031336117331336766e+01
6.207253299999999996e+01 5.988882399999999961e+01 6.808865329864140392e+01 4.331223349749271279e+01
6.398020999999999958e+01 6.745911999999999864e+01 9.144729588296809197e+01 5.070608773258393143e+01
8.834440999999999633e+01 3.808497599999999750e+01 6.396784248704560127e+01 4.339039501741016380e+01
7.331032000000000437e+01 6.145440299999999922e+01 6.355168269232640910e+01 5.786789996902451350e+01
8.508656000000000574e+01 5.630064399999999836e+01 5.387615711428863818e+01 6.905474987166888923e+01
8.613866000000000156e+01 4.687523000000000195e+01 7.169770007285447377e+01 6.501621300367176559e+01
4.867788999999999788e+01 3.663427699999999732e+01 7.901021440652425554e+01 3.562329911877578326e+01
6.012234500000000281e+01 6.301154999999999973e+01 9.029870971061541240e+01 6.480580109170050207e+01
5.494057999999999709e+01 4.768078599999999767e+01 5.945398200139833023e+01 4.696354421890980291e+01
5.562769300000000072e+01 3.733395999999999759e+01 6.059723608165546693e+01 4.009607123296861886e+01
7.842737999999999943e+01 5.099642999999999660e+01 5.655891664852985912e+01 3.776137455636654039e+01
5.654059000000000168e+01 4.952905299999999755e+01 6.213274165598957666e+01 4.080011403960389060e+01
8.921657000000000437e+01 4.637635399999999919e+01 6.682848129762861333e+01 4.367105654622939426e+01
7.352600999999999942e+01 5.983097500000000224e+01 8.746075092830221820e+01 5.966744258583434402e+01
7.377876999999999441e+01 4.808458300000000207e+01 7.031554157214205247e+01 6.827803306649062165e+01
4.682307399999999831e+01 3.768308300000000344e+01 6.494941352647094845e+01 4.321577296831095083e+01
5.041848800000000352e+01 4.456822199999999867e+01 6.891754239069874188e+01 6.899296879418706396e+01
8.053882600000000025e+01 6.941762500000000102e+01 5.178176556300056887e+01 4.509968632507991515e+01
5.638801000000000130e+01 4.402345700000000051e+01 4.925876765280310110e+01 6.951282523458053220e+01
5.483740199999999732e+01 6.720315600000000700e+01 7.738545854234450871e+01 4.158378229712627672e+01
6.389623000000000275e+01 5.985449200000000047e+01 5.192129717074074335e+01 6.152313922573102900e+01
8.630344399999999894e+01 3.529596000000000089e+01 8.359013732146863163e+01 5.556363276279670771e+01
7.117350000000000421e+01 6.853942000000000689e+01 7.646045253641982242e+01 4.977613682213696222e+01
8.159128599999999665e+01 4.795078999999999780e+01 5.595475720490516380e+01 5.336402104507668298e+01
7.955888000000000204e+01 4.166588200000000342e+01 5.169554603537532955e+01 6.445771055822373796e+01
8.568862000000000023e+01 4.577856400000000292e+01 5.328449348411221820e+01 3.963497511066880463e+01
8.677062999999999704e+01 3.653430999999999784e+01 5.450680939131677860e+01 5.416468431926207927e+01
6.531167000000000655e+01 4.882398599999999789e+01 6.308745792609167324e+01 4.008480862041385251e+01
5.453885700000000014e+01 4.166483699999999857e+01 5.725687472912687781e+01 4.426091896139483595e+01
8.794929000000000485e+01 5.263289300000000281e+01 6.705944581377576696e+01 4.958306006754994399e+01
7.883557999999999311e+01 5.994613999999999976e+01 7.012687354836805298e+01 6.212401534522790314e+01
8.010957999999999402e+01 5.975469999999999970e+01 4.847648055725088767e+01 5.188274809795966291e+01
8.800436000000000547e+01 3.732951700000000272e+01 5.858633424766624387e+01 4.310815946206248839e+01
5.482379499999999695e+01 6.099461699999999809e+01 5.241025720193314186e+01 6.101837975783010393e+01
7.029137400000000468e+01 6.285878000000000299e+01 9.029855095515486596e+01 3.696217564364966535e+01
7.984991999999999734e+01 5.387590999999999752e+01 5.312277552884701493e+01 6.406699906208366713e+01
8.603885999999999967e+01 4.644124599999999958e+01 8.270589135268858172e+01 5.229177296988687829e+01
5.694467499999999660e+01 4.463041299999999723e+01 6.016728068621475956e+01 6.896033153279273620e+01
9.128426000000000329e+01 5.225977000000000317e+01 7.004284584343416498e+01 6.958841235303071926e+01
5.744317199999999701e+01 6.313915300000000030e+01 4.706578075765784774e+01 6.815556759519776620e+01
8.070539999999999736e+01 5.616324600000000089e+01 4.738697964086773595e+01 4.286997636291372515e+01
8.581419999999999959e+01 3.847436499999999882e+01 5.551361087285216200e+01 5.281896929456206635e+01
4.823720000000000141e+01 6.479565399999999897e+01 7.504929257768698392e+01 5.894655972477021066e+01
8.786114999999999498e+01 4.582981000000000193e+01 4.775482559833081808e+01 5.794476397915873633e+01
4.873664500000000288e+01 6.468719500000000266e+01 6.078892238890136923e+01 5.310329374992797824e+01
6.234157600000000343e+01 3.719436999999999927e+01 7.936279747016112651e+01 5.577318120595806761e+01
8.615685999999999467e+01 4.314424000000000348e+01 7.961887948318509700e+01 6.741187718178673549e+01
6.525262499999999477e+01 4.363733700000000226e+01 6.228429726571401659e+01 5.523155816974299626e+01
7.219124600000000669e+01 4.669397399999999720e+01 8.243191332576063246e+01 4.574895385507675627e+01
8.328181999999999618e+01 3.819834999999999781e+01 7.969789635471752831e+01 6.433211167895856875e+01
5.098018600000000333e+01 5.064710600000000085e+01 7.693589810899041481e+01 3.519618746394559139e+01
7.419258999999999560e+01 4.589243299999999692e+01 7.524248731483889685e+01 5.194657551483857105e+01
5.851317999999999842e+01 6.982255600000000584e+01 8.934288528440197297e+01 6.480804683802551835e+01
8.727204999999999302e+01 4.582592999999999961e+01 9.181972009301514959e+01 4.743912066356521962e+01
7.739900000000000091e+01 4.219946699999999851e+01 5.302577808278564930e+01 5.303505982645287276e+01
5.102250300000000038e+01 3.672104300000000165e+01 6.969318854636449601e+01 4.687287475876954090e+01
5.084082999999999686e+01 4.291995200000000210e+01 5.180908166775931534e+01 6.289126035555135275e+01
5.842303499999999872e+01 5.658156600000000225e+01 5.686117447293156602e+01 6.330487313777378944e+01
8.554137000000000057e+01 6.351950000000000074e+01 4.716751123274560342e+01 4.033079156265297627e+01
4.642362200000000172e+01 4.364381000000000199e+01 7.805538783128369573e+01 4.534502971145730044e+01
7.467731000000000563e+01 3.927035000000000053e+01 6.774614238792608489e+01 4.836245775580316320e+01
7.492908500000000060e+01 4.144767999999999830e+01 6.389866713763859707e+01 4.440905825408304253e+01
4.845089999999999719e+01 4.173628000000000071e+01 6.898273361002200943e+01 5.880905105540469435e+01
7.898609000000000435e+01 6.125311700000000315e+01 8.758251547795902070e+01 6.910696645372001967e+01
5.350856999999999886e+01 4.787993600000000072e+01 6.519502902044720827e+01 4.622520531982399916e+01
8.176375600000000077e+01 5.273118000000000194e+01 6.453977001977585815e+01 4.736827495672683597e+01
5.872162200000000354e+01 5.747793999999999670e+01 8.541758450713176387e+01 6.855169606531086401e+01
8.112399999999999523e+01 5.738239999999999696e+01 8.120321994776571728e+01 6.469800307367393088e+01
5.731622999999999735e+01 6.109158999999999651e+01 5.316278001284258181e+01 5.142624826270582616e+01
4.829901000000000266e+01 4.784384000000000015e+01 8.308128505190060764e+01 6.100449237803670144e+01
7.995036000000000342e+01 4.323528999999999911e+01 6.684400440236977659e+01 5.722938586979327624e+01
4.654339000000000226e+01 6.951897400000000005e+01 6.706147126937150915e+01 3.987362903714507922e+01
6.646900999999999726e+01 4.478130699999999820e+01 5.711993539318357449e+01 6.802236473236018810e+01
6.403793000000000291e+01 3.899839399999999756e+01 5.979682102911508679e+01 6.911031973401149742e+01
5.209461199999999792e+01 5.117084499999999991e+01 5.308879294449417330e+01 3.709877853052157803e+01
8.623520999999999503e+01 4.636948399999999992e+01 6.658090588395049281e+01 3.912400582231670398e+01
5.253712000000000160e+01 3.992564800000000247e+01 4.745233957412009573e+01 4.056599000628743568e+01
7.370851000000000397e+01 4.861395600000000172e+01 5.084927306824757665e+01 4.607777392589927956e+01
6.447547000000000139e+01 5.116217999999999932e+01 5.489492751637592960e+01 5.757499677848058894e+01
8.177772000000000219e+01 5.328379999999999939e+01 7.270185165297192498e+01 4.049443991908874807e+01
6.238970599999999678e+01 6.053584299999999985e+01 6.373799702241674936e+01 4.336227684631089119e+01
7.868372999999999706e+01 5.236381000000000085e+01 7.624300705931275957e+01 5.280293349416848514e+01
6.536441999999999553e+01 5.879074500000000114e+01 6.643865005492330056e+01 5.351214984850454925e+01
6.536352499999999566e+01 6.780796999999999741e+01 4.999446144100137701e+01 4.639883601957505022e+01
9.067476000000000624e+01 5.767088300000000345e+01 7.930956881250281754e+01 5.880559040953639283e+01
8.724388999999999328e+01 4.080576299999999890e+01 7.240205741192967537e+01 6.450631080089326019e+01
4.664154400000000322e+01 4.764254999999999995e+01 5.908350551954068663e+01 5.068745020530496959e+01
8.541752999999999929e+01 4.763230500000000234e+01 6.365008732559257965e+01 5.151021397599652829e+01
8.600272999999999968e+01 3.644926499999999692e+01 9.134914787058585262e+01 5.629851879802508563e+01
7.640643000000000029e+01 6.150368999999999886e+01 7.935661974858022916e+01 3.985403666948234758e+01
9.041479499999999803e+01 5.823899500000000273e+01 6.925366360621534056e+01 6.654417816023286036e+01
5.405088800000000049e+01 4.591053399999999840e+01 6.079418706848207421e+01 6.830532888615303477e+01
7.224446000000000367e+01 6.302400999999999698e+01 4.690986362746563287e+01 4.060708746828588289e+01
5.401032299999999964e+01 3.902499399999999952e+01 6.955281233596096513e+01 6.010280696120254618e+01
6.518312000000000239e+01 6.866369000000000256e+01 5.344705822378966786e+01 4.663528553441767599e+01
7.488580000000000325e+01 6.074363300000000265e+01 8.766979023973952678e+01 4.511592780750130771e+01
7.564574399999999343e+01 6.231943499999999858e+01 7.386211448812169067e+01 5.837519477119781186e+01
6.545878999999999337e+01 6.384045400000000114e+01 6.371297012195106646e+01 4.823305399165147378e+01
6.098150299999999646e+01 6.448563000000000045e+01 5.158492792617187206e+01 5.890682294973395017e+01
4.804852999999999952e+01 5.915501799999999832e+01 6.713809816328888758e+01 6.397670620541234143e+01
8.433446499999999446e+01 4.715006600000000248e+01 5.596634965715299614e+01 3.780420661674735783e+01
4.808711199999999764e+01 5.104863699999999938e+01 6.381672256794426801e+01 6.364638212747541246e+01
4.606618499999999727e+01 4.763568999999999676e+01 8.437861991992319588e+01 4.958560082495836951e+01
5.302091000000000065e+01 6.731531999999999982e+01 5.921932625976889142e+01 6.440777976713818020e+01
5.379881699999999967e+01 6.052117499999999950e+01 8.577134402273640035e+01 6.832798460529869544e+01
8.117508999999999730e+01 4.096491600000000233e+01 5.339132487941422056e+01 4.236508036605162175e+01
8.263160999999999490e+01 6.460718500000000120e+01 4.713243931215915694e+01 3.543037136624793959e+01
5.244548400000000044e+01 4.968101000000000056e+01 6.859416888751401586e+01 3.770298191822795530e+01
7.804362500000000580e+01 6.349269000000000318e+01 5.725069986539738665e+01 6.560334088110161588e+01
5.048371999999999815e+01 5.567083000000000226e+01 5.858750852482799587e+01 5.558044397559845606e+01
5.041930800000000090e+01 4.816576799999999992e+01 4.657789078461804877e+01 4.401314022935805781e+01
5.076651400000000081e+01 5.012197499999999906e+01 8.129541330701579227e+01 6.179075339407688716e+01
4.864542999999999751e+01 6.469620000000000459e+01 8.751388789995584716e+01 6.466970161052314836e+01
4.968514600000000314e+01 4.116499999999999915e+01 5.454380750558338775e+01 5.455764745470767707e+01
8.284440600000000643e+01 6.662793999999999528e+01 8.088201003637472297e+01 4.878667176966909835e+01
5.473273999999999972e+01 4.982398200000000088e+01 4.608850447909858872e+01 6.255848116295598516e+01
6.445869000000000426e+01 4.457287999999999784e+01 7.369519347180352042e+01 5.470480682894638846e+01
4.748805000000000121e+01 3.814018000000000086e+01 5.480362009625272890e+01 4.235564426078970968e+01
8.093213000000000079e+01 3.597028399999999948e+01 4.898370364577095160e+01 5.850815701853775153e+01
7.766463500000000408e+01 4.366029400000000038e+01 6.318134805168985224e+01 4.841340371789230090e+01
8.539822999999999809e+01 4.845192300000000074e+01 8.406279424821785540e+01 3.612162721769320228e+01
4.989374000000000109e+01 5.161422300000000263e+01 7.630698891406771622e+01 4.972077435580983007e+01
5.747853500000000082e+01 6.786973600000000317e+01 5.059335566198986101e+01 5.078130455289799983e+01
4.922243499999999727e+01 6.098261000000000109e+01 5.791148337321235573e+01 4.866921691648929027e+01
7.714118999999999460e+01 4.320707699999999818e+01 5.419388174835239624e+01 4.742511090582050315e+01
7.415824999999999534e+01 6.471699499999999716e+01 8.081981611103037721e+01 3.812650730759741435e+01
8.676023000000000707e+01 6.634453000000000600e+01 6.320743198254032791e+01 4.959705582311359962e+01
4.756330499999999972e+01 6.301571299999999809e+01 7.211576314028104662e+01 6.115942037967858624e+01
6.221198700000000059e+01 4.789804999999999779e+01 9.142708638239020047e+01 6.814547386444348831e+01
6.385522000000000276e+01 4.603732699999999767e+01 6.104416070301404318e+01 6.369685673545104976e+01
4.903016699999999872e+01 4.158028399999999891e+01 9.115933267202662194e+01 4.592060359191103203e+01
8.258649400000000185e+01 5.016890999999999678e+01 7.608724807368145093e+01 4.738845873606651793e+01
6.468491000000000213e+01 6.780146000000000583e+01 5.470950361989559951e+01 4.932752029876117206e+01
9.196247999999999934e+01 6.509338999999999942e+01 5.034113844835649587e+01 3.894413599855107577e+01
8.021056000000000097e+01 5.445707000000000164e+01 6.789032367694967718e+01 4.171737046375429969e+01
7.207362999999999431e+01 4.378689200000000170e+01 8.065836388976663329e+01 5.221834300837230103e+01
5.055015600000000120e+01 5.603056000000000125e+01 8.472509966703525208e+01 5.840975693937173219e+01
4.717723500000000314e+01 6.754859000000000435e+01 7.593813290106596980e+01 6.163807175889633783e+01
8.088393399999999644e+01 5.633167999999999864e+01 6.779665410481597121e+01 6.517331240461099640e+01
6.711011499999999330e+01 6.295371200000000300e+01 7.274549382636335793e+01 3.876472429390990726e+01
8.193995999999999924e+01 6.667467000000000610e+01 5.329311460508067455e+01 5.170471706503118270e+01
5.887006399999999928e+01 5.662591599999999659e+01 8.012374607548434824e+01 4.787171563655867601e+01
7.685081999999999880e+01 6.654681399999999769e+01 6.875336391511062573e+01 4.699415309211687486e+01
6.688737500000000580e+01 4.737153200000000197e+01 7.866432495424737681e+01 6.202547126929601262e+01
8.466437500000000682e+01 5.779388800000000259e+01 5.075286489201772611e+01 6.227180480560149789e+01
8.615807999999999822e+01 3.953633500000000112e+01 7.613634604134317385e+01 3.848420844681192676e+01
5.201496000000000208e+01 4.479073000000000349e+01 4.918758437640681791e+01 4.270617793262262296e+01
7.979481499999999983e+01 4.474455999999999989e+01 6.688882100961956212e+01 4.621355384103103603e+01
7.855727000000000260e+01 4.212497700000000123e+01 7.931384382571937408e+01 5.415779886184748193e+01
8.974895999999999674e+01 5.287476999999999805e+01 5.674843262330464455e+01 6.239100610099029609e+01
5.400833000000000084e+01 5.149824999999999875e+01 8.554723359198453636e+01 3.758274933132394580e+01
8.174501999999999668e+01 4.399757799999999719e+01 8.035337935286717936e+01 6.337713109169163772e+01
6.426757999999999527e+01 4.670075200000000137e+01 5.177345335960261252e+01 4.200581624268713199e+01
8.666244500000000528e+01 3.939806000000000097e+01 7.522423612562725737e+01 3.995739824636035564e+01
6.792364499999999339e+01 5.292115400000000136e+01 8.194956072629264554e+01 5.779231783348649998e+01
4.618327000000000027e+01 4.113789700000000238e+01 7.782068498278758284e+01 4.400721261981644261e+01
6.923744999999999550e+01 6.440031000000000461e+01 4.799907840393679237e+01 6.005801808592231339e+01
6.359223999999999677e+01 4.902062999999999704e+01 5.345778481058687959e+01 5.757152439158869583e+01
6.739291000000000054e+01 6.587685399999999447e+01 5.445420952956450833e+01 4.232902110137935381e+01
6.928211000000000297e+01 6.181251000000000317e+01 5.478038966218630179e+01 5.082667600476946035e+01
6.549251599999999485e+01 5.857232700000000136e+01 8.254114374256457154e+01 3.582935650991175436e+01
8.293120999999999299e+01 4.681194299999999942e+01 7.750453505525568687e+01 4.405924061996934427e+01
5.119310000000000116e+01 3.919285599999999903e+01 8.160144115814432553e+01 6.453538136592599983e+01
5.334275000000000233e+01 5.248333000000000226e+01 7.579723865068984878e+01 5.644844149781195597e+01
7.239128999999999792e+01 6.842699399999999343e+01 4.942997032227615506e+01 5.481825759271387710e+01
9.024084499999999309e+01 5.561955999999999989e+01 7.741329422595718768e+01 3.692111747979744507e+01
6.995750999999999920e+01 6.809695999999999572e+01 8.820717308162383574e+01 5.968538648595740881e+01
4.651361500000000149e+01 6.229066000000000258e+01 8.236090366164556542e+01 4.111572535249127469e+01
6.901913999999999305e+01 6.132184600000000074e+01 6.953258753778335688e+01 6.332494743847524887e+01
7.078258499999999742e+01 6.696653000000000588e+01 6.460558364430625033e+01 4.719598250741993439e+01
9.097803500000000554e+01 5.756076399999999893e+01 6.138503720002876918e+01 5.054228815637660688e+01
6.546135999999999910e+01 6.428853999999999758e+01 5.240377790543217884e+01 5.201785417812720880e+01
8.032851999999999748e+01 6.274645199999999789e+01 6.898254224444077920e+01 5.706128017558712884e+01
7.644519999999999982e+01 5.246920000000000073e+01 4.717068838045053525e+01 6.151061283978221184e+01
5.496697199999999839e+01 3.658432799999999929e+01 8.101839138285254194e+01 6.016715671882781180e+01
9.021724000000000387e+01 3.706654999999999944e+01 7.463565676823499473e+01 4.097799455104278366e+01
8.857581999999999312e+01 3.879977800000000343e+01 6.240489133274467548e+01 4.992441505050265249e+01
5.282484000000000179e+01 5.240883300000000133e+01 5.027327581881843344e+01 4.622250466168618743e+01
5.560593000000000075e+01 4.054563999999999879e+01 5.162815530529535835e+01 5.947268992687416045e+01
6.078474800000000045e+01 4.203665999999999769e+01 6.200249116311408670e+01 5.832440514861617942e+01
7.759214000000000055e+01 4.350226599999999877e+01 8.881185407264699450e+01 4.205935005384903747e+01
8.582116999999999507e+01 4.746687000000000012e+01 7.467220807515818137e+01 6.311447529104671617e+01
4.950536999999999921e+01 4.847417999999999694e+01 8.271823986128201511e+01 6.524019471464893627e+01
7.500401999999999703e+01 4.543095799999999684e+01 4.708067340835949466e+01 6.756546112745964194e+01
7.616424999999999557e+01 4.543033199999999994e+01 5.095986097031392603e+01 4.538749783835794460e+01
8.394563999999999737e+01 5.454334999999999667e+01 6.878524252967817176e+01 4.569482272674505907e+01
6.416881999999999664e+01 6.263075599999999810e+01 7.775247187159817486e+01 4.426287692142908980e+01
7.626085000000000491e+01 6.657132000000000005e+01 8.308724412101743440e+01 4.795940047346022084e+01
8.345618399999999326e+01 4.304925500000000227e+01 8.419354245443997797e+01 3.832106323003402792e+01
5.357192599999999771e+01 5.250240999999999758e+01 6.062415511400573109e+01 5.892709334872203897e+01
7.070919000000000665e+01 4.739281499999999880e+01 5.197121457250516841e+01 4.325550173813195443e+01
8.057143999999999551e+01 5.036995999999999896e+01 8.540560702004140126e+01 4.582305942790446807e+01
4.940913400000000166e+01 3.974633399999999739e+01 7.477294873989450252e+01 3.679338362218318537e+01
5.522988000000000142e+01 6.344250000000000256e+01 4.817300180168181356e+01 4.861505252169597924e+01
8.562224600000000407e+01 4.948678000000000310e+01 6.603126457468364663e+01 4.939323499395306527e+01
8.435666000000000508e+01 3.697562800000000038e+01 6.475684169770590870e+01 4.018364821569318934e+01
7.420149000000000683e+01 4.508252999999999844e+01 4.678475193706299251e+01 4.879884137614910600e+01
5.690683700000000300e+01 6.623102000000000089e+01 7.798246422606339934e+01 5.981899130208987003e+01
9.039902999999999622e+01 4.462012500000000159e+01 6.420517788905831935e+01 4.213271094502752590e+01
5.399922999999999718e+01 4.215371999999999986e+01 7.171409867783971492e+01 6.930351562833008927e+01
8.782634000000000185e+01 6.919105500000000575e+01 4.862102374850881858e+01 5.653300928867432162e+01
6.882191000000000258e+01 6.539381000000000199e+01 7.327313196330504752e+01 6.462815835167546652e+01
5.250372699999999782e+01 3.589459000000000088e+01 5.065645328070456799e+01 6.492995222576313097e+01
5.354923999999999751e+01 5.685491999999999990e+01 4.697285351836152500e+01 3.742906551342206001e+01
8.828189000000000419e+01 3.574349999999999739e+01 6.389935829228959108e+01 4.184775305097996068e+01
7.904353999999999303e+01 4.667101999999999862e+01 7.508089397061445425e+01 6.724698880540933033e+01
4.697312000000000154e+01 4.946396599999999921e+01 5.348473034147642124e+01 5.582394784629820350e+01
7.873811999999999500e+01 4.425542399999999787e+01 4.628328174621504587e+01 4.849012871705921413e+01
5.266364000000000090e+01 3.852633300000000105e+01 7.667112329494106859e+01 6.031452426365078878e+01
8.019674000000000547e+01 6.593732500000000130e+01 7.234621453371130428e+01 6.106361657641561180e+01
4.819145000000000323e+01 5.937442800000000176e+01 9.108043810643661686e+01 5.998666642297782658e+01
8.762560999999999467e+01 3.596153300000000286e+01 6.266203624443874531e+01 5.583842846234962565e+01
5.745836599999999805e+01 5.875457000000000107e+01 8.760736835637480624e+01 3.998844561965778865e+01
5.528000300000000067e+01 4.775746500000000339e+01 9.023379538196714122e+01 4.055323537221238439e+01
5.427424599999999799e+01 3.848194500000000318e+01 8.738767374170764413e+01 6.178454441822754006e+01
6.386209999999999809e+01 4.635114999999999696e+01 4.697147374289539812e+01 4.379537896903791250e+01
5.502998000000000189e+01 6.091666399999999726e+01 9.060505471399378052e+01 6.003180399130761202e+01
8.471607000000000198e+01 6.442885599999999613e+01 6.578552227396589558e+01 6.259553148812432966e+01
5.450730999999999682e+01 3.529058500000000009e+01 4.744690763704320347e+01 6.003264503393741336e+01
8.566745000000000232e+01 3.919830300000000278e+01 9.158173299048311833e+01 3.749162643100581960e+01
6.378111599999999726e+01 4.197871399999999653e+01 6.417966128086574429e+01 6.485458537625778774e+01
6.133836999999999762e+01 6.605080399999999941e+01 4.699222261931893740e+01 5.348071138244801404e+01
5.942173799999999773e+01 4.145531499999999880e+01 6.144995802428103104e+01 4.823035595026293976e+01
6.259846499999999736e+01 4.789987599999999901e+01 7.053018150908968664e+01 5.078374876648641134e+01
4.916487500000000210e+01 4.010217999999999705e+01 5.383496260838207093e+01 5.830829159017326901e+01
8.332406000000000290e+01 3.824869999999999948e+01 5.339135215377921639e+01 5.811717839208229464e+01
9.102087000000000216e+01 3.620454399999999850e+01 5.773612695535743455e+01 6.742165541759862890e+01
6.027947199999999839e+01 4.221820000000000306e+01 7.096773315872005128e+01 3.831042562136359209e+01
6.110611999999999711e+01 6.866671999999999798e+01 6.596619034445771490e+01 5.814324596037332782e+01
5.135486000000000217e+01 5.031982399999999700e+01 6.839858614279437177e+01 4.436739005894348509e+01
6.163974799999999732e+01 5.633095999999999748e+01 5.853964518863858046e+01 4.296408813574038987e+01
6.190089799999999798e+01 5.161833599999999933e+01 6.633454266660379517e+01 6.341652340069468607e+01
5.021430600000000055e+01 5.090232999999999919e+01 6.262912468394162602e+01 5.459543511471188282e+01
7.689336400000000538e+01 6.888752999999999815e+01 6.081995827127247622e+01 3.803459563900428009e+01
7.796600999999999715e+01 5.655156300000000158e+01 8.922656488456439661e+01 4.835234059529498296e+01
4.900845699999999994e+01 5.464117000000000246e+01 5.965642364545520593e+01 5.336238630047370179e+01
5.162111300000000114e+01 5.419458999999999804e+01 8.783470303227412046e+01 6.949111286188755798e+01
5.241227700000000311e+01 4.467609999999999815e+01 5.008564211137204580e+01 6.805153304958062677e+01
7.259849499999999978e+01 6.431005000000000393e+01 6.053544951952454767e+01 6.689617758090636812e+01
8.324057999999999424e+01 4.288136300000000034e+01 6.041736977089025373e+01 4.728292109069225546e+01
4.756291199999999719e+01 4.063936999999999955e+01 5.328802043870516769e+01 3.993126370928575142e+01
6.685438499999999351e+01 5.639614999999999867e+01 4.767273543899507615e+01 4.971386713501102150e+01
7.720885499999999979e+01 6.732750000000000057e+01 8.413606736852008794e+01 5.183759378146270080e+01
7.030102999999999724e+01 5.426494000000000284e+01 4.711134625050461722e+01 5.957677301277386306e+01
6.085383999999999816e+01 4.582113600000000275e+01 4.918669529338480828e+01 5.987414950473579722e+01
8.692431000000000552e+01 4.316691200000000350e+01 7.849289690402036967e+01 6.381458587998149312e+01
6.561271000000000697e+01 5.444020499999999885e+01 7.888151207913921326e+01 5.565911194468468892e+01
7.448669999999999902e+01 6.367872200000000049e+01 8.761782479108383370e+01 5.847613370301044711e+01
5.560429800000000000e+01 6.655464000000000624e+01 8.246798500733406456e+01 4.824010201761569050e+01
7.478584999999999638e+01 4.235947000000000173e+01 7.356041953755195095e+01 6.660211242817844379e+01
