1.006064200000000000e+02 2.769523600000000130e+01 1.127270087065456323e+02 2.131129020478837077e+01
1.137061499999999938e+02 2.920176500000000175e+01 9.619573286060301598e+01 7.866434502042723764e+00
1.182392499999999984e+02 2.503325500000000048e+01 1.191633452483069107e+02 1.380193167300427071e+00
1.141837539999999933e+02 2.640196200000000104e+01 1.169871876882228889e+02 3.846895869573682791e+00
1.189205999999999932e+02 1.653125000000000000e+01 1.283343439507582957e+02 1.264743498925474974e+01
1.234103000000000065e+02 1.101651599999999931e+01 9.346302082618424834e+01 2.681620032010084387e+01
1.164053499999999985e+02 1.685597999999999885e+01 9.464054493650519362e+01 1.733241459876573742e+01
1.047877660000000049e+02 2.743140400000000056e+01 1.087306301128785861e+02 2.518895213404848121e-01
1.352699100000000101e+02 1.797872999999999877e+01 1.013638288805970831e+02 1.241746792313359826e+01
1.265415600000000040e+02 2.948997500000000116e+01 1.177647900953554227e+02 1.952601592310000456e+01
1.068015400000000028e+02 2.137270499999999984e+01 1.229121925666489688e+02 5.159445996088302344e+00
1.088749899999999968e+02 2.917879299999999887e+01 1.129474603252707965e+02 1.705470172823649477e+01
1.224160899999999970e+02 7.696626000000000190e+00 1.342898151496096091e+02 2.911910569627641365e+01
1.224132840000000044e+02 1.063505699999999976e+01 1.018759261150694186e+02 2.259964683547527997e+01
1.275640800000000041e+02 1.488677000000000028e+01 1.213585802102928994e+02 1.540510701145702122e+01
1.321269700000000000e+02 2.966490999999999989e+00 9.336847372305182091e+01 3.088002929407919694e+01
1.363643999999999892e+02 1.274971000000000032e+01 1.226812813175710346e+02 3.167666633772370233e+01
1.188802900000000022e+02 7.100107000000000390e+00 1.182189336503962949e+02 5.855302484587415535e+00
1.377753099999999904e+02 1.232100499999999954e+01 1.122213266627463781e+02 1.132016849285179205e+01
1.066796700000000016e+02 7.535884000000000249e+00 1.306470038582139068e+02 2.066035361968152628e+00
1.006953599999999938e+02 1.924044200000000160e+01 1.031336757235593211e+02 1.935792556290198974e+01
1.305737499999999898e+02 2.831986999999999810e+00 1.150625547011116794e+02 2.567189377780820791e-01
1.042875439999999969e+02 1.675788000000000011e+01 9.289162977760268802e+01 2.833474547011604017e+01
1.239288300000000049e+02 7.131028999999999840e+00 1.010598314967150486e+02 2.962000246593255781e+01
9.996817000000000064e+01 2.509249700000000161e+01 9.429937353002749489e+01 3.096757041106270236e+01
1.369524999999999864e+02 1.756889699999999976e+01 9.311160249517715215e+01 6.435296976537390634e+00
1.346454300000000046e+02 1.258279899999999962e+01 1.307290351085843270e+02 2.038978485705980859e+01
1.124703750000000042e+02 1.702895499999999984e+01 9.517569446357208562e+01 1.496668481219312064e+01
1.227775699999999972e+02 3.331928000000000001e+00 1.156399727382948868e+02 1.154532367339660226e+01
9.977344999999999686e+01 2.670044899999999899e+01 9.369593675804952682e+01 3.295727518322840410e+01
1.356722699999999975e+02 1.789586800000000011e+01 1.112361640588491696e+02 1.303618350780177160e+01
1.179488199999999978e+02 1.651808199999999971e+01 9.651296588744664007e+01 3.480657880487921574e+01
1.117162550000000039e+02 2.099041700000000077e+01 1.141771463196728007e+02 8.674551190535710887e+00
1.325071299999999894e+02 3.182958000000000176e+00 1.267616121670844507e+02 2.992272052418981687e+01
1.343265800000000070e+02 3.472433000000000192e+01 1.141903148050402024e+02 6.275887232114421010e+00
1.171555249999999972e+02 2.330280700000000138e+01 1.294575873196179145e+02 2.380954991462058690e+00
1.117835000000000036e+02 4.146894999999999776e+00 1.331263315927130009e+02 3.302158840439807008e+00
1.355880699999999877e+02 2.913927999999999852e+00 9.313029278023373081e+01 3.038827758265668422e+01
1.222444500000000005e+02 8.908201999999999288e+00 1.306619069778056428e+02 1.317758178507350308e+01
1.148805399999999963e+02 1.808004999999999995e+01 9.965848949625679154e+01 1.004263887127612342e+01
1.202836599999999976e+02 1.236480500000000049e+01 1.174061973962560330e+02 1.374112146038496007e+01
1.040678560000000061e+02 3.964449000000000112e+00 1.284917651611172857e+02 2.514798599245243693e+01
1.051010700000000071e+02 8.262510999999999939e+00 1.053157974411005995e+02 1.111441391979887428e+01
1.153614500000000049e+02 1.834740400000000093e+01 1.189555537618503962e+02 3.015719356608778057e+01
1.206544499999999971e+02 1.271279400000000059e+01 1.244656435275537945e+02 1.364623357304598805e+01
1.310145699999999920e+02 1.227133000000000074e+01 1.042396466594656630e+02 3.006317847531783372e+01
1.098771440000000013e+02 2.681062700000000021e+01 1.379708421471134727e+02 2.325464950064218783e+01
1.230443949999999944e+02 4.896641999999999939e+00 9.594074251450410884e+01 2.102949876970391330e+01
9.848784999999999457e+01 2.775841000000000136e+01 1.049190692689612092e+02 3.256326524766547692e+01
1.343044899999999870e+02 1.360846100000000014e+01 1.020850880385897597e+02 1.840056781455608359e+01
1.272999200000000002e+02 3.150138899999999964e+01 1.249493025931750196e+02 1.931778402577504039e+01
1.059587700000000012e+02 8.478775999999999868e+00 1.139934909773973288e+02 1.424786632166602907e+01
1.058196200000000005e+02 1.893849399999999861e+01 9.200440094228302712e+01 8.816784670892987563e+00
1.286689599999999984e+02 1.164122899999999916e+01 9.567784706713891296e+01 1.166893771787446532e+01
1.211944400000000002e+02 7.120269999999999655e+00 1.121034652470430331e+02 9.755654347739671550e+00
1.049807359999999932e+02 3.378130699999999820e+01 1.289300290669000901e+02 2.680724262420486426e+01
1.175999999999999943e+02 1.023433799999999927e+01 1.267630254328057049e+02 1.272415430338976527e+01
1.287149499999999875e+02 8.613853000000000648e+00 1.212616958920450259e+02 2.519077829571777727e+01
9.765413999999999817e+01 2.677711499999999845e+01 1.184813184381258964e+02 3.060891361560170409e+01
1.132784039999999948e+02 2.408719599999999872e+01 1.360687048205329290e+02 8.031512454136617407e+00
1.245154399999999981e+02 9.428326000000000207e+00 9.743893817261000834e+01 1.910240732796725638e+01
9.686450000000000671e+01 3.287660000000000338e+01 1.295453733263921947e+02 1.312925235344889607e+01
1.130644759999999991e+02 5.041568999999999967e+00 9.238604263599138733e+01 2.219608431411812077e+01
1.153960299999999961e+02 3.187136999999999887e+01 1.320938932340226302e+02 9.027049455635843600e+00
9.442122000000000526e+01 2.540277000000000118e+00 1.041390504421456882e+02 3.027250451401606757e+00
1.005264739999999932e+02 1.630819999999999936e+01 1.376703711710856055e+02 7.316600947616144879e+00
1.204627899999999983e+02 7.529904000000000153e+00 1.189756245355056024e+02 2.693711585589106150e+01
9.999969000000000108e+01 2.509792300000000154e+01 1.233482014849707866e+02 1.245493384595737574e+01
1.147472199999999987e+02 3.243150700000000342e+01 1.038348240009881351e+02 2.323454588390376330e+01
1.262176500000000061e+02 1.077972399999999986e+01 1.044746786022167697e+02 2.821598111295085687e+01
1.156589100000000059e+02 2.078124199999999888e+01 1.028623506421421894e+02 1.997844048087966229e+01
1.099410100000000057e+02 2.527390700000000123e+01 1.298223121131080120e+02 2.912784675085496744e+01
1.221774099999999947e+02 4.068751999999999924e+00 1.171276089659586290e+02 1.582989703574182982e+01
1.367237700000000018e+02 5.390139999999999931e-01 1.014926456481414334e+02 2.140652570872105187e+01
1.281946399999999926e+02 1.151056699999999999e+01 1.088732829646120450e+02 2.825012809756110954e+01
1.233079199999999958e+02 7.494034000000000084e+00 1.271905279349327742e+02 8.437563718557255399e+00
1.123958300000000037e+02 1.957101600000000019e+01 1.346034003179380534e+02 3.459703348188448047e+01
1.149692299999999960e+02 2.266322900000000118e+01 1.148045981530972455e+02 2.506595369640665538e+00
1.185999149999999958e+02 1.150301600000000057e+01 1.112702226031631199e+02 1.064477666858776672e+01
9.605414600000000291e+01 3.418947000000000003e+01 1.062959195858168329e+02 3.543640549517051319e+00
9.639709999999999468e+01 2.889318000000000097e+01 1.345626558392945071e+02 2.802071152607736693e+01
1.051916099999999972e+02 9.920849000000000473e+00 1.182188322301768011e+02 1.378629919169908469e+01
1.222981000000000051e+02 3.382558000000000220e+01 1.325514166348350784e+02 1.503790380235409119e+00
1.209513000000000034e+02 1.574554299999999962e+01 1.165781709781584965e+02 1.375100649011166354e+01
1.111686299999999932e+02 3.224828000000000117e+01 1.257481598918404160e+02 1.661915299726434370e+01
1.063328249999999997e+02 1.094751899999999978e+01 1.098237844848238467e+02 2.719142343652685767e+01
1.073470499999999959e+02 1.714681799999999967e+01 1.336650946644574560e+02 2.928004943073742439e+01
1.281042500000000075e+02 1.263489599999999946e+01 1.266646832741276398e+02 3.143156777905246102e+01
1.063705499999999944e+02 2.535100999999999871e+01 1.253701426080066597e+02 1.072490911544912962e+01
1.080927049999999952e+02 1.663354700000000008e+01 1.261188511933737004e+02 1.868851503094970390e+00
1.260793199999999956e+02 1.507600200000000079e+01 1.041979257663008696e+02 3.172225507157524049e+01
1.138190160000000049e+02 1.354168100000000052e+01 1.026999141874183579e+02 3.320501177967287987e+01
9.893878999999999735e+01 2.680315399999999926e+01 1.276113212601920281e+02 1.622862455237245882e+01
1.106722100000000069e+02 2.715277999999999992e+01 1.052343471032209692e+02 1.686590566454941253e+01
1.152771500000000060e+02 4.479098999999999720e+00 1.240618665037442838e+02 4.478538221052972723e+00
1.128938299999999941e+02 1.716561099999999840e+01 1.232463488997263994e+02 1.004091378658999112e+01
1.349069200000000137e+02 4.621629999999999905e-01 1.181294850896366455e+02 4.343238880651817402e-01
1.312442299999999875e+02 1.030026800000000087e+01 1.183920290764118732e+02 1.257718984223817227e+00
9.910477000000000203e+01 2.538836900000000085e+01 1.083490593138272970e+02 1.354361985549479463e+01
1.180998459999999994e+02 1.284827399999999997e+01 1.215711485879830036e+02 2.767784058690904558e+01
1.172729949999999945e+02 2.140795900000000174e+01 1.206367396441573021e+02 6.700330770464177021e+00
1.078898599999999988e+02 1.824183700000000030e+01 1.208809402846007401e+02 1.579555444398997288e+01
1.275717999999999961e+02 1.522483000000000075e+01 1.011367981153552620e+02 1.347418624547008115e+01
1.078628099999999961e+02 2.795533599999999907e+01 1.354620510819963215e+02 1.421045679647114923e+01
1.252770199999999932e+02 1.020389400000000002e+01 1.130075530612066075e+02 3.054628508429634337e+01
1.236492400000000060e+02 8.307256999999999891e+00 1.123748291778884720e+02 1.448388822113089525e+01
1.091274599999999992e+02 2.936315300000000050e+01 1.128069572929641993e+02 1.281280764908277803e+01
1.185986900000000048e+02 1.763774300000000039e+01 9.336094908994658681e+01 3.361995445298290264e+01
1.181806899999999985e+02 1.782495300000000071e+01 9.620949474739933294e+01 2.960128324812211886e+01
1.204545700000000039e+02 7.107947000000000237e+00 1.020390377449345749e+02 1.615803327189081884e+01
9.286606600000000356e+01 6.433735999999999677e+00 1.152045498001809278e+02 8.932230844787595103e+00
1.102168700000000001e+02 2.640597199999999845e+01 1.309595307054303248e+02 8.676258455720837759e+00
1.286794999999999902e+02 1.162912799999999969e+01 9.336072112478363749e+01 3.214962150428685561e+01
1.193820400000000035e+02 7.351111999999999647e+00 1.248712023194876792e+02 1.678814952946904526e+01
1.251776499999999999e+02 9.960960999999999288e+00 9.676167848457635046e+01 3.432728386376172125e+01
1.109553400000000067e+02 1.066729000000000038e+00 1.103049165689506594e+02 3.017874352569822705e+01
1.241735800000000012e+02 1.073339700000000008e+01 1.339543459023395542e+02 4.090349410483190562e-01
1.269099199999999996e+02 8.830450000000000799e+00 1.222392017539263378e+02 8.443236924066381377e+00
1.240121900000000039e+02 1.423227999999999938e+00 1.291695651113926999e+02 9.935097857919705788e-01
1.286027200000000050e+02 8.726665000000000560e+00 1.215045912774611452e+02 4.846253117320818760e+00
1.045020300000000049e+02 3.012155500000000075e+01 9.880997888722276912e+01 2.315035570665727249e+01
1.040049199999999985e+02 2.438359600000000071e+01 1.202565816593146906e+02 1.090128713192745558e+01
1.114416300000000035e+02 1.862790100000000137e+01 9.883659444693770979e+01 2.581769378447317109e+01
1.037843000000000018e+02 2.495760299999999887e+01 1.240983513002877601e+02 2.320069877143774661e+01
1.003582999999999998e+02 2.007404500000000169e+01 1.352463629683259683e+02 5.073579874359531061e+00
1.140832999999999942e+02 2.683112699999999862e+01 1.209417319649772651e+02 3.549552451805862319e+00
1.015794000000000068e+02 7.872015000000000207e+00 1.202761235190171476e+02 2.685160915911340496e+01
1.054974749999999943e+02 1.932288700000000148e+01 1.112653343969110438e+02 1.750419154036606173e+01
1.347473899999999958e+02 1.456310399999999916e+01 9.822181753001160587e+01 1.928146830981990334e+01
1.219884500000000003e+02 2.734084500000000162e+01 1.181045405979614316e+02 4.801691852643617864e+00
1.191021599999999978e+02 1.562066500000000069e+01 1.115237185333530192e+02 6.921931749328392947e+00
1.155710700000000060e+02 2.116927000000000092e+01 1.144460318314646230e+02 2.602071982528289951e+01
1.004126049999999992e+02 2.261345000000000027e+01 1.022946932931797477e+02 2.457038700031638001e+01
1.074125099999999975e+02 6.090900000000000425e+00 1.134543021759111241e+02 1.130144520460433100e+01
1.211231700000000018e+02 5.250886000000000386e+00 1.136258379783542125e+02 3.179438587623620904e+01
9.942723999999999762e+01 2.273704499999999840e+01 9.271245040373251811e+01 3.055098655414905551e+01
1.134008259999999950e+02 2.899073999999999884e+01 1.062801570448522455e+02 1.779147438778646162e+01
9.911983499999999481e+01 3.033258400000000066e+01 1.229961953136610759e+02 6.924016258495643505e+00
1.236907599999999974e+02 2.655348599999999948e+01 1.280913704023615196e+02 2.256055628346193842e+01
1.034781339999999972e+02 1.418773999999999980e+01 1.069354390897268701e+02 2.593821441871331501e+01
1.074345600000000047e+02 3.142921400000000176e+01 1.082336628107436240e+02 8.638850415038207942e+00
1.332002899999999954e+02 1.412760000000000127e-01 1.328464847692031867e+02 1.360015418258532272e+01
9.340278999999999598e+01 4.793091000000000435e+00 1.145185389604568371e+02 7.705803226844494702e+00
1.125651100000000042e+02 1.389909199999999956e+01 1.030066802299943021e+02 1.674073933681026105e+01
1.173357539999999943e+02 2.219921099999999825e+01 1.102714919834448466e+02 1.198815440248873099e+00
1.176570099999999996e+02 2.176196300000000150e+01 1.125748939694793194e+02 1.387085564552540395e+00
1.075570799999999991e+02 3.114085800000000148e+01 1.029364310360819843e+02 1.948390990649278365e+01
1.246774400000000043e+02 1.209600299999999962e+01 1.112816766192727300e+02 2.090733422007631148e+01
1.104863299999999953e+02 2.858129299999999873e+01 1.056923547662348852e+02 5.775948945370089405e+00
1.210841450000000066e+02 2.834050999999999831e+01 1.075553994284652504e+02 1.263364707294146427e+01
1.254233859999999936e+02 2.886179999999999968e+00 1.005360911632499210e+02 2.463889944720910563e+01
9.369768000000000541e+01 1.855701600000000084e+01 1.085006782437319544e+02 2.123376730098874177e+01
1.066582599999999985e+02 2.877814700000000059e+01 1.009341871466541960e+02 1.331928840043611473e+01
1.066084100000000063e+02 3.491856800000000050e+01 1.017827624259955144e+02 1.012225872408149563e+01
9.877991500000000258e+01 1.703118500000000068e+01 9.607558597535538070e+01 1.034307097094833594e+01
1.286662800000000004e+02 5.189660000000000384e-01 1.136102180939820983e+02 1.744365832420741924e+01
1.277506199999999978e+02 9.857113000000000014e+00 1.047785106459994182e+02 1.728100265590635587e+01
1.299641100000000051e+02 1.389185499999999962e+01 1.112089255751139945e+02 2.653664786388635832e+01
1.120615540000000010e+02 2.049053999999999931e+01 9.594532862613320390e+01 2.468401949064314493e+01
1.128123599999999982e+02 2.516570700000000116e+01 1.045913796126399831e+02 7.049178622368868830e+00
1.182972699999999975e+02 1.483025899999999986e+01 1.100073003103162819e+02 2.922244352398300293e+01
1.274986999999999995e+02 1.990880800000000050e+01 1.073803862706878078e+02 1.408761613200597829e+01
1.318686399999999992e+02 7.302616000000000440e+00 9.766708643622091301e+01 1.123571948350123328e+01
1.090422400000000067e+02 3.257660000000000000e-01 1.097790161263456525e+02 3.652140450454177234e+00
1.264986999999999995e+02 2.455890000000000128e+01 9.324199832916431774e+01 6.988708496046304397e+00
1.204013400000000047e+02 1.923368599999999873e+01 1.180381503531387466e+02 2.692195481432539239e+01
1.140755900000000054e+02 8.455011999999999972e+00 1.161537947857923996e+02 2.246558887387985592e+01
9.395832000000000050e+01 5.743917999999999857e+00 1.017365133374643733e+02 4.989582847216561312e+00
1.004969799999999935e+02 2.176606200000000158e+01 1.002586753879747761e+02 1.461268885300228959e+01
1.208825700000000012e+02 1.676954800000000034e+01 1.239299114690580979e+02 3.262086301001344424e+01
1.065728000000000009e+02 5.804099999999999815e-01 1.203135847631385928e+02 1.498106245379317514e+01
1.229570539999999994e+02 1.920611999999999986e+00 1.366432089092387514e+02 2.445916750909973914e+01
1.114088299999999947e+02 2.254265600000000092e+01 1.038159093151154480e+02 3.029456106159963724e+01
1.285522300000000087e+02 3.419751999999999903e+00 1.189776269495398680e+02 9.471032987607884479e+00
9.462124000000000024e+01 2.250560199999999966e+01 1.309739740003363124e+02 3.470721702298308031e+01
1.130060650000000066e+02 2.550459999999999994e+01 1.070273642109282548e+02 3.242177632292483480e+01
1.217343299999999999e+02 1.486597700000000088e+01 1.151414747215388559e+02 1.561442062180822710e+01
1.325039999999999907e+02 4.645293999999999812e+00 1.305527418226006091e+02 2.828420873386960110e+01
1.007371399999999966e+02 2.470236600000000138e+01 1.199874183779730856e+02 1.563264155257755483e+01
1.168420299999999941e+02 1.809422899999999856e+01 1.134248349350924059e+02 3.131620464934589876e+01
1.270234300000000047e+02 5.967240000000000322e+00 1.043466787992943807e+02 3.021561494715273000e+01
1.228186299999999989e+02 2.599601699999999838e+01 1.301315357024019761e+02 2.793737926549251682e+01
1.172721250000000026e+02 1.818978299999999848e+01 9.780215031136762605e+01 1.482940044683347303e+01
1.099067840000000018e+02 1.686253999999999920e+01 1.271945578819803018e+02 2.491509557463593438e+01
1.122994499999999931e+02 1.439847999999999928e+01 1.251509987291491939e+02 7.656420302898185426e+00
1.185020800000000065e+02 3.043984199999999873e+01 9.679282539691146781e+01 6.517779656987811698e+00
1.314637800000000141e+02 1.366797000000000040e+01 1.237577444805893947e+02 2.040335558947590755e+01
1.180868300000000062e+02 8.296312000000000353e+00 1.193171167777502433e+02 1.689653743653598639e+01
1.090715200000000067e+02 1.751669499999999857e+01 1.314108502699768053e+02 2.465405366391765440e+01
1.103286899999999946e+02 1.103283000000000014e+00 1.215852759686733862e+02 1.743927944073163516e+01
1.286751700000000085e+02 8.353201000000000320e+00 1.012094552073747309e+02 2.130375680145011685e+01
1.291601900000000001e+02 1.209166300000000049e+01 1.358619503324125617e+02 2.910614203449971527e+01
1.229745099999999951e+02 1.295093400000000017e+01 9.608025496153213396e+01 3.224143975931153250e+01
1.090013050000000021e+02 2.906080000000000041e+01 1.081611373344163241e+02 1.428821602548971947e+00
9.774904999999999688e+01 2.897119999999999962e+01 9.892204902071459571e+01 2.114187103503308762e+01
1.057738700000000023e+02 3.275798400000000044e+01 1.300104550142033588e+02 1.293495542470634030e+00
1.233786699999999996e+02 4.075228000000000073e+00 1.251288625369556655e+02 1.130664913340724631e+01
1.080926400000000029e+02 3.690646999999999789e+00 1.334633427754794468e+02 3.226650676223355418e+01
1.265867599999999982e+02 2.725253899999999874e+01 1.219758579878569833e+02 2.426636489449748169e+01
1.052273249999999933e+02 1.942294899999999913e+01 1.014085161284215957e+02 1.933501847551345421e+01
9.448524500000000614e+01 1.358393900000000087e+01 1.150082886458611853e+02 3.628657778332973649e+00
1.247555499999999995e+02 1.558736700000000042e+01 9.597746884155608882e+01 3.708835789497479496e+00
1.225821150000000017e+02 6.734340000000000437e+00 9.327595213970114685e+01 4.375591737446338225e-02
1.073292849999999987e+02 3.159566099999999977e+01 1.350023663587071781e+02 7.600423186347267546e+00
9.482461499999999432e+01 7.552875000000000227e+00 1.012623683487373398e+02 3.145498060930638662e+00
1.034284499999999980e+02 2.847408899999999932e+01 1.350639895484684132e+02 1.478855325760198092e+01
1.053158899999999960e+02 1.049280700000000088e+01 1.014265918692830155e+02 3.599269705051748147e+00
1.164115599999999944e+02 1.850963399999999837e+01 1.300107995373289214e+02 1.438929014023498931e-01
1.047332300000000060e+02 2.698434299999999908e+01 1.376987818685080924e+02 4.963108254430167676e+00
1.274859500000000025e+02 2.643822899999999976e+01 1.061694393485121282e+02 8.040515366617213999e+00
1.123523600000000044e+02 2.472185899999999847e+01 1.193346666601480877e+02 3.100249086225234763e+01
1.179452600000000047e+02 3.413794299999999993e+01 9.343587442198847270e+01 1.458882109070847033e+00
1.292556600000000060e+02 1.137209400000000059e+01 1.210014827350325390e+02 1.369808495267046489e+01
1.230936200000000014e+02 4.996221000000000245e+00 9.247272227193607819e+01 3.014473142771151970e+01
1.148955600000000032e+02 1.872133399999999881e+01 1.344108403210761651e+02 1.371501289651066813e+01
1.089955800000000039e+02 1.639875599999999878e+01 1.102819500699497155e+02 2.538208264046610907e+01
1.349317599999999970e+02 1.207422299999999993e+01 1.039028425218826897e+02 7.042029712106318229e+00
1.252612100000000055e+02 1.041665000000000063e+01 1.142672098413715389e+02 2.461415747505656171e+01
9.808326999999999884e+01 2.820190200000000047e+01 1.350725007081580600e+02 3.188530607084143753e+01
1.202658899999999988e+02 5.060309000000000168e+00 1.372798834038466396e+02 2.651341647449370598e+01
1.056335140000000052e+02 2.491520699999999877e+01 1.369821907727449570e+02 5.809522557073210969e+00
1.078603300000000047e+02 3.205924000000000262e+01 1.068768500258171485e+02 2.018611237829119887e+00
1.078109199999999959e+02 3.159997999999999863e+01 9.958749624125178457e+01 1.931838006955359432e+01
9.715987400000000207e+01 1.592667499999999947e+01 1.282914940801369426e+02 2.575441623098003063e+01
1.372423000000000002e+02 1.840880000000000072e+00 1.231437321297789964e+02 4.484072132922048759e+00
1.352128999999999905e+02 5.011090000000000266e+00 1.037857707334098620e+02 2.387049729938278908e+00
1.234565599999999961e+02 1.023036199999999951e+01 1.002726248918584275e+02 3.122882748652419949e+01
1.121307599999999951e+02 2.552255800000000008e+01 1.259428454961866493e+02 2.227744648634666191e+01
1.195968249999999955e+02 1.992211299999999952e+01 1.262464788554935069e+02 2.990921232657017725e+01
1.066970400000000012e+02 2.854751200000000111e+01 1.245518744935421012e+02 2.972989924636618397e+01
1.015828300000000013e+02 3.012794999999999845e+01 1.089705357491823037e+02 1.440322449197010712e+01
1.116914900000000017e+02 1.667273899999999998e+01 9.799591480077693006e+01 2.188372523840899930e+01
9.312736999999999910e+01 1.080105299999999957e+01 1.312320705793933939e+02 1.152151654562213423e+01
1.233091349999999977e+02 7.443515999999999799e+00 1.178798358252266780e+02 1.117205454548582466e+01
1.308280000000000030e+02 1.675008999999999970e+00 1.210324819755301746e+02 3.239979738762145445e+01
1.292091000000000065e+02 9.637442000000000064e+00 9.277641340981875828e+01 3.093220976384012388e+01
1.147561599999999942e+02 1.838597100000000140e+01 1.332035694241224917e+02 1.624598577898126450e+00
1.106384299999999996e+02 3.058228099999999827e+01 9.603017546043597008e+01 2.113130774167792936e+01
1.194723599999999948e+02 1.724490399999999823e+01 1.349662454873276261e+02 1.794988859802017345e+01
9.548212999999999795e+01 1.554973200000000055e+01 1.053909705173002465e+02 4.746546394966843607e+00
1.306742099999999880e+02 8.577165000000000816e+00 1.063989682002861628e+02 1.700127262687120222e+01
1.048792499999999990e+02 1.661124399999999923e+01 1.162199156651096530e+02 1.915836412530728339e+01
1.129410900000000026e+02 1.928609799999999908e+01 1.334985946596399913e+02 1.723013286129695487e+01
1.221657000000000011e+02 3.453664999999999985e+00 1.375352305616043225e+02 1.148342712298726909e+01
1.294410000000000025e+02 2.921653200000000083e+01 1.301272102051889874e+02 1.679420822051966766e+01
1.331729400000000112e+02 1.186766300000000030e+01 1.143129325757185768e+02 7.364838605257374660e+00
1.216711800000000068e+02 9.723228000000000648e+00 1.109577665399756654e+02 3.995417980227014887e+00
1.286900599999999883e+02 1.486477799999999938e+01 1.046634355419169822e+02 2.907911341572672015e+01
1.079864000000000033e+02 3.225813699999999784e+01 1.142155878611781787e+02 1.057726954470108183e+01
1.248270700000000062e+02 4.432827999999999768e+00 1.171864136965816243e+02 6.423520481953532091e+00
1.043113299999999981e+02 9.546936000000000533e+00 1.065568608647190842e+02 3.230219792249044986e+01
1.378785100000000057e+02 1.122782400000000003e+01 1.051099377548016349e+02 1.669652202910033267e+01
1.273195599999999956e+02 1.021326400000000056e+01 1.186881492196216641e+02 2.601637488223232353e+01
1.258002900000000039e+02 1.515819699999999948e+01 1.213139204112544007e+02 9.420166958523392253e+00
1.221146700000000038e+02 7.678874999999999673e+00 9.456684081901926220e+01 2.479697919486233104e+01
1.044074200000000019e+02 1.407581799999999994e+01 9.720819945188983979e+01 1.927105662549895015e+01
1.073123599999999982e+02 2.557497199999999893e+01 1.232214134269862029e+02 3.097444178881170185e+00
1.212039639999999991e+02 1.003314899999999987e+01 1.333946938977771879e+02 2.598455174456804428e+01
1.135468599999999952e+02 1.324376900000000035e+01 1.080718912588734355e+02 2.031245294481437114e+01
1.135725199999999973e+02 1.487359700000000018e+01 1.089272146753993553e+02 2.375789549886053820e+01
1.149996699999999947e+02 3.686024000000000189e+00 1.096183353830296596e+02 3.459844363438929804e+01
1.081673300000000069e+02 3.137665000000000148e+01 1.034614231801494810e+02 1.976498642106388814e+01
1.151021999999999963e+02 2.461723999999999890e+01 1.197278544519326857e+02 2.494075704325958753e+01
1.352721099999999979e+02 9.163007999999999598e+00 1.322131800774138810e+02 1.010695916723893184e+01
1.083680499999999967e+02 2.084225800000000106e+01 1.287753939292342693e+02 2.559714576793435015e+01
1.044513100000000065e+02 2.886278000000000077e+01 1.081055325339827675e+02 4.450032684273594441e+00
1.369361299999999915e+02 1.332057299999999955e+01 1.376657934870658551e+02 1.245441593725592888e+01
1.004917399999999930e+02 3.001473800000000125e+01 1.219675709191185575e+02 1.764484265633355520e+01
1.031240300000000047e+02 2.424801599999999979e+01 1.015561668810200473e+02 1.888833197619600313e+01
1.093420100000000019e+02 2.870751599999999826e+01 9.291825221033472815e+01 1.690579466715617940e+01
1.096538500000000056e+02 3.307865999999999929e+01 1.091050412049848717e+02 7.760164543282695782e+00
1.161196300000000008e+02 2.374014299999999977e+01 1.314235250099017662e+02 3.697663765264964209e+00
1.067415100000000052e+02 2.775080900000000028e+01 1.347273127041055432e+02 2.629411583624653659e+01
1.301593200000000081e+02 3.440213800000000077e+01 9.737766358267785449e+01 2.810368997007786618e+01
1.066784899999999965e+02 8.027340000000000586e+00 1.223093195187235409e+02 1.900643685916605818e+01
1.285425299999999993e+02 2.874658000000000158e+01 1.019685695341199505e+02 2.365912359439356294e+01
1.081945400000000035e+02 1.628570200000000057e+01 9.604845833377967779e+01 5.273623213585032055e+00
1.146455700000000064e+02 2.811013399999999862e+01 1.138056666552664211e+02 1.201112261103936873e+01
1.308442000000000007e+02 8.125244999999999607e+00 1.069631060172093839e+02 1.051951866425120485e+01
1.094431699999999950e+02 2.603854600000000019e+01 1.070678606757311542e+02 2.536675724473905547e+01
9.492020999999999731e+01 2.098355700000000112e+01 1.050373443772177211e+02 2.679474178476442603e+01
1.055583699999999965e+02 3.125904999999999845e+01 9.577306973360551012e+01 1.654700151755589843e+01
1.020943999999999932e+02 1.659711000000000070e+01 1.007161125979844911e+02 3.046894156424735556e+01
9.755183399999999949e+01 3.184772999999999854e+01 1.028186643505112414e+02 8.559262021916284269e+00
1.232273500000000013e+02 4.342469000000000356e+00 1.205122139269343648e+02 1.501359463984358911e+01
1.101968499999999977e+02 2.375801699999999883e+01 1.030242492906864271e+02 2.551327354182020102e+01
1.031805300000000045e+02 1.483915700000000015e+01 1.374471515655978919e+02 1.723427602526177438e+01
1.261324800000000010e+02 2.826121900000000053e+01 9.491796606887821497e+01 9.448729523163752475e+00
1.340509999999999877e+02 2.624378400000000156e+01 1.061911720139643052e+02 7.169154462216081880e-01
1.081180899999999951e+02 3.227875000000000227e+01 1.242083699916067019e+02 2.348735945084168364e+01
1.169782000000000011e+02 4.263942000000000121e+00 1.318089806120989351e+02 4.437357450004366655e+00
1.357156699999999887e+02 3.125895300000000177e+01 1.365321431247406565e+02 2.420459926866345057e+01
1.008096900000000034e+02 1.563741100000000017e+01 1.080462458093034570e+02 9.036002919992188964e+00
1.085890660000000025e+02 5.622329999999999828e-01 1.158771970120930916e+02 1.197103162765900919e+01
1.252033899999999988e+02 9.675684000000000395e+00 1.213224490255931585e+02 1.904462416021033988e+01
1.292459900000000061e+02 4.137847999999999971e+00 9.368813978669220432e+01 1.426414866876205245e+01
1.158468500000000034e+02 2.654724699999999871e+01 9.251578608596550168e+01 2.482873054387536627e+01
1.132756650000000036e+02 2.208142499999999941e+01 1.328744435763821343e+02 3.033539358641359485e+01
1.177268300000000067e+02 3.289130999999999716e+01 1.226515493074126226e+02 1.949127120628183363e+01
1.332452999999999861e+02 2.728622999999999799e+00 9.768481615058462353e+01 5.284077893875967824e+00
1.124594649999999945e+02 2.773611800000000116e+01 1.071502183763806073e+02 2.501050311268853932e+01
1.297718999999999880e+02 1.096346999999999916e+01 1.072837524937304039e+02 1.655117218925072464e+01
1.320785700000000134e+02 1.136370800000000081e+01 1.262396007875522059e+02 3.207589199152360493e+01
1.009766800000000018e+02 1.603761899999999940e+01 1.030094667602348153e+02 6.192580281242129558e+00
9.288236999999999455e+01 2.260556000000000054e+01 9.616204051473582126e+01 3.175250738558306907e+01
1.286587700000000041e+02 1.192577099999999923e+01 1.177794472353144073e+02 5.338478037610093985e+00
1.333230000000000075e+02 1.215278799999999926e+01 1.305345714814816915e+02 9.198582822357298738e+00
1.262763199999999983e+02 1.215531000000000006e+01 1.012836294846605512e+02 8.096084119630289067e+00
1.167593700000000041e+02 2.162810899999999847e+01 1.365647934827431698e+02 2.166374684087686475e+01
1.086584299999999956e+02 1.116496899999999926e+01 1.111371713508999619e+02 1.991463292118278972e+01
1.183045350000000013e+02 1.970592500000000058e+01 1.170792960157192510e+02 1.596490621608018401e+01
1.093217539999999985e+02 1.300310099999999913e+01 9.631776193040927581e+01 3.142344946963594055e+01
1.222486099999999993e+02 1.220074699999999979e+01 9.900343910791876567e+01 1.774236908578646776e+01
1.073838200000000001e+02 2.117361000000000004e+01 9.462171935485966401e+01 8.443228840700911064e+00
1.060799499999999966e+02 9.110470000000000512e-01 1.339120905813301476e+02 1.091546321756090343e+01
1.290645299999999907e+02 1.239838499999999932e+01 1.194490804821623726e+02 3.291928549353727362e+01
1.020639400000000023e+02 1.681472199999999972e+01 1.278619064068249287e+02 2.355859835599479979e+00
1.064135899999999992e+02 2.078034999999999854e+01 9.219046917222665627e+01 2.077834507572617539e+01
1.344432400000000030e+02 7.931499999999999773e+00 1.159005945733426017e+02 2.990350266766494514e+01
1.181643140000000045e+02 2.271122000000000085e+01 9.208511726269385633e+01 2.798228495178118003e+00
1.130173300000000012e+02 1.738992299999999958e+01 1.262205400676097042e+02 2.804511609318868892e+01
1.227520700000000033e+02 1.170782999999999907e+00 1.192106067381616725e+02 2.430574020586930217e+01
1.198547059999999931e+02 7.232410999999999923e+00 9.582783588590768886e+01 1.982537363394777330e+01
1.242736299999999972e+02 6.831006000000000355e+00 1.218170331175280126e+02 2.499612307376874298e+01
1.231007100000000065e+02 2.744201500000000138e+01 9.949824251616641391e+01 2.282365651875723245e+01
1.140009500000000031e+02 2.463463799999999893e+01 1.252315306339918664e+02 8.085824420669936785e+00
9.793104999999999905e+01 2.979559499999999872e+01 1.136524935558258136e+02 2.172003279955366750e+01
1.306066700000000083e+02 3.339365399999999795e+01 1.345148334001323178e+02 2.629626052205807918e-01
1.365897199999999998e+02 8.289113999999999649e+00 1.138470222780040615e+02 3.274540365346585702e+01
1.264931950000000001e+02 3.052376699999999943e+01 9.573936171832890807e+01 2.547688695362764122e+01
1.132667699999999940e+02 2.412417599999999851e+01 1.274895761854900798e+02 1.718278054494243179e+01
1.213336639999999989e+02 1.455452499999999993e+01 9.627864626593164132e+01 5.635597165732775693e+00
1.268019900000000035e+02 6.239142000000000188e+00 9.662560534869832907e+01 1.855019586220545946e+01
1.040978850000000051e+02 1.695514100000000113e+01 1.047605950121048295e+02 1.824890708786421811e+01
1.344940300000000093e+02 7.012902999999999665e+00 1.000402097468040239e+02 8.593879366984428003e+00
1.148437040000000025e+02 1.286086000000000062e+00 1.338927957630273795e+02 3.223176003099941056e+01
1.086714099999999945e+02 1.278264599999999973e+01 1.233176196515065328e+02 2.764519607838838411e+01
1.276148699999999963e+02 1.206080700000000050e+01 1.344704157662283990e+02 2.562286520930983613e+01
1.057254400000000061e+02 1.247801699999999947e+01 1.008135016088579192e+02 3.307676510095069489e+01
1.230953449999999947e+02 4.679204000000000363e+00 1.250078651906230220e+02 1.279690505472162876e+01
1.109616900000000044e+02 1.647451399999999921e+01 1.054195289679638563e+02 1.093356782830084972e+00
1.279808500000000038e+02 1.237441800000000036e+01 1.266924378234409261e+02 2.532882501530153618e+01
1.276514700000000033e+02 1.503062899999999935e+01 1.347346692388240967e+02 3.272394233289024612e+01
1.039038099999999929e+02 2.730013999999999896e+01 1.356430555787079300e+02 1.938079000527824647e+01
1.191146099999999990e+02 1.880997299999999939e+01 1.208709594207627021e+02 1.736463341963220941e+00
1.121058799999999991e+02 5.483360000000000456e-01 1.274235576676647668e+02 2.144478271967140870e+01
1.371154999999999973e+02 4.333319999999999950e-01 1.283746540018760243e+02 2.832441663103509910e+01
1.251190799999999967e+02 3.508843000000000156e+00 1.326356396832105986e+02 1.921179313468249461e+01
9.446862000000000137e+01 4.517010000000000192e-01 1.188982144775752516e+02 1.223070644389465222e+01
