1.212094600000000071e+02 1.131169599999999953e+01 1.255815435273186154e+02 8.528456787435823472e+00
9.897588000000000363e+01 1.434022700000000050e+01 1.288843923250141472e+02 2.590478516506660966e+01
1.227981199999999973e+02 3.281226699999999852e+01 1.179723496649521906e+02 1.935795615350777510e+01
1.210841450000000066e+02 2.834050999999999831e+01 1.183242930150192223e+02 9.414595667101279375e+00
1.324894099999999924e+02 1.522223000000000104e+00 1.368414952356899335e+02 2.073451156144121299e+01
1.309361900000000105e+02 8.523167000000000826e+00 1.041607947674333161e+02 1.189453845257349762e+01
1.349519999999999982e+02 1.169487200000000016e+01 1.076112937041399249e+02 2.095987642843089915e+01
1.016832100000000025e+02 1.628771199999999908e+01 1.083901590798825652e+02 1.546601773513576461e+01
1.181114039999999932e+02 1.644512699999999938e+01 1.369810331682921571e+02 8.316578874994231541e+00
1.297366499999999974e+02 1.097087800000000080e+01 1.001039884532169424e+02 1.509756019643526237e+01
1.083680499999999967e+02 2.084225800000000106e+01 1.148260881689149500e+02 2.880161321974575372e+01
1.270486300000000028e+02 1.419520600000000066e+01 1.137546222633321804e+02 2.475324211197307278e+01
1.359555699999999945e+02 2.916656499999999852e+01 1.174250269676593064e+02 6.911005519293532018e+00
1.211230850000000032e+02 1.021513700000000036e+01 1.100073138365105621e+02 3.029962590682213630e+01
1.158584060000000022e+02 1.987986000000000075e+01 1.194135498247006524e+02 1.065262653168035811e+01
1.205678249999999991e+02 2.621988100000000088e+01 9.769099133303303972e+01 2.682116251908684035e+01
1.028493699999999933e+02 2.885465800000000058e+01 9.237956343870850162e+01 2.468196666399833461e+01
1.356329700000000003e+02 5.475532000000000288e+00 1.298706292005298906e+02 2.336812691107059248e+00
1.148470839999999953e+02 1.232656199999999913e+01 9.408444154150845407e+01 1.646781559018920760e+01
1.164659599999999955e+02 1.853562499999999957e+01 1.153129284284420351e+02 8.989842070658166762e+00
1.197646199999999936e+02 2.030460199999999915e+01 1.303788228789583457e+02 2.053171315145644993e+00
1.074241999999999990e+02 2.922848300000000066e+01 1.295400966452858142e+02 1.770581371347731903e+01
1.064971539999999948e+02 2.229241000000000028e+01 9.334213176520908917e+01 1.825519427230911873e+01
1.215634399999999999e+02 8.080892999999999660e+00 1.098379691391174902e+02 1.338092437810684565e+01
1.094431699999999950e+02 2.603854600000000019e+01 1.372289298761260739e+02 1.918631499158479770e+01
1.108547200000000004e+02 1.948833799999999883e+01 1.033853213210380204e+02 5.229765597833452295e-01
9.609209400000000301e+01 1.652753299999999825e+01 1.316106902757329635e+02 2.128699113071099802e+01
1.200522399999999976e+02 3.491102000000000061e+01 1.377308957793963486e+02 1.669246052280744053e+01
1.085890660000000025e+02 5.622329999999999828e-01 9.488462488762647240e+01 2.782165811169780056e+01
1.067377000000000038e+02 2.727607499999999874e+01 1.280466558435911111e+02 2.254346632174798870e+01
1.299299300000000130e+02 1.610754400000000075e+01 1.196403685989087649e+02 2.025176211771218249e+01
1.119646900000000045e+02 1.463188599999999973e+01 1.046316714187002503e+02 3.401425291358665959e+01
1.303266000000000133e+02 5.151488999999999763e+00 9.380868857135119754e+01 2.180826207113969772e+01
1.332452999999999861e+02 2.728622999999999799e+00 1.232301438606332908e+02 6.364888426600118221e-01
1.039862200000000030e+02 2.419322400000000073e+01 1.100189191638573050e+02 1.112637108765289717e+01
9.844208500000000583e+01 2.976761600000000030e+01 9.567755136826501428e+01 1.902442423125387805e+01
1.062109700000000032e+02 3.381889000000000145e+00 1.156179599154788917e+02 1.180840695209837676e+01
1.356722699999999975e+02 1.789586800000000011e+01 1.257964969182617381e+02 1.252569038182124928e+01
1.161196300000000008e+02 2.374014299999999977e+01 1.304650586779483774e+02 3.200068215154997375e+01
1.259232559999999950e+02 4.161654000000000408e+00 1.249507897891822097e+02 3.409890421911099168e+01
1.140832999999999942e+02 2.683112699999999862e+01 1.069433474386503207e+02 2.536000845548490190e+01
1.056316000000000059e+02 1.004083999999999932e+01 9.921743958785454254e+01 4.903713033944559818e+00
1.073123599999999982e+02 2.557497199999999893e+01 1.363871679540630453e+02 1.109662174398426515e+01
1.327581000000000131e+02 3.298633999999999844e+00 1.253824228817447022e+02 1.678506342219641567e+01
1.269610100000000017e+02 1.226305200000000006e+01 1.043913375712136116e+02 3.133056493664247455e+01
1.294280699999999911e+02 7.853149000000000157e+00 1.285685003697739717e+02 3.241135713220396042e+01
1.159256900000000030e+02 2.697432299999999827e+01 1.273594154184839766e+02 1.767259593637885118e+01
1.233764199999999960e+02 2.582111199999999940e+01 1.214270849044776384e+02 1.996806646368277427e+01
1.331191900000000032e+02 8.421360999999999208e+00 1.303159628602020348e+02 9.557976329118593739e+00
1.110467699999999951e+02 3.238026399999999683e+01 1.372215875988999301e+02 1.824982765953451391e+01
1.287667099999999891e+02 1.207068300000000072e+01 1.035811762964631981e+02 2.914879614501043648e+01
1.197064500000000038e+02 1.762339400000000111e+01 9.241305768702304135e+01 2.140308766105988170e+01
1.175999999999999943e+02 1.023433799999999927e+01 1.286027939295466922e+02 2.056498712389187844e+01
1.189017699999999991e+02 2.030833000000000155e+01 9.911538868622285747e+01 4.079246028133587387e-02
1.073838200000000001e+02 2.117361000000000004e+01 1.101174091546037488e+02 1.728218209038598019e+01
1.327039000000000044e+02 1.584810399999999930e+01 1.181714666019940836e+02 1.228796716764304975e+01
1.020575599999999952e+02 3.032312399999999997e+01 1.372607394521442075e+02 2.380130992399471879e+01
1.140755900000000054e+02 8.455011999999999972e+00 1.130566630076262413e+02 2.001635780293326050e+01
9.999969000000000108e+01 2.509792300000000154e+01 9.749871124129658995e+01 2.468333503012670960e+01
1.065032039999999967e+02 4.921710000000000251e-01 1.361154296037798588e+02 3.019600364079608212e+01
1.137167199999999951e+02 2.209496700000000047e+01 1.166299534447224033e+02 2.567184893430347614e+01
1.127789899999999932e+02 1.603903199999999885e+01 1.172717579450699077e+02 5.750090456878620415e+00
1.255835950000000025e+02 1.142485399999999984e+01 1.378034930325111986e+02 1.837986027505967712e+01
1.142837099999999992e+02 1.745475199999999916e+01 1.334752823434030233e+02 1.876004028312641836e+01
1.055970499999999959e+02 6.590237000000000123e+00 9.462108210032877764e+01 2.292073723118997464e+01
1.247720099999999945e+02 6.038419999999999899e-01 1.310040367304730182e+02 6.192343682068871757e+00
1.128090440000000001e+02 2.218561000000000050e+01 1.308811912241255868e+02 2.605588608904223236e+01
1.176956899999999990e+02 6.060266000000000375e+00 1.136042937127295431e+02 9.749026269398871847e+00
1.227775699999999972e+02 3.331928000000000001e+00 1.321918310505029694e+02 2.117888951288481536e+00
9.801369499999999846e+01 2.871176499999999976e+01 1.294336995902437195e+02 1.510423793593290709e+00
1.224132840000000044e+02 1.063505699999999976e+01 1.100850694035003272e+02 9.899957818276886812e+00
1.061328350000000000e+02 2.596210900000000166e+01 1.372122636820339210e+02 2.687631517127939418e+01
9.899518999999999380e+01 3.035501000000000005e+01 1.287039534260154028e+02 1.418783522916498541e+01
1.022247540000000043e+02 1.159689299999999967e+01 1.103620470669949185e+02 2.946076782398413130e+01
1.126715200000000010e+02 1.748623999999999867e+01 1.290083100392305369e+02 2.703346309461991481e+01
1.350492700000000070e+02 1.381308300000000067e+01 1.120273169343835775e+02 2.566053009091408654e+01
9.569082000000000221e+01 2.712815700000000163e+01 9.623572559139873306e+01 2.022968176267966101e+01
1.192039699999999982e+02 8.441069999999999851e+00 1.058645657773949580e+02 2.802198774828837280e+00
1.357005499999999927e+02 1.938025700000000029e+01 1.248581576514748690e+02 3.658901163192318506e-01
1.291512099999999919e+02 1.286193699999999929e+01 1.088553560031079144e+02 9.472138368828673549e+00
1.233474350000000044e+02 2.519231399999999965e+01 9.411971539125744357e+01 2.548501606154494681e+01
1.324488800000000026e+02 9.132956999999999326e+00 1.187112129908709903e+02 3.365874942167796746e+01
1.150682749999999999e+02 1.918149599999999921e+01 1.045641132381320233e+02 2.037110614072312131e+01
1.331978300000000104e+02 1.207540099999999939e+01 1.181362898365849503e+02 8.739093597492487930e+00
1.037949100000000016e+02 1.724506999999999834e+01 1.147207733584207858e+02 5.942369299700017926e+00
9.423632999999999527e+01 1.031035299999999921e+01 1.026266425317322302e+02 2.783607366898067781e+01
1.209411199999999980e+02 1.190699900000000078e+01 1.351220622573655135e+02 2.942093431381846003e+01
9.823951999999999884e+01 1.669737599999999844e+01 1.233286433527597978e+02 1.813835123364180291e+01
1.044074200000000019e+02 1.407581799999999994e+01 1.203735260164279595e+02 1.107817110199724553e+01
1.135468599999999952e+02 1.324376900000000035e+01 1.009462453418225891e+02 2.683181506173187714e+01
1.007028959999999955e+02 2.068726699999999852e+01 9.977899810807291203e+01 2.379200806688053227e-01
1.053674550000000067e+02 7.722144000000000119e+00 1.317430795832168542e+02 3.131201888197300676e+01
9.882135999999999854e+01 3.069462800000000158e+01 1.207433086427202795e+02 2.514380844537667770e+01
1.274308900000000051e+02 1.213617600000000074e+01 1.351826826441033518e+02 6.844401693355527172e+00
1.020971899999999977e+02 2.676877800000000107e+01 9.331413446062518346e+01 2.841179935235485843e+01
1.148343050000000005e+02 2.582363300000000095e+01 1.005102491031601915e+02 1.838232788578869403e+01
1.174997939999999943e+02 1.471192300000000053e+01 1.212884726099660213e+02 1.220982334509273493e+01
9.989088999999999885e+01 2.683164999999999978e+01 1.141518032045700579e+02 1.996490457872087987e+01
1.068714449999999943e+02 1.286970200000000020e+01 1.193662691894939201e+02 3.024443524658445881e+01
1.028629600000000011e+02 1.609947599999999923e+01 1.268293370430628499e+02 3.218999270268481183e+01
1.131622399999999971e+02 1.624390599999999907e+01 1.115042960037429225e+02 2.255638886806274002e+01
1.302385099999999909e+02 7.992467999999999684e+00 9.495030772772504690e+01 1.862121680592461104e+01
1.309324000000000012e+02 9.878012000000000015e+00 1.359238975979890824e+02 2.072517625219246185e+01
9.586464999999999748e+01 3.010379999999999967e+01 1.139591195054738790e+02 5.095852684278090905e+00
1.215111540000000048e+02 9.026956999999999454e+00 1.026337743122900292e+02 1.088715832682629170e+01
1.031737439999999992e+02 5.745917000000000385e+00 1.018133444548248576e+02 1.183746582401876601e+01
1.355842399999999941e+02 3.165399999999999991e+01 1.034834574015164748e+02 2.570532689016101102e+01
1.134964499999999958e+02 2.987325299999999828e+01 9.744697601640618245e+01 3.018999831142199142e+01
1.268311900000000065e+02 1.202138899999999921e+01 1.088716230910712000e+02 7.327564322476581848e-01
1.132039199999999965e+02 1.668616300000000052e+01 1.126092266371716164e+02 2.525904055167760376e+01
1.182392499999999984e+02 2.503325500000000048e+01 1.084864028475210773e+02 2.225975591223904715e+01
1.165767299999999977e+02 1.286235699999999937e+01 1.166491435233706540e+02 7.204104915051672720e+00
1.221697539999999975e+02 5.261603000000000030e+00 1.232700873910093264e+02 8.343104130976595201e+00
1.307908799999999871e+02 1.009277999999999897e+00 1.102648583028708913e+02 3.097496820367830139e+01
1.164321900000000056e+02 1.890602499999999964e+01 1.066545012149536404e+02 1.053398580322353695e+01
1.175621500000000026e+02 1.813804400000000072e+01 1.074177173357132062e+02 7.384845893829662167e+00
1.273446660000000037e+02 1.365026600000000023e+01 1.023501257853559423e+02 3.110900123829889097e+01
1.010747149999999976e+02 1.745857799999999926e+01 1.175683941964187227e+02 2.941581388748991088e+01
1.367545299999999884e+02 1.483705600000000047e+01 1.049564712465544147e+02 2.273285196269168296e+01
1.262143800000000056e+02 1.201316999999999968e+00 1.254139332160683011e+02 3.196157590100404011e+00
1.360886000000000138e+02 1.322069300000000069e+01 9.740106403309710004e+01 1.407850783779733739e+01
1.129178600000000046e+02 2.190700100000000106e+01 1.213371103536984208e+02 2.406217895271184348e-01
1.255556260000000037e+02 1.372629099999999980e+01 1.321946837036300053e+02 1.751177832521447542e+01
1.184993500000000068e+02 1.727996600000000171e+01 1.002679334897074739e+02 1.485027317704977179e+01
1.048228900000000010e+02 3.249645600000000201e+01 1.098681483550126075e+02 3.498515953865553740e+01
9.515203999999999951e+01 1.569428800000000024e+01 9.469913349121880231e+01 2.462478688726783460e+01
1.240174260000000004e+02 8.090493999999999630e+00 1.016598485531686009e+02 4.074926426524979384e+00
1.094043350000000032e+02 2.911429400000000101e+01 9.566123287833561051e+01 1.550068700809207201e+01
1.353151900000000012e+02 1.279140499999999925e+01 1.291773035728212733e+02 2.363854260383298822e+01
1.220304600000000050e+02 5.662862999999999758e+00 9.952563557067993827e+01 4.769115330614415171e+00
1.212147099999999966e+02 1.824274799999999885e+01 1.230421537305342099e+02 9.403557127154636319e+00
1.264986999999999995e+02 2.455890000000000128e+01 1.243025112893259774e+02 2.622733146716453234e+01
1.038327500000000043e+02 1.301466800000000035e+01 1.314777142210365923e+02 9.853042863739691626e+00
1.006064200000000000e+02 2.769523600000000130e+01 1.310881353719963727e+02 1.052480676460806208e+01
1.068959600000000023e+02 4.261408999999999558e+00 1.196852085210135783e+02 1.355772408156252418e+01
1.063328249999999997e+02 1.094751899999999978e+01 1.167589005148803949e+02 2.867859506133954284e+01
1.374745599999999968e+02 3.138292099999999962e+01 1.262934818718604504e+02 2.277903878212361022e+01
1.023049299999999988e+02 2.800608000000000075e+01 1.246701157489246725e+02 3.409697098941303750e+01
1.201523200000000031e+02 2.317364500000000049e+01 1.082643636136808709e+02 2.204287984039860859e+01
1.112859399999999965e+02 7.286299999999999999e-01 9.649383083210594236e+01 1.324424941468293859e+01
1.196812299999999993e+02 2.088022600000000040e+01 1.254424496399125246e+02 3.026019817356291597e+01
1.351008600000000115e+02 2.345284300000000144e+01 1.108719731593089364e+02 8.545049004793463965e+00
1.123576999999999941e+02 3.279659999999999798e-01 1.239685716949374807e+02 2.751167631881406450e+01
1.143764000000000038e+02 1.332743100000000069e+01 9.674785620657971208e+01 2.852240042066024017e+01
1.215120100000000036e+02 3.517780999999999825e+00 1.143345811314258640e+02 2.886421336078503685e+01
1.210836500000000058e+02 1.404887100000000011e+01 1.087044786959175156e+02 1.308656777109205294e+01
1.134832399999999950e+02 1.777810300000000154e+01 1.309802640149193564e+02 2.864967763086195163e+01
1.217082599999999957e+02 1.563973999999999975e+01 1.043593192152047919e+02 3.022156840474204742e+00
1.318405300000000011e+02 1.077468200000000031e+01 1.215709991709376823e+02 3.380201017133776986e+01
1.206234199999999959e+02 2.294290000000000163e+00 1.137897498298010674e+02 7.988443203360839462e+00
1.165043500000000023e+02 1.716985000000000028e+01 1.030337290501552019e+02 6.178973855501246337e-01
9.822338000000000591e+01 1.748736399999999946e+01 1.278310892835859107e+02 6.892062762634724393e+00
1.069558300000000060e+02 3.322021000000000157e+01 1.323134957520067871e+02 1.418433295328286547e+01
1.173357539999999943e+02 2.219921099999999825e+01 1.205859226291537709e+02 6.699284922435252199e+00
1.156852599999999995e+02 1.478857400000000055e+01 1.188594595022979234e+02 2.872605096557619930e+01
1.216335140000000052e+02 1.368565999999999949e+00 1.294312429857043867e+02 1.490520280397564790e+00
1.189220300000000066e+02 1.942037399999999892e+01 1.005556780325142512e+02 2.053739360074376741e+00
1.229745099999999951e+02 1.295093400000000017e+01 1.378840745070546632e+02 1.889171755105076400e+01
1.075895799999999980e+02 1.972467400000000026e+01 1.188165582182069500e+02 8.404211106707201395e+00
1.041200560000000053e+02 2.495909899999999837e+01 1.364725439794339650e+02 2.162531901902358200e+01
1.011475200000000001e+02 2.924591300000000160e+01 1.057024214754503362e+02 3.100504755989110706e+01
1.237337600000000037e+02 9.310326999999999131e+00 1.141768384251521695e+02 2.496480969286126239e+01
1.230936200000000014e+02 4.996221000000000245e+00 1.155402663697344678e+02 5.586300949155493356e+00
1.219990200000000016e+02 5.213186999999999571e+00 1.019498232303085814e+02 3.114085325158421824e+01
1.039350500000000039e+02 2.735918399999999906e+01 9.707774885752819216e+01 6.719586485280478527e+00
1.167711800000000011e+02 1.044548600000000071e+01 1.038017806740369906e+02 3.482965315356090485e+01
1.064903999999999940e+02 1.390643999999999991e+00 1.193569585624852607e+02 2.822187050167718425e+01
1.088749899999999968e+02 2.917879299999999887e+01 1.239887562883514533e+02 8.575105179073318595e+00
1.331578700000000026e+02 1.155118900000000082e+01 1.191205001220745316e+02 3.494157991851104583e+01
1.166539499999999947e+02 2.553005200000000130e+01 1.195881306915119353e+02 2.744906341831183028e+01
9.319089999999999918e+01 1.835962900000000175e+01 1.253065096649238512e+02 1.242143175014815881e+01
1.087293999999999983e+02 2.527930000000000010e+00 9.906412750847917437e+01 1.412195676612098438e+01
1.109355999999999938e+02 1.694945099999999982e+01 1.229285589730618824e+02 1.641311405084195485e+01
1.166653400000000005e+02 4.134577000000000169e+00 1.323480024229978369e+02 2.921206052701868572e+01
9.953991000000000611e+01 1.765159200000000084e+01 9.669844736783215922e+01 3.068976350692842558e+01
1.102149799999999971e+02 2.830182999999999893e+01 1.239528395756487100e+02 2.870032114158675896e+01
1.072066800000000057e+02 2.882234800000000163e+01 1.073558220205225524e+02 2.307171810071533713e+01
1.325616899999999987e+02 2.183529300000000006e+01 1.068879821543331019e+02 6.740510213367984171e+00
1.306562800000000095e+02 2.621539999999999981e-01 1.244704220945907593e+02 1.109907155448988902e+01
1.105762799999999970e+02 1.713849599999999995e+01 1.097407987768904292e+02 7.101189818410132304e+00
1.074301300000000055e+02 3.293291500000000127e+01 9.935970342129688504e+01 3.322899972480955455e+01
1.021120999999999981e+02 2.292310000000000159e+01 1.176151677973136458e+02 1.431720998516501453e+01
1.049673540000000003e+02 2.282041399999999953e+01 1.070052016471716172e+02 5.758906533421972895e+00
1.222190400000000068e+02 1.304349299999999978e+01 1.179685731763342318e+02 3.120164246383442475e+01
1.328286300000000040e+02 1.854412800000000061e+01 1.224281436879435745e+02 1.209691677798483411e+01
1.006839099999999974e+02 4.718844999999999956e+00 1.032762670606539928e+02 1.503571032780865480e+01
1.190961999999999961e+02 7.138060000000000516e-01 9.536389169875985772e+01 1.271400851047825498e+01
1.063444439999999958e+02 3.975452000000000208e+00 1.328822601008640731e+02 1.827908955596663887e+01
1.358888900000000035e+02 4.520160999999999873e+00 1.127249300378767032e+02 2.294422932251400127e+01
1.089955800000000039e+02 1.639875599999999878e+01 1.053205377335561792e+02 3.424428249975424166e+01
1.373412800000000118e+02 7.320990000000000553e-01 1.263761272074189037e+02 2.996520287733022769e+01
1.172729949999999945e+02 2.140795900000000174e+01 1.110171194045801428e+02 7.492973495270783602e+00
1.206880299999999977e+02 9.057698999999999501e+00 1.117766874438219702e+02 5.664918188704182178e-01
1.049337600000000066e+02 3.191469599999999929e+01 1.308742889929870330e+02 1.239322325999937568e+01
1.370959000000000003e+02 5.531164999999999665e+00 9.458451138391284019e+01 3.477189279094947238e+01
1.053297349999999994e+02 2.381371899999999897e+01 1.147489768491554116e+02 1.258059307983219099e+01
1.072773499999999984e+02 2.767564799999999892e+01 1.301743481761591568e+02 3.437783209706450549e+01
1.225421139999999980e+02 1.088495900000000027e+01 1.226608617454682530e+02 2.622113067358010952e+01
1.279676800000000014e+02 9.560188000000000130e+00 1.061865231606695659e+02 1.675027814364863588e+01
1.013173800000000000e+02 1.780067999999999984e+01 1.107056358254837249e+02 2.511901204696853895e+01
9.410971999999999582e+01 1.075564600000000048e+01 1.043030598992307318e+02 2.897075568511997901e+01
1.006795400000000029e+02 2.482919000000000054e+01 1.005388083620832873e+02 1.515328893579331293e+01
9.723202000000000567e+01 2.960429800000000000e+01 9.463646529545643205e+01 2.050859104548943179e+01
9.397973000000000354e+01 1.450080900000000028e+01 1.108876159355268811e+02 1.549743155548036988e+01
1.268122939999999943e+02 2.672148999999999930e+01 1.138214829844695402e+02 2.382731877967832190e+01
1.205876159999999970e+02 1.334072899999999962e+01 9.870214491218901287e+01 2.106260801829633156e+00
1.083133540000000039e+02 2.792756299999999925e+01 1.326129090471090421e+02 8.155815402456262575e+00
1.194723599999999948e+02 1.724490399999999823e+01 1.307076139536486608e+02 1.084314354470815722e+01
1.098809700000000049e+02 2.526983800000000002e+01 9.282536555344522355e+01 3.435895986382385558e+01
1.344405199999999923e+02 3.228481299999999976e+01 1.313922488849383399e+02 1.988084726177392270e+01
1.178437200000000047e+02 2.665472400000000164e+01 9.924868129460827504e+01 2.795421040023439829e+01
1.302130600000000129e+02 1.211599499999999985e+01 1.217051879000993040e+02 2.915264016653670964e+01
1.040049199999999985e+02 2.438359600000000071e+01 1.084842395301349427e+02 3.498922711171680788e+01
1.293009299999999939e+02 1.654629999999999990e-01 1.159720034870836258e+02 8.486663287341862372e+00
1.207063399999999973e+02 1.393922799999999995e+01 1.250758531828747095e+02 3.434543370501579318e+01
1.061745300000000043e+02 2.465655100000000033e+01 1.313710972915944240e+02 9.917464131938846350e+00
1.151012699999999995e+02 2.510251999999999839e+01 1.301800666597319207e+02 2.497530926335254264e+01
1.005045199999999994e+02 2.882197800000000143e+01 1.053884008067413021e+02 2.681124501622927703e+00
1.102496799999999979e+02 2.905307200000000023e+01 1.197587931938813313e+02 5.112243982698605471e-01
1.000685000000000002e+02 2.550993300000000019e+01 1.130417790311108632e+02 2.281141690798385113e+01
1.045286559999999980e+02 2.332880600000000015e+01 9.940332167546213782e+01 3.171710640238073964e+01
9.520380000000000109e+01 2.239091700000000174e+01 1.069041879566683804e+02 2.459222489195676076e+01
1.122847440000000034e+02 1.660995300000000086e+01 1.223874480887369742e+02 1.533187025296775552e+01
1.242736299999999972e+02 6.831006000000000355e+00 1.100953516742230818e+02 1.343698588210670408e+01
1.306637699999999995e+02 1.285029600000000016e+01 1.180742150326999536e+02 1.525462747404965924e+01
1.136585500000000053e+02 2.298645199999999988e+01 1.174030340310841041e+02 8.098879411060959654e+00
1.007858499999999964e+02 2.466396100000000047e+01 1.204102526122915293e+02 2.882041613287099580e+01
1.026750949999999989e+02 3.487172699999999992e+01 1.232889331517176572e+02 3.142478129244711127e+01
1.063896100000000047e+02 3.912881000000000054e+00 1.080134429417512081e+02 2.095798672137051000e+01
1.008899150000000020e+02 2.474351700000000065e+01 9.314463450348995366e+01 2.278286078178253149e+01
1.047176599999999951e+02 4.703091999999999828e+00 1.229588891116024172e+02 2.187150290822718190e+01
1.014903900000000050e+02 3.396592700000000065e+01 1.240991415923157462e+02 6.083820950515599790e+00
1.293536799999999971e+02 7.147846000000000366e+00 1.141856026060369231e+02 7.119611909843849062e+00
9.982527000000000328e+01 2.515078700000000111e+01 1.252527394543464823e+02 3.280726372599927032e+01
1.201075060000000008e+02 6.985503999999999714e+00 9.998677609167155822e+01 2.615947344479705450e+01
1.067997500000000031e+02 2.827483199999999997e+01 1.033647641700079021e+02 1.045606277865031331e+01
1.162961800000000068e+02 2.799809799999999882e+01 9.289443354399961095e+01 1.816581854658300799e+00
1.350546699999999873e+02 1.248166299999999929e+01 1.071409148041898334e+02 1.807333596985023494e+00
1.306561399999999935e+02 2.535673000000000066e+00 1.070091539075761062e+02 2.651877436809598620e+01
1.232273500000000013e+02 4.342469000000000356e+00 1.237132060624583119e+02 2.666793135863222375e+01
9.264901000000000408e+01 2.078608699999999843e+01 1.360304990778803926e+02 1.061591570890611891e+01
9.974071999999999605e+01 1.632757600000000053e+01 1.047995320714683771e+02 1.518069248898946633e+01
1.244378499999999974e+02 2.619258100000000056e+01 1.121308236660202624e+02 2.328820433533583056e+01
1.283993499999999983e+02 1.234091600000000000e+01 1.137565126279509258e+02 2.724936896294129340e+01
1.148769499999999937e+02 6.728119999999999656e-01 9.858007783226568677e+01 5.161687677638066019e-01
1.224107740000000035e+02 7.443858999999999781e+00 1.331566982746487326e+02 2.326235925784139269e+01
1.174418639999999954e+02 1.991549499999999995e+01 1.213066632143163304e+02 9.942749845386090968e+00
1.110126900000000063e+02 2.886413999999999902e+01 1.093860460752821240e+02 3.473733734772965676e+01
1.050813700000000068e+02 4.424735000000000085e+00 1.019300595760951751e+02 3.136842020925437957e+00
1.235410839999999979e+02 6.541074000000000055e+00 1.042921228555904065e+02 2.952188104422859993e+01
1.078730850000000032e+02 3.194168000000000163e+01 1.360037925854722403e+02 2.250896210812077669e+01
1.133417740000000009e+02 1.599369000000000085e+01 1.266389720738164613e+02 1.632719409219950535e+01
1.222233659999999986e+02 2.248752000000000084e+00 1.044348320048261343e+02 3.203158186886601300e+01
1.235097959999999944e+02 2.681490999999999847e+00 1.260152689656687812e+02 3.374074196943341430e+00
1.130387039999999956e+02 2.450758000000000081e+01 9.705724989315692142e+01 1.058680802294045087e+01
1.368218999999999994e+02 9.378269999999999662e-01 1.192696860013931541e+02 1.951567274757258730e+01
1.219563600000000037e+02 4.037063999999999986e+00 1.268977709417712560e+02 9.572558503288810527e+00
1.032657399999999939e+02 2.896160700000000077e+01 1.054301728463213550e+02 5.786520287327380885e+00
1.130844799999999992e+02 1.852679300000000140e+01 1.217789317707099030e+02 3.142836200239256428e+01
1.360905899999999917e+02 1.229396599999999928e+01 1.246126317404014685e+02 1.733642863414427637e+01
1.216805700000000030e+02 2.875600000000000031e-02 1.131603828923412181e+02 2.552676643838811898e+01
1.101911099999999948e+02 1.101826999999999934e+01 1.001849485084449611e+02 9.105613049982464346e+00
1.205819099999999935e+02 1.267323900000000059e+01 1.336673926337703620e+02 2.788648783442176793e+01
1.208341900000000066e+02 1.204352800000000023e+01 1.352754352813460912e+02 2.447117659882390583e+01
1.038123300000000029e+02 1.618331999999999837e+01 1.238576807944560159e+02 7.844288911960443755e+00
1.129410900000000026e+02 1.928609799999999908e+01 1.087146604830783758e+02 2.674419659784348013e+01
1.221295800000000042e+02 8.650660999999999490e+00 1.057761152037301287e+02 1.884479350461551306e+01
1.102168700000000001e+02 2.640597199999999845e+01 9.460057143589484951e+01 2.783342867969371071e+01
1.065502599999999944e+02 6.022739999999999760e+00 1.017617607950461434e+02 7.344669112623264384e-01
1.337603000000000009e+02 1.258384500000000017e+01 1.239387730825809797e+02 3.376432074980405673e+01
1.187546099999999996e+02 1.839382399999999862e+01 9.605586917359914878e+01 2.677129429528538651e+01
1.030680899999999980e+02 2.392125499999999860e+01 1.038731619082770692e+02 2.449539314026177195e+01
1.004917399999999930e+02 3.001473800000000125e+01 1.141585902000703641e+02 1.849385498983896881e+01
1.004711900000000071e+02 2.451955200000000090e+01 1.335648472765438157e+02 8.927040988445897440e+00
1.139247359999999958e+02 2.117171300000000045e+01 1.050324497100727399e+02 3.026187674497723634e+01
1.294016699999999958e+02 5.396980000000000111e-01 1.354723194870466330e+02 2.379700239869683642e+01
1.117577739999999977e+02 2.046753999999999962e+01 9.631772953342937171e+01 8.216761511208124702e+00
1.366617899999999963e+02 1.230031400000000019e+01 1.064982679286401606e+02 6.544502997750998752e+00
1.294755900000000111e+02 2.914704899999999910e+01 1.254407856927017946e+02 2.486677247568147209e+01
9.890682999999999936e+01 1.802293200000000084e+01 1.010252309364545340e+02 2.837966590586532689e+01
1.002797900000000055e+02 2.030880499999999955e+01 1.123324592449290833e+02 2.346753500754602939e+01
1.346454300000000046e+02 1.258279899999999962e+01 9.683876597060397273e+01 2.605865522902304576e+01
1.364280100000000004e+02 4.255118000000000400e+00 1.254440946922399291e+02 8.364944469138386296e+00
1.276204900000000038e+02 1.005807899999999933e+01 1.376460783858125865e+02 7.400102527735123559e+00
1.006227399999999932e+02 1.954385600000000167e+01 1.259885913167459393e+02 2.121267908351989817e+01
1.073891449999999992e+02 2.746964799999999940e+01 1.091057560130755348e+02 2.598921929155575583e+01
1.114765500000000031e+02 2.000540499999999966e+01 1.156818849262789399e+02 3.235631020398568580e+01
1.244601700000000051e+02 2.153512000000000093e+00 9.456965895675547529e+01 7.389410768005672203e+00
1.162218600000000066e+02 1.465482599999999991e+01 1.343912353249344278e+02 9.261568663594282880e-01
1.051916099999999972e+02 9.920849000000000473e+00 1.179437712715283340e+02 1.959458756919041367e+00
1.349317599999999970e+02 1.207422299999999993e+01 1.018673408244488314e+02 2.527567198510132229e+01
9.588267000000000451e+01 2.653397000000000006e+01 9.986663569406874785e+01 3.294114525882127964e+01
1.225343299999999971e+02 4.270537000000000027e+00 1.189733624223721762e+02 7.174990960295629661e-01
1.290050699999999892e+02 1.324962900000000054e+01 9.354041984595320969e+01 2.623761393262194730e+01
1.044894199999999955e+02 3.404343999999999681e+01 1.178501226365237073e+02 1.506067227519870499e+01
1.025437900000000013e+02 1.587430299999999939e+01 1.142185921170453753e+02 7.901580698907863187e+00
1.132784039999999948e+02 2.408719599999999872e+01 1.080421925884216137e+02 2.239519498125314456e+01
1.259789300000000054e+02 8.138935999999999282e+00 9.534607352858753870e+01 2.874691465310343474e+00
1.262135240000000067e+02 1.085353699999999932e+01 1.091793932525549451e+02 1.906261061946859314e+01
1.042165799999999933e+02 2.347071499999999844e+01 1.006328376532859750e+02 1.556918989913521401e+01
1.314515000000000100e+02 1.002607700000000079e+01 1.366429905912545166e+02 5.008141281991146165e+00
1.042143250000000023e+02 3.424630400000000208e+01 1.257141690337388127e+02 1.563638344708082428e+01
1.002892999999999972e+02 2.375831000000000159e+01 1.197017890127951034e+02 8.730159486627686594e-01
1.305980999999999881e+02 1.224686600000000070e+01 1.250436080460599868e+02 2.745131956812357776e-01
1.065750199999999950e+02 2.890432200000000051e+01 1.124837195575172757e+02 3.180255461495643843e+01
1.132294200000000046e+02 1.691967400000000055e+01 9.217124264672750655e+01 2.239330146337064420e+01
1.212168499999999938e+02 5.970590000000000064e-01 1.054531565128177988e+02 3.188758649910818477e+01
1.287243799999999965e+02 8.558763000000000787e+00 1.031594866241723167e+02 9.621742667999281906e+00
1.179312000000000040e+02 9.954869000000000412e+00 1.033096086079528249e+02 1.318933111358403565e+01
1.120762000000000000e+02 7.865459999999999674e-01 1.189021006190327086e+02 1.949941380974755134e+01
1.286229600000000062e+02 3.030732499999999874e+01 1.202332765831893369e+02 1.961666278875869862e+00
1.176738359999999943e+02 1.385884099999999997e+01 1.235181496909493006e+02 2.993224981262023743e+00
1.272875200000000007e+02 3.735890000000000044e-01 1.171664479498206646e+02 4.731860165475837654e+00
1.222376000000000005e+02 3.524550000000000183e-01 1.012558335793022621e+02 2.531013492929158204e+01
1.227206500000000062e+02 2.926232000000000166e+00 1.308835629633462077e+02 1.539632169783401494e+01
1.240100000000000051e+02 1.279410900000000062e+01 1.065333002848604877e+02 8.484346876164760687e+00
9.805646500000000287e+01 1.719266899999999865e+01 1.379205290476786843e+02 2.520705530680511330e+01
1.064764899999999983e+02 2.161875300000000166e+01 1.233461209045610474e+02 1.287835108308944498e+01
1.125423660000000012e+02 2.072739999999999938e+01 9.561005627517356231e+01 1.791494534588300880e+01
1.269099199999999996e+02 8.830450000000000799e+00 1.041696722028820830e+02 1.361035672665056850e+01
1.007823300000000017e+02 2.154664599999999908e+01 1.101790002688768766e+02 1.814529007759843715e+00
1.064823149999999998e+02 3.252676000000000123e+00 1.089057401382237060e+02 1.046936004390452801e+01
1.148044000000000011e+02 2.044948799999999878e+01 1.358920950397631486e+02 1.118168177248024797e+01
1.047877660000000049e+02 2.743140400000000056e+01 1.329410306434126312e+02 2.652010414007373029e+01
1.082674300000000045e+02 2.621295500000000089e+01 1.345814165196063641e+02 3.422553947184131573e+01
1.325118699999999876e+02 7.074665000000000425e+00 1.034961662176033883e+02 1.553702979525052186e+01
1.286007500000000050e+02 8.765936999999999202e+00 1.133668260759584427e+02 1.708874117006959281e+01
1.213958800000000053e+02 1.269575000000000031e+01 1.162442166611249235e+02 2.665118216830518350e+01
1.130037300000000045e+02 2.547221800000000158e+01 1.288222770486593163e+02 6.058344956263287173e+00
9.678136000000000649e+01 1.699195500000000081e+01 1.351254011630833816e+02 8.513566298544708033e+00
1.221146700000000038e+02 7.678874999999999673e+00 1.365872137210133417e+02 6.147281563450635922e+00
1.310166999999999859e+02 1.584964599999999990e+01 1.303943784081386639e+02 1.169716492922553996e+01
1.080707699999999960e+02 1.541756700000000002e+01 1.098816783068883467e+02 1.430393438322338362e+01
1.004048300000000040e+02 2.599754000000000076e+01 1.147132475683167883e+02 6.095563414134409719e+00
1.007646940000000058e+02 2.517087599999999981e+01 9.332351442813961739e+01 3.051428488591101029e+01
1.216560750000000013e+02 3.921428999999999832e+00 1.097005236177128182e+02 3.015786181886781492e+01
1.033414700000000011e+02 2.611897300000000044e+01 1.087983079340030201e+02 2.035094825163467647e+01
1.356580399999999997e+02 1.759958500000000114e+01 1.278390978463451404e+02 1.846997120136954251e+01
1.289122600000000034e+02 1.145462200000000053e+01 1.191455328900647714e+02 5.759706079820103852e-01
9.227543000000000006e+01 1.832281700000000058e+01 1.316779202143609382e+02 3.209115375574752704e+01
1.156589100000000059e+02 2.078124199999999888e+01 9.303488264070747960e+01 3.215305418825153794e+01
1.153614500000000049e+02 1.834740400000000093e+01 1.153053200213016112e+02 1.840878921013827352e+01
1.084516140000000064e+02 7.152399999999999869e-01 1.196675782739315252e+02 2.327124013902617250e+01
1.232222500000000025e+02 1.022940900000000042e+01 1.320965483117264796e+02 1.103743775381347803e+01
9.339405999999999608e+01 1.624022300000000030e+01 1.078711437705630942e+02 8.162082399959489365e+00
1.253882700000000057e+02 1.252098200000000006e+01 1.375340852775660494e+02 1.725039856558598927e+00
1.222981000000000051e+02 3.382558000000000220e+01 1.039462354395056849e+02 2.271603584306321366e+01
1.187915799999999962e+02 1.987776600000000116e+01 1.028827284673269133e+02 6.436714120544135831e+00
1.121128999999999962e+02 1.959123999999999910e+01 1.239981195883062384e+02 7.496532062823085596e+00
1.092677800000000019e+02 3.181741999999999848e+00 9.930848335154240658e+01 3.401603202147357763e+01
9.359354000000000440e+01 1.516930999999999941e+01 1.142154255251003576e+02 2.284074657773668093e+01
9.974796999999999514e+01 3.379717300000000080e+01 1.365252649008789945e+02 2.090622583223672848e+01
1.231192999999999955e+02 3.669859999999999900e+00 1.006637641553991500e+02 1.216168718326408005e+01
1.024364300000000014e+02 2.697588299999999961e+01 9.230978343223159754e+01 1.101818770538976544e+01
1.090837899999999934e+02 1.109345000000000026e+00 1.041075408465868009e+02 1.973781615309372484e+01
1.094362699999999933e+02 8.352039999999999464e-01 9.488450388037125549e+01 1.227362585439076170e+01
1.349924800000000005e+02 2.427803000000000111e+01 1.058586195256037854e+02 1.058809883431088572e+01
9.981171000000000504e+01 2.392927600000000155e+01 1.109855041777009035e+02 1.533134289185108834e+01
1.110863800000000055e+02 2.956343499999999835e+01 9.834777037909083219e+01 1.356092173083962393e+01
1.034781339999999972e+02 1.418773999999999980e+01 1.238268095939885711e+02 3.512043827765112258e+00
1.002700300000000055e+02 1.703686300000000031e+01 1.313063894336328303e+02 3.413801566698985823e+01
1.165112840000000034e+02 2.327571899999999872e+01 1.057013394959863177e+02 1.509748309328201898e+01
1.292556600000000060e+02 1.137209400000000059e+01 1.235105770756399295e+02 2.643221040741243399e+01
1.012301199999999994e+02 1.617340499999999892e+01 1.085622199890672164e+02 2.080808617916631675e+01
1.235973099999999931e+02 1.219101299999999988e+01 1.264994701745035002e+02 2.579765241280536969e+01
1.063787499999999966e+02 2.825092300000000023e+01 1.255949309921921895e+02 1.263635067364019271e+01
1.134285899999999998e+02 1.815225999999999829e+01 1.284577247470658961e+02 2.000150951902619667e+01
9.833840999999999610e+01 3.082450000000000045e+01 1.245270714660990308e+02 2.227614602307209779e+01
1.029471499999999935e+02 1.203110299999999988e+01 1.263547547978596981e+02 1.556129755321325447e+01
1.013219799999999964e+02 1.577685499999999941e+01 1.249363514562115824e+02 9.519764164387839456e-01
1.135055600000000027e+02 1.730492999999999881e+01 1.021901332644972911e+02 2.663101253533959323e+01
1.075842059999999947e+02 1.186463999999999963e+01 1.253563810634857987e+02 3.162347641936603537e+01
9.703319000000000472e+01 2.983398400000000095e+01 1.095018883033726667e+02 1.428712903233952503e+00
1.346648600000000044e+02 1.416948599999999914e+01 1.190524623389004546e+02 2.301475492696838288e+01
1.139202300000000037e+02 1.739189000000000007e+01 9.526838718675512041e+01 1.790173452656788555e+01
1.202229399999999941e+02 1.300534999999999997e+01 9.618544205261937918e+01 3.107557937465400855e+01
1.088499999999999943e+02 2.839095999999999975e+01 1.010910000851748123e+02 1.873752888647685078e+00
1.239427000000000021e+02 2.807401000000000035e+00 1.341317620000734507e+02 2.363305837255603237e+01
1.294916100000000085e+02 2.620026999999999884e+00 9.237791813541525698e+01 2.302661961526172973e+01
1.251748699999999985e+02 2.681115199999999987e+01 1.175740966391328328e+02 1.154416391558800825e+01
1.019195560000000000e+02 2.802453799999999973e+01 1.078248284163990718e+02 4.336808648621860662e+00
1.215274660000000040e+02 9.855489999999999640e+00 1.013008775117276059e+02 1.076569775819519492e+01
1.008322600000000051e+02 1.836909500000000151e+01 1.153586796230813007e+02 2.838502107522799278e+01
1.096788600000000002e+02 1.849008999999999903e+00 9.212331302861652205e+01 2.350913521315379384e+01
1.250700149999999979e+02 1.553383900000000040e+01 9.213932416886706278e+01 2.915179008298516550e+01
1.082378199999999993e+02 1.562821500000000086e+01 1.229693196211127315e+02 2.762757507753347497e+01
1.093003099999999961e+02 1.012630000000000058e-01 1.308602065972544892e+02 1.608943152581157676e+01
1.090970899999999943e+02 2.084872599999999920e+01 1.104097565300411503e+02 2.128964999071856568e+01
9.312736999999999910e+01 1.080105299999999957e+01 1.134091976651493496e+02 1.116819969170405358e+01
1.088684839999999951e+02 1.869618999999999920e+00 1.059868762186091971e+02 3.152140867802804536e+01
1.087185099999999949e+02 1.082315200000000033e+01 1.247530330261515985e+02 2.670704078210243537e+01
1.194439849999999979e+02 3.088717700000000121e+01 1.014325397659155783e+02 2.275073249713613777e+01
1.223638150000000024e+02 9.904870000000000729e+00 1.321154506996865052e+02 9.690072358257840079e+00
1.006493899999999968e+02 1.672829600000000028e+01 1.367773936384569708e+02 1.454870398375413920e+01
1.045020300000000049e+02 3.012155500000000075e+01 9.772443184742662936e+01 2.487715696566828072e+01
1.028035200000000060e+02 2.750330200000000147e+01 1.004068001836838420e+02 1.934619756476148922e+01
1.214285699999999935e+02 6.701778000000000013e+00 1.140447499479373477e+02 2.301391195114675270e+01
1.082274599999999936e+02 2.717001000000000133e+01 1.086794755851078378e+02 3.407322980204203766e+00
1.130678500000000071e+02 1.070391300000000001e+01 1.375613221644387636e+02 6.488340401422356685e+00
1.068052100000000024e+02 1.683014100000000113e+01 9.992489201836848167e+01 9.957657730918889616e-02
1.087034450000000021e+02 1.879413800000000023e+01 1.064292242230174281e+02 1.622205650803247678e+01
1.353685499999999990e+02 1.775348299999999924e+01 1.299862292757037210e+02 3.828116902863611060e+00
1.137061499999999938e+02 2.920176500000000175e+01 9.623952425576260339e+01 1.938329297823688790e+01
1.324696399999999983e+02 1.699832699999999974e+01 1.153767047026790777e+02 8.495324521094747894e+00
1.372788199999999961e+02 1.268961700000000015e+01 9.462402311738914307e+01 1.639634841534807208e+01
1.138526399999999938e+02 2.842907299999999893e+01 1.275908162676449535e+02 3.915065152504451085e+00
1.071924700000000001e+02 1.362108100000000022e+01 1.264865160868749285e+02 1.485497469922114888e+01
1.270634600000000063e+02 1.166692100000000032e+01 1.008202194519935659e+02 2.466283862902907487e+01
1.008948800000000006e+02 1.652329800000000048e+01 1.180459476930367373e+02 2.011714426138687983e+01
9.288236999999999455e+01 2.260556000000000054e+01 1.330149240828032475e+02 1.627513757708815589e+01
1.014491600000000062e+02 2.277094299999999905e+01 1.098107148121736998e+02 3.238498376085810548e+01
1.208729550000000046e+02 1.335633900000000018e+01 1.044590149423897714e+02 1.644583984553105083e+01
1.264625999999999948e+02 7.166369999999999685e-01 9.224104319281498476e+01 2.323758949684488329e+01
1.179488199999999978e+02 1.651808199999999971e+01 1.185250714987302274e+02 1.514963479419820835e+01
1.311990399999999966e+02 2.885759999999999881e+00 9.684614864060331740e+01 2.132244136855456063e+01
1.307676400000000001e+02 9.199001000000000872e+00 1.338122387451279849e+02 6.297489478580818201e+00
1.136618399999999980e+02 2.985846499999999892e+01 1.080600109594567755e+02 1.959832068442241493e+01
1.063184499999999986e+02 2.189414199999999866e+01 1.231322977022729788e+02 3.435440875155160967e+01
1.221287399999999934e+02 7.625099999999999767e+00 9.317426839572367214e+01 7.051877205932994386e+00
1.140301000000000045e+02 2.309675000000000011e+01 9.705939676083697520e+01 1.993042051266691317e+00
1.209112899999999939e+02 7.267337999999999631e+00 1.072336371753023485e+02 1.935096587285183389e+01
9.977344999999999686e+01 2.670044899999999899e+01 1.312937199294804600e+02 1.102142434637411306e+01
1.164115599999999944e+02 1.850963399999999837e+01 1.211954501914586331e+02 3.487400041005927420e+01
1.258230060000000066e+02 9.050392999999999688e+00 1.099464686209108777e+02 2.955258431004208219e+01
1.049325299999999999e+02 2.927804199999999923e+01 1.250344829404700988e+02 2.542246421247817523e+01
1.199054399999999987e+02 1.518948900000000002e+01 1.007281030528177297e+02 1.799581974733478162e+01
1.219349399999999974e+02 1.171463199999999993e+01 1.326958055846011746e+02 2.037234508066294225e+01
1.289106299999999976e+02 7.094847999999999821e+00 1.059880907784977495e+02 3.430995341387223618e+01
1.083554599999999937e+02 1.583191200000000087e+01 1.010802277654929071e+02 3.112758406323823834e+01
1.279924850000000021e+02 1.403315199999999940e+01 1.257826570631907259e+02 3.144580182759565901e+01
1.298188600000000008e+02 9.076064999999999827e+00 1.316903208518473321e+02 7.338158431681401694e+00
1.090832599999999957e+02 1.999703000000000008e+00 1.223799806550576079e+02 5.329436674884668879e-02
