1.212826160000000044e+02 4.943322400000000272e+01 1.241643455201783155e+02 6.300645989618701037e+01
1.149524839999999983e+02 6.114878499999999661e+01 9.344429197377175456e+01 6.121960886311601513e+01
1.116417799999999971e+02 5.706051000000000073e+01 1.028444039440073681e+02 3.994923472686243571e+01
1.056607499999999931e+02 5.280317000000000149e+01 1.203608623445683179e+02 4.627345636433370402e+01
9.366300999999999988e+01 3.904643000000000086e+01 1.048794307615710011e+02 6.770491521652321865e+01
1.276721600000000052e+02 4.024942800000000176e+01 1.087712134852665429e+02 5.101462766968674600e+01
1.166090200000000010e+02 6.318442000000000291e+01 1.044245610490245895e+02 6.709329282012656392e+01
1.156852949999999964e+02 5.051370599999999911e+01 1.014933122286548866e+02 4.280688442562116336e+01
9.869173999999999580e+01 4.638336600000000232e+01 1.139348547232324336e+02 6.287277711342014896e+01
1.106270300000000049e+02 5.514569500000000346e+01 9.781491168975952633e+01 5.797375509913315739e+01
1.336285699999999963e+02 6.428427999999999543e+01 1.135496334100582771e+02 3.552821426060526022e+01
9.430994400000000155e+01 3.826120999999999839e+01 1.223028030194294331e+02 5.818103782722128869e+01
1.350665400000000034e+02 5.434399799999999914e+01 9.214209858832658995e+01 6.590170233089854435e+01
1.214451499999999982e+02 5.842904000000000053e+01 1.268030566699718094e+02 6.943865680219639103e+01
1.075940999999999974e+02 4.945640999999999821e+01 9.730941676450871114e+01 5.855503038017793216e+01
1.151261439999999965e+02 6.143078599999999767e+01 1.332123109897997608e+02 4.683984154777862585e+01
1.336813500000000090e+02 4.978737300000000232e+01 1.202722269038664109e+02 4.615161345189263642e+01
1.111570600000000013e+02 5.712789000000000073e+01 1.226177062889387628e+02 4.374686716400522357e+01
1.065997600000000034e+02 5.146107500000000101e+01 1.009913161161927349e+02 4.986584726538259815e+01
1.245973740000000021e+02 5.995797300000000263e+01 1.152119942866247442e+02 6.905367768610230428e+01
1.008723099999999988e+02 5.919528600000000296e+01 1.001145978015451306e+02 4.560472393176488026e+01
1.314834299999999985e+02 5.866523699999999764e+01 1.306432316853068301e+02 6.208642790623410690e+01
1.113781400000000019e+02 6.660562000000000182e+01 1.009487348636179007e+02 6.562790133925336988e+01
1.234388349999999974e+02 4.924936699999999945e+01 1.087970948847616910e+02 6.278194385627688234e+01
1.166439299999999974e+02 6.002734800000000348e+01 1.013190939032818534e+02 6.717241834566337388e+01
1.221214400000000069e+02 6.785470999999999719e+01 1.220968988868068266e+02 3.532382815890732530e+01
1.045377299999999963e+02 5.067922999999999689e+01 1.203466942351307409e+02 5.743399227910822447e+01
1.129713440000000020e+02 5.591232999999999720e+01 1.061044222326994486e+02 5.748311499690433379e+01
1.123640699999999981e+02 5.726374400000000264e+01 1.058373494453736896e+02 6.684814255519142989e+01
1.077563300000000055e+02 6.513593000000000188e+01 1.340058018267580735e+02 4.049059603828377618e+01
9.519232999999999834e+01 4.313216400000000306e+01 1.261712292783901432e+02 4.064843834546126544e+01
9.712691499999999678e+01 3.871988999999999947e+01 1.315181622719561005e+02 6.890573656099491018e+01
1.088075999999999937e+02 5.766346999999999667e+01 1.076518026915528452e+02 4.553773377837276115e+01
1.324706400000000031e+02 3.541250600000000048e+01 1.323125615988017501e+02 4.765425890028561895e+01
1.009870599999999996e+02 5.311078299999999786e+01 9.401104928893502688e+01 3.894023719705851505e+01
1.148245239999999967e+02 4.082608799999999860e+01 9.688249289164505740e+01 6.249496581406958029e+01
1.071816560000000038e+02 5.648080999999999818e+01 1.362399164645165399e+02 3.810923118871927784e+01
1.273921100000000024e+02 6.885818999999999335e+01 1.287428568518976419e+02 5.967035627127889086e+01
1.064227699999999999e+02 5.900284200000000112e+01 1.253223047492296871e+02 4.352564399190548983e+01
1.303054999999999950e+02 4.483324400000000054e+01 9.811033447447280764e+01 6.959544094045698159e+01
1.260278899999999993e+02 5.749642599999999959e+01 1.195097271623628927e+02 6.256662493645103496e+01
9.395118999999999687e+01 5.174367500000000319e+01 1.345039888154325922e+02 3.807394666612534451e+01
1.069787699999999973e+02 5.488469299999999862e+01 9.795472441424996646e+01 6.476278903814505838e+01
1.083292540000000059e+02 5.436088999999999771e+01 1.218874646212211701e+02 5.231159157980013674e+01
1.150687300000000022e+02 5.993512299999999726e+01 1.203081528911014857e+02 6.955925546724660080e+01
9.525037000000000376e+01 5.093585000000000207e+01 9.808629082714625724e+01 5.805844391482160916e+01
1.315981600000000071e+02 6.734378999999999849e+01 1.031002462695696948e+02 3.663354280020113407e+01
1.015760499999999951e+02 5.821460299999999677e+01 1.058164463549062901e+02 6.728105039735814330e+01
1.099049200000000042e+02 6.526178000000000168e+01 1.340568815500349160e+02 6.079560028502616831e+01
1.093636500000000069e+02 5.349882499999999652e+01 1.116316986317420401e+02 5.085389592758092192e+01
1.317967700000000093e+02 5.867729599999999834e+01 1.202103847998109103e+02 5.175439020803375456e+01
1.103532500000000027e+02 3.778128399999999942e+01 1.205314640338845749e+02 4.324111723706221255e+01
1.325485199999999963e+02 6.855689999999999884e+01 1.376942366512300566e+02 6.925162104016547460e+01
9.438846599999999398e+01 4.031015800000000127e+01 9.982503371953497151e+01 5.096307640434737607e+01
1.160177460000000025e+02 4.210204000000000235e+01 1.082445755486117775e+02 4.758264429175227406e+01
1.334106299999999976e+02 4.820458599999999905e+01 9.670553517017350487e+01 6.985408964082995453e+01
1.355083799999999883e+02 6.946796999999999400e+01 1.151344979332706657e+02 4.823832065528330304e+01
1.210484600000000057e+02 5.887211599999999834e+01 1.317520882504184101e+02 4.591636469170111212e+01
1.041059699999999992e+02 6.759010999999999569e+01 1.293012481727557770e+02 5.656042984332311363e+01
1.360475600000000043e+02 6.303094999999999715e+01 1.129905352324407488e+02 4.096985830053596089e+01
9.620757999999999299e+01 3.554011500000000012e+01 1.188188416320703737e+02 3.711148855031782290e+01
1.177592000000000070e+02 6.768806499999999460e+01 1.285823928017454421e+02 5.098833028388719413e+01
9.480917999999999779e+01 5.318782800000000321e+01 1.363149149596335121e+02 3.558949682908841794e+01
1.187587659999999943e+02 6.678491999999999962e+01 9.662275762667513845e+01 6.027021829985033463e+01
1.256742899999999992e+02 3.832692999999999728e+01 1.210877430620902260e+02 4.258141347600424353e+01
1.069666749999999951e+02 5.752069500000000346e+01 1.164221582754851028e+02 5.497315579010488307e+01
1.271018449999999973e+02 4.009243000000000023e+01 1.290363704402953147e+02 6.222804987152922962e+01
1.130334550000000036e+02 3.586519599999999741e+01 1.377681089885256824e+02 6.766266004645022747e+01
1.360124500000000012e+02 5.421863599999999650e+01 1.159557631509069608e+02 6.891446577111962313e+01
1.051237500000000011e+02 4.343054999999999666e+01 1.266355655055749168e+02 4.853700735773326613e+01
1.095267259999999965e+02 6.713142999999999461e+01 9.325812013348276253e+01 5.810731653888963422e+01
1.182919160000000005e+02 5.945187800000000067e+01 1.078768112838081663e+02 6.496588756150953259e+01
1.134150159999999943e+02 6.822314000000000078e+01 1.073473285569057651e+02 6.624028513390705086e+01
9.650489000000000317e+01 6.768684000000000367e+01 1.346340858611066551e+02 5.631197798447303171e+01
1.055696099999999973e+02 6.317831000000000330e+01 1.357551519568876301e+02 5.612993287562198930e+01
1.354603299999999990e+02 5.533826400000000234e+01 1.125333406863417309e+02 6.627292162460616964e+01
1.267119000000000000e+02 5.893393999999999977e+01 1.363908845186981296e+02 5.298308506059997569e+01
1.000944599999999980e+02 4.572241999999999962e+01 1.308377148804393642e+02 5.199934282311414080e+01
1.292884500000000116e+02 6.153656999999999755e+01 1.225388668257693610e+02 4.887958442729716779e+01
1.261647640000000052e+02 5.876885999999999655e+01 1.344117108408457852e+02 6.456902944674487799e+01
1.190468900000000048e+02 4.108363700000000307e+01 1.325058621979826228e+02 4.029345977409258950e+01
1.003911740000000066e+02 6.413351000000000113e+01 1.027014333743807555e+02 5.492732005070300971e+01
1.144350050000000039e+02 5.995313600000000065e+01 1.206141055215197753e+02 4.294440222137037466e+01
1.119819949999999977e+02 6.060598000000000241e+01 1.189426928326438286e+02 4.799689786369320643e+01
1.286960300000000075e+02 6.221418800000000005e+01 9.457278883485705023e+01 6.976863551541109132e+01
1.093431199999999990e+02 5.360247400000000084e+01 9.632123669437898172e+01 4.271017182672839141e+01
9.781167999999999552e+01 4.746043399999999934e+01 1.226862367890266086e+02 6.377065082404824636e+01
1.103471499999999992e+02 5.206542600000000220e+01 1.378612967006757515e+02 5.911744449054032202e+01
9.672650000000000148e+01 5.617989000000000033e+01 1.097066863092511824e+02 5.509342080024045174e+01
9.784081000000000472e+01 6.367960399999999765e+01 1.035233151156220686e+02 6.290591020867638861e+01
1.281518900000000087e+02 5.827758399999999739e+01 1.248181636570961359e+02 6.440249085453108080e+01
1.166068039999999968e+02 5.251057399999999831e+01 1.119910634290266955e+02 4.330750367603514661e+01
9.833098999999999990e+01 4.177409999999999712e+01 1.273753267460740233e+02 6.024165777161177004e+01
1.277453900000000004e+02 6.870624499999999557e+01 1.357794911827579654e+02 4.796669610449808374e+01
1.196214750000000038e+02 5.416983799999999860e+01 1.331560163888755710e+02 6.192992236934992434e+01
1.072060239999999993e+02 5.027415500000000037e+01 1.152229536093948354e+02 5.993146584607583094e+01
1.120544359999999955e+02 6.064117399999999947e+01 9.558169763913231520e+01 5.000256207049802271e+01
9.853071599999999819e+01 4.018719500000000266e+01 1.304312942558578925e+02 6.323767771538797433e+01
1.187837750000000057e+02 6.548116000000000270e+01 1.038629631174603816e+02 6.953981530942937184e+01
9.607141000000000020e+01 4.099394000000000204e+01 1.174035235254375351e+02 4.234395947531378823e+01
1.351996599999999944e+02 4.736585000000000178e+01 1.085502014333495424e+02 4.330787307651489471e+01
1.340019000000000062e+02 4.206734999999999758e+01 9.580475497831594112e+01 5.353061265458894979e+01
1.171950599999999980e+02 5.229210700000000145e+01 1.138080157069706217e+02 6.206857361841866094e+01
1.011374299999999948e+02 3.639173999999999864e+01 1.017012537114837869e+02 3.814713074395235992e+01
1.309915499999999895e+02 5.348579800000000262e+01 9.840275468909744916e+01 6.045350150751565366e+01
1.008080800000000039e+02 6.596468000000000131e+01 1.168133235967570158e+02 4.538189063478776575e+01
1.350201999999999884e+02 6.758678000000000452e+01 1.167355762745139316e+02 6.361702255222514424e+01
1.345091400000000021e+02 6.084433700000000300e+01 1.119485474263080675e+02 4.906195538843304860e+01
1.260101800000000054e+02 6.874678000000000111e+01 1.349124612657615216e+02 6.374363459224986173e+01
1.278365600000000057e+02 6.265424999999999756e+01 1.346753741342944863e+02 4.467662367112011168e+01
1.059466100000000068e+02 4.505476999999999776e+01 1.031309284393564383e+02 5.593143685517196673e+01
1.121689200000000000e+02 5.632432000000000016e+01 1.121768761596087103e+02 5.427656296628793342e+01
1.321824599999999919e+02 4.273841999999999786e+01 1.375953505990148074e+02 4.598540519898537582e+01
9.698627500000000623e+01 3.578076999999999686e+01 1.326321313622713092e+02 3.939249711945402055e+01
1.120752800000000065e+02 5.781876400000000160e+01 1.346759219107981949e+02 3.877632679330593390e+01
1.125164900000000046e+02 6.466777999999999338e+01 1.018837869648032353e+02 6.583480109277419956e+01
9.870824399999999343e+01 3.936731000000000336e+01 1.289867976348868979e+02 6.819135130940367162e+01
1.234705799999999982e+02 5.746117999999999881e+01 9.321261466542600260e+01 4.552107345277958217e+01
9.536923000000000172e+01 4.726187999999999789e+01 9.976209288841553757e+01 6.468645716187694461e+01
1.242492139999999949e+02 5.672003600000000034e+01 9.765723785752979325e+01 4.692024869667557141e+01
1.299399099999999976e+02 5.010493000000000308e+01 1.140297951471619484e+02 6.119009400564073076e+01
1.271791400000000039e+02 3.794206599999999696e+01 9.381480005964930058e+01 5.915761003257016171e+01
1.132703999999999951e+02 4.897982799999999770e+01 1.223373828589063237e+02 4.803957138944912941e+01
9.851152999999999338e+01 4.838801600000000036e+01 1.258030073329527738e+02 6.587851161922148435e+01
1.133846599999999967e+02 5.737774999999999892e+01 1.271375282051215265e+02 5.091428474709441332e+01
1.101399700000000053e+02 5.342727699999999658e+01 1.260290533406924567e+02 5.546510478083150986e+01
1.116265199999999993e+02 5.775666999999999973e+01 1.365405383730278004e+02 4.165609986324801639e+01
1.335835399999999993e+02 4.905831500000000034e+01 1.268120964319751351e+02 6.868805428248852252e+01
1.209438200000000023e+02 6.579501000000000488e+01 1.341494636352269083e+02 3.515016126796134444e+01
9.652026999999999646e+01 3.880939000000000050e+01 9.919558916957851125e+01 4.097347752524336784e+01
1.233585999999999956e+02 3.775298699999999741e+01 1.075559902641870451e+02 5.479364334456832353e+01
1.327313800000000015e+02 3.814770999999999646e+01 9.253703189023799780e+01 5.042064351462622795e+01
1.362918500000000108e+02 3.875155999999999779e+01 1.127421239174130534e+02 4.235570339434898557e+01
1.208611760000000004e+02 6.358239400000000074e+01 1.033454291283055966e+02 4.297798415180449183e+01
1.079076699999999960e+02 5.773502299999999821e+01 1.347385311039863609e+02 3.761706160362462015e+01
1.057629400000000004e+02 5.378704499999999911e+01 1.041515328316692006e+02 3.769215308826777289e+01
1.295205799999999954e+02 3.861454799999999921e+01 1.142756732928428960e+02 3.756371380138597971e+01
9.366727000000000203e+01 5.938742400000000288e+01 1.006129243799480264e+02 4.218774151029256814e+01
1.019693759999999969e+02 3.966786599999999652e+01 1.289345766190599534e+02 4.902466258231586238e+01
1.173245900000000006e+02 6.179990999999999701e+01 1.295716588827472719e+02 5.931886929894253058e+01
1.008896560000000022e+02 5.350793500000000336e+01 1.072763652707599249e+02 6.120408965854232264e+01
1.325090999999999894e+02 3.858546400000000176e+01 1.285653452729829382e+02 3.759214200977223186e+01
1.143336500000000058e+02 5.074838299999999691e+01 9.684885562629484923e+01 3.566074953677190251e+01
1.360632300000000043e+02 5.379059999999999775e+01 1.350808470960308227e+02 4.262587574101426213e+01
1.216290900000000050e+02 3.923321500000000128e+01 9.975393807911119382e+01 5.541398968224558530e+01
9.860380600000000584e+01 4.520881700000000336e+01 1.078735962938262247e+02 5.532925059911218568e+01
9.475575999999999510e+01 4.042075700000000182e+01 1.317307931671138874e+02 4.945065571789674408e+01
1.259631959999999964e+02 4.027061499999999938e+01 9.885259581347604296e+01 5.264938425993729254e+01
1.127646260000000069e+02 5.742548000000000030e+01 1.305484455926236365e+02 4.165196330821302695e+01
1.024738499999999988e+02 4.791127000000000180e+01 1.223361919072035988e+02 4.314249658612659033e+01
1.045238949999999960e+02 6.688411999999999580e+01 9.608430394067519842e+01 4.527529378719810893e+01
9.782887999999999806e+01 6.410737600000000214e+01 1.254757843784756517e+02 4.671281212987523901e+01
1.027601999999999975e+02 5.639384499999999889e+01 1.348870504354312061e+02 6.655533865683919714e+01
9.354569999999999652e+01 4.701798000000000144e+01 1.245075291546590392e+02 5.687885534197646109e+01
1.228504939999999976e+02 4.187241999999999820e+01 1.324027001344600194e+02 6.392178945866331219e+01
1.333658000000000072e+02 5.114541599999999733e+01 1.206511454824184426e+02 5.465201913830931346e+01
1.226974199999999939e+02 5.682448999999999728e+01 1.065241779414897820e+02 5.913569799093225043e+01
1.146923749999999984e+02 5.769825000000000159e+01 1.243335203351739011e+02 3.593409904074026429e+01
1.334691200000000038e+02 5.415583399999999870e+01 1.316654990822958666e+02 4.097665058479335443e+01
1.037798499999999962e+02 5.165285000000000082e+01 1.328861245669429536e+02 4.087103402346484415e+01
1.020206699999999955e+02 6.437583999999999662e+01 1.287318137439280861e+02 4.961147810072645825e+01
1.189991299999999939e+02 4.458548400000000100e+01 1.017442213033877891e+02 6.088515613526184467e+01
1.054064599999999956e+02 5.157411199999999951e+01 1.233458051280908023e+02 4.892790641440694088e+01
1.218691299999999984e+02 5.613512800000000169e+01 1.129617239689032147e+02 6.546948331997633375e+01
9.556118999999999630e+01 6.120163999999999760e+01 9.473821762859331841e+01 6.509588494911650969e+01
1.143753099999999989e+02 3.985636000000000223e+01 9.419375662819714989e+01 5.335501564172656686e+01
1.074421200000000027e+02 6.691886999999999830e+01 1.341353819990951592e+02 5.025563648778415171e+01
1.193212999999999937e+02 6.288249600000000328e+01 1.090795576328462460e+02 5.736025800878937275e+01
1.275243600000000015e+02 3.745123300000000199e+01 1.198854345011603471e+02 5.714846684427605794e+01
1.069991200000000049e+02 5.624827200000000005e+01 1.290927518701388976e+02 6.784586746283680725e+01
1.233974199999999968e+02 5.627990299999999735e+01 1.081900345281229789e+02 4.871714475224483465e+01
1.298243999999999971e+02 3.636473999999999762e+01 1.192317019454957148e+02 4.584035090622737130e+01
1.267645799999999952e+02 3.918523799999999824e+01 9.452260427007605870e+01 5.434205731897158387e+01
1.037078599999999966e+02 5.661120600000000280e+01 1.199593333464249554e+02 3.949767230084864167e+01
1.194972149999999971e+02 6.672171000000000163e+01 1.083676845514645777e+02 6.286632810167240848e+01
9.955476000000000170e+01 3.627830999999999761e+01 1.079196148592592976e+02 6.095017455023640451e+01
1.244986700000000042e+02 5.948729000000000156e+01 1.306638764443524394e+02 6.451393891937145497e+01
1.361961400000000140e+02 6.271319199999999938e+01 9.359934184469329921e+01 3.849246349849993010e+01
1.237276499999999970e+02 6.852452999999999861e+01 1.051002130145712670e+02 4.023477742524180911e+01
1.009518000000000058e+02 4.587253599999999665e+01 1.266587284475752000e+02 6.765050567842861540e+01
1.367638900000000035e+02 6.343686999999999898e+01 1.213695517857886728e+02 5.149092684041907830e+01
1.343622599999999920e+02 6.856692999999999927e+01 1.218448912592261451e+02 6.334410388479383158e+01
1.046279100000000000e+02 6.750185000000000457e+01 9.233974397555384428e+01 5.180001778492587050e+01
1.340597099999999955e+02 4.606727000000000061e+01 1.348237596274493626e+02 4.985480327670894951e+01
1.157399800000000027e+02 3.658991600000000233e+01 1.270345126340443187e+02 6.176522304981266132e+01
1.258067300000000017e+02 4.024289999999999878e+01 1.227797659280334699e+02 3.773701140628871542e+01
9.674707999999999686e+01 6.697728999999999644e+01 1.224507052252086510e+02 6.831487393096733740e+01
1.317992199999999912e+02 4.114844999999999686e+01 1.102696274328949215e+02 6.534489358430811023e+01
1.258758540000000039e+02 5.836881300000000294e+01 1.329370568734808558e+02 3.733016985583269332e+01
1.046313899999999961e+02 4.612453000000000003e+01 9.818674178186827817e+01 5.921591626417097132e+01
1.161297899999999998e+02 6.594526000000000465e+01 1.055527920568385838e+02 4.026284269617405442e+01
1.042444150000000036e+02 5.202449000000000012e+01 1.114637057921603116e+02 3.552450830124217873e+01
1.202216339999999946e+02 4.601048300000000069e+01 1.252381888381491706e+02 6.519753695205419319e+01
9.638931999999999789e+01 4.664872400000000141e+01 1.147479303646558719e+02 6.883126083734750011e+01
1.076754459999999938e+02 5.661722999999999928e+01 1.099861143503210315e+02 4.458912059157755436e+01
9.766698999999999842e+01 4.774910700000000219e+01 1.030641567257980995e+02 5.255893143365732101e+01
1.038062000000000040e+02 4.203229499999999774e+01 1.079491612202728135e+02 6.763393091547058589e+01
1.279260600000000068e+02 5.697940400000000238e+01 9.989130558625578260e+01 4.432850916851185019e+01
1.335288099999999929e+02 4.829560000000000031e+01 1.200650000603136789e+02 5.984926108955394852e+01
9.733060500000000559e+01 3.650889600000000002e+01 9.971843636331787764e+01 5.809827207477407285e+01
9.752849600000000407e+01 4.695716000000000179e+01 1.050186144259850778e+02 5.516039481585217175e+01
1.212873000000000019e+02 5.178551499999999663e+01 1.020304663738723576e+02 5.450835895915324159e+01
1.378637400000000071e+02 4.308997999999999706e+01 1.190861903306184502e+02 6.852982604651973020e+01
1.273533699999999982e+02 5.781324800000000153e+01 1.284415892030667408e+02 3.808278982507356147e+01
1.345830799999999954e+02 5.759463999999999828e+01 9.842908535973944595e+01 5.493722604514684349e+01
1.126751699999999943e+02 4.886647399999999664e+01 1.195601035124617511e+02 6.858510871542955556e+01
1.272878199999999964e+02 5.781310700000000224e+01 1.147376561046591803e+02 3.702346116067111836e+01
1.073387799999999999e+02 5.241443999999999903e+01 1.176324483914994374e+02 5.083716537997422336e+01
1.128858299999999986e+02 5.726659000000000077e+01 1.075845089226166493e+02 6.124952564378254039e+01
1.288758200000000045e+02 5.353948599999999658e+01 1.047071742717743916e+02 5.432481223625784139e+01
1.266559500000000043e+02 5.708795500000000089e+01 1.231527101383244371e+02 5.446061858071102790e+01
1.197156999999999982e+02 6.567251600000000167e+01 1.330138943684809192e+02 5.196762242863542269e+01
1.053043749999999932e+02 6.123841500000000337e+01 1.166894465225997521e+02 6.248822805599942853e+01
9.804591999999999530e+01 6.713985999999999876e+01 1.245062101236354408e+02 3.903409160985061988e+01
1.349592700000000036e+02 6.470493000000000450e+01 1.192135813839293519e+02 4.909120088670769633e+01
1.004013400000000047e+02 3.929104999999999848e+01 1.262212713738278751e+02 4.824602915664343783e+01
1.347204600000000028e+02 3.528315700000000277e+01 1.228993348835514325e+02 4.665260934402709836e+01
1.258382339999999999e+02 6.744584000000000401e+01 1.047370119781535038e+02 4.031078060791516293e+01
1.097516799999999932e+02 4.463506300000000238e+01 1.235461900576985101e+02 5.937594118316485492e+01
1.213796159999999986e+02 6.646210000000000662e+01 1.355913423655662768e+02 4.075520539990862545e+01
1.284507900000000120e+02 6.935147000000000617e+01 1.131182279585363659e+02 4.360301595535258912e+01
1.154960599999999999e+02 4.745178200000000146e+01 9.913567065409962709e+01 6.240808804309204305e+01
1.213167399999999958e+02 4.269167699999999854e+01 1.146428376273098593e+02 5.398502100149521254e+01
1.156140800000000013e+02 5.241935999999999751e+01 1.296567562142955694e+02 4.417986509725823652e+01
1.332988400000000127e+02 4.367735299999999654e+01 9.280197351878749146e+01 6.476596248008864620e+01
1.188903499999999980e+02 6.277102699999999658e+01 1.232055126259875948e+02 5.523568459048884449e+01
1.138751139999999964e+02 5.824143000000000114e+01 1.243898306424557347e+02 4.905145611989798482e+01
1.237843299999999971e+02 3.652860600000000346e+01 1.142468370508226911e+02 3.689921465407950052e+01
1.342288200000000131e+02 3.530897999999999826e+01 1.200237877825047121e+02 5.879052592992132986e+01
1.279040449999999964e+02 3.876238000000000028e+01 9.301701330467638229e+01 5.674433330563508093e+01
1.011211399999999969e+02 5.816889599999999660e+01 1.263373419518135563e+02 4.836180366400110842e+01
1.140183200000000028e+02 5.003989800000000088e+01 1.300173244468555254e+02 4.600560312074140512e+01
9.580971999999999866e+01 3.681184999999999974e+01 1.337287421912142804e+02 4.300399349225212831e+01
1.051910500000000042e+02 6.141910000000000025e+01 1.096897375235238599e+02 5.408139929204193663e+01
9.585634600000000205e+01 4.342609999999999815e+01 1.110614428513177643e+02 4.608723152502891907e+01
1.305634000000000015e+02 5.909230800000000272e+01 1.313202791756202998e+02 4.798197740847687953e+01
1.359902299999999968e+02 5.912366000000000099e+01 9.922383713311766940e+01 4.621152178541432676e+01
1.258158949999999976e+02 3.879582599999999815e+01 1.183454741774778256e+02 5.901207576303853131e+01
1.236608999999999980e+02 5.598311199999999843e+01 1.004052421642985138e+02 4.478257165061533840e+01
1.256783449999999931e+02 6.448287999999999442e+01 1.331018359177021466e+02 4.108869636633929190e+01
1.346306800000000123e+02 5.036889599999999945e+01 1.060645974429659617e+02 4.468444448138868808e+01
1.067445450000000022e+02 6.478579000000000576e+01 1.034599442638962330e+02 5.808664517974160901e+01
1.047597659999999991e+02 5.342579700000000287e+01 9.605015022247974343e+01 6.357516304918600980e+01
1.003652199999999937e+02 3.889539299999999855e+01 1.349142389539001385e+02 5.067320970251745393e+01
9.665185499999999763e+01 3.616345599999999649e+01 1.152534468830289285e+02 4.671099678219674445e+01
1.032326900000000052e+02 6.483803000000000338e+01 1.213896360824636957e+02 5.781147004755733576e+01
1.239134200000000021e+02 5.990810400000000158e+01 1.038134703013122504e+02 6.150313618507760793e+01
1.078740399999999937e+02 5.241629999999999967e+01 1.033932111122765036e+02 4.236828174646764467e+01
1.277053149999999988e+02 6.054426600000000036e+01 1.293066480464198662e+02 5.246167940806849117e+01
1.147968199999999968e+02 5.945008500000000140e+01 1.372478525494406085e+02 4.871306636389072509e+01
1.014278300000000002e+02 6.383355000000000246e+01 1.084938409657426348e+02 5.000569347606307957e+01
1.169130300000000062e+02 4.788735199999999992e+01 1.120494723818919169e+02 6.062762906405926344e+01
1.373324900000000071e+02 5.832926599999999695e+01 9.866092319090641638e+01 6.661658362039200654e+01
1.258006799999999998e+02 6.341799000000000319e+01 9.316589274525780695e+01 6.894597145865334653e+01
1.358191199999999981e+02 4.654333499999999901e+01 9.525962086857558120e+01 5.806674408670085086e+01
9.235472000000000037e+01 5.578055599999999714e+01 1.153512610373978902e+02 5.134356749811441034e+01
1.268050499999999943e+02 6.489449999999999363e+01 1.321961987406421031e+02 3.775526781602060566e+01
1.185782200000000017e+02 6.693885000000000218e+01 9.877841056927746877e+01 3.673545269465008545e+01
1.239840599999999995e+02 5.885653700000000299e+01 1.316195167373767845e+02 6.105420819322435477e+01
1.054156949999999995e+02 5.334145000000000181e+01 9.412879474244303424e+01 6.034700162270198831e+01
1.258444439999999958e+02 3.973371499999999656e+01 1.111594291487772068e+02 4.126625986407098878e+01
1.173201140000000038e+02 4.935978999999999672e+01 1.049379720182442384e+02 6.823537840965468604e+01
9.272294599999999321e+01 6.682605999999999824e+01 1.206185696837260082e+02 3.803260287126588679e+01
1.214462000000000046e+02 4.286551999999999651e+01 1.159558642869901064e+02 5.845179241979499807e+01
1.297899299999999982e+02 5.157855599999999896e+01 1.121614660375804533e+02 5.712873000371772747e+01
1.235358800000000059e+02 4.564005699999999877e+01 1.354275233692023335e+02 5.962833135751792213e+01
1.072648850000000067e+02 6.951449599999999407e+01 1.141612823095065465e+02 6.057232304891905983e+01
1.215081559999999996e+02 5.660273399999999810e+01 1.101996700773970161e+02 6.057488234450279663e+01
1.107770299999999963e+02 5.163599399999999662e+01 9.516468357957666058e+01 5.390914987933258828e+01
1.073240100000000012e+02 6.710800999999999306e+01 1.317899030318079099e+02 4.244992545547866314e+01
1.093203199999999953e+02 6.651191000000000031e+01 9.400561674412540469e+01 3.849243989703290225e+01
1.219453199999999953e+02 6.834644000000000119e+01 1.373130243325937840e+02 4.997251702237268489e+01
1.069377000000000066e+02 6.451303000000000054e+01 1.340264100664180376e+02 5.646409821490880887e+01
1.340947600000000079e+02 3.934833499999999873e+01 1.049634662009340644e+02 4.220447082923278970e+01
9.999357999999999436e+01 6.185655599999999765e+01 1.064648536566820951e+02 6.355920109786619321e+01
1.113298499999999933e+02 5.520421000000000333e+01 1.368050337430212267e+02 6.871910322581520347e+01
1.311754200000000026e+02 5.622561600000000226e+01 9.278622429232707702e+01 3.966007226128478180e+01
1.040613799999999998e+02 6.049796299999999860e+01 1.015281818930569813e+02 6.843080142721939296e+01
1.150016799999999932e+02 5.998031600000000196e+01 1.214190159841153900e+02 3.933906960083919557e+01
1.239748400000000004e+02 5.742487700000000217e+01 1.015784039285645974e+02 6.928599794575049486e+01
1.318194900000000018e+02 5.783751999999999782e+01 1.343655825116008771e+02 6.026976332093040867e+01
1.188622359999999958e+02 5.802089000000000141e+01 1.160375713268086031e+02 5.560526916795758723e+01
1.349879799999999932e+02 5.312552600000000069e+01 1.030534851753242833e+02 3.832903025797469354e+01
1.042965849999999932e+02 6.138250399999999729e+01 9.451954369394999844e+01 4.909277681792681847e+01
1.290766299999999944e+02 6.951717999999999620e+01 1.060792104359957904e+02 6.537628545295955007e+01
1.377335799999999892e+02 5.344289799999999957e+01 1.030967074212540098e+02 3.879373193003742415e+01
1.077311250000000058e+02 4.940514999999999901e+01 9.729498894552926913e+01 5.744068221119075446e+01
1.021115199999999987e+02 4.314330999999999960e+01 9.872983268282966662e+01 5.105206259982810479e+01
1.135815499999999929e+02 6.283503000000000327e+01 1.231276518327589713e+02 5.392581303051299813e+01
1.123364499999999992e+02 5.254028699999999930e+01 1.064672954434139598e+02 4.773390574958109767e+01
1.312270000000000039e+02 4.203462199999999882e+01 9.508922531757237095e+01 6.157110207597383322e+01
1.060182599999999979e+02 5.258335499999999740e+01 1.266386258795147910e+02 4.554565489072965079e+01
1.159296999999999969e+02 5.250370800000000315e+01 1.233626220369279451e+02 4.090184598902219193e+01
1.218872899999999930e+02 3.835528599999999955e+01 1.160002356335825056e+02 5.832953001176377938e+01
1.361947199999999896e+02 4.854311799999999977e+01 1.217771502676083060e+02 6.878832565436883328e+01
1.156520600000000059e+02 4.975501299999999816e+01 9.350487219961718210e+01 5.233856557656668684e+01
1.233326100000000025e+02 3.551258500000000140e+01 1.219215845132278560e+02 5.770539092872776621e+01
1.026083200000000062e+02 4.921526999999999674e+01 9.884139770570297401e+01 5.552394164951807198e+01
1.279319100000000020e+02 6.146362299999999834e+01 1.212985912868271470e+02 5.103663495681314544e+01
1.271957000000000022e+02 3.961555500000000052e+01 1.301711326193955358e+02 6.887790002822940494e+01
1.341556500000000085e+02 6.699751999999999441e+01 9.288135595270426847e+01 6.920233574208900507e+01
1.003708699999999965e+02 6.590657000000000210e+01 9.804759466639211496e+01 6.171239754990344295e+01
1.346996800000000007e+02 6.753334999999999866e+01 9.444525526552894235e+01 6.085591699792317399e+01
1.223629700000000042e+02 6.044685400000000186e+01 1.275633636251523200e+02 4.783136061440802678e+01
1.337762099999999919e+02 5.008275199999999927e+01 9.949977460492127079e+01 4.361390852408598562e+01
1.318281200000000126e+02 6.526779000000000508e+01 1.280772597375683972e+02 5.045931163741527570e+01
1.152487500000000011e+02 6.556677000000000533e+01 1.210814069928772057e+02 3.570120714967064401e+01
1.295343200000000081e+02 3.710571699999999851e+01 1.227638166330025626e+02 3.879150865411858007e+01
1.287544599999999946e+02 3.814048799999999773e+01 9.393928865597712274e+01 3.912648555202990508e+01
1.308950299999999913e+02 5.988183599999999984e+01 9.284843152013162637e+01 4.321735907268116250e+01
1.373529699999999991e+02 6.323516999999999655e+01 1.329967924962166990e+02 3.886885254288007729e+01
1.086836799999999954e+02 5.767841700000000316e+01 1.144970493036659320e+02 5.914659173964815864e+01
1.211486359999999962e+02 6.417821999999999605e+01 1.116804604171327355e+02 6.309763769381906684e+01
1.176811600000000055e+02 4.999291199999999691e+01 1.169635763077429829e+02 4.244215833409482741e+01
1.346253199999999879e+02 4.361478799999999723e+01 1.123604356524677854e+02 4.628465405566387858e+01
