7.188934999999999320e+01 4.769791399999999726e+01 4.634181085824268820e+01 6.448898042462462854e+01
4.956040600000000040e+01 4.586153399999999891e+01 6.805066152413671432e+01 6.835155979380122915e+01
7.233463000000000420e+01 4.200035499999999900e+01 8.390729453934748960e+01 6.242597598951243043e+01
9.116658999999999935e+01 5.114815000000000111e+01 5.097808609219145382e+01 6.350577403852049940e+01
6.313089000000000084e+01 5.214475000000000193e+01 5.934714240127462404e+01 6.661371588081279072e+01
5.290209999999999724e+01 5.713993500000000125e+01 8.866863281267852415e+01 5.785225774851473801e+01
9.039490999999999588e+01 4.384239000000000175e+01 8.392110002176102057e+01 5.973025415515161995e+01
6.481473499999999888e+01 4.456393400000000327e+01 6.694665859405191100e+01 3.519315000461072884e+01
7.532416999999999518e+01 4.011449999999999960e+01 7.547416503933389720e+01 6.768547897175270123e+01
5.532457999999999743e+01 5.113638999999999868e+01 4.708709463535932116e+01 3.809667693640204789e+01
6.657943000000000211e+01 4.963029000000000224e+01 5.190471964931660409e+01 5.021269751721028030e+01
8.726282500000000653e+01 4.679518999999999807e+01 6.262005010621194856e+01 5.531025440734384802e+01
4.898288300000000106e+01 4.479030199999999695e+01 7.406322571587885761e+01 5.076137655470913046e+01
6.421460000000000434e+01 4.855725000000000335e+01 5.656511564044485851e+01 5.736729285117403521e+01
7.179988000000000170e+01 6.876121500000000708e+01 9.198172971787013807e+01 4.272153331663251663e+01
5.817465200000000181e+01 4.617281700000000200e+01 4.966732595099954040e+01 6.470328591829176901e+01
5.835997799999999813e+01 5.780623599999999840e+01 8.863716019379947397e+01 6.201627549183004362e+01
5.525240699999999805e+01 6.121945999999999799e+01 6.517975731597076106e+01 4.673977889123996476e+01
4.872610499999999689e+01 4.301434700000000078e+01 6.123838379690665334e+01 5.576253896271836652e+01
7.069325999999999510e+01 4.742500700000000080e+01 4.776891708361232958e+01 6.900647252771128137e+01
5.548542400000000185e+01 5.831977499999999992e+01 5.161193910057149026e+01 3.911173092034317733e+01
7.569961000000000695e+01 4.516561000000000092e+01 6.901499612950711082e+01 6.140696787853613614e+01
4.775346400000000102e+01 6.766009499999999832e+01 7.109041553250762036e+01 4.126821450431797444e+01
8.955119999999999436e+01 5.096257800000000060e+01 5.220159931360069550e+01 4.295106171011562424e+01
8.370969399999999894e+01 6.831954000000000349e+01 6.716777152564993969e+01 6.336210849445680537e+01
9.173306999999999789e+01 6.276970000000000027e+01 7.043073178112166488e+01 5.496471666093738406e+01
5.567817000000000149e+01 4.392220999999999975e+01 5.984423129042346545e+01 3.594900575838011036e+01
5.408736999999999995e+01 4.822462500000000318e+01 7.032977134993807056e+01 5.385438325062251863e+01
7.856969999999999743e+01 5.500180000000000291e+01 9.015097742473798803e+01 4.704856842835695119e+01
9.165053000000000338e+01 5.213870599999999911e+01 8.758856279643714515e+01 6.855831076664321699e+01
7.834730500000000575e+01 5.851109999999999900e+01 8.858779141402158075e+01 5.926781673622036806e+01
7.941040999999999883e+01 5.451766200000000140e+01 5.416138524467174875e+01 6.073829129507033997e+01
9.178313400000000399e+01 5.558882499999999993e+01 9.012558005161079677e+01 5.708156707364491922e+01
5.768971599999999711e+01 5.626144399999999735e+01 7.306522607774239475e+01 5.803475432740337681e+01
7.401948000000000150e+01 4.625668699999999944e+01 7.168573815552429096e+01 6.520326729329413240e+01
5.690837499999999949e+01 5.480534999999999712e+01 6.922079956211757690e+01 6.230377142010610214e+01
8.088697000000000514e+01 4.190297300000000291e+01 6.232720801826103241e+01 6.557935695370878193e+01
5.169720499999999674e+01 4.989869000000000199e+01 7.033539895097207761e+01 6.962449639716345473e+01
8.897745500000000618e+01 3.735638000000000147e+01 5.589122113772217659e+01 4.013503647801391594e+01
7.430379000000000644e+01 4.396401000000000181e+01 6.274784228152266508e+01 6.705233564233336097e+01
8.212149999999999750e+01 6.805886999999999887e+01 8.694960313179431921e+01 6.489585809235484248e+01
6.575290999999999997e+01 6.138542999999999950e+01 6.120175399895983759e+01 5.771680575638220034e+01
8.061682999999999311e+01 5.918603000000000236e+01 4.611516793043963247e+01 5.683244684964700610e+01
8.642296000000000333e+01 4.440330999999999761e+01 6.945627440382648388e+01 3.771292104621211649e+01
6.587963000000000591e+01 5.883500699999999739e+01 6.479121993399056123e+01 6.728197573728536440e+01
8.314601999999999293e+01 6.420999000000000478e+01 6.198018684170972392e+01 4.444920277732314418e+01
7.510142000000000451e+01 3.915826400000000262e+01 5.715774094262765459e+01 6.295627521086193212e+01
5.284531400000000190e+01 4.512162800000000118e+01 6.850538232790499649e+01 6.941831835227139891e+01
6.399470500000000328e+01 4.661702999999999975e+01 8.159966083812302884e+01 3.569670679069683672e+01
4.864685999999999666e+01 3.584906800000000260e+01 8.785452724982624773e+01 6.094342598155775903e+01
6.234524499999999847e+01 6.152044999999999675e+01 4.705528107905431767e+01 6.061086816435283708e+01
6.336164500000000288e+01 6.252990700000000146e+01 5.433989237024401575e+01 4.054317783975930212e+01
8.946413400000000138e+01 4.115662400000000076e+01 4.896514506702569491e+01 3.569178870250775759e+01
7.357657000000000380e+01 5.390614000000000061e+01 4.609758937567161041e+01 4.635736476034176690e+01
5.339186500000000279e+01 4.860521299999999911e+01 6.583116520648215442e+01 6.270940757747398209e+01
7.044829599999999914e+01 6.648263000000000034e+01 6.824082348985427871e+01 6.209562481321453475e+01
5.200366600000000261e+01 5.103144000000000347e+01 8.914765857375260794e+01 6.678917606155130215e+01
6.632321000000000311e+01 4.732898699999999792e+01 6.293605018867122425e+01 6.745774252208039456e+01
4.628251999999999811e+01 4.061646700000000010e+01 5.731751006536846660e+01 4.312895509459873011e+01
5.319486200000000053e+01 4.890612999999999744e+01 4.635419530134205246e+01 4.943626799675392647e+01
6.020953399999999789e+01 4.516971999999999809e+01 5.872757280897773313e+01 4.989884209596260689e+01
7.581678999999999746e+01 4.425414700000000323e+01 7.126901552827045805e+01 5.157041223088691595e+01
5.502276599999999718e+01 5.547113000000000227e+01 5.884102128331596049e+01 6.917351480452396117e+01
6.245627999999999957e+01 5.118715300000000212e+01 4.813765647133347869e+01 6.797121164720817887e+01
4.713255699999999848e+01 6.185589600000000132e+01 8.799748533075732837e+01 5.860606618344419871e+01
8.155437000000000580e+01 4.750036999999999665e+01 7.815196649464972722e+01 6.593528052605269352e+01
5.080633000000000266e+01 6.933244999999999436e+01 7.347704056606173140e+01 6.090307613392789676e+01
9.098907499999999970e+01 4.332945999999999742e+01 5.579116827447460025e+01 5.856246343579021385e+01
6.867817999999999756e+01 4.609026999999999674e+01 7.443874956295084644e+01 5.451579188810044485e+01
5.392490999999999701e+01 4.820326200000000227e+01 9.199101365401014618e+01 6.463606175653282548e+01
6.500728999999999758e+01 4.928378000000000014e+01 7.316925926229220067e+01 6.900234515634826948e+01
6.051880299999999835e+01 5.581974400000000003e+01 4.966869448158414713e+01 4.250614358759397504e+01
5.340449999999999875e+01 4.895134699999999839e+01 5.339923963707811794e+01 5.699881891241767562e+01
5.561845799999999684e+01 4.872465499999999849e+01 5.689467986394870991e+01 6.174353848996310035e+01
7.224148599999999476e+01 6.894777000000000555e+01 4.844074382858813976e+01 4.013891341600045592e+01
5.031473499999999888e+01 4.109745999999999810e+01 6.637951770972523491e+01 5.283973347300253920e+01
5.286175000000000068e+01 5.095715299999999814e+01 6.287001714987268031e+01 4.155670499871340695e+01
5.694366000000000128e+01 5.793184000000000111e+01 7.078117577483317291e+01 5.295436278670176478e+01
6.258970000000000056e+01 5.024907000000000323e+01 5.094061952974789165e+01 6.477004352761784389e+01
6.651388000000000034e+01 5.359824799999999811e+01 8.298387542607665068e+01 4.750265774527656504e+01
4.616987000000000307e+01 4.086637999999999948e+01 7.668386940031570020e+01 6.269103142061178602e+01
8.969199999999999307e+01 4.165841700000000003e+01 6.194201228422127770e+01 5.131759749385642522e+01
4.898817999999999984e+01 5.657592999999999961e+01 7.211657438906070183e+01 4.135956552946201015e+01
8.252343000000000472e+01 6.853699000000000296e+01 5.906597096473807795e+01 4.098281141258377858e+01
6.098011000000000337e+01 5.633001300000000100e+01 7.188282368169359415e+01 6.191325078628167944e+01
5.593596600000000052e+01 6.843898000000000081e+01 4.688732105833815922e+01 6.831124834299802728e+01
8.180160999999999660e+01 6.863116999999999734e+01 8.108387581801487443e+01 5.905032570804384306e+01
7.490227500000000305e+01 5.633149999999999835e+01 9.007135754653637605e+01 5.970884234888177389e+01
7.584341999999999473e+01 3.856147800000000103e+01 6.668622701798564378e+01 3.597933731240182453e+01
8.981023999999999319e+01 4.317518599999999651e+01 6.938899759391179600e+01 3.671661809094062789e+01
5.844738999999999862e+01 6.888080999999999676e+01 7.671007042030372247e+01 5.935846415657704256e+01
6.627116999999999791e+01 6.753251000000000204e+01 8.301877200613964192e+01 5.202059595653011570e+01
5.350283400000000000e+01 5.982513800000000259e+01 7.480473863318884753e+01 6.106757710919505655e+01
5.748829700000000287e+01 5.595329300000000217e+01 6.161021860108377979e+01 5.608875600705847830e+01
7.909945999999999344e+01 4.577935999999999694e+01 5.108922869063638927e+01 4.007256993386689459e+01
5.994120800000000315e+01 4.072339000000000198e+01 8.930179220876604518e+01 4.005909735737812127e+01
8.947153000000000134e+01 3.561955300000000335e+01 7.228219524540901375e+01 5.980151395847799023e+01
6.529474000000000444e+01 5.300702700000000078e+01 6.115631141113581748e+01 4.455974588563743310e+01
8.512422999999999718e+01 4.689227999999999952e+01 6.018572009569945891e+01 6.009659098440925362e+01
8.852997600000000489e+01 3.797641399999999834e+01 7.661174401701680381e+01 3.892250444228542250e+01
8.212173500000000104e+01 4.029014200000000301e+01 8.718456395604167142e+01 6.382630943723322048e+01
5.382874699999999990e+01 4.077295699999999812e+01 4.907050740031266400e+01 5.842299531470366958e+01
5.788687999999999789e+01 4.786507000000000289e+01 5.418498673782656283e+01 6.653161120914913340e+01
4.889168500000000250e+01 4.221019400000000132e+01 9.183834363657609856e+01 3.870205375076317011e+01
5.828899400000000242e+01 5.992299700000000229e+01 4.754778370081395877e+01 4.854093049935026727e+01
5.190478000000000236e+01 4.889708699999999908e+01 6.694565017510959137e+01 5.556545566226991184e+01
8.874196999999999491e+01 3.592298000000000258e+01 4.926349890040619073e+01 5.194845944426536732e+01
8.554076000000000590e+01 4.526500699999999711e+01 8.359896115181135201e+01 3.820794217056912601e+01
5.400197599999999909e+01 4.162597999999999843e+01 5.155854406673924473e+01 5.682179415929611110e+01
5.429485999999999990e+01 4.884084000000000003e+01 6.428154995568510799e+01 4.513454306025406026e+01
6.020499800000000334e+01 6.596981999999999857e+01 5.663343116927669740e+01 5.566576646228082836e+01
5.181455199999999905e+01 4.689494299999999782e+01 7.657551816663105626e+01 3.583788543013785954e+01
7.889297000000000537e+01 6.234449800000000153e+01 5.578670398649370554e+01 6.685911547484317907e+01
6.137015999999999849e+01 5.204327399999999670e+01 5.374551290853548124e+01 6.584542046765722034e+01
9.019459500000000673e+01 4.780194000000000187e+01 6.861596974428401552e+01 4.764788312158843553e+01
4.962999299999999891e+01 4.012511400000000350e+01 4.847692053564136927e+01 6.509501573238935634e+01
7.803976000000000113e+01 6.198502700000000232e+01 5.398916090855263406e+01 6.715653997390118946e+01
4.985574299999999681e+01 4.845098000000000127e+01 8.738218777693396078e+01 4.142519542788901532e+01
5.104829000000000150e+01 4.921446199999999749e+01 8.310574282546465952e+01 4.979818192875852390e+01
8.804195400000000404e+01 4.674388499999999880e+01 8.921271651736032027e+01 6.959473344300140241e+01
8.794871500000000708e+01 4.199166000000000309e+01 6.636102393961996881e+01 4.813073512486946726e+01
5.964972699999999861e+01 4.230685400000000129e+01 7.509432224572660175e+01 4.413343570806867433e+01
9.128652999999999906e+01 3.925340700000000282e+01 6.308469341043976897e+01 6.238403159121857300e+01
5.556812000000000040e+01 6.750840999999999781e+01 8.929482331256463112e+01 6.319402772488041364e+01
7.871864999999999668e+01 4.122878299999999996e+01 5.919150953398655446e+01 5.581394265316343706e+01
7.447088999999999714e+01 6.278063199999999711e+01 8.013155689760557721e+01 4.428356841033598101e+01
4.670871700000000004e+01 6.377425999999999817e+01 6.069933258795399666e+01 6.663896161603288704e+01
8.295906999999999698e+01 5.851885000000000048e+01 6.748712340542472532e+01 4.273751928691201840e+01
5.855407699999999949e+01 6.542522999999999911e+01 6.381794519153316969e+01 6.492125116048532618e+01
5.458595300000000350e+01 6.085752999999999702e+01 5.148292249278423327e+01 5.283086814939021281e+01
6.608248000000000388e+01 5.590762300000000096e+01 8.937798829526045097e+01 6.523693136071801746e+01
5.894033000000000300e+01 6.011430699999999661e+01 8.869888266163741264e+01 5.659003011096908153e+01
5.009697299999999842e+01 3.689758299999999736e+01 9.144482086509171381e+01 5.370428671917915153e+01
5.076733399999999818e+01 3.719605599999999868e+01 6.319642060979613518e+01 4.345344098059688775e+01
4.728166199999999719e+01 3.971976999999999691e+01 4.797277657831430275e+01 5.886921666259264185e+01
8.956656999999999869e+01 4.467163999999999646e+01 6.950971817470401959e+01 5.120370966798013512e+01
4.735890200000000050e+01 6.803895599999999888e+01 7.981630763944534124e+01 4.510849081748022371e+01
5.440274999999999750e+01 6.141868199999999689e+01 8.169398830009293988e+01 5.611166351315154088e+01
4.726866499999999860e+01 4.850952999999999804e+01 5.877225435469983239e+01 5.079340974327476488e+01
4.771408000000000271e+01 5.153596000000000288e+01 8.965572319358020081e+01 3.652081507923521286e+01
5.339393199999999950e+01 4.658201600000000298e+01 6.836814683351468602e+01 6.413227840613721753e+01
5.123778500000000236e+01 5.036023000000000138e+01 4.856985619574873425e+01 4.187118421436559146e+01
8.597660999999999376e+01 3.954017300000000290e+01 7.329095120487320969e+01 5.542749839392421052e+01
6.612072999999999467e+01 4.901629599999999698e+01 6.106454303050720966e+01 6.246716954188013915e+01
6.023380300000000176e+01 5.545163999999999760e+01 8.137243325053913168e+01 5.966545110769678217e+01
6.250783500000000004e+01 5.303157800000000321e+01 5.494653941804762098e+01 6.471415774859016778e+01
8.275954000000000121e+01 4.590746699999999691e+01 9.122071830170261819e+01 5.914673743775256298e+01
8.831159999999999854e+01 3.731616999999999962e+01 7.678683996578199356e+01 6.045249113626418591e+01
7.858410000000000650e+01 6.354278599999999955e+01 5.065771169349640957e+01 5.362953891255062189e+01
6.660232499999999334e+01 4.947623999999999711e+01 8.097604252963662930e+01 4.106102605287853180e+01
7.100942999999999472e+01 5.171623000000000303e+01 6.110280456104923985e+01 6.332314191343918708e+01
8.069112400000000207e+01 4.634583700000000306e+01 7.581655559493178487e+01 6.897403177226746607e+01
6.783283000000000129e+01 6.381229799999999841e+01 5.886343643341555776e+01 4.991818114571648834e+01
6.703991999999999507e+01 6.934390000000000498e+01 5.939221641376882843e+01 4.724863003574593989e+01
8.094684999999999775e+01 6.799660000000000082e+01 5.832967350007150742e+01 6.048496340986912401e+01
7.151955399999999941e+01 4.778076599999999985e+01 5.604613950683400958e+01 5.204164853129272927e+01
5.521462199999999854e+01 4.818930399999999992e+01 8.518151071691485754e+01 3.879813874105266081e+01
6.450924000000000547e+01 4.783775700000000342e+01 9.154125771230567921e+01 3.749887184243487326e+01
7.948573000000000377e+01 4.482542399999999816e+01 7.456506410857505784e+01 4.248046135411468072e+01
7.841535000000000366e+01 5.517078399999999760e+01 4.818992982939199266e+01 4.561741475395427159e+01
5.177651600000000087e+01 4.928925000000000267e+01 5.971156642486617727e+01 5.034085064281243405e+01
6.354970999999999748e+01 6.169022799999999762e+01 5.741842404422006041e+01 5.886044814936318659e+01
6.249164600000000291e+01 4.798640400000000028e+01 9.140884104627077988e+01 5.252917259971636099e+01
6.199449500000000057e+01 4.123483000000000231e+01 8.715986918073413392e+01 4.603147863964082376e+01
7.907899999999999352e+01 5.651028000000000162e+01 4.997388069543635680e+01 3.633908267589783492e+01
7.896323999999999899e+01 4.627617300000000000e+01 8.101089728689683511e+01 5.633508280629202147e+01
5.363974799999999732e+01 5.208994299999999811e+01 7.019109973709824146e+01 5.500605160037782326e+01
7.979953999999999326e+01 5.222890999999999906e+01 8.194804485453039433e+01 6.494175923854945154e+01
5.430799499999999824e+01 4.715450299999999828e+01 8.715768935210681434e+01 3.877203426609108305e+01
7.306785000000000707e+01 6.972611000000000558e+01 4.625005211541787276e+01 6.340138830254916513e+01
7.285206999999999766e+01 5.866376499999999794e+01 6.168149572379500967e+01 5.602997579431434616e+01
5.669382499999999681e+01 4.055266600000000210e+01 6.502393087227329715e+01 4.797500057282077535e+01
9.066235000000000355e+01 5.727031300000000158e+01 8.926323449184278047e+01 4.505339129368043416e+01
8.953078999999999610e+01 5.023995000000000033e+01 5.161922866690352407e+01 5.373889889640389583e+01
8.258718000000000359e+01 6.446133399999999369e+01 8.170557148795171543e+01 6.515696488727402880e+01
8.737299000000000149e+01 4.577764499999999970e+01 8.285558235365365931e+01 6.771409124219908904e+01
5.203767400000000265e+01 5.395211400000000168e+01 4.733499413197640138e+01 5.633789067760007185e+01
5.257021999999999906e+01 3.671679699999999968e+01 7.014392059581373928e+01 6.237926815257149826e+01
6.516343999999999426e+01 5.234572000000000003e+01 8.793040508154945201e+01 4.328846381571334234e+01
8.506038999999999817e+01 4.297482699999999767e+01 6.091881778613598897e+01 6.224795998804798103e+01
6.524366000000000554e+01 5.117226399999999842e+01 6.021098685634782299e+01 3.594295931623242524e+01
5.784785999999999717e+01 5.634659200000000112e+01 5.621019616246404382e+01 3.718037360337669384e+01
5.358359000000000094e+01 4.172710800000000120e+01 5.952838065469920537e+01 5.670236617101339505e+01
5.388501000000000118e+01 5.712486599999999726e+01 8.020517782895474568e+01 5.690192046386378877e+01
6.397558599999999984e+01 5.005058700000000016e+01 8.664183695616807768e+01 6.539724817060121609e+01
5.509714999999999918e+01 5.106415599999999699e+01 8.219585196109152037e+01 6.800230676103534222e+01
8.693619499999999789e+01 3.656411399999999645e+01 6.639353671456001393e+01 6.400441868068779172e+01
8.186721000000000004e+01 5.200480300000000256e+01 6.974160872992658255e+01 6.335845928994969967e+01
6.626314499999999441e+01 4.468997000000000241e+01 7.798978875674558253e+01 6.883952365270647533e+01
8.220014000000000465e+01 6.470933499999999583e+01 5.003162814189860796e+01 6.732536257191529216e+01
8.403638499999999567e+01 3.503270299999999793e+01 9.192808251950063436e+01 4.358461071064764525e+01
8.982984000000000435e+01 5.302496299999999962e+01 7.016551891012963438e+01 5.803617613500991013e+01
8.573838999999999544e+01 6.890942400000000134e+01 4.984899346234695372e+01 4.079016857193252577e+01
5.286663999999999675e+01 5.036919000000000324e+01 6.165096611148157990e+01 4.557040746241011675e+01
6.489614000000000260e+01 5.228864000000000090e+01 5.984938291152093370e+01 4.055658294447496104e+01
4.811440699999999993e+01 5.367403999999999797e+01 7.445717436588088844e+01 3.986630126054095058e+01
5.293442000000000291e+01 5.253999699999999962e+01 6.599587464355515465e+01 4.018530450767090656e+01
5.285132200000000324e+01 4.104751000000000261e+01 4.732853716790280174e+01 3.832737456545896038e+01
5.972766500000000178e+01 4.440487300000000204e+01 7.769429469759336371e+01 6.368836104334131676e+01
8.874388000000000432e+01 3.593610400000000027e+01 5.513865807999246726e+01 4.252822223189366468e+01
7.875444000000000244e+01 6.542055000000000575e+01 5.112308023321214279e+01 5.673835751610540967e+01
8.942528000000000077e+01 4.575683200000000284e+01 6.075200478592489617e+01 4.316414004480469657e+01
7.359251000000000431e+01 6.916764000000000578e+01 8.166119846554985884e+01 6.530140014546415728e+01
7.031310000000000571e+01 5.214257400000000331e+01 7.854729421790571564e+01 3.893870323065204531e+01
5.682670999999999850e+01 4.389077000000000339e+01 5.639442853988040838e+01 4.740695394457364387e+01
5.309535600000000244e+01 4.823342000000000240e+01 8.942416330979722261e+01 4.987140246032405599e+01
6.935303999999999292e+01 5.420073699999999661e+01 9.032069256202254337e+01 6.700015734191089223e+01
5.782506000000000057e+01 5.586100400000000121e+01 7.915676044947207401e+01 5.664820726985287536e+01
5.841998699999999900e+01 3.671247499999999775e+01 8.550146753943651845e+01 5.185285660328518986e+01
8.910262000000000171e+01 4.467295000000000016e+01 6.520128318799524436e+01 5.693506736391776712e+01
5.874136699999999678e+01 5.923510999999999882e+01 6.138330564859096228e+01 4.613602519821397863e+01
5.397681000000000040e+01 4.585221500000000106e+01 9.149614406447633996e+01 6.889773513930360593e+01
6.441042000000000201e+01 5.155160999999999660e+01 5.390645120937053036e+01 5.559727795074778811e+01
6.478409600000000523e+01 6.453046000000000504e+01 5.468393277264396346e+01 5.456245666699800267e+01
8.813982000000000028e+01 3.677411299999999983e+01 7.064272173897167306e+01 3.619019611512047874e+01
8.147925999999999647e+01 6.052933000000000163e+01 5.382434612690281739e+01 4.138165028731664563e+01
6.779018399999999644e+01 6.306392699999999962e+01 4.839484253336015485e+01 3.770343049603690844e+01
5.107068600000000202e+01 4.920833600000000274e+01 7.471361086715177180e+01 6.937445913205000636e+01
8.202487999999999602e+01 4.714908599999999694e+01 6.856522562809819021e+01 4.436966537097132601e+01
4.935990499999999770e+01 5.605839499999999731e+01 8.591075472464854101e+01 3.580377079633498028e+01
4.938875600000000077e+01 4.991961299999999824e+01 5.508444065254577993e+01 5.862650627273230697e+01
8.021922000000000708e+01 4.084998699999999872e+01 6.176510542039695650e+01 6.481975855900506645e+01
6.322707700000000131e+01 6.364811999999999870e+01 5.068034320347297239e+01 5.891741556212700459e+01
5.078484300000000218e+01 4.311047400000000351e+01 5.447185049940649293e+01 6.258765435701002389e+01
8.650522599999999329e+01 4.590870699999999971e+01 4.747558691653525642e+01 5.091737611367449290e+01
4.641415400000000346e+01 6.996437000000000239e+01 4.864990381439942979e+01 3.858800324864667175e+01
8.406037000000000603e+01 5.806646299999999883e+01 6.468657207993555858e+01 4.454013045109363844e+01
7.592802399999999352e+01 5.213128999999999991e+01 5.028523332698194537e+01 5.757508084574953955e+01
5.218118700000000132e+01 5.139356999999999687e+01 8.427144591779207872e+01 6.228567399967182894e+01
7.694122000000000128e+01 4.568415999999999855e+01 4.748154376454069592e+01 4.336397875858003204e+01
5.755927700000000158e+01 5.955747600000000119e+01 7.286636214461245231e+01 5.929855319043551276e+01
5.933621000000000123e+01 6.236477299999999957e+01 5.050729921535007350e+01 5.068676704480994744e+01
8.245322400000000584e+01 4.621737699999999904e+01 6.155850916331976919e+01 3.976133015977804064e+01
7.632841000000000520e+01 4.523435599999999823e+01 6.065972622882260623e+01 6.312232086850306700e+01
8.186610400000000709e+01 4.375295299999999799e+01 8.765202828942365443e+01 6.440682805084891527e+01
5.401004799999999761e+01 4.541924000000000206e+01 6.679296823964357088e+01 5.949135312717794477e+01
7.974235500000000343e+01 4.118516000000000332e+01 6.123431887376251836e+01 4.383643824167949532e+01
7.273438000000000159e+01 5.694560599999999795e+01 6.467159791510407274e+01 3.519645792748500668e+01
5.566822400000000215e+01 5.443486999999999654e+01 4.867082088174264243e+01 6.889935143089908820e+01
7.586669000000000551e+01 4.302570699999999704e+01 4.731559068695711545e+01 4.188104779216281059e+01
7.263685999999999865e+01 6.816455000000000553e+01 6.328833830817251282e+01 6.049757093963599175e+01
5.144386699999999735e+01 5.034185399999999788e+01 8.675815747790980481e+01 5.789326669907730150e+01
6.599164000000000385e+01 6.924809000000000481e+01 6.679463491388969487e+01 3.938494705069413726e+01
8.185470999999999719e+01 4.928301600000000349e+01 6.660158669329976533e+01 5.483506567292388212e+01
8.305746499999999344e+01 3.647974399999999662e+01 7.976503265747621185e+01 4.472759208028120526e+01
8.226090999999999553e+01 4.668988999999999834e+01 9.025675881469564388e+01 6.673017016913226485e+01
6.352276200000000017e+01 4.916449699999999723e+01 5.016373236187064322e+01 6.576343858438497136e+01
5.508444200000000279e+01 4.897662400000000105e+01 5.089957325952613587e+01 6.412586053862735014e+01
6.521056000000000097e+01 5.167953500000000133e+01 6.452400053318019957e+01 6.671908725973749199e+01
7.885416999999999632e+01 3.529026000000000352e+01 7.593252974941523803e+01 5.903763554624602961e+01
4.934065600000000273e+01 6.204409400000000119e+01 7.169838981257157684e+01 4.219108808552917367e+01
6.610829999999999984e+01 5.335936699999999888e+01 7.098681980102895750e+01 4.878589957878490679e+01
4.743988000000000227e+01 6.731000000000000227e+01 6.917216765549125057e+01 3.946617684687610250e+01
6.632052000000000191e+01 5.220823299999999989e+01 6.692240919282173195e+01 4.900312377870812242e+01
6.485940600000000700e+01 4.863174399999999764e+01 8.894467912986965530e+01 4.683645781974473721e+01
7.354685000000000628e+01 6.983608999999999867e+01 6.701838576520657398e+01 5.687805826830482658e+01
5.062283299999999997e+01 6.234966699999999662e+01 4.842457361417723405e+01 5.747987103361029426e+01
5.082811699999999888e+01 4.560262699999999825e+01 8.985216638033560344e+01 5.236668786116636909e+01
5.145094300000000231e+01 4.952057599999999837e+01 5.688656115208365094e+01 4.251059720849876555e+01
6.697539999999999338e+01 6.363968700000000212e+01 6.994448101867814671e+01 5.704300008552498724e+01
7.686008499999999799e+01 6.092645000000000266e+01 8.462028258710677164e+01 5.881003187528907006e+01
8.271789599999999609e+01 6.150146999999999764e+01 5.815963529679928001e+01 6.271646251776743952e+01
7.618917999999999324e+01 6.078967999999999705e+01 8.163102613991719636e+01 4.986499990013685135e+01
8.153354000000000212e+01 5.439672000000000196e+01 5.854125617763488520e+01 4.378169864724578986e+01
5.363667999999999836e+01 4.819988599999999934e+01 8.563036555839431685e+01 5.596258274512787523e+01
4.735408000000000328e+01 3.813629000000000246e+01 5.343913418013295313e+01 4.074484872431216331e+01
7.961629999999999541e+01 6.026303999999999661e+01 9.089353521917442436e+01 3.624431740430703996e+01
7.183495000000000630e+01 4.117258999999999958e+01 5.138565387573471810e+01 5.331821370269661031e+01
6.764802600000000155e+01 4.850414700000000323e+01 5.736207581078400608e+01 4.677289773100391557e+01
8.316547400000000323e+01 4.493868299999999749e+01 4.998527820928946852e+01 3.679820492714632962e+01
8.363159000000000276e+01 5.257257500000000050e+01 4.991058076942335475e+01 4.650222181063087135e+01
5.448244499999999846e+01 4.496688000000000329e+01 5.182549985556637751e+01 5.787481710455774930e+01
6.146526300000000020e+01 6.553976000000000113e+01 7.710550201318469021e+01 4.183310611677209323e+01
4.623810000000000286e+01 4.962389000000000294e+01 5.485010912053728305e+01 5.160605822321151948e+01
7.976686999999999728e+01 5.359152999999999878e+01 7.977566705518646017e+01 6.043674450424261124e+01
9.169625000000000625e+01 4.796432000000000073e+01 6.837502986729809606e+01 5.311423618466832863e+01
6.902935999999999694e+01 4.476595999999999975e+01 8.197235937434919606e+01 5.976739168385772416e+01
8.275775000000000148e+01 5.044425600000000287e+01 8.295777750068356227e+01 6.691440392828909012e+01
8.042634999999999934e+01 5.621003699999999981e+01 7.992202735136115166e+01 5.371848113816014347e+01
6.069254300000000057e+01 4.137232600000000105e+01 8.165682264575505656e+01 5.950982891100144911e+01
6.594256000000000029e+01 5.268306400000000167e+01 8.851072845919449605e+01 4.076839193439488440e+01
7.498845000000000027e+01 4.247617300000000284e+01 8.092593716805660620e+01 5.876372357729741225e+01
8.905092999999999392e+01 4.646264299999999992e+01 7.725551690236159175e+01 5.311276749783643680e+01
8.194589999999999463e+01 6.922138999999999953e+01 6.038974385347270868e+01 3.755827776984601485e+01
8.044933000000000334e+01 4.694344300000000203e+01 6.350731197880465828e+01 4.262227079027156407e+01
6.469078000000000372e+01 6.458218999999999710e+01 6.219533032608752166e+01 5.381021479451422351e+01
