1.135725199999999973e+02 1.487359700000000018e+01 1.040195871973074446e+02 2.027445260425464468e+01
1.181156600000000054e+02 2.807990600000000114e+01 1.017934456770587843e+02 1.128670140913470199e+01
1.199698300000000017e+02 1.242413400000000046e+01 1.249251991561787349e+02 2.425951246373010850e+00
9.359354000000000440e+01 1.516930999999999941e+01 9.277376355041447198e+01 2.816081347218342401e+01
1.153253600000000034e+02 2.193689499999999981e+01 9.217608491593261988e+01 2.916885399498489662e+01
1.130770949999999999e+02 4.124679000000000428e+00 1.015081185726895967e+02 7.825556321529809622e+00
1.038845599999999934e+02 3.195431999999999917e+01 1.270358274643887455e+02 2.069655664789057070e+01
1.306183200000000113e+02 1.195261499999999977e+01 1.191411463067203158e+02 1.687643052947795752e+01
1.109355999999999938e+02 1.694945099999999982e+01 9.234065701004720950e+01 1.522235948476803280e+01
1.209966349999999977e+02 5.420730000000000270e-01 1.063465484983822051e+02 1.384379230173445485e+01
1.279676800000000014e+02 9.560188000000000130e+00 9.216847810398769525e+01 3.295261982827856428e+01
1.192735749999999939e+02 1.863693999999999917e+01 1.045798564075977595e+02 1.425704099541504810e+01
1.187935200000000009e+02 1.914017000000000124e+01 1.300064488856879166e+02 1.388130518268328828e+01
1.147472199999999987e+02 3.243150700000000342e+01 1.046145486138716336e+02 4.945578430576135887e+00
1.373439500000000066e+02 5.370046000000000319e+00 1.080546067434716804e+02 1.517208906573436877e+01
1.169037550000000039e+02 1.685146299999999897e+01 9.534799330428299413e+01 6.201018958648568669e-01
1.321259300000000110e+02 1.547546799999999934e+01 1.236444641545205485e+02 1.134777292238140767e+01
1.061745300000000043e+02 2.465655100000000033e+01 1.115649643572632215e+02 2.333081622411114964e+01
1.012284599999999983e+02 2.449690000000000012e+01 1.087985735742534956e+02 6.663264539875786596e+00
9.605414600000000291e+01 3.418947000000000003e+01 1.372338399987452533e+02 3.240802650314337541e+01
1.125423660000000012e+02 2.072739999999999938e+01 1.022304858398558167e+02 5.979379006852709288e+00
1.212857800000000026e+02 1.172821099999999994e+01 1.283759273116068584e+02 2.197814597427308669e+01
1.077314800000000048e+02 2.793261299999999991e+01 1.301060827102178621e+02 3.314517482041425467e+01
1.255556260000000037e+02 1.372629099999999980e+01 1.268624031130283072e+02 5.749542701858917582e+00
1.285425299999999993e+02 2.874658000000000158e+01 1.307644087432252036e+02 1.939312893790759063e+01
9.633222999999999558e+01 1.708403600000000111e+01 1.301364231322606031e+02 4.664590528039676443e+00
1.218254000000000019e+02 4.371687999999999796e+00 1.149754697809803190e+02 2.620829649806800887e+01
1.123523600000000044e+02 2.472185899999999847e+01 1.279674377798869216e+02 1.231307471980937152e+01
1.181643140000000045e+02 2.271122000000000085e+01 9.857203048919882349e+01 3.290878688976722799e+01
1.211230850000000032e+02 1.021513700000000036e+01 9.345470983826066913e+01 2.110867868329306418e+01
1.118994000000000000e+02 2.547696900000000042e+01 9.898148738193175689e+01 1.920409641404807388e+01
1.013447299999999984e+02 1.738253800000000027e+01 1.129242939484487493e+02 8.199503174698052899e-01
1.252612100000000055e+02 1.041665000000000063e+01 9.343652156813206489e+01 2.210139494659232184e+01
1.355432900000000132e+02 8.343788999999999234e+00 1.129336939531359292e+02 1.623436643625070630e+01
1.010690199999999948e+02 2.621159700000000115e+01 1.291327382979084462e+02 1.082928675057072798e+00
1.171505300000000034e+02 2.386019699999999943e+01 9.749114309274263235e+01 9.022307952985881840e+00
1.221421050000000008e+02 3.095749999999999780e+00 1.205862947830140826e+02 2.611762442162504883e+01
1.004048300000000040e+02 2.599754000000000076e+01 9.996790476443835871e+01 3.144420880628997850e+01
1.265932540000000017e+02 1.222334599999999938e+01 1.324915148382389987e+02 2.865003619688041425e+01
1.036701050000000066e+02 2.659670799999999957e+01 1.130072551020167566e+02 1.555278707814222550e+01
1.377845599999999990e+02 3.240954599999999886e+01 1.197474464140278485e+02 3.200956895120950918e+01
1.080749299999999948e+02 2.654461299999999824e+01 9.441765490319511400e+01 2.928263996133598468e+01
9.889706999999999937e+01 1.656511100000000170e+01 1.327073761986593468e+02 9.498841184245289782e+00
9.284171999999999514e+01 9.692450000000000232e-01 1.213330957423808343e+02 1.219328696152177649e-01
1.286751700000000085e+02 8.353201000000000320e+00 1.265120881699884876e+02 9.672852229547919123e+00
9.987552999999999770e+01 8.232086999999999932e+00 1.043785741066431854e+02 3.376116507297534497e+01
1.107922400000000067e+02 2.889390600000000120e+01 1.107147766977353314e+02 8.787116637755508108e+00
1.357156699999999887e+02 3.125895300000000177e+01 1.214234704025374896e+02 1.538681803306841367e+01
1.179452600000000047e+02 3.413794299999999993e+01 1.204954760806153615e+02 3.473385904548480596e+01
1.210729299999999995e+02 1.156795999999999935e+01 1.300877617764662091e+02 1.241199805065921780e+01
1.205941300000000069e+02 1.647275499999999937e+01 1.318041006832734183e+02 2.041192607068067133e+01
1.231597299999999962e+02 7.689467999999999748e+00 1.238250174336882310e+02 1.385976465353531673e+01
1.274334099999999950e+02 7.574142000000000152e+00 1.294435570693956095e+02 1.422022400132049924e+01
1.340829600000000141e+02 1.444733800000000024e+01 1.073962939989018537e+02 3.387407076626350033e+01
1.045930900000000037e+02 2.917896000000000001e+01 1.235833006455477516e+02 2.745099039287343246e+01
1.159798799999999943e+02 1.298919800000000002e+01 9.784907357155164220e+01 5.103657366139456641e+00
1.124240099999999956e+02 2.294134899999999888e+01 1.372350555830625467e+02 2.809484408199300276e+01
1.228186299999999989e+02 2.599601699999999838e+01 1.246495015865902474e+02 2.862018479106012947e+01
1.139231400000000036e+02 3.106367300000000142e+01 9.236997580748978010e+01 1.544826203745216375e+01
1.045020300000000049e+02 3.012155500000000075e+01 1.067691929611099653e+02 2.494371113602166901e+01
1.122884899999999959e+02 2.932126999999999839e+01 1.204242636314058217e+02 4.632332702145927961e+00
9.801369499999999846e+01 2.871176499999999976e+01 9.345241952692545340e+01 1.828716474511646695e+01
1.235410839999999979e+02 6.541074000000000055e+00 1.136383106978874480e+02 3.944744499119334780e+00
1.326423499999999933e+02 1.280428000000000033e+01 1.016915316939962679e+02 2.629003378178925487e+01
1.041328660000000070e+02 2.457218200000000152e+01 1.217985497840381584e+02 2.256962799810492015e+01
1.185820539999999994e+02 6.158361000000000196e+00 1.336773184935793779e+02 3.377732664321451495e+01
1.121307599999999951e+02 2.552255800000000008e+01 1.036427887916348283e+02 2.241524164208759018e+01
1.360654100000000142e+02 3.072567999999999966e+00 1.186654553572187609e+02 1.258628687526009493e+01
9.567327000000000226e+01 3.478048299999999671e+01 1.251274522854233027e+02 3.740993610143770187e+00
1.099994599999999991e+02 2.428812000000000193e+00 1.321617226692754912e+02 3.483220344332795548e+01
9.273024999999999807e+01 1.533211299999999966e+01 9.667992990294833078e+01 1.881684025291101037e+01
1.193332599999999957e+02 1.780920400000000114e+01 1.348524456886138978e+02 3.397575924969426353e+01
1.083700699999999983e+02 1.887853999999999921e+00 1.261863538368055231e+02 7.607188190437244479e+00
9.588267000000000451e+01 2.653397000000000006e+01 1.256787869775448598e+02 6.452377687930477279e-01
1.135665900000000050e+02 2.140552999999999884e+01 1.147288274059423543e+02 2.183274666057984703e+01
1.080927049999999952e+02 1.663354700000000008e+01 1.116850293162808043e+02 3.288068177123665059e+00
1.235362300000000033e+02 1.231942500000000074e+01 1.035063282222454006e+02 2.386507421767012715e+01
1.026750949999999989e+02 3.487172699999999992e+01 1.138057799852454366e+02 2.060316016375188397e+01
1.217125499999999931e+02 1.215416100000000021e+01 1.133522775736502695e+02 3.263783351005820776e+01
1.331191900000000032e+02 8.421360999999999208e+00 1.228282701369068093e+02 3.265389391367931893e+01
1.167539400000000001e+02 1.200967200000000012e+01 1.065493955166941618e+02 1.104309270059568604e+01
9.655877999999999872e+01 1.599573400000000056e+01 1.103736090936793488e+02 3.464776386582908430e+01
1.344940300000000093e+02 7.012902999999999665e+00 9.406996906932856461e+01 2.970781897223890056e+01
1.124872799999999984e+02 1.702377299999999849e+01 1.192175997392510851e+02 1.769584092304705081e+01
1.047877660000000049e+02 2.743140400000000056e+01 1.339394060888536444e+02 2.471972610559696903e+01
1.067140799999999956e+02 6.474577000000000027e+00 1.085779290488399056e+02 2.221134500956353008e+01
1.285900699999999972e+02 2.147480600000000095e+01 1.350244124964416699e+02 8.825919314496950108e+00
1.068862400000000008e+02 1.928219199999999844e+01 1.373748432768414887e+02 1.577253197370096505e+00
1.172901399999999938e+02 9.088948000000000249e+00 9.877936008195084128e+01 2.222796622093330754e+01
1.222112300000000005e+02 1.084067199999999964e+01 9.873387931963118547e+01 5.581451268471669280e+00
1.222233659999999986e+02 2.248752000000000084e+00 1.240914802046040677e+02 2.111894045233136552e+01
1.349924800000000005e+02 2.427803000000000111e+01 9.757071695155539715e+01 1.339677423906459985e+01
1.210324499999999972e+02 1.877111599999999925e+01 9.500729092242903562e+01 2.000092128738312169e+01
1.178697700000000026e+02 2.086379200000000012e+01 9.487187576443142234e+01 3.376293118176476327e+01
1.213383699999999976e+02 1.526827899999999971e+01 1.149857905100840867e+02 4.297584044035175133e+00
1.270006400000000042e+02 1.816579000000000121e+01 1.196049794590910835e+02 2.319426390868894927e+01
1.066058600000000069e+02 1.840644999999999953e+01 1.100894018821002476e+02 2.780374133068106701e+01
1.352721099999999979e+02 9.163007999999999598e+00 1.354888166429407477e+02 3.903725246523415127e+00
9.515203999999999951e+01 1.569428800000000024e+01 1.033433768429868991e+02 2.357804803425422691e+01
1.082274599999999936e+02 2.717001000000000133e+01 1.094063887645237827e+02 3.462216243276659355e+01
1.030200499999999977e+02 2.779550400000000110e+01 1.132795013906105339e+02 4.192868653511387045e+00
1.039534699999999958e+02 1.194015500000000074e+01 1.005702873441757106e+02 2.451138593708112623e+01
1.101911099999999948e+02 1.101826999999999934e+01 1.000482542621541171e+02 1.080831668193957462e+01
1.040049199999999985e+02 2.438359600000000071e+01 1.289745584496459969e+02 2.253222190586695817e+01
1.368379400000000032e+02 1.267808499999999938e+01 9.790871217690485651e+01 1.992602144860555313e+01
1.167885739999999970e+02 1.309459400000000073e+01 1.193814101102706076e+02 3.062905698027202916e+01
1.148769499999999937e+02 6.728119999999999656e-01 1.077607824344117944e+02 2.494912234510509208e+01
1.254782600000000059e+02 1.653575999999999979e+01 9.401243362638977885e+01 2.833439453626851900e+01
9.615071000000000367e+01 1.844079800000000091e+01 9.211266713446703136e+01 1.511281007064661353e+01
1.290645299999999907e+02 1.239838499999999932e+01 9.814480187906819708e+01 1.164025994511446171e+00
1.042143250000000023e+02 3.424630400000000208e+01 1.284919272328471891e+02 3.328652699505018120e+01
1.177526100000000042e+02 1.388057899999999911e+01 9.572406706128523979e+01 3.175313782928061812e+01
1.139247359999999958e+02 2.117171300000000045e+01 1.049889789435485028e+02 1.678585956691246039e+01
1.170046200000000027e+02 2.565857000000000099e+01 1.271886841327518027e+02 3.403663418240508776e+01
1.090113900000000058e+02 1.594006100000000004e+01 9.912328829860305746e+01 6.771787928272898327e+00
9.848254000000000019e+01 1.238479700000000072e+01 1.147658306504962127e+02 2.780331385691965451e+01
9.255561000000000149e+01 1.543583399999999983e+01 1.344533471934553575e+02 2.595361350223769747e+01
1.179520399999999967e+02 5.112171000000000021e+00 1.060841024148830911e+02 3.257125716667307813e+01
9.639709999999999468e+01 2.889318000000000097e+01 1.277193207171893619e+02 6.341179047148761683e+00
1.081945400000000035e+02 1.628570200000000057e+01 1.060705082427870991e+02 1.272015096374048504e+01
1.075895799999999980e+02 1.972467400000000026e+01 1.225120842410938167e+02 2.967631579867300573e+01
9.954652400000000512e+01 2.725922600000000173e+01 1.290199391039591603e+02 2.016855713351868218e+01
1.339961700000000064e+02 3.438096600000000080e+01 1.018044849095632856e+02 2.860173727182210968e+01
1.009878700000000009e+02 1.558966700000000039e+01 1.186643359346906408e+02 3.457775706075489097e+01
1.318671400000000062e+02 3.457867000000000246e+01 1.117239728778320966e+02 1.416712980464540550e+01
1.006129099999999994e+02 2.531807900000000089e+01 1.162859673679470234e+02 2.587890949018358810e+01
1.109553400000000067e+02 1.066729000000000038e+00 9.226921737485565700e+01 3.326511349143138574e+01
1.321269700000000000e+02 2.966490999999999989e+00 1.346526713683514345e+02 1.068988508516394198e+01
1.149692299999999960e+02 2.266322900000000118e+01 1.022880811779864132e+02 9.252278820865028619e-01
1.063787499999999966e+02 2.825092300000000023e+01 1.275850788176108210e+02 2.821073841541001670e+01
1.215634399999999999e+02 8.080892999999999660e+00 1.343710698776631602e+02 3.491638527910627232e+00
1.344405199999999923e+02 3.228481299999999976e+01 1.111999365008315550e+02 5.684991572429519024e+00
1.189220300000000066e+02 1.942037399999999892e+01 9.402293296933454769e+01 6.797339633242244217e-01
1.305723099999999874e+02 3.448748799999999903e+01 1.083405606362106539e+02 1.690518362963325316e+01
1.049807359999999932e+02 3.378130699999999820e+01 9.690531919402789640e+01 3.301543289099971901e+01
9.643000000000000682e+01 3.087910799999999867e+01 9.645790081951662387e+01 1.964940815902098237e+01
1.212039639999999991e+02 1.003314899999999987e+01 1.007082418790992193e+02 6.408724711675080066e+00
1.240067399999999935e+02 2.538657399999999953e+01 9.596766206236669916e+01 2.185271516226163158e+01
1.205876159999999970e+02 1.334072899999999962e+01 1.146853135881152639e+02 6.820205659972850221e+00
1.140301000000000045e+02 2.309675000000000011e+01 9.404502567594893492e+01 2.983019955024992242e+01
1.075227359999999948e+02 3.279679000000000144e+01 1.003454733748250618e+02 1.215473681742310497e+01
1.188353800000000007e+02 2.132730300000000057e+01 1.265728941078274659e+02 2.817100074705363610e+01
1.377753099999999904e+02 1.232100499999999954e+01 1.244387430595616877e+02 1.269819342107926374e+01
1.221697539999999975e+02 5.261603000000000030e+00 1.311540558260499836e+02 2.117160695967499784e+00
9.277315000000000111e+01 1.838847499999999968e+01 1.220155155678355499e+02 3.144268572753390245e+01
1.072628899999999987e+02 2.054226099999999988e+01 9.900371972877883309e+01 5.770064248348944602e+00
1.330899400000000128e+02 1.250860000000000083e+00 9.568829592945007789e+01 1.418092352725089711e+01
1.299299300000000130e+02 1.610754400000000075e+01 1.225297077671412609e+02 2.703018498175897477e+01
1.081139600000000058e+02 1.882120300000000057e+01 9.489383778880920772e+01 2.311412135471267337e+00
1.120548550000000034e+02 2.349282799999999938e+01 1.196442421057603127e+02 2.072056342345938162e+01
1.031805300000000045e+02 1.483915700000000015e+01 1.110029768084771149e+02 2.283799621758483411e+01
1.331729400000000112e+02 1.186766300000000030e+01 1.281055768030118145e+02 3.040883441743850391e+00
1.078109199999999959e+02 3.159997999999999863e+01 1.111712035675555796e+02 3.213338395101541778e+01
1.164583360000000027e+02 2.065202999999999989e+01 1.088989054695480405e+02 1.339174762569781052e+01
9.423469500000000210e+01 8.636367999999999157e+00 1.158625774092584635e+02 1.683090956640868541e+01
1.171882999999999981e+02 2.439474999999999838e+01 9.265259514918683692e+01 1.925657235448623084e+01
1.235973099999999931e+02 1.219101299999999988e+01 1.126405847892086456e+02 1.376461461734666436e+01
1.137061499999999938e+02 2.920176500000000175e+01 1.258637394409618651e+02 2.783484154616836648e+01
1.206544499999999971e+02 1.271279400000000059e+01 9.645832936686753101e+01 3.200402188369041312e+01
9.978853999999999758e+01 2.921312999999999960e+01 1.170326562531219849e+02 1.071432405963336443e+01
1.277506199999999978e+02 9.857113000000000014e+00 1.254048406451975666e+02 1.544654421173997250e+01
1.320423000000000116e+02 1.426623200000000047e+01 1.146328118335010515e+02 1.750582873677791795e+01
1.206234199999999959e+02 2.294290000000000163e+00 1.256496421492972217e+02 1.250805641766129028e+01
1.133071060000000045e+02 3.074285100000000170e+01 1.356348725925240615e+02 1.949814498395575768e+01
1.283420600000000036e+02 2.360160399999999825e+01 1.205862080473769424e+02 6.635650462913570635e+00
9.927791600000000471e+01 1.773039400000000043e+01 1.089265492426965096e+02 8.522941775251648977e+00
1.134846040000000045e+02 1.515536099999999919e+01 9.673477345484302248e+01 7.012998534007977902e+00
1.267007399999999961e+02 1.415362099999999934e+01 1.223474234580278051e+02 1.861084078493836813e+01
9.689548999999999523e+01 3.139643900000000087e+01 1.000018471997808547e+02 2.870902766518219629e+00
1.026967899999999929e+02 2.230161700000000025e+01 9.341076692580178076e+01 1.452441613360317163e+01
1.130484199999999930e+02 2.044042800000000071e+01 1.082808837417754830e+02 3.083678452011676008e+00
1.112859399999999965e+02 7.286299999999999999e-01 1.126131283957754903e+02 1.805076289388703970e+01
1.006839099999999974e+02 4.718844999999999956e+00 1.237827943832716073e+02 3.055418312019459393e+01
1.100357360000000000e+02 2.855119900000000044e+01 1.205622837569410422e+02 2.458483550819017793e+01
1.320785700000000134e+02 1.136370800000000081e+01 1.328822763949274872e+02 1.880978165243107725e+01
1.220831000000000017e+02 5.744365000000000165e+00 1.278619552629665179e+02 1.341999367492054596e+01
9.423632999999999527e+01 1.031035299999999921e+01 1.077575386208231407e+02 1.450395819465706637e+01
1.331451700000000073e+02 1.564029200000000053e+01 1.231406826665662209e+02 3.494023958312476807e+00
1.000717899999999929e+02 3.462064399999999864e+01 1.239203591800418423e+02 1.836777651703566150e+01
9.840043000000000006e+01 2.720805700000000016e+01 1.241555904155814005e+02 1.611098205758526802e+01
1.344037299999999959e+02 3.264661399999999958e+01 1.159000420356009045e+02 3.265295967905035468e+01
1.268339900000000000e+02 8.518722999999999601e+00 1.272418664879041899e+02 1.997393628175252012e+00
1.003903799999999933e+02 1.687093700000000140e+01 1.359427720549687137e+02 1.836593318586531609e+01
1.176113399999999984e+02 1.673097200000000129e+01 9.758948582607631295e+01 7.312341485368395455e-01
1.061328350000000000e+02 2.596210900000000166e+01 1.203081210834346990e+02 2.683258656385096685e+01
1.274336799999999954e+02 5.681447999999999610e+00 9.580065983425897969e+01 2.461384926652763738e+01
1.067415100000000052e+02 2.775080900000000028e+01 1.184847687951280051e+02 2.555877088640792749e+01
1.102496799999999979e+02 2.905307200000000023e+01 1.346495725645386869e+02 2.867831801051160312e+01
9.488523999999999603e+01 3.360560600000000164e+01 1.044923072669573969e+02 4.595543954593797942e+00
1.148437040000000025e+02 1.286086000000000062e+00 1.204676206829513347e+02 2.835209375997675707e+01
1.149821199999999948e+02 1.282922100000000043e+01 1.211024748313952983e+02 1.847935596602239983e+01
1.304027600000000007e+02 8.559516999999999598e+00 1.218976580156777629e+02 1.269153043722624297e+01
1.123585199999999986e+02 2.633208799999999883e+01 1.088858404434976137e+02 2.006958439306316322e+01
9.425270999999999333e+01 2.257174099999999939e+01 1.346601451671049006e+02 8.886877857038976813e+00
1.114736800000000017e+02 2.004428000000000054e+01 1.117291121983340929e+02 1.823023902896549231e+01
1.349317599999999970e+02 1.207422299999999993e+01 1.345293947362345932e+02 2.192226443178793005e+00
1.180998459999999994e+02 1.284827399999999997e+01 1.328607388972583294e+02 3.040838246740165474e+01
1.372800799999999981e+02 2.309875100000000003e+01 9.223612635555988959e+01 2.552315872045992862e+01
1.306562800000000095e+02 2.621539999999999981e-01 1.164513008834353229e+02 1.552177207104877610e+01
1.202229399999999941e+02 1.300534999999999997e+01 1.217933210587956125e+02 3.682540924862970355e-01
1.368892999999999915e+02 1.899810999999999916e+00 9.517382251645621238e+01 1.390199360222202429e+01
1.053509449999999958e+02 9.028912999999999300e+00 1.366722856902142098e+02 3.081889053085385655e+01
1.169213900000000024e+02 2.163608999999999938e+01 1.125354844768211535e+02 2.620501793895586928e+01
1.003025499999999965e+02 1.609912900000000135e+01 1.371983752962357244e+02 6.410374546542152885e+00
1.165767299999999977e+02 1.286235699999999937e+01 1.027930219103787550e+02 1.559310844527851359e+01
1.055051500000000004e+02 2.869513999999999854e+01 1.038871986247852561e+02 5.292938770897869460e+00
1.205683899999999937e+02 1.373879100000000086e+01 1.200508135022618887e+02 2.105736755690252693e+01
1.226914500000000032e+02 9.774010000000000531e+00 1.159649656789182046e+02 1.697766274886445359e+01
1.360862600000000100e+02 1.322449800000000053e+01 9.766892228912242047e+01 1.969298612397127002e+01
1.149264299999999963e+02 1.972750000000000059e-01 1.075913282489811422e+02 5.477850424290135578e+00
1.004663800000000009e+02 2.924779099999999943e+01 9.579685473681398378e+01 7.037765058294822573e+00
1.283254399999999862e+02 1.265509899999999988e+01 1.330057768767998141e+02 3.242999596813831875e+00
1.146491199999999964e+02 2.055787799999999876e+01 1.300526777857070613e+02 1.228222743092281455e+01
1.101968499999999977e+02 2.375801699999999883e+01 9.205703772894717929e+01 1.910001576845943294e-01
1.008982799999999997e+02 1.920488399999999984e+01 1.039173722360026062e+02 5.340889345215248163e+00
1.064823149999999998e+02 3.252676000000000123e+00 1.365893580538569836e+02 1.119118115888663567e+01
1.005045199999999994e+02 2.882197800000000143e+01 1.220818200069718102e+02 1.748176724426359741e+01
1.116914900000000017e+02 1.667273899999999998e+01 1.052184470188646230e+02 2.507130185651472232e+01
1.132784039999999948e+02 2.408719599999999872e+01 9.273957163271970217e+01 5.872807641446367910e+00
1.057244199999999950e+02 4.930296000000000234e+00 1.197350489376011069e+02 3.033590183801246809e+01
1.039862200000000030e+02 2.419322400000000073e+01 1.325711736661315854e+02 2.364373486253279211e+01
1.340732099999999889e+02 2.924155999999999977e+00 1.074820048750580810e+02 1.878404991641452426e+01
1.132667699999999940e+02 2.412417599999999851e+01 1.081598976545515995e+02 1.266128439937298822e+01
1.035987200000000001e+02 1.906737000000000037e+01 1.093908253692334114e+02 1.430356298753141076e+01
1.111774900000000059e+02 5.641610000000000236e-01 1.297176391020817618e+02 2.877564524164294113e+01
9.458802000000000021e+01 6.645486000000000004e+00 1.328596261012522461e+02 3.014881435973930834e+01
1.242767939999999953e+02 1.730797799999999853e+01 1.138494782229653310e+02 1.224409351846646921e+01
1.328190899999999885e+02 1.732873199999999869e+01 1.270382449373937561e+02 3.196896508971052597e+01
1.007264200000000045e+02 2.864308700000000130e+01 1.273100730405802636e+02 1.089234256101108400e+01
1.378613000000000000e+02 1.162365699999999968e+01 1.342737690646289366e+02 9.995259365760494674e+00
1.133171600000000012e+02 1.842608800000000002e+01 9.979404994381903293e+01 2.259861564276510393e+01
1.052644350000000060e+02 2.553204200000000057e+01 9.333890121991589695e+01 2.593363275345009455e+01
1.270311099999999982e+02 9.210869000000000639e+00 9.590799819548179528e+01 1.259621028099416939e+01
1.299641100000000051e+02 1.389185499999999962e+01 1.130110295623601075e+02 2.727390684366326212e+01
1.189135700000000071e+02 1.334721000000000046e+01 1.211495069686485806e+02 1.717404223932524587e+01
1.261416849999999954e+02 2.764416500000000099e+01 1.153807851089691781e+02 1.859455114458319969e+01
1.167711800000000011e+02 1.044548600000000071e+01 1.154914097417537562e+02 2.377675209326753603e+01
1.031009399999999943e+02 2.897423699999999869e+01 1.061781601927500986e+02 2.468883962430883017e+01
1.153154750000000064e+02 4.635790000000000188e-01 1.156963827887897480e+02 1.007254786668284607e+00
1.189044700000000034e+02 2.036654899999999913e+01 1.164584624969557609e+02 2.462907748057394741e+01
1.239286100000000062e+02 7.335130999999999624e+00 1.359712570418925282e+02 5.854857342828118094e-01
1.196052549999999997e+02 1.820967900000000128e+01 1.282638096043868927e+02 2.072070145341271896e+01
1.248270700000000062e+02 4.432827999999999768e+00 1.141997306174037590e+02 1.378069776951903691e+01
1.105369000000000028e+02 2.902299999999999880e-01 1.173824511104822648e+02 9.584343962760934588e+00
9.593086999999999875e+01 1.661455199999999977e+01 1.145132664284456894e+02 2.914450578655502255e+01
1.030357699999999994e+02 2.493956400000000073e+01 1.255759308321463124e+02 1.558337786710849038e+01
1.202836599999999976e+02 1.236480500000000049e+01 9.779959275196296176e+01 2.777958325939150441e+01
1.045258199999999960e+02 2.783367300000000100e+01 1.214673076587474014e+02 2.417675895598047831e+01
1.346454300000000046e+02 1.258279899999999962e+01 1.265283535275915341e+02 3.129069816714129004e+01
1.081554900000000004e+02 3.279561199999999843e+01 9.306326088129515028e+01 2.168698985379197453e+01
1.239288300000000049e+02 7.131028999999999840e+00 1.004424828223513089e+02 1.606365100598780060e+01
1.307676400000000001e+02 9.199001000000000872e+00 1.205133510600194739e+02 1.548737535698964773e+00
1.234103000000000065e+02 1.101651599999999931e+01 1.364542067948318333e+02 1.270412278820431951e+00
1.017952350000000052e+02 1.828858599999999868e+01 1.281824069102557644e+02 9.712533899654935965e+00
1.075261500000000012e+02 6.490721999999999881e+00 1.317083458503218480e+02 2.230430477391507793e+01
9.963335999999999615e+01 3.011660600000000088e+01 9.471300052040567152e+01 2.132624857383602546e+01
1.006978600000000057e+02 1.544444200000000045e+01 1.311694729983737489e+02 1.638817146705751782e+01
1.028629600000000011e+02 1.609947599999999923e+01 9.565019186270014018e+01 1.334333157676940651e+01
1.117049099999999981e+02 1.392223999999999906e+00 1.237034432422120460e+02 1.605570487462546581e+01
1.069821239999999989e+02 1.260053199999999940e+01 1.301241077732518647e+02 1.895973817558042285e+01
1.210114200000000011e+02 2.978116199999999836e+01 1.166017284508077125e+02 1.664479003703099380e+01
9.741317999999999699e+01 3.072950700000000168e+01 1.196690856480509524e+02 2.790266798890315059e+01
1.286229600000000062e+02 3.030732499999999874e+01 9.888832120473928455e+01 3.147794061454506931e+01
1.047332300000000060e+02 2.698434299999999908e+01 1.179969777734307286e+02 1.954171629796910992e+01
1.287149499999999875e+02 8.613853000000000648e+00 1.158523899583287573e+02 3.340876309910028397e+01
1.232360460000000018e+02 2.468323699999999832e+01 1.378619777524137930e+02 4.356919946371950125e+00
1.198410400000000067e+02 1.864373600000000053e+01 1.313374789650196988e+02 1.575713046293352626e+01
1.008322600000000051e+02 1.836909500000000151e+01 1.103826000882954190e+02 3.167229929561473512e+01
1.117162550000000039e+02 2.099041700000000077e+01 1.138502346537203351e+02 2.804541080151254206e+01
1.269034099999999938e+02 1.216027200000000086e+01 1.147646827904130902e+02 3.189688081512110784e+01
1.267472099999999955e+02 7.728730999999999796e+00 1.223963871136632378e+02 7.777543552343225031e+00
1.358888900000000035e+02 4.520160999999999873e+00 1.189641269987400278e+02 2.688419969677859811e+01
1.138202059999999989e+02 2.715001699999999829e+01 1.254470777134765598e+02 8.931215826011621672e+00
1.070288800000000009e+02 3.354578000000000060e+01 1.379896571115215522e+02 2.184801504223896629e+01
1.044894199999999955e+02 3.404343999999999681e+01 9.492615969539485832e+01 1.278159220586506173e+01
9.826783000000000357e+01 3.081710999999999956e+01 1.007903277129502584e+02 1.736967158427220070e+01
1.073470499999999959e+02 1.714681799999999967e+01 1.230844225671125685e+02 1.319902868698275711e+01
1.305158500000000004e+02 8.179097000000000506e+00 1.032111825224424706e+02 2.559072081735456194e+01
1.153614500000000049e+02 1.834740400000000093e+01 1.057879353575195722e+02 1.187559768530602966e+01
9.403598999999999819e+01 1.528279200000000060e+01 9.530557553124783965e+01 1.011277180044469759e+01
1.238177000000000021e+02 8.907939999999999747e-01 9.247183728080018739e+01 2.604384426619720472e+01
1.295190699999999993e+02 1.326800999999999897e+00 1.044757230424306158e+02 2.615135737824798312e+01
1.187323899999999952e+02 1.239340999999999937e+01 1.195711158758527546e+02 1.869449154266525781e+01
1.355079499999999939e+02 1.208543799999999990e+01 1.208840530395423087e+02 7.342691256552409840e+00
1.322271299999999883e+02 3.772314000000000167e+00 1.245722374414867772e+02 8.551461539075566165e+00
1.303382699999999943e+02 1.019772700000000043e+01 1.354923396385114529e+02 2.701328910532853911e+01
1.264731799999999993e+02 8.246715000000000018e+00 1.258060588822227714e+02 4.303648104968219812e+00
1.089955800000000039e+02 1.639875599999999878e+01 1.040686115916558236e+02 2.956110121827419590e+01
1.098809700000000049e+02 2.526983800000000002e+01 1.299660845987546054e+02 1.533636037769328730e+01
1.191739350000000002e+02 1.736071400000000153e+01 9.350870799597102234e+01 7.316242226347653421e+00
1.222376000000000005e+02 3.524550000000000183e-01 1.373918144850401575e+02 1.338207937074625065e+01
1.085890660000000025e+02 5.622329999999999828e-01 9.475391179787062867e+01 5.431133963009639132e+00
9.297975999999999885e+01 2.366921800000000076e+01 1.108361259297227122e+02 3.362042487425749471e+01
1.308442000000000007e+02 8.125244999999999607e+00 1.263394472387997638e+02 1.588728966647325436e+01
1.333482799999999884e+02 1.179657699999999920e+01 1.123364554363828915e+02 2.155338221541762778e+01
1.263779140000000041e+02 1.207870400000000011e+01 9.327674600913049119e+01 1.527123421665103820e+01
1.286331199999999910e+02 8.588366999999999862e+00 9.573714727353439002e+01 2.217844308543372378e+01
1.323805800000000090e+02 7.298879999999999590e+00 1.045194385932798724e+02 3.398384694750011903e+01
9.702769499999999425e+01 1.544913900000000062e+01 9.732949456229646046e+01 2.149579336350735659e+01
1.117843550000000050e+02 3.318811999999999784e+01 1.245392921702503202e+02 1.355952048699360901e+01
1.352128999999999905e+02 5.011090000000000266e+00 1.280954626454507945e+02 1.128543110783941117e+01
1.025873100000000022e+02 2.326261099999999971e+01 9.929382937869036141e+01 1.917862939705704761e+01
1.091737799999999936e+02 3.453907000000000238e+01 1.352703352300824804e+02 9.228500337039069024e+00
1.073292849999999987e+02 3.159566099999999977e+01 1.272860618877424201e+02 2.272305274193040603e+01
1.148343050000000005e+02 2.582363300000000095e+01 9.761954836800066460e+01 2.289179796842748082e+00
1.340240200000000073e+02 1.193300000000000027e+00 1.308363719084156571e+02 1.455910537991844400e+01
9.229735599999999351e+01 1.949507300000000143e+01 1.370449375417904889e+02 4.249135290401341969e+00
1.121128999999999962e+02 1.959123999999999910e+01 1.363881286303031288e+02 2.289866144168883011e+01
1.011475200000000001e+02 2.924591300000000160e+01 1.239253295101999299e+02 6.883199409353435883e+00
1.003102300000000042e+02 2.285036500000000004e+01 1.253436911512055332e+02 1.246996125565338431e+01
1.128938299999999941e+02 1.716561099999999840e+01 1.056816378758872474e+02 3.837957376488331462e+00
1.137167199999999951e+02 2.209496700000000047e+01 1.165924807130817555e+02 2.023433396141977880e+01
1.068477500000000049e+02 3.346115999999999957e+01 1.368778304129075423e+02 2.405566174673970181e+01
1.369361299999999915e+02 1.332057299999999955e+01 9.413123550663809169e+01 2.978421724244828894e+01
1.061481249999999932e+02 1.205534000000000106e+00 1.210906616058098564e+02 2.254911200950815342e+01
9.798886000000000251e+01 2.281648600000000116e+01 9.521358081014743391e+01 2.471075878604905895e+01
1.060613900000000029e+02 3.150582100000000096e+01 1.120835714593703187e+02 1.181552361541469942e+01
1.042477099999999979e+02 1.724228499999999897e+01 1.176336612893557856e+02 5.366612639176281618e+00
1.211047800000000052e+02 2.653878999999999877e+01 9.449706415358174638e+01 3.234596622077732064e+01
1.356722699999999975e+02 1.789586800000000011e+01 1.272245123611088928e+02 4.580851357287002434e-01
1.267436749999999961e+02 9.896597999999999118e+00 1.361749848411046742e+02 1.167408895346555830e+01
1.059587700000000012e+02 8.478775999999999868e+00 1.063600210476209895e+02 3.440739013327507934e+01
1.254603199999999958e+02 1.298301599999999922e+01 1.134505568218772993e+02 3.285792720011770740e+01
1.347666499999999985e+02 4.989745000000000097e+00 9.200434851343725029e+01 2.475699750611598660e+01
1.238390100000000018e+02 2.922833299999999923e+01 1.301379946034667512e+02 2.514210562846758634e+01
1.354256300000000124e+02 3.155119300000000138e+01 1.029560463737938250e+02 1.189225170421998712e+00
1.036124999999999972e+02 3.156100700000000003e+01 9.538756464353365061e+01 3.499465263640584567e+01
1.128055899999999951e+02 1.992321600000000004e+01 9.794185319024086311e+01 2.844213418893135170e+01
1.264625999999999948e+02 7.166369999999999685e-01 1.081366766557787571e+02 2.281059122760826341e+01
1.290811199999999985e+02 1.133759300000000003e+01 1.009110797251175171e+02 3.059291422499471480e+01
1.125811400000000049e+02 1.467424100000000031e+01 1.362041138254847397e+02 9.297667635396692276e+00
9.882135999999999854e+01 3.069462800000000158e+01 1.041397929239856524e+02 7.301065344161450366e-01
1.223199099999999930e+02 8.781103999999999132e+00 1.379497702344268362e+02 1.482183573961793854e+01
1.078804999999999978e+02 1.347900000000000098e+00 1.375194246214988993e+02 3.047869622568074277e+01
1.352699100000000101e+02 1.797872999999999877e+01 9.786477769641936675e+01 9.368306623274143874e+00
1.185999149999999958e+02 1.150301600000000057e+01 1.359626024401984239e+02 2.637660789204641887e+01
1.189205999999999932e+02 1.653125000000000000e+01 1.083886991006565523e+02 2.402791011784841402e+01
1.139279860000000042e+02 2.727532000000000068e+01 1.342503723482236353e+02 7.368380023432698600e+00
1.312255999999999858e+02 1.041509199999999957e+01 9.340173789014005479e+01 1.810929114736403722e+00
1.106924300000000017e+02 8.721729999999999761e-01 1.216325282392363363e+02 3.262980139026622872e+00
1.052273249999999933e+02 1.942294899999999913e+01 1.361126163216426903e+02 4.416594433031768574e+00
1.190598499999999973e+02 3.034787000000000035e+01 1.171240256406332350e+02 3.369114837752096747e+01
