1.189340600000000023e+02 5.694390500000000088e+01 1.262320317394240021e+02 5.888623464316059852e+01
1.141523499999999984e+02 3.776093699999999842e+01 1.017743104609119627e+02 6.894222041646114008e+01
1.231062000000000012e+02 5.243079000000000178e+01 1.180719656685529202e+02 6.723364573175203418e+01
1.287802299999999889e+02 6.903870999999999469e+01 1.163969703856711249e+02 4.159263279320910556e+01
9.495183000000000106e+01 6.317466699999999946e+01 1.293868434388487287e+02 3.965054303857968421e+01
1.092616799999999984e+02 3.835334399999999988e+01 1.320367579133234130e+02 5.168383245822654715e+01
9.806736999999999682e+01 5.068809000000000253e+01 1.181976770858423436e+02 6.491925072111077100e+01
9.569385499999999922e+01 6.916244000000000369e+01 9.782883050937532232e+01 6.630993639945265272e+01
1.234111900000000048e+02 4.187895199999999818e+01 1.067262152206575934e+02 5.008780838811210856e+01
1.118709599999999966e+02 6.615093000000000245e+01 1.155517293292627556e+02 4.102299182325526772e+01
9.577902000000000271e+01 4.517924500000000165e+01 1.165503986426285223e+02 6.921694813443821204e+01
1.329525299999999959e+02 5.248914700000000266e+01 1.008017075546766392e+02 4.512645512125611447e+01
1.235853350000000006e+02 4.462692299999999790e+01 1.260163357249136311e+02 4.141929053249971560e+01
1.095942000000000007e+02 5.830548499999999734e+01 9.592263720072118360e+01 5.980138535372709896e+01
1.233985100000000017e+02 4.811843999999999966e+01 1.289161959434051710e+02 6.241691289584046842e+01
1.107963699999999960e+02 5.634107000000000198e+01 1.259113016219247640e+02 5.606721835009528832e+01
1.107214900000000029e+02 6.250643500000000330e+01 1.063931086959790662e+02 4.422934071454799465e+01
1.236915699999999987e+02 4.859848000000000212e+01 1.025661440418653143e+02 4.501294809727831847e+01
1.091557799999999929e+02 6.643088500000000352e+01 1.130363593632105079e+02 3.787839213512697256e+01
1.297479399999999998e+02 6.019642600000000243e+01 1.158645591153483565e+02 3.804451863570265857e+01
1.018065600000000046e+02 5.794847500000000196e+01 1.136067656363630505e+02 5.691557353026665567e+01
1.239748400000000004e+02 5.742487700000000217e+01 1.268440086048394306e+02 5.348777782192782126e+01
1.122731299999999948e+02 5.138609000000000293e+01 1.099298591103938065e+02 6.469497067689930248e+01
9.380387000000000342e+01 4.174504499999999751e+01 9.857271044264467719e+01 5.282658359136362236e+01
1.368933100000000138e+02 3.602746199999999988e+01 1.364072536288379069e+02 3.991610158578912149e+01
9.525037000000000376e+01 5.093585000000000207e+01 9.894050782532873711e+01 6.348184173102467298e+01
9.418828000000000600e+01 5.873288300000000106e+01 1.246944457943444604e+02 6.375184181225858282e+01
1.233238900000000058e+02 3.622424699999999831e+01 1.140326506320829765e+02 5.739791864491063222e+01
1.084354199999999935e+02 6.843886999999999432e+01 9.935392527420563624e+01 4.903407575688438413e+01
1.371459399999999960e+02 6.670136999999999716e+01 1.130540206234472436e+02 6.764650429831819167e+01
1.378483600000000138e+02 5.101471999999999696e+01 9.293298583432661530e+01 5.804835065215948475e+01
1.120924399999999963e+02 4.896432500000000232e+01 9.328254008601729197e+01 4.248312640297993426e+01
1.132183899999999994e+02 5.779283999999999821e+01 1.041312451018806655e+02 4.757556772531703615e+01
1.031321400000000068e+02 5.005382999999999782e+01 9.212508536358811284e+01 4.768701883299704036e+01
1.276217500000000058e+02 5.815567000000000064e+01 1.276694061718925468e+02 5.272433291281003420e+01
9.589624999999999488e+01 4.540874000000000166e+01 1.250736127888352343e+02 6.565555408247703895e+01
1.050267500000000069e+02 6.105164299999999855e+01 9.616978143599413897e+01 4.212193497192694736e+01
1.062363399999999984e+02 4.558643699999999654e+01 1.069922118883654321e+02 3.773882385222861302e+01
1.035666959999999932e+02 3.601506799999999942e+01 1.052659672768976122e+02 6.747941613659656923e+01
1.070039139999999946e+02 6.303882200000000324e+01 1.197894936394462206e+02 5.405744942251277507e+01
1.157259999999999991e+02 5.756257200000000296e+01 1.231905451057424159e+02 5.820848933558013982e+01
1.361618300000000090e+02 6.482999399999999923e+01 1.207951613703167055e+02 6.977841006143003710e+01
1.177838299999999947e+02 5.277649000000000257e+01 1.353525187075654799e+02 6.760668666517773318e+01
1.258064799999999934e+02 6.694222999999999502e+01 1.198954893537534048e+02 6.413315944196489227e+01
1.377467000000000041e+02 3.643155000000000143e+01 1.069370501642163589e+02 6.286997802240887268e+01
1.203109800000000007e+02 4.588696300000000150e+01 9.459323815466183305e+01 4.749062860646237283e+01
1.116045000000000016e+02 4.680906000000000233e+01 1.127646664266322887e+02 6.551460298876831700e+01
1.314834299999999985e+02 5.866523699999999764e+01 1.370879825003824521e+02 4.263726664895739304e+01
1.361330700000000036e+02 5.354596999999999696e+01 1.134124068320020484e+02 5.591491489820239025e+01
9.238161999999999807e+01 4.685940999999999690e+01 1.277220068734000051e+02 4.365932647483596440e+01
1.273402250000000038e+02 4.048130799999999851e+01 1.130605906118315858e+02 3.767174266095865676e+01
1.065605400000000031e+02 6.567464999999999975e+01 1.184302465008829586e+02 4.870077676922875298e+01
1.007642199999999946e+02 4.100175000000000125e+01 1.133172903098149220e+02 3.809481113249007223e+01
1.119819949999999977e+02 6.060598000000000241e+01 9.294531608987237803e+01 4.464556429694926010e+01
1.043039700000000067e+02 3.826391199999999770e+01 1.195035264410093703e+02 6.062589525464332496e+01
1.187232000000000056e+02 3.828542999999999807e+01 1.281197540478816563e+02 6.825809110270350288e+01
1.260731799999999936e+02 5.804720999999999975e+01 1.086144760964106979e+02 6.915118406911284410e+01
1.072648850000000067e+02 6.951449599999999407e+01 1.015497000728279602e+02 4.857769230391268422e+01
9.939714999999999634e+01 4.046298600000000079e+01 1.355495345030375063e+02 5.681954307006050442e+01
9.620757999999999299e+01 3.554011500000000012e+01 1.211734380748931414e+02 5.181948935084128038e+01
1.136940500000000043e+02 6.762308000000000163e+01 1.207416569719595856e+02 3.814817383460717082e+01
9.431417000000000428e+01 4.569948200000000327e+01 1.228746920632438560e+02 6.658672547437113565e+01
1.167347259999999949e+02 6.325324599999999720e+01 1.348184526532710379e+02 5.887062985510078761e+01
1.026996900000000039e+02 4.210877200000000187e+01 9.676563473670213966e+01 6.371354833750702085e+01
1.338027199999999937e+02 6.013310200000000094e+01 1.182431933357966614e+02 6.720008101053112171e+01
1.111570600000000013e+02 5.712789000000000073e+01 1.059617043145678252e+02 4.212720949145850113e+01
1.298264599999999973e+02 4.875956699999999699e+01 1.181871452945191407e+02 5.031915676622994482e+01
1.059762300000000010e+02 4.485241299999999853e+01 9.310837495171185196e+01 5.348156290247160172e+01
1.025857299999999981e+02 6.367561299999999846e+01 1.126263862334112531e+02 5.556659602294444511e+01
9.493519999999999470e+01 5.826012000000000057e+01 1.103552696186232822e+02 5.207862020089019950e+01
1.218907800000000066e+02 6.058512000000000342e+01 9.834106689325366801e+01 5.466062869822418691e+01
1.356307199999999966e+02 5.136963300000000032e+01 1.103366110954854804e+02 6.594204936717827081e+01
1.355887500000000045e+02 6.784150999999999954e+01 1.355602857185501477e+02 4.798254302183961784e+01
1.204738600000000019e+02 4.577850999999999715e+01 1.131866621929007124e+02 3.533369407424861919e+01
1.372887100000000089e+02 4.064727800000000002e+01 1.348798665928639195e+02 3.526260030774428600e+01
1.074293299999999931e+02 4.562702000000000169e+01 1.285996977907189489e+02 5.354239138007432075e+01
1.070290760000000034e+02 5.536934000000000111e+01 9.759777480201599076e+01 5.712142804006816021e+01
1.026101199999999949e+02 5.731443800000000266e+01 9.807941507564137851e+01 4.210639562176434225e+01
1.126751699999999943e+02 4.886647399999999664e+01 1.260410621264983035e+02 4.709653370575566811e+01
9.383820000000000050e+01 5.891158300000000025e+01 1.343552551347387691e+02 4.161104503128107268e+01
1.313948699999999974e+02 3.586773000000000167e+01 1.183258513483713159e+02 4.350052953399023892e+01
1.367846199999999897e+02 3.533767300000000233e+01 1.349893859870598476e+02 6.398276225842548826e+01
1.198207600000000070e+02 6.540080000000000382e+01 1.267846242822083269e+02 6.651483507066883760e+01
1.006820299999999975e+02 4.440463600000000355e+01 1.132605266811571880e+02 6.558031379242365233e+01
1.319497700000000009e+02 3.734958600000000217e+01 1.305456999972825827e+02 5.460176756460092662e+01
1.164859900000000010e+02 6.195959500000000020e+01 9.375459257352335385e+01 5.590071722332324100e+01
1.283248900000000106e+02 5.769391300000000200e+01 1.209092623944037541e+02 6.174118523172536754e+01
1.347739599999999882e+02 6.384909400000000090e+01 1.106260647268920252e+02 4.166301418895295683e+01
1.324401699999999948e+02 5.855866199999999822e+01 1.039458792083517409e+02 3.529306961034714618e+01
1.065212499999999949e+02 4.801573599999999686e+01 9.514771386092735383e+01 5.531185286553465374e+01
1.149318300000000050e+02 4.307403000000000048e+01 9.547549115829356481e+01 4.728528546194280580e+01
1.283170299999999884e+02 6.974074600000000146e+01 1.155283128013041249e+02 3.706185090959687045e+01
1.054679799999999972e+02 6.488631399999999871e+01 1.078206785139538653e+02 5.176634754168376418e+01
1.069606799999999964e+02 5.361368999999999829e+01 1.374909558844657340e+02 5.243432893352839130e+01
1.105033499999999975e+02 5.171349000000000018e+01 1.330755794296055115e+02 5.287952899349726010e+01
1.121085300000000018e+02 6.513195000000000334e+01 1.210867791007615608e+02 6.435683220553431738e+01
1.140609359999999981e+02 6.030183399999999949e+01 1.215605827306032296e+02 5.078793713564127899e+01
1.238619599999999963e+02 6.896387000000000000e+01 1.376704113408719650e+02 4.102680647984443851e+01
1.015999149999999958e+02 6.594916499999999360e+01 1.336366124110397777e+02 4.281693276545410498e+01
1.278491999999999962e+02 6.229797700000000304e+01 1.286493348826226111e+02 3.612075899655096833e+01
1.134150159999999943e+02 6.822314000000000078e+01 1.230457185699257820e+02 6.989438687292299335e+01
1.100191700000000026e+02 6.591160999999999603e+01 1.051239621364950665e+02 5.970909929049164333e+01
1.266717799999999983e+02 6.665990999999999644e+01 1.180187653302116360e+02 5.732382568240141296e+01
1.146630600000000015e+02 4.918905000000000172e+01 1.317240731643890115e+02 6.881167572824014655e+01
1.297895800000000008e+02 5.766158000000000072e+01 9.543049749196782727e+01 5.013781781565807449e+01
9.686402999999999963e+01 3.992714300000000094e+01 1.119141072914590325e+02 5.296990747341071426e+01
9.520646999999999593e+01 3.703428999999999860e+01 1.177497871866981995e+02 5.233687652485093622e+01
1.143102099999999979e+02 6.314543499999999909e+01 1.195787652773394285e+02 6.376717734947874305e+01
1.186272660000000059e+02 4.683688399999999774e+01 1.346969236234950813e+02 6.792477366295179309e+01
9.277927400000000091e+01 3.962583000000000055e+01 1.056429867565405232e+02 5.440020868924904107e+01
1.260278899999999993e+02 5.749642599999999959e+01 1.004192709654000737e+02 3.569435652412887805e+01
1.263459699999999941e+02 5.723924600000000140e+01 1.294050588730059985e+02 4.238770078019267373e+01
1.324288300000000049e+02 6.820180499999999313e+01 1.023950795070667255e+02 4.083449881598283326e+01
1.332942199999999957e+02 6.323472600000000199e+01 1.150460780607519951e+02 5.045171364144981396e+01
1.241552400000000063e+02 6.208793000000000006e+01 1.066366910206764658e+02 3.881046553147619704e+01
1.378637400000000071e+02 4.308997999999999706e+01 9.945714022268055032e+01 3.515912061007082912e+01
9.527467000000000041e+01 4.541340600000000194e+01 1.228564879950146178e+02 6.881324832804557445e+01
1.026455500000000001e+02 6.412498999999999683e+01 1.170616641806747964e+02 6.095101312526873016e+01
1.095725999999999942e+02 5.484429599999999994e+01 9.256629922143169154e+01 4.014555315239324784e+01
1.056607499999999931e+02 5.280317000000000149e+01 1.351119693237978936e+02 5.875533598283887216e+01
1.127115550000000042e+02 5.675468999999999653e+01 1.290398893234137461e+02 4.564301442287670341e+01
1.253158200000000022e+02 6.409675599999999918e+01 1.155328765575622612e+02 5.090792084243898330e+01
1.023862599999999929e+02 6.608481600000000356e+01 1.265427203813659673e+02 6.039653210045787546e+01
1.356413100000000043e+02 6.252799000000000262e+01 1.065093159868135899e+02 6.939268356153510808e+01
1.141533600000000064e+02 4.061460000000000292e+01 1.352803631580461570e+02 6.606501589622132542e+01
1.036561499999999967e+02 6.517113500000000670e+01 1.034960184311248810e+02 6.204417433546849026e+01
1.008273899999999941e+02 4.129272999999999882e+01 1.373824619294736067e+02 5.866109639838413869e+01
1.234647140000000007e+02 4.079735999999999763e+01 1.075606660441706453e+02 5.623440217088835880e+01
1.248777800000000013e+02 6.171072000000000202e+01 1.121550806423196605e+02 4.922530299908758877e+01
9.209501000000000204e+01 4.073973000000000155e+01 1.201195059707466868e+02 4.253957554499023530e+01
1.156852949999999964e+02 5.051370599999999911e+01 1.134128270983165407e+02 3.549087500574978549e+01
1.320416299999999978e+02 6.974830000000000041e+01 9.548803364810025585e+01 3.622976515243540518e+01
1.376324199999999962e+02 4.244178399999999840e+01 1.227796598843770965e+02 6.729449216852516713e+01
1.052442700000000002e+02 5.953064299999999776e+01 1.099936911946018228e+02 6.766200644745313753e+01
1.206620699999999999e+02 6.639817999999999643e+01 1.176788284970586176e+02 4.442699690611774344e+01
1.365149399999999957e+02 4.628622399999999715e+01 1.225813434441552801e+02 6.262600308617695077e+01
1.277053149999999988e+02 6.054426600000000036e+01 1.147605691222545943e+02 6.837455655187055470e+01
1.226312999999999960e+02 6.782847999999999900e+01 1.133720900585395412e+02 4.289439269843277458e+01
9.354569999999999652e+01 4.701798000000000144e+01 9.412203147367385725e+01 5.428338829881723626e+01
1.141460950000000025e+02 5.843473399999999884e+01 1.260422889092695442e+02 6.620602101417415497e+01
1.330759999999999934e+02 4.629179800000000000e+01 1.111219041432514985e+02 5.455053175310249003e+01
1.342288200000000131e+02 3.530897999999999826e+01 1.164971628216925694e+02 4.074269960521526457e+01
1.330698199999999929e+02 4.641217999999999932e+01 1.116239122461798132e+02 3.961133627444368699e+01
1.139986899999999963e+02 6.571205000000000496e+01 1.378901819123155121e+02 5.044109283413499156e+01
1.289000399999999900e+02 4.429560500000000189e+01 1.221680325912363685e+02 6.100403952719256750e+01
1.020203599999999966e+02 4.078491000000000355e+01 9.934752600199915662e+01 6.343201592867924887e+01
1.134251399999999990e+02 6.658665999999999485e+01 1.297996205428140684e+02 6.059515614181890442e+01
1.085410899999999970e+02 5.191076999999999941e+01 9.656284851121701251e+01 6.570185157036115697e+01
1.275243600000000015e+02 3.745123300000000199e+01 1.200979407925904070e+02 4.259018522330708123e+01
1.210040300000000002e+02 4.381646700000000294e+01 1.147194119807980286e+02 4.654063131753449056e+01
1.007944600000000008e+02 5.672884400000000227e+01 1.319617656659912086e+02 5.895599466677963818e+01
9.287044500000000369e+01 5.531581500000000062e+01 1.343050416932361202e+02 4.435398368164011629e+01
1.120809500000000014e+02 6.913670999999999367e+01 1.323787912245335008e+02 6.501341229402416388e+01
1.154809199999999976e+02 6.258726000000000056e+01 1.351355071057772079e+02 3.544677552792413167e+01
1.082019039999999990e+02 5.525202999999999776e+01 1.244007985607944988e+02 4.080904733727530953e+01
9.638931999999999789e+01 4.664872400000000141e+01 1.187722860746081039e+02 3.935544823119977309e+01
1.082517399999999981e+02 4.725910600000000272e+01 1.370935827220718295e+02 3.803533545002464678e+01
1.096850199999999944e+02 6.364363000000000170e+01 1.168277349346051608e+02 6.931831045804887026e+01
1.004525600000000054e+02 4.264342500000000058e+01 1.065985405862867736e+02 4.614925546544998269e+01
1.051679400000000015e+02 4.492616000000000298e+01 1.226407746891646866e+02 3.766313062172369541e+01
9.666374999999999318e+01 3.949113499999999988e+01 1.333627716691637204e+02 6.180796164649710533e+01
1.140110800000000069e+02 6.248358999999999952e+01 9.209778462453118664e+01 5.464336431133860117e+01
1.229670500000000004e+02 5.804166000000000025e+01 1.273904757128429708e+02 6.737281212059041025e+01
1.093788299999999936e+02 6.730993999999999744e+01 1.010394313028374143e+02 6.718501645370358233e+01
9.865367999999999427e+01 6.547084999999999866e+01 1.218730115254820987e+02 3.513151433326792272e+01
1.343005799999999965e+02 5.008973000000000297e+01 1.318034190103002175e+02 4.830613628153642480e+01
1.118402899999999960e+02 6.912057500000000232e+01 1.232312596096103476e+02 3.860277514765221696e+01
1.348541600000000074e+02 5.558462500000000261e+01 1.143616687612117175e+02 4.048120318249237215e+01
1.372683299999999917e+02 5.912542700000000195e+01 1.376363932820936498e+02 5.263133001113271092e+01
1.193664299999999940e+02 6.594503000000000270e+01 1.249841922736325159e+02 4.893837855146226445e+01
9.672650000000000148e+01 5.617989000000000033e+01 1.315505298474607514e+02 4.081484085403026540e+01
1.339502699999999891e+02 3.750827999999999918e+01 1.234360923937327641e+02 3.540283037095689878e+01
1.028007199999999983e+02 5.709722500000000167e+01 1.268397321192471878e+02 6.107313143608953254e+01
1.257847059999999999e+02 6.185704799999999892e+01 1.055627442389549628e+02 6.736021607523093735e+01
9.707605999999999824e+01 6.043931200000000104e+01 1.325766485049324217e+02 5.454228057237343563e+01
1.164234799999999979e+02 6.311826299999999890e+01 1.060125285534780062e+02 4.229197331418445316e+01
1.359813800000000015e+02 6.846658999999999651e+01 1.115986826063331279e+02 4.057614933303180038e+01
1.362959600000000080e+02 4.253269600000000139e+01 1.212702606277102575e+02 5.557182627847613787e+01
9.722106999999999744e+01 5.056562799999999669e+01 1.209822128430348016e+02 5.093662946030190852e+01
1.081348399999999970e+02 4.663883599999999774e+01 1.064391640705409685e+02 6.510597063606604706e+01
1.012638239999999996e+02 4.467660500000000212e+01 1.097950943796247714e+02 6.947460403696170772e+01
1.330081800000000101e+02 6.372323000000000093e+01 1.198393234689131077e+02 4.460129220702087594e+01
1.229782399999999996e+02 6.253080400000000338e+01 1.043515546700137833e+02 4.098731922616485690e+01
1.112591859999999997e+02 4.836675600000000230e+01 1.274608659535673212e+02 4.364043901228555455e+01
1.323359199999999873e+02 4.223495499999999936e+01 1.216078483946897109e+02 6.045318882221503998e+01
1.055859999999999985e+02 4.374244000000000199e+01 1.110087007320595802e+02 4.588656573917725723e+01
1.064856300000000005e+02 4.508525000000000205e+01 1.156345244964975194e+02 6.259825917651511418e+01
9.636706999999999823e+01 4.866378000000000270e+01 1.172722792137541177e+02 5.243511629332049040e+01
1.296929000000000087e+02 4.231410999999999945e+01 1.247503950934443253e+02 5.696250768292577504e+01
9.598503999999999792e+01 6.368468000000000018e+01 9.849387322928926380e+01 4.000926358317861542e+01
1.346708800000000110e+02 4.705125000000000313e+01 1.348897283649713188e+02 6.818048870275615059e+01
1.027853599999999972e+02 5.086054000000000030e+01 1.253028354827896749e+02 4.390757030592574495e+01
1.276399499999999989e+02 4.359067000000000291e+01 1.058648950025358459e+02 5.629413858992783304e+01
1.185681150000000059e+02 5.069962000000000302e+01 1.316196934020119897e+02 6.106016834955546102e+01
1.083012849999999929e+02 5.437543000000000148e+01 1.328893534847591411e+02 4.232040613717820321e+01
1.236176449999999960e+02 4.134354799999999841e+01 1.307921987045690742e+02 5.745515329063204035e+01
1.218459699999999941e+02 6.279185999999999979e+01 1.211069746501991062e+02 5.173746165511771267e+01
1.106550100000000043e+02 6.345738599999999963e+01 1.100827696797640414e+02 5.825371976685752884e+01
1.226020359999999982e+02 6.477951000000000192e+01 9.271844330184535465e+01 5.154396710204524368e+01
9.533126000000000033e+01 4.475791999999999859e+01 1.328577472897679002e+02 6.451036896215683214e+01
1.337762099999999919e+02 5.008275199999999927e+01 1.257469635999974145e+02 5.662144212157127754e+01
9.759901999999999589e+01 4.710473999999999961e+01 1.042098547127706638e+02 4.166743468153887875e+01
1.234520100000000014e+02 3.643175000000000097e+01 1.006646995308808954e+02 3.544142668182836076e+01
1.190468900000000048e+02 4.108363700000000307e+01 9.512075613495292714e+01 6.946374244077193794e+01
1.033991000000000042e+02 6.543868999999999403e+01 1.057993723388663909e+02 6.660669926853528011e+01
9.520232000000000028e+01 6.021568700000000263e+01 1.234708800228866039e+02 4.874188903631225855e+01
1.284106299999999976e+02 4.101401500000000055e+01 1.311300676684099358e+02 5.776381187290223806e+01
1.205571999999999946e+02 5.843093999999999966e+01 1.221067710951959384e+02 6.351311306164637926e+01
1.006911199999999980e+02 6.388932799999999901e+01 9.549491926939214181e+01 6.179219283010743879e+01
1.188862500000000040e+02 4.624365600000000143e+01 1.240157010308542596e+02 5.423112122581967753e+01
1.364176999999999964e+02 6.866760999999999626e+01 1.327184920188432216e+02 6.291496492594750123e+01
1.351996599999999944e+02 4.736585000000000178e+01 1.163044848122183765e+02 4.802013294229976736e+01
1.150016799999999932e+02 5.998031600000000196e+01 1.125764820220122147e+02 6.490637677989900567e+01
1.327313800000000015e+02 3.814770999999999646e+01 1.160117464875038706e+02 4.142109401922369472e+01
9.672338000000000591e+01 6.738236999999999455e+01 1.203264990578668119e+02 5.770668710828778103e+01
1.306090199999999868e+02 3.541441999999999979e+01 1.001895989725245499e+02 3.806169201272604141e+01
1.350004900000000134e+02 6.872612999999999772e+01 1.363971959163839642e+02 5.446644472424750916e+01
1.082746350000000035e+02 4.673366999999999649e+01 1.138484969175371333e+02 6.383741143121828543e+01
1.362611499999999864e+02 6.887183000000000277e+01 9.903712984962896826e+01 4.782764281759970970e+01
1.105666959999999932e+02 6.339222699999999833e+01 1.024423902135577578e+02 6.030166340087629351e+01
1.131740999999999957e+02 4.886526500000000084e+01 1.158238674339604302e+02 3.950950001325899308e+01
1.020660400000000010e+02 6.237307400000000257e+01 1.031537825590624493e+02 4.242916790883074185e+01
9.465070000000000050e+01 5.456568500000000199e+01 1.290250349466952002e+02 5.054441339982602699e+01
9.698628999999999678e+01 4.595006599999999963e+01 1.091348387008692953e+02 4.381039818871708746e+01
9.313040999999999769e+01 3.870850000000000080e+01 1.120282667484742376e+02 5.530330739558738884e+01
1.098362599999999958e+02 5.783707400000000121e+01 1.347745437768697343e+02 4.545253014014196680e+01
1.026653600000000068e+02 4.825075999999999965e+01 9.647104930240585929e+01 4.960447850814929893e+01
1.364731299999999976e+02 3.534309799999999768e+01 1.180503885854525663e+02 5.383064049323527911e+01
1.286389900000000068e+02 5.956557000000000102e+01 1.051378145935581330e+02 5.129086820948454317e+01
1.343366499999999917e+02 4.501083400000000267e+01 1.366630042679815915e+02 5.927089894490006117e+01
9.562781999999999982e+01 3.736223199999999878e+01 1.351279079815389252e+02 5.822955421953568589e+01
1.347378199999999993e+02 6.818597400000000164e+01 1.262330039174394187e+02 4.758805038582204361e+01
1.303248399999999947e+02 5.027868699999999791e+01 1.200601650603808679e+02 5.013075877323339569e+01
1.286841300000000103e+02 6.375997000000000270e+01 1.021666410597647001e+02 4.763904078923130214e+01
1.120970899999999943e+02 4.923708299999999838e+01 9.267853405399500843e+01 3.889365617255030116e+01
1.341809000000000083e+02 5.362561000000000178e+01 1.270632289009396345e+02 4.607709942497314159e+01
9.481621599999999717e+01 3.920390299999999684e+01 1.148346834913167811e+02 5.211649074398748382e+01
1.333379500000000064e+02 6.689455399999999941e+01 1.092383291248873149e+02 6.533462831602606968e+01
1.293166699999999878e+02 6.638636999999999944e+01 1.369290256905995875e+02 6.283320578700187298e+01
1.121540449999999964e+02 4.698385600000000295e+01 1.002606421121325297e+02 6.929539312460065048e+01
1.133329999999999984e+02 5.673472199999999788e+01 9.556500617752875826e+01 5.562940930967294406e+01
1.247314300000000031e+02 6.553212999999999511e+01 1.324182711455883350e+02 3.950813605359947189e+01
1.098242999999999938e+02 5.840159200000000084e+01 1.100311057366319432e+02 5.436577431165873975e+01
1.351673399999999958e+02 5.943258300000000105e+01 1.310076982458724899e+02 3.753807004386575130e+01
1.006880000000000024e+02 5.778568299999999880e+01 1.288989639441981296e+02 3.535211171192202073e+01
1.268415449999999964e+02 5.629915199999999942e+01 1.367580260174238731e+02 5.894990118672167512e+01
9.624669000000000096e+01 6.786842000000000041e+01 9.685711908306396367e+01 4.398686628222758088e+01
9.213756999999999664e+01 5.450085399999999680e+01 1.353358028947187108e+02 5.938706495025081722e+01
1.185045599999999979e+02 6.484065999999999974e+01 9.689239617736836863e+01 6.787308624747291219e+01
1.124857099999999974e+02 6.738697999999999411e+01 9.700539354590371488e+01 4.908216338324493222e+01
1.331359300000000019e+02 3.727437199999999962e+01 1.184502870173687654e+02 4.960094736286484363e+01
9.526812999999999931e+01 4.319290999999999769e+01 1.316623920153862741e+02 5.253587654409979280e+01
1.293159300000000087e+02 3.662954299999999819e+01 9.237916601110325132e+01 6.798130282335051788e+01
1.298000800000000083e+02 6.065485000000000326e+01 1.345787326810473985e+02 5.840400967608686500e+01
1.103336639999999989e+02 6.353291699999999764e+01 9.304546961127394411e+01 4.767692498923385358e+01
1.162490099999999984e+02 4.785255399999999781e+01 1.165462076500419641e+02 6.007286249087056262e+01
1.019693759999999969e+02 3.966786599999999652e+01 1.354205669441128066e+02 6.598109540777528537e+01
1.302298700000000053e+02 4.411104999999999876e+01 1.216084832216906193e+02 6.056835955041270836e+01
1.278148960000000045e+02 5.850153000000000247e+01 1.191523236514571096e+02 6.495548168580218373e+01
1.066647999999999996e+02 4.690390800000000127e+01 9.345449932063314691e+01 3.640382900957114742e+01
1.184775499999999937e+02 5.496212799999999987e+01 1.315188386839898556e+02 4.431069000716012596e+01
1.225464999999999947e+02 5.409246399999999966e+01 1.247709159425178029e+02 6.664944738979444594e+01
1.284141400000000033e+02 4.118229000000000184e+01 1.368226670526332214e+02 5.303544490865539274e+01
1.228205300000000051e+02 5.654754299999999745e+01 1.005982135358816549e+02 6.135432348591689333e+01
9.856878000000000384e+01 5.492711599999999805e+01 1.375011499253501768e+02 6.320757479375781429e+01
9.859493000000000507e+01 4.309593000000000274e+01 1.054528089436347216e+02 6.515268005426955256e+01
1.231624199999999973e+02 5.639403000000000077e+01 1.264674100673511248e+02 5.833894639524012149e+01
1.215311049999999966e+02 6.086510499999999979e+01 1.066213402510329047e+02 5.945213548292661443e+01
1.252902299999999940e+02 3.602056999999999931e+01 1.175186789083258958e+02 4.006123164214979937e+01
1.092954399999999993e+02 4.421690999999999860e+01 1.293148490737690963e+02 5.250164611517983815e+01
1.325956999999999937e+02 5.009526000000000323e+01 1.047637023510407772e+02 4.495646942107822497e+01
1.097365340000000060e+02 6.723676000000000386e+01 1.192941165079618742e+02 3.683687776219174737e+01
9.844664000000000215e+01 6.560905999999999949e+01 1.133994131003289851e+02 6.895219236957194653e+01
9.671662000000000603e+01 6.548481999999999914e+01 1.269547434289205512e+02 3.512436987277989431e+01
1.160879300000000001e+02 4.753222699999999890e+01 1.246388841489496428e+02 4.163668100417174855e+01
1.361481599999999901e+02 6.355944399999999916e+01 1.353663652799605472e+02 6.682293172978117468e+01
1.069991200000000049e+02 5.624827200000000005e+01 1.098141323381806558e+02 3.742949891060457901e+01
1.232669999999999959e+02 5.521932600000000235e+01 9.475440743752450601e+01 3.867924054939648215e+01
1.267813900000000018e+02 6.307345200000000318e+01 1.069398432205463934e+02 5.476274941862820356e+01
1.322157100000000014e+02 4.207831000000000188e+01 1.336383091424142435e+02 4.741555517893384319e+01
1.307075299999999913e+02 5.673199499999999773e+01 1.119303769284016994e+02 5.744747219137118321e+01
1.037407500000000056e+02 4.917862699999999876e+01 1.191514638318378445e+02 3.732628321408905236e+01
9.982609600000000682e+01 5.004249999999999687e+01 1.293457772773357135e+02 5.124320688704262494e+01
1.373203399999999874e+02 6.983962999999999965e+01 1.076536123149289210e+02 4.191722971334634451e+01
1.210394440000000031e+02 6.648418999999999812e+01 1.278416294395144348e+02 6.615272425500388920e+01
1.220744799999999941e+02 5.367751700000000170e+01 1.082262608063309557e+02 5.558196329770058242e+01
1.012004850000000005e+02 4.318016000000000076e+01 1.114451436615089079e+02 4.814197456675472608e+01
1.121065750000000065e+02 6.760827999999999349e+01 1.231770019438771726e+02 4.725438984289134225e+01
1.145626199999999955e+02 6.145170600000000150e+01 1.178754371155363430e+02 3.785150438040317056e+01
1.068678599999999932e+02 6.381319799999999987e+01 1.235168847857702303e+02 3.533548968254341105e+01
1.057758199999999960e+02 6.298346000000000089e+01 9.748095176188988376e+01 5.686552693414238036e+01
1.353420099999999877e+02 6.529930000000000234e+01 9.591319103363012744e+01 4.945244368622545039e+01
1.066777340000000009e+02 5.900209000000000259e+01 9.345102570583097190e+01 5.028404645192252076e+01
1.254578199999999981e+02 6.731475000000000364e+01 1.114772476751991235e+02 3.560866610228365658e+01
1.087247600000000034e+02 5.881990400000000108e+01 1.100166894102589197e+02 6.820286671968361247e+01
1.189991299999999939e+02 4.458548400000000100e+01 1.186634232055468914e+02 5.588431055427319905e+01
1.021053540000000055e+02 4.036707299999999776e+01 1.332989036132780143e+02 6.230738309001881703e+01
1.295121200000000101e+02 4.527902000000000271e+01 1.167912692242047541e+02 4.570014101285980246e+01
1.167841339999999946e+02 3.776747000000000298e+01 1.100861720889010087e+02 4.764234465714676503e+01
1.355762499999999875e+02 6.524819999999999709e+01 1.047384636308325838e+02 6.643145157200258666e+01
1.091933800000000048e+02 5.221484800000000348e+01 1.200917160538579793e+02 5.165789414099074150e+01
1.258006799999999998e+02 6.341799000000000319e+01 1.373678941372095039e+02 5.423461091754579400e+01
9.324991599999999892e+01 4.487876500000000135e+01 9.480261163215030251e+01 6.053633763974220017e+01
1.351166399999999896e+02 4.525079999999999814e+01 1.341196100714841180e+02 6.296848875593411776e+01
9.818726999999999805e+01 4.508997699999999753e+01 9.251795627601673289e+01 3.942954671271164102e+01
1.063761599999999987e+02 6.434953000000000145e+01 1.141914151071456729e+02 3.750975768172398972e+01
1.075179140000000046e+02 5.610474800000000073e+01 1.246451202482347185e+02 4.492517715759439767e+01
1.136318049999999999e+02 5.781356000000000250e+01 1.260207658447926633e+02 5.982367530892035035e+01
1.085478899999999953e+02 6.761072500000000218e+01 1.329791600146624546e+02 4.007728737236440253e+01
1.033585300000000018e+02 3.773286000000000229e+01 1.326959336390273734e+02 5.966904190465396596e+01
