3.813409999999999656e+01 4.938603599999999716e+01 2.635269232194965561e+00 3.564071982914089887e+01
4.236824000000000012e+01 5.272485700000000008e+01 3.348227366742494837e+01 4.449705355090009107e+01
2.106680300000000017e+01 6.190415600000000040e+01 2.230218392141705763e+01 6.778638542486122276e+01
3.704701599999999928e+01 5.845709999999999695e+01 7.555365230373322305e+00 6.741255384128182016e+01
2.564418399999999920e+01 4.043298699999999712e+01 2.125131318650016610e+01 5.890068875495370548e+01
2.577877399999999852e+01 3.998204799999999892e+01 2.832186337656295194e+01 5.341162504837895142e+01
2.192395399999999839e+01 5.029090000000000060e+01 3.773770826304583892e+01 3.703088808469521354e+01
2.259947000000000017e+01 5.417819000000000074e+01 2.092641576888535937e+01 3.974390653583841271e+01
3.171473999999999904e+00 6.419956999999999425e+01 9.738434326600147628e+00 4.477703858183829055e+01
1.530046100000000031e+01 6.124837999999999738e+01 2.999611909772261953e+01 6.973131295186001921e+01
1.117515999999999954e+00 5.192284999999999684e+01 3.001004994715921015e+01 5.158351180467633412e+01
3.653440999999999939e+00 3.751589599999999791e+01 3.541469966480737241e+01 4.722369678827503492e+01
2.564220800000000011e+01 4.203443000000000040e+01 3.174474991276986202e+01 4.340774297011495264e+01
3.224154300000000006e+01 5.308625800000000083e+01 1.898911880945650310e+01 5.126695750592809731e+01
1.398410999999999937e+01 5.640448399999999651e+01 3.262451529101667358e+00 4.134609600132991147e+01
3.034130000000000038e+01 5.088859000000000066e+01 4.399024071021626270e+01 5.218957286663683703e+01
4.293491699999999867e+01 4.923521000000000214e+01 2.187147138137311941e+01 5.505572591797262305e+01
3.618178000000000338e+01 3.764806999999999704e+01 1.349454570684066113e+01 6.294411879779850238e+01
3.580138999999999783e+01 3.537442800000000176e+01 2.622244258395011229e+01 3.682422493466904712e+01
1.420571499999999965e+01 5.965358400000000216e+01 2.583446915665837196e+01 4.349128969012915036e+01
6.321583000000000396e+00 5.408800500000000255e+01 9.921449147800331048e+00 5.149066425770689648e+01
1.342041299999999993e+01 5.522537200000000013e+01 3.238241501544196765e-01 5.340176280246883778e+01
4.842403000000000013e+00 6.859242000000000417e+01 7.971958025639311884e+00 5.993112013853176734e+01
1.733276199999999889e+01 5.907697300000000240e+01 4.009921966880116173e+01 6.850432237098726773e+01
5.845036000000000342e+00 5.123709499999999650e+01 1.988312566709657503e+01 6.498588333974085174e+01
3.966962399999999889e+01 3.885933699999999646e+01 3.112909229279712520e+01 5.719037650394858474e+01
5.526705999999999896e+00 5.760291999999999746e+01 8.805530453365197019e+00 5.732237584290162147e+01
2.154059600000000074e+01 5.891063299999999714e+01 9.456781808767720676e+00 4.027207934221860341e+01
1.895301399999999958e+01 5.899801300000000026e+01 8.029587958655294955e+00 3.527972914771888924e+01
6.875713000000000186e+00 6.158269500000000107e+01 1.448061025143348957e+01 6.152871786420300282e+01
1.521854000000000040e+00 4.131981300000000346e+01 2.466949029207428978e+01 6.236489466444318452e+01
1.277655999999999992e+01 5.868730500000000205e+01 2.563992586889702885e+00 4.831410762731993458e+01
2.253664799999999957e+01 6.256523500000000126e+01 3.927085544203306000e+01 3.948081380247201366e+01
1.517847500000000061e+01 5.867255800000000221e+01 2.771864172032363527e+01 4.292560601069050108e+01
2.192362200000000172e+01 6.514176999999999396e+01 1.858384457613312435e+01 5.783177497508184217e+01
2.458321600000000018e+01 6.778557999999999595e+01 2.055593403595162272e+01 5.690921737119904833e+01
1.501957499999999968e+01 6.022834999999999894e+01 8.029390140424460753e+00 3.878148177610202652e+01
2.333792100000000147e+01 5.652000999999999920e+01 3.314572566606434378e+01 6.621440188080521239e+01
2.871005399999999952e+01 3.535387999999999664e+01 3.684319313548189712e+01 3.893985913153393597e+01
1.692140200000000050e+01 5.946166000000000196e+01 4.004163914828806270e+01 4.102664636003840570e+01
2.203612000000000126e+00 6.015780999999999779e+01 1.849689144379774675e+01 6.767564170677928814e+01
2.874554399999999887e+01 5.641279999999999717e+01 3.571468061153024820e+01 4.327799366826335614e+01
1.614531900000000064e+01 3.660947800000000285e+01 7.017054312117413595e+00 3.550532548803088417e+01
1.963806999999999903e+01 4.312563300000000055e+01 3.743650127253080484e+01 3.544030050857643488e+01
3.860614000000000345e+01 5.812805600000000084e+01 3.268142615931592587e+01 5.580733418902607212e+01
2.289054099999999892e+01 6.161185499999999848e+01 2.763701200605421704e+01 3.763646324941674237e+01
3.267032199999999875e+01 6.219432400000000172e+01 1.596339861367573043e+01 4.397926824696476444e+01
8.694375000000000853e+00 6.023878500000000003e+01 3.227820751883929518e+01 5.109045015422527314e+01
1.720607199999999892e+01 5.527665999999999968e+01 3.341971769800169056e+01 5.435029862141730916e+01
4.150104999999999933e+00 5.679008999999999929e+01 4.405274538048860222e+01 5.502490463377158392e+01
2.379953000000000074e+01 6.180890699999999782e+01 1.345129616842225317e+01 4.136390000206021256e+01
8.389841000000000548e+00 6.068708999999999776e+01 9.089951251116023201e+00 3.563637580497424295e+01
3.924646400000000313e+01 4.503681000000000267e+01 2.003367361254341716e+01 3.624096416583557811e+01
3.660054399999999930e+01 6.103629300000000057e+01 4.005232895020068895e+01 4.130820675787367691e+01
5.671416999999999931e+00 4.384357500000000130e+01 6.299953539619272291e+00 5.638023808489822386e+01
2.954732999999999876e+01 5.464953200000000066e+01 1.375149651348194979e+01 5.394631286713396889e+01
9.880058999999999259e+00 6.074675799999999981e+01 2.648981342682633056e+01 5.870701119345481800e+01
2.268207599999999857e+01 6.208943000000000012e+01 1.675279161968618169e+01 4.768642302443229397e+01
4.627019999999999911e+00 6.762485499999999661e+01 4.373270253364724880e+01 3.625486731162418863e+01
2.421015500000000031e+01 6.918775999999999726e+01 1.809403532941197668e+01 4.059265349537874101e+01
3.646654000000000195e+01 4.647272499999999695e+01 1.536544597142116331e+01 6.443723301860799779e+01
1.338427399999999956e+01 5.202361299999999744e+01 4.095991664023710399e+01 6.974438851802844397e+01
2.415755000000000052e+01 4.293464300000000122e+01 3.825521184416565035e+01 6.805783276244739000e+01
3.728047999999999718e+01 3.935704400000000192e+01 3.039670032016999457e+01 5.696410685919366301e+01
4.548800700000000319e+01 6.281683699999999959e+01 1.404776524970988261e+00 4.274442562981693072e+01
3.797466000000000008e+01 3.958181400000000139e+01 3.134430392064308180e+01 3.585732015780646975e+01
5.503856999999999999e+00 5.926411000000000229e+01 2.198916333759506259e+01 3.533904932964322398e+01
3.016952300000000164e+01 3.766373000000000104e+01 3.560347201072391243e+01 6.301845969491395749e+01
5.198679000000000272e+00 5.936105299999999829e+01 2.780577312893224118e+01 4.140783272206947885e+01
2.204480600000000123e+01 4.997446999999999662e+01 2.950503516287604100e+01 4.118249699356530158e+01
9.804344000000000392e+00 4.767577699999999652e+01 3.255164241274256653e+01 4.776161269900950401e+01
1.310312099999999980e+01 4.020036300000000296e+01 3.814898924775723899e+00 3.841457640385005590e+01
2.325684199999999890e+01 4.069190199999999891e+01 4.506190966813872478e+01 3.939351799233451601e+01
2.423044399999999854e+01 3.599645999999999901e+01 2.909653463133401985e+01 4.492121052355058453e+01
2.617355500000000035e+01 5.672636399999999668e+01 1.020429816704531589e+01 6.241820137794932322e+01
1.311573300000000053e+01 3.868607699999999738e+01 2.937128746416455982e+01 4.040431982583612580e+01
9.979402999999999579e+00 5.897224800000000045e+01 1.531840622486572911e+01 5.725503340537334651e+01
5.794280999999999793e+00 6.758745600000000309e+01 4.325278076113268089e-01 4.439838900753966300e+01
4.123684300000000036e+01 4.484893399999999986e+01 3.380110576614499251e+01 4.982155704180740230e+01
1.294955999999999996e+01 4.800638599999999911e+01 5.972668685709496827e+00 4.935848451682710447e+01
4.420877999999999730e+01 4.944069700000000012e+01 2.206185981678606467e+01 6.523726049663723359e+01
1.209461899999999979e+01 5.763519999999999754e+01 5.422853556953466381e+00 5.245184950749496977e+01
8.270087999999999440e+00 6.000753999999999877e+01 1.102968631550840151e+01 6.330607107270283507e+01
2.376623299999999972e+01 6.666982000000000141e+01 2.566431567425591354e+01 5.901967878195983275e+01
1.019069600000000086e+01 4.697813800000000128e+01 1.919459882142898088e+00 5.894226060481692997e+01
2.457543400000000133e+01 4.275042700000000195e+01 4.130799213458313801e+01 6.304730036771023549e+01
4.088671999999999684e+01 6.465124000000000137e+01 4.451306040560668720e+01 4.093888463819077117e+01
7.765958999999999612e+00 6.994786000000000570e+01 3.544316896053434363e+01 6.132105736207851265e+01
1.343390800000000063e+01 5.056764199999999931e+01 2.250747589343476207e+01 3.706170571949660797e+01
6.178747000000000433e+00 3.515063500000000118e+01 2.638617613860197864e+01 5.779678103618451246e+01
1.836717000000000155e+01 6.020682999999999652e+01 2.648353754332956100e+01 4.732557783639108351e+01
1.088682000000000016e+01 5.043393700000000024e+01 2.211635009921208805e+01 6.965179929476335019e+01
9.101774000000000697e+00 3.926171000000000078e+01 3.867242564745232869e+01 6.777893637998374743e+01
1.577720399999999934e+01 5.478143299999999982e+01 1.567196234702446489e+01 6.106012365056933788e+01
2.522137800000000141e+01 4.976523000000000252e+01 3.694038947092831648e+01 3.637383756028665260e+01
1.313635500000000000e+01 4.949081799999999731e+01 4.529552780759855324e+01 3.815600644393031615e+01
2.936483399999999833e+01 3.515019199999999699e+01 1.064432898088805590e+00 4.438912631056321345e+01
2.133287000000000155e+00 6.699142500000000666e+01 5.787827829325025597e+00 6.576997498926084518e+01
6.004188000000000081e+00 6.081138599999999883e+01 2.074272667055123875e+01 4.329004931725134497e+01
4.366179999999999950e+01 4.965451999999999799e+01 6.300953846197633546e+00 5.674075251513151130e+01
4.374775700000000001e+01 3.792580399999999941e+01 1.578235986597922391e+01 6.799498805740543617e+01
1.041400699999999979e+01 3.850985699999999667e+01 8.888320110353465253e+00 5.090502000008530104e+01
4.192300800000000294e+01 4.605355999999999739e+01 3.530747616428256208e+01 3.922450209393082332e+01
3.665155800000000141e+01 6.357343999999999795e+01 2.092187771220071468e+01 4.573392380594968643e+01
2.832224499999999878e+01 5.318950000000000244e+01 3.109094446715306503e+01 6.504658112743686615e+01
3.359555000000000291e+01 6.404940000000000566e+01 2.875381652128377041e+01 3.598907179380204013e+01
3.906912200000000013e+01 4.471068999999999960e+01 1.395197170293589828e+01 4.828667122130153189e+01
8.861295000000000144e+00 4.610596999999999923e+01 1.586770088586710337e+01 3.507018397654861275e+01
1.605233600000000038e+01 3.943628700000000009e+01 1.395694173323238019e+01 5.402048350500766105e+01
1.368127100000000063e+01 5.100804999999999723e+01 4.489270229967186054e+00 5.377463420368766123e+01
1.402866399999999913e+01 3.581789400000000256e+01 3.932003446503869526e+01 6.411643701599325595e+01
1.423370800000000003e+01 4.873027400000000142e+01 3.973857088843323027e+01 3.959566318609121538e+01
4.392746700000000004e+01 4.217095599999999678e+01 3.972527863551387206e+00 6.636964934108029013e+01
2.932100099999999898e+01 4.065384999999999849e+01 6.993227549801307674e+00 4.104328945276098750e+01
1.669543300000000130e+01 4.770076399999999950e+01 4.374266754920197542e+01 3.956917060965825783e+01
2.206963500000000167e+01 4.057377000000000322e+01 1.155563034849648751e+01 5.798610886598087433e+01
4.254528400000000232e+01 5.267602000000000118e+01 2.944066624762151463e+01 4.298906531440287182e+01
2.007543799999999834e+01 5.987299300000000102e+01 1.576544223069242534e+01 6.974969828926040805e+01
2.636280999999999963e+01 3.913632599999999684e+01 8.380509332763148578e+00 5.344480883147207351e+01
7.945763000000000353e+00 4.411631400000000269e+01 4.591188918140812092e+00 6.994508004482213437e+01
3.916384500000000202e+01 4.948387000000000313e+01 1.394670150055624447e+00 4.318986529437795241e+01
1.183619900000000058e+01 3.823445999999999856e+01 3.496910667017620256e+01 6.166832148214511733e+01
4.432310000000000194e+00 3.896035799999999938e+01 2.045981470926309242e+01 6.834299866258646716e+01
3.300739699999999743e+01 6.188072199999999867e+01 1.287411113341687141e+01 6.552295374332139488e+01
1.294523099999999971e+01 6.249643999999999977e+01 4.382555316607751905e+01 5.671501282761762752e+01
2.851350000000000051e+01 6.895631000000000199e+01 3.507989843907324001e+01 5.684842059435820261e+01
1.727717200000000020e+01 4.409152600000000177e+01 1.117162414449829200e+01 3.611240822621613233e+01
3.064880199999999988e+01 6.226072299999999871e+01 3.395092666608569942e+01 4.581544044407540639e+01
2.740781199999999984e+01 5.456062000000000012e+01 3.162247290810496025e+01 3.819459757726561122e+01
1.325831499999999963e+01 5.285654000000000252e+01 3.304597351921743353e+01 4.088624461849580172e+01
9.013806000000000651e+00 6.765694999999999482e+01 2.330613622252875672e+01 5.698046666657867831e+01
4.472190499999999957e+01 4.589005000000000223e+01 1.500628961031287645e+01 6.937143418318186150e+01
8.745746999999999716e+00 4.840332399999999780e+01 1.511703537655167295e+01 3.900802969516324481e+01
2.594887699999999953e+01 5.495236200000000082e+01 3.971823161080332731e+00 5.737493456151459270e+01
2.289797000000000082e+01 5.079617999999999967e+01 2.019894040517862166e+01 4.696907249369558457e+01
4.539229600000000175e+01 5.146494700000000222e+01 4.207544402514505322e+01 5.594065235494436905e+01
2.660724000000000089e+00 3.756815699999999936e+01 3.117674897548098301e+01 5.108694014921319138e+01
4.529219000000000328e+00 5.233984399999999937e+01 4.437196020855765966e+01 3.603279500309204764e+01
1.849579999999999913e+01 4.798877300000000190e+01 1.552266017405760223e+01 6.450830656037187794e+01
4.549361999999999995e+01 3.897294600000000031e+01 3.246040260957744295e+01 4.480256660644037936e+01
2.033621799999999880e+01 3.957864399999999705e+01 3.720759264601270644e+01 3.526590410070070902e+01
2.672928999999999888e+01 4.920162200000000041e+01 1.229898958350491611e+01 6.547918530964770412e+01
2.438894000000000162e+01 4.290178999999999832e+01 3.344142321857113132e+01 4.350111592200313737e+01
3.368555000000000188e+00 4.867943000000000353e+01 3.974785686052947398e+01 3.644874679179550725e+01
1.487817199999999929e+01 4.034246999999999872e+01 1.742975027895518991e+01 5.587048603428623750e+01
2.937434999999999974e+01 5.845738000000000056e+01 1.731196290035289742e+00 6.215545042241608087e+01
1.072217599999999926e+01 4.875171999999999883e+01 3.547799623159165350e+01 5.434062229853414294e+01
5.113000999999999685e+00 5.921156700000000228e+01 3.506613446562733571e+01 5.964171953455097253e+01
1.311885200000000040e+01 5.720719499999999869e+01 4.400397819158708046e+01 6.234001292015653917e+01
1.222822599999999937e+01 5.905696499999999816e+01 2.720794949034131349e+01 4.210770036171721387e+01
1.514843800000000051e+01 5.716935699999999798e+01 1.809915994051565136e+01 4.636266007860448468e+01
1.503721299999999950e+01 3.982746499999999656e+01 1.509082100947487426e+01 5.764272307283413710e+01
3.978492399999999662e+01 6.245087399999999889e+01 2.797365669158638468e+01 6.590983602380342177e+01
2.688272500000000065e+01 5.925691199999999981e+01 3.813311329698643171e+00 6.470810075756929791e+01
2.438582399999999950e+01 4.978819000000000017e+01 4.328886295020536323e+01 4.923144336516108410e+01
3.187877699999999948e+01 5.322990999999999673e+01 4.272505984516958932e+01 6.264854241168241344e+01
4.465359500000000281e+01 6.270553199999999805e+01 8.436247102120284502e-01 5.426310069088981436e+01
1.803360000000000074e+00 6.421188999999999680e+01 1.037339112269416219e+01 3.664824531514864958e+01
2.597574399999999883e+01 5.057500000000000284e+01 2.184654202805650769e+01 6.241716054335049080e+01
5.372366999999999670e+00 6.773641000000000645e+01 2.757992738318834824e+01 3.772524169712666975e+01
1.015537699999999965e+01 6.202507800000000060e+01 2.905988133552219210e+01 5.434382475196081685e+01
1.939451599999999942e+01 3.591340999999999894e+01 3.483754047570994317e+01 4.387581780077169924e+01
2.098025900000000021e+01 5.661211000000000126e+01 1.245839683135097076e-02 6.599137549944472880e+01
4.107850599999999730e+01 4.500301699999999983e+01 2.693772934277354381e+01 5.539566227835543089e+01
2.267185999999999879e+01 3.631289699999999954e+01 1.295482565951468423e+01 3.600580220648546970e+01
1.815844699999999889e+01 5.882326499999999925e+01 2.631488915309259013e+01 6.304438061144963967e+01
4.555444700000000324e+01 5.114401999999999759e+01 1.501571785698635964e+01 6.386090726411156737e+01
2.150876999999999839e+01 6.106205400000000338e+01 3.758537088208754540e+01 4.437046288631310631e+01
2.327069499999999991e+01 6.839197500000000218e+01 6.164340958980353946e+00 6.241571826571743031e+01
9.099698999999999316e+00 6.580513999999999442e+01 7.080154849348566870e+00 3.659230381247976283e+01
3.840476999999999919e+01 4.802229299999999768e+01 2.673583420483312878e+01 4.823756812093203905e+01
2.281337999999999866e+01 6.137724999999999653e+01 1.554207017946851721e+01 4.372525898600267880e+01
1.508308700000000080e+01 4.363540600000000325e+01 3.631852279891977986e+01 3.635105946050933312e+01
1.827864299999999886e+01 6.959923600000000476e+01 3.633696214285908166e+00 6.593551554500402290e+01
1.473449699999999929e+01 5.681922000000000139e+01 9.115172922699214197e+00 5.727607346315394210e+01
4.165196999999999861e+01 5.948239999999999839e+01 8.261190049504948618e+00 5.807147160414625375e+01
3.533431600000000117e+01 6.022433000000000192e+01 3.452697610157110120e+01 6.007734991039288275e+01
4.028588500000000039e+01 4.559118000000000137e+01 1.951118773213748980e+01 5.520479084813889870e+01
3.920638999999999896e+01 5.639114399999999705e+01 1.491388359354002446e+01 3.615608219224633757e+01
2.024331300000000056e+01 4.265122199999999708e+01 3.657536948695108592e+00 6.033815465835719749e+01
3.748384500000000230e+01 5.810287499999999739e+01 9.709912936898462021e+00 5.524071095872388071e+01
2.393510399999999905e+01 4.350332600000000127e+01 1.244496493767922729e+01 5.354367100533711010e+01
1.968588000000000093e+01 6.420694000000000301e+01 3.816453451040612777e+01 6.071390571322445595e+01
3.187994199999999978e+01 4.637134600000000262e+01 4.422685792953162576e+01 6.201243309423287542e+01
1.938222499999999826e+01 4.882643499999999648e+01 1.485215487320445149e+01 4.300048801627568196e+01
3.349969500000000266e+01 4.499876799999999832e+01 1.379651491803518937e+01 6.895248705844127812e+01
1.367731999999999948e+00 4.619572999999999752e+01 3.614030727386302289e+01 4.070791172846981709e+01
3.925200300000000198e+01 3.768174700000000144e+01 2.299943442593726406e+00 3.603794253854039908e+01
8.553300000000000347e-01 4.195217000000000240e+01 2.409515889341542660e+01 5.611880924177281571e+01
1.437744299999999953e+01 6.857734000000000663e+01 2.172085800832489255e+00 3.541386556433303667e+01
1.700169999999999959e+01 6.838509000000000526e+01 2.667898077174053384e+01 3.675133485218889007e+01
1.335586299999999937e+01 5.512932599999999894e+01 1.671325165468805940e+00 4.816050215557447700e+01
2.967112499999999997e+01 3.584777499999999861e+01 2.955320398247802061e+01 5.722702043561456264e+01
2.068824199999999891e+01 6.771029000000000053e+01 4.022056055919703965e+01 4.742250948644608854e+01
1.121525000000000105e+00 3.588662699999999717e+01 1.832111991456656241e+01 4.895099427059908237e+01
4.233345400000000325e+01 4.754197299999999871e+01 2.326969327935580623e+01 6.906608711244706456e+01
9.346899999999999764e+00 5.661178000000000310e+01 8.092135681616317910e+00 6.442704149114391043e+01
7.131016999999999939e+00 4.027053999999999689e+01 4.036553976679672218e+01 6.542072155542645362e+01
4.005278799999999961e+01 3.870543299999999931e+01 7.812371108330423475e+00 3.543301146950081915e+01
2.493638999999999939e+00 6.214336399999999827e+01 4.164499566677533693e+01 3.663364790377816860e+01
2.060565799999999825e+01 6.561162000000000205e+01 1.624850011077495893e+01 6.588270591240102192e+01
3.617690699999999993e+01 5.807121000000000066e+01 4.292885164233399564e+01 5.752758274381839243e+01
7.663569999999999549e-01 5.676845000000000141e+01 4.332642905571025693e+01 6.599845804090415413e+01
1.274836099999999917e+01 3.599215699999999885e+01 4.583958313891510983e+01 6.821489933129846861e+01
3.600413999999999959e+01 6.673878499999999292e+01 3.730925486814242475e+01 4.384376645540008610e+01
4.070571499999999787e+01 3.708055499999999682e+01 4.433334019884313904e+01 5.961711223820630323e+01
2.819666899999999998e+01 5.531607000000000340e+01 3.702447673116840576e+01 3.850090055654620613e+01
2.533393699999999882e+01 6.273575999999999908e+01 4.338272784061639697e+01 6.506280803847937477e+01
1.736237999999999948e+00 6.562942999999999927e+01 4.589786407335872553e+01 5.812430104919875617e+01
6.717490000000000405e-01 5.026116999999999990e+01 1.448877260493142316e+01 6.096382998934966224e+01
3.504869999999999930e+00 5.544690299999999894e+01 4.577106072670959236e+01 5.976938623303050946e+01
1.792575999999999947e+00 6.566705000000000325e+01 3.651339494400783980e+00 4.753026002797808758e+01
4.297102699999999942e+01 4.018625000000000114e+01 1.794965660096982418e+01 6.195167315749570491e+01
2.298565999999999931e+01 5.896047200000000288e+01 6.441610622224819060e+00 6.782677588661717039e+01
3.283919000000000210e+01 4.826971000000000345e+01 1.215493395804113064e+01 5.118242506414244275e+01
1.232374599999999987e+01 6.726905999999999608e+01 4.280098277159297027e+01 4.637023193184231218e+01
1.195357999999999921e+00 4.178886800000000079e+01 3.154457610734092299e+01 3.971432568958185527e+01
3.875490000000000101e+00 3.854487199999999802e+01 8.310472790895083506e+00 4.677728836908072907e+01
2.812244600000000005e+01 5.339934000000000225e+01 4.566110800675478743e+01 6.647491417743839293e+01
2.216705899999999829e+01 3.504111000000000331e+01 5.166534726888802886e+00 5.100007800524282686e+01
3.047414999999999985e+00 6.014426999999999879e+01 3.739140373199804657e+01 4.885642692058012670e+01
4.519897499999999724e+01 6.008669700000000091e+01 4.111534789763103959e+01 3.854121229343823529e+01
2.414413800000000165e+01 5.193639000000000294e+01 1.930770362791507155e+00 5.696570911600672105e+01
8.813024999999999665e+00 4.602725600000000128e+01 2.905572601068727678e+01 4.735082634213021890e+01
2.681961000000000084e+01 4.592275599999999969e+01 3.938128938003914215e+01 5.668800762326562648e+01
4.495559000000000083e+01 3.994478000000000151e+01 3.931909443020006734e+01 4.129758957726112101e+01
2.506359999999999921e+00 5.668997999999999848e+01 1.103022935218304301e+00 6.221735466896681999e+01
1.876446299999999923e+01 6.076584199999999925e+01 5.970727862204140202e+00 4.959374452637986508e+01
3.387635000000000218e+01 3.971460700000000088e+01 2.424111976343201036e+01 5.168983231625753660e+01
2.036884299999999826e+01 5.809732400000000041e+01 1.766603850536893106e+01 4.381862924697836092e+01
3.804522300000000001e+01 5.543197599999999881e+01 2.343759405985720967e+00 6.758846916304493391e+01
3.356141000000000041e+00 5.149274400000000185e+01 3.232228478883137512e+01 6.405596408599919300e+01
1.676206399999999874e+01 5.375233000000000061e+01 1.844350835294253699e+01 3.501495467795960082e+01
2.183019600000000082e+01 6.223498000000000019e+01 4.229580457307744723e+01 5.377953383905258988e+01
4.299331999999999709e+01 5.573726700000000278e+01 1.123788989301610641e-02 6.749835655832396242e+01
3.505207000000000050e+01 3.862663700000000233e+01 3.882494725153445359e+01 6.331765131930224300e+01
5.171209000000000167e+00 4.534414699999999954e+01 1.186774061162455496e+01 5.138045952251820836e+01
3.919000199999999978e+01 6.236616999999999678e+01 2.426194922481016647e+00 5.158434475645636041e+01
1.179763799999999918e+01 5.335280000000000200e+01 2.236124369945872203e+01 3.835967084024930074e+01
4.515878299999999967e+01 6.414052999999999827e+01 2.341966795257006595e+01 6.206424549876124530e+01
2.408047999999999966e+00 4.782771699999999981e+01 7.922364354274909815e+00 5.485161205358301117e+01
5.575915000000000177e+00 6.172149300000000238e+01 8.640143025884690076e+00 6.278289914809958816e+01
2.134813899999999975e+01 5.967324399999999684e+01 3.106767415051122860e+00 4.594069396622963097e+01
3.825388999999999839e+01 5.077444500000000005e+01 1.111287038517224346e+01 6.573286580708412430e+01
7.508305000000000007e+00 5.661182000000000158e+01 2.886152968116820006e+01 5.443558894374223200e+01
3.898116699999999923e+01 5.689932999999999907e+01 1.119917538583578898e+00 5.571639982346745512e+01
4.212149399999999844e+01 6.453396600000000660e+01 2.543779976862399650e+01 6.803179104795890453e+01
1.943189200000000127e+01 5.434365999999999985e+01 3.524901979292869925e+01 4.677522029812151061e+01
2.995242700000000013e+01 5.311990999999999730e+01 1.162814860182694332e+01 5.327263015252887612e+01
7.135664000000000229e+00 6.050216999999999956e+01 2.140259035091315809e+01 3.506201242312503297e+01
2.448678800000000066e+01 3.684611499999999751e+01 1.232725392902735173e+01 4.941784878929911429e+01
1.598397399999999990e+01 4.837521699999999925e+01 6.281223270874995990e-01 6.040000720971853099e+01
6.932540000000000369e-01 6.636635599999999613e+01 3.644720074109437213e+00 4.399842408746655309e+01
1.347383899999999990e+01 4.578123000000000076e+01 3.404035972990261172e+01 3.572682807102641789e+01
1.598899000000000070e+00 5.762331799999999760e+01 1.948091292174818179e+01 6.826791287567003508e+01
1.154176200000000030e+01 3.881593000000000160e+01 2.024232940896838073e+01 6.604637147034108580e+01
3.692754999999999654e+01 4.966668299999999903e+01 2.018456834797030197e+01 4.371120606995417290e+01
5.435849999999999849e-01 5.087683499999999981e+01 2.369642420882111189e+00 5.811260356240043734e+01
3.663068400000000224e+01 3.720955299999999966e+01 2.240398921374823615e+01 6.320008872822921830e+01
6.140807999999999822e+00 6.441580999999999335e+01 8.053924259580787393e+00 5.557020019936589250e+01
4.106463200000000313e+01 6.029666000000000281e+01 2.001317014984333298e+01 4.059326235201036326e+01
2.481784999999999997e+01 4.288738299999999981e+01 7.163404611171629632e+00 6.942437235755130587e+01
2.085494800000000026e+01 4.339833999999999747e+01 2.337486251080393984e+01 6.329918605105811480e+01
1.164707100000000040e+01 6.195557000000000158e+01 2.574838776628491033e+01 5.104149131544660634e+01
1.966299999999999937e+00 6.505498000000000047e+01 9.585512029786460886e+00 6.058380870642645988e+01
2.502651399999999882e+01 5.333936700000000286e+01 3.468843097985819668e+01 5.395097068139283891e+01
3.235574299999999681e+01 6.906504999999999939e+01 1.242606328568325758e+01 5.813034299636080959e+01
2.482541000000000153e+01 5.199361400000000089e+01 4.056972287044340675e+01 6.232247002459155283e+01
4.102664999999999651e+01 6.391889599999999660e+01 2.247284745113088533e+01 4.700795564981992669e+01
1.512264300000000006e+01 4.773452799999999741e+01 4.563387004360755128e+01 4.452163190901919165e+01
3.673153299999999888e+01 5.065042499999999848e+01 3.532743392979359243e+01 4.087070282529617060e+01
1.075213399999999986e+01 5.428094500000000266e+01 7.304913225140635902e+00 5.434483298444766319e+01
