1.125173599999999965e+02 5.915978199999999987e+01 1.171175317929111657e+02 4.181639578842857219e+01
1.355295900000000131e+02 6.609440999999999633e+01 1.220474885346967966e+02 5.381044043251256426e+01
1.356126999999999896e+02 6.516836999999999591e+01 1.173046342012922025e+02 6.468337268935322015e+01
1.069787699999999973e+02 5.488469299999999862e+01 1.013179292669360194e+02 5.515410518292030417e+01
1.036505360000000024e+02 6.049356499999999670e+01 1.332013787354748615e+02 5.914163309345410369e+01
1.259752500000000026e+02 6.325342599999999749e+01 9.913131876351197036e+01 5.701840584277256596e+01
1.091006399999999985e+02 6.401333999999999946e+01 1.010896800783771994e+02 6.920279794592180167e+01
1.337864800000000116e+02 4.280589700000000164e+01 1.098581621944017712e+02 6.186741681958622507e+01
1.174546660000000031e+02 6.629116000000000497e+01 1.329297978204603794e+02 3.578844868423190206e+01
1.088075999999999937e+02 5.766346999999999667e+01 1.356089808961356482e+02 6.640736044258275683e+01
1.182919160000000005e+02 5.945187800000000067e+01 1.176748782770747681e+02 6.874260750404937426e+01
1.229342350000000010e+02 3.806519000000000119e+01 9.773429764276338005e+01 5.876972271171707973e+01
1.024424999999999955e+02 4.960085300000000075e+01 1.082597751078186548e+02 6.192748439272094885e+01
1.075883599999999944e+02 5.282531000000000176e+01 1.119749934224390415e+02 4.785420850161778361e+01
1.141637900000000059e+02 4.951098999999999961e+01 1.037662956619082451e+02 6.768081205975411763e+01
1.163975800000000049e+02 5.655846799999999774e+01 1.366830601564735161e+02 6.274900794353774813e+01
1.246282649999999990e+02 5.924320600000000070e+01 1.331780052750256971e+02 4.233419955573762650e+01
9.234273000000000309e+01 4.051689499999999811e+01 1.271085567697214174e+02 6.323929965103710060e+01
1.057105300000000057e+02 3.682755300000000176e+01 1.280187231932916632e+02 6.192852434200931100e+01
1.186249159999999989e+02 5.556978000000000151e+01 1.189801200466432078e+02 5.922700167852469377e+01
1.181204450000000037e+02 6.399257999999999669e+01 1.074922749608074923e+02 4.483933564659421478e+01
1.153847399999999936e+02 4.947471999999999781e+01 1.193543144499050754e+02 5.707939611125848955e+01
1.368194699999999955e+02 4.425694699999999671e+01 1.296397156973638118e+02 4.239338358562531539e+01
1.371694799999999930e+02 4.248412700000000086e+01 1.142464750565714553e+02 6.445219133497850805e+01
1.344615799999999979e+02 6.846796999999999400e+01 1.078630345249266185e+02 4.095204125761625136e+01
9.782887999999999806e+01 6.410737600000000214e+01 1.324929768806545098e+02 6.244417832596204221e+01
1.098561600000000027e+02 5.904984300000000275e+01 1.029873055205277268e+02 3.808440708937577313e+01
1.073776550000000043e+02 5.938331199999999654e+01 1.027333065364685041e+02 4.557005510007645199e+01
1.147703699999999998e+02 6.392184400000000011e+01 1.358057849452318351e+02 5.238207284224630200e+01
9.591960000000000264e+01 4.517667999999999751e+01 1.269350040400018855e+02 5.189253443664470922e+01
1.220326299999999975e+02 4.341784299999999774e+01 1.270692076895879552e+02 4.504163536815511293e+01
1.289340799999999945e+02 6.449040999999999713e+01 1.003567791388252743e+02 3.657649168384594418e+01
9.236632000000000176e+01 6.560200500000000545e+01 1.000945597256895070e+02 3.834979737383551424e+01
1.068734500000000054e+02 6.745280999999999949e+01 1.117869965403106391e+02 4.674609962016010911e+01
9.665185499999999763e+01 3.616345599999999649e+01 1.075721854265013917e+02 6.447295909129847757e+01
9.561668000000000234e+01 4.422358299999999787e+01 1.347207527128475988e+02 5.440194297983870797e+01
1.228118999999999943e+02 5.799903499999999923e+01 1.164858168466613506e+02 3.846551129705740379e+01
1.023858199999999954e+02 3.657377999999999929e+01 1.348754727817058665e+02 3.953022600510380613e+01
1.036454540000000009e+02 4.170605499999999921e+01 1.166452761354527752e+02 5.261032852137584825e+01
1.262209900000000005e+02 6.019633499999999771e+01 1.376824343028766862e+02 5.032368688917323141e+01
1.257779199999999946e+02 5.830902999999999992e+01 1.313782842256441086e+02 5.271688246630967001e+01
1.053043749999999932e+02 6.123841500000000337e+01 1.118796715549389518e+02 5.843875029784092590e+01
1.200044860000000000e+02 5.179543999999999926e+01 1.046078010901723729e+02 3.519420880483912839e+01
9.453377000000000407e+01 4.481956000000000273e+01 1.338811102969492595e+02 4.059058916679227735e+01
1.232675399999999968e+02 6.537632000000000687e+01 1.342028004375861769e+02 3.792480044574084985e+01
1.166439299999999974e+02 6.002734800000000348e+01 1.063772579781539349e+02 5.329139409102756986e+01
1.263967360000000042e+02 5.731173299999999671e+01 1.022542040876584508e+02 4.698708095594614065e+01
9.585886000000000706e+01 4.669525500000000306e+01 1.265400450930208649e+02 3.537814307678733172e+01
1.316365399999999966e+02 3.878450000000000131e+01 1.142004726392199387e+02 5.003546429270213025e+01
9.586207600000000184e+01 6.848787000000000091e+01 1.195809033101528200e+02 6.205127901788855382e+01
9.906495999999999924e+01 4.690949200000000019e+01 1.150459200249015339e+02 5.412496512206923427e+01
1.271025999999999954e+02 4.968224699999999672e+01 1.156269647297798429e+02 4.371447413344989741e+01
1.298146000000000129e+02 3.878756299999999868e+01 1.202199820265015973e+02 6.121979419331383809e+01
1.049200600000000065e+02 5.159464599999999734e+01 1.336920951325251394e+02 3.750958455730469154e+01
1.125400300000000016e+02 5.844268000000000285e+01 1.053087807195086043e+02 6.740901223026131106e+01
9.430994400000000155e+01 3.826120999999999839e+01 1.127960398639270636e+02 6.048278496322944875e+01
1.032490999999999985e+02 5.142062399999999656e+01 1.339834769889626216e+02 6.909135620061371696e+01
1.045561399999999992e+02 6.183984399999999937e+01 1.246468617097625895e+02 6.817379955390288160e+01
1.036968150000000009e+02 4.178603400000000079e+01 1.108501529468418454e+02 6.994703532881933938e+01
1.051910500000000042e+02 6.141910000000000025e+01 1.009916315643065303e+02 4.925494731071285770e+01
9.756262999999999863e+01 3.864609000000000094e+01 1.304067337934973239e+02 4.960518441887191443e+01
1.121689200000000000e+02 5.632432000000000016e+01 1.100828666609026101e+02 3.984828054279935117e+01
1.310022299999999973e+02 4.827316700000000083e+01 1.342880639830217149e+02 3.541140403717677287e+01
1.071239800000000031e+02 3.955064000000000135e+01 1.041283370450517083e+02 3.529920666559213771e+01
1.131384099999999933e+02 6.113991000000000042e+01 1.123735094798785923e+02 6.029068407625223358e+01
1.199728999999999957e+02 5.766958199999999835e+01 1.004279771889885211e+02 3.889280887762127747e+01
1.361228000000000122e+02 6.129634500000000230e+01 9.775313640479758703e+01 5.572147352406864940e+01
1.213515400000000000e+02 6.252680200000000355e+01 1.286921779034940982e+02 6.327889638734752964e+01
1.261081400000000059e+02 5.861932800000000299e+01 9.386191737352766040e+01 5.015573833529966663e+01
1.353791999999999973e+02 5.697131999999999863e+01 1.134383791736936047e+02 6.946715114814719527e+01
1.325495500000000106e+02 6.693295999999999424e+01 1.292723382894228621e+02 4.741066784100436848e+01
1.005112900000000025e+02 6.521495000000000175e+01 1.352060411180978576e+02 4.003099337493809173e+01
1.034064599999999956e+02 5.662991300000000194e+01 1.211421144120414795e+02 3.786754124586602899e+01
1.221991199999999935e+02 6.438330000000000553e+01 1.096642013531407116e+02 4.154663046641754676e+01
1.350449500000000000e+02 6.808737000000000705e+01 1.069679672949758213e+02 6.155757022458185901e+01
1.057902449999999988e+02 5.173060999999999865e+01 1.259840406377181807e+02 4.543334086183836007e+01
1.230872600000000006e+02 5.766456199999999654e+01 1.309816433829845437e+02 4.923324418571264260e+01
9.611647000000000673e+01 3.565590699999999913e+01 1.280732444907386594e+02 5.575749216881125392e+01
1.024738499999999988e+02 4.791127000000000180e+01 1.082414690003490136e+02 5.866198942937538163e+01
1.282981599999999958e+02 5.883059999999999690e+01 1.134084653916998207e+02 5.833656120953848045e+01
1.307389000000000010e+02 4.745127000000000095e+01 1.006206412872616767e+02 5.531164425017963993e+01
1.223489299999999957e+02 6.903766000000000247e+01 1.184254156129724151e+02 4.942167343652028677e+01
9.706588999999999601e+01 4.277789299999999884e+01 1.001409047927707121e+02 5.481136126507105644e+01
1.235697799999999944e+02 5.542328299999999786e+01 1.287674571038916724e+02 6.798741379022401077e+01
1.027361449999999934e+02 5.789111299999999716e+01 1.155087872322299916e+02 5.345051836584367777e+01
1.080429900000000032e+02 6.745574999999999477e+01 1.070262645491369540e+02 5.756353226740064599e+01
1.367533300000000054e+02 4.169169999999999732e+01 1.154049329936792248e+02 5.436622168489458318e+01
1.286388200000000097e+02 3.578967699999999752e+01 1.347287488269138009e+02 5.758947943991829277e+01
1.123580249999999978e+02 5.506044800000000095e+01 1.129169486829288473e+02 4.574574430437678529e+01
1.026166599999999960e+02 4.556600999999999857e+01 1.322097425704014597e+02 5.027712862311254582e+01
1.015482800000000054e+02 4.530285299999999893e+01 1.310615884473962751e+02 6.551547753607172808e+01
1.355086499999999887e+02 4.546078500000000133e+01 1.011432926502081671e+02 4.060351527622577805e+01
1.225227399999999989e+02 6.992002999999999702e+01 9.332671470523374069e+01 4.579754012151141751e+01
1.357686199999999985e+02 6.933247000000000071e+01 9.608448421998548383e+01 4.764701481309239739e+01
9.403705999999999676e+01 4.715122999999999820e+01 1.088282623742762496e+02 6.201158249953864754e+01
9.864117000000000246e+01 5.798105999999999938e+01 1.302590823582554549e+02 5.525478025004288440e+01
1.099144100000000037e+02 6.617153999999999314e+01 1.219812823583990138e+02 4.100302515776014900e+01
1.232775599999999940e+02 5.760479000000000127e+01 1.105965584576272107e+02 6.049345722136687442e+01
1.342359199999999930e+02 3.987059399999999698e+01 1.061568033953833776e+02 6.969963200764479438e+01
1.376304800000000057e+02 6.745615999999999701e+01 1.097916934487990659e+02 5.051667033875889956e+01
1.236457199999999972e+02 5.030331000000000330e+01 1.205758309478329267e+02 5.351375930848811890e+01
1.081573640000000012e+02 6.815505000000000280e+01 1.263046536970480673e+02 4.622893399695150407e+01
1.156950899999999933e+02 5.053078000000000003e+01 1.144097897786635656e+02 6.790323546672226485e+01
1.303312400000000082e+02 4.228504600000000124e+01 1.053548965402226543e+02 4.441581350391700056e+01
1.299178499999999872e+02 4.253137000000000256e+01 1.337709579502924839e+02 6.583662690920493787e+01
1.167870249999999999e+02 6.279258300000000048e+01 1.331854672406471707e+02 5.352329893254990623e+01
1.067069400000000030e+02 4.732230400000000259e+01 1.280975450337524251e+02 6.071073911039803761e+01
1.021030300000000040e+02 4.086724499999999694e+01 1.177189820653320851e+02 3.631173957380362083e+01
1.109914700000000067e+02 4.460734599999999972e+01 1.324590928999857908e+02 5.962755776875211211e+01
1.075940999999999974e+02 4.945640999999999821e+01 1.269892834295925184e+02 4.308512906980891444e+01
1.260512999999999977e+02 3.939421500000000265e+01 1.002625785473242246e+02 6.873866089222228482e+01
9.978782999999999959e+01 4.249482700000000079e+01 1.049912538172402208e+02 5.542166300555474834e+01
1.167755899999999940e+02 4.755013999999999896e+01 1.176879506719997295e+02 5.998860880420970432e+01
1.301404599999999903e+02 4.801626999999999867e+01 1.091289014174630410e+02 4.460020722365173640e+01
1.350347299999999962e+02 5.258572800000000314e+01 1.362100825797614618e+02 6.160391560000255140e+01
1.071446150000000017e+02 4.498988299999999896e+01 9.247237038552232491e+01 6.743203948975451567e+01
1.352501800000000003e+02 4.408109999999999928e+01 1.370805399311650774e+02 5.313460242995483185e+01
9.593773000000000195e+01 3.950325000000000131e+01 1.238091286294376516e+02 4.816803257626730073e+01
1.051432700000000011e+02 6.517334999999999923e+01 1.152504718643452577e+02 6.587759994538446051e+01
1.324259299999999939e+02 3.863900399999999991e+01 1.337448774661118307e+02 5.721115346234510923e+01
1.171950599999999980e+02 5.229210700000000145e+01 9.279100770641767326e+01 4.636414879188215821e+01
1.197192299999999960e+02 4.008272999999999797e+01 1.198895815617212293e+02 4.865863194732024510e+01
1.008349599999999953e+02 4.032369599999999821e+01 1.227533273510873499e+02 6.748990143418933485e+01
1.256783449999999931e+02 6.448287999999999442e+01 1.189763268284487481e+02 4.006015274625104894e+01
1.298942000000000121e+02 6.099855399999999861e+01 1.345131250754185430e+02 5.362824881384102582e+01
1.233819400000000002e+02 6.412963000000000591e+01 1.161797506320716735e+02 6.540239530629912679e+01
1.257979050000000001e+02 5.700703000000000031e+01 1.350436232494905369e+02 4.394506201484502839e+01
1.229744599999999934e+02 6.639226999999999634e+01 1.255699200394417971e+02 4.266678100427722597e+01
1.341092700000000093e+02 4.740836000000000183e+01 1.076760149668129145e+02 3.924047492261605896e+01
1.073355700000000041e+02 5.718049599999999799e+01 1.327264385488276730e+02 4.098074918980450576e+01
1.082286500000000018e+02 5.776035300000000206e+01 9.885676667132736384e+01 4.610806299361412641e+01
1.359746100000000126e+02 4.991206400000000087e+01 1.100471567737588572e+02 6.894642633948870980e+01
1.238954300000000046e+02 5.609817999999999927e+01 9.940929369136367200e+01 5.066766564837266174e+01
1.348845799999999997e+02 5.349767700000000303e+01 1.098968296573447958e+02 6.818627764542965508e+01
1.257912699999999973e+02 6.728931400000000451e+01 1.284736870488214322e+02 5.270382952635938523e+01
9.580971999999999866e+01 3.681184999999999974e+01 1.166345868585363093e+02 4.250642041460525888e+01
1.350201999999999884e+02 6.758678000000000452e+01 9.307520177689724505e+01 6.893687799320895238e+01
1.130486199999999997e+02 4.482816300000000354e+01 1.141606041811333085e+02 5.708966799187012953e+01
1.132395700000000005e+02 6.801037999999999784e+01 1.253264998125968646e+02 5.454040338576039915e+01
1.370851099999999860e+02 4.890938599999999781e+01 1.122351370098502485e+02 6.197132048446152908e+01
1.325111100000000022e+02 4.371940599999999932e+01 1.110807077120839068e+02 6.929836544168510670e+01
1.259827999999999975e+02 6.793027999999999622e+01 1.235190000906564620e+02 5.003330467560743955e+01
1.220276499999999942e+02 4.974278999999999940e+01 1.152179637040446067e+02 3.633518642393541143e+01
1.296525100000000066e+02 6.308598700000000292e+01 9.637464439399424521e+01 6.096688084582386580e+01
1.218691299999999984e+02 5.613512800000000169e+01 1.085248707292419255e+02 6.892794765203132101e+01
1.221161599999999936e+02 4.257325399999999860e+01 1.207989892002524073e+02 5.875867312843119805e+01
1.216249099999999999e+02 5.011278999999999684e+01 1.153361002286658845e+02 6.676647781074066756e+01
1.008411700000000053e+02 5.847077600000000075e+01 9.288548304222018714e+01 4.114388309735348770e+01
1.348053999999999917e+02 6.591839000000000226e+01 1.088817715977095304e+02 3.814320267004027443e+01
1.227185599999999965e+02 6.845277400000000512e+01 1.254175326164755262e+02 4.475004424939119474e+01
1.042995760000000018e+02 5.166840700000000197e+01 1.184941818465000267e+02 4.932967268826592289e+01
1.312772500000000093e+02 3.568484999999999729e+01 1.201264405903823160e+02 5.166153671443396433e+01
9.670346999999999582e+01 4.025990699999999833e+01 1.376257151941152870e+02 6.507397852284977091e+01
1.076754459999999938e+02 5.661722999999999928e+01 1.284516019234199007e+02 4.929703081092922901e+01
1.348452000000000055e+02 6.890402000000000271e+01 1.343542264902957868e+02 3.741401368551870377e+01
1.084983440000000030e+02 3.555371499999999685e+01 1.283901245181117190e+02 5.276635346469802101e+01
1.086393659999999954e+02 6.617943599999999549e+01 1.339030453470026316e+02 4.130127922156444953e+01
1.250830600000000032e+02 3.697184800000000138e+01 1.043342249364174421e+02 5.644245599777401168e+01
1.198948400000000021e+02 4.435120400000000274e+01 1.216460339043050851e+02 6.104198097805835488e+01
1.195811199999999985e+02 4.741602300000000270e+01 1.248779192825019209e+02 3.703910611918077933e+01
1.147632449999999977e+02 5.398312800000000067e+01 1.372651454619693538e+02 6.089797891777156735e+01
1.307305000000000064e+02 6.293386000000000280e+01 1.051098468047820802e+02 6.494714602942941895e+01
1.075728150000000056e+02 6.970631000000000199e+01 1.221854936414470387e+02 4.182727255511684206e+01
1.077016699999999929e+02 6.938885999999999399e+01 9.372886348611115181e+01 4.026909689909977885e+01
1.180891699999999958e+02 4.686532199999999904e+01 1.104532079931119029e+02 4.327129625530797341e+01
1.049374200000000030e+02 6.033451999999999771e+01 1.105206711503883952e+02 6.316491868999725057e+01
1.181466199999999986e+02 6.767928000000000566e+01 9.920665335201387336e+01 3.534075430040848431e+01
1.276192300000000017e+02 6.958276999999999646e+01 9.848422884033205094e+01 4.347732902624781559e+01
1.137037799999999947e+02 3.800601600000000246e+01 1.217890101702938779e+02 3.943210545985852633e+01
9.272758000000000322e+01 3.881239300000000014e+01 9.548266969168339813e+01 5.307141454497660504e+01
1.350426199999999994e+02 4.207114800000000088e+01 9.236007067771356560e+01 5.413562865989193540e+01
1.234689800000000020e+02 6.978226499999999533e+01 9.919875843762588374e+01 3.663578013587305549e+01
9.305934999999999491e+01 4.107258600000000115e+01 1.029125531763378092e+02 6.533982178157654630e+01
1.017469499999999982e+02 4.542316399999999987e+01 1.200405396149910047e+02 5.664922132025091628e+01
1.069870700000000028e+02 4.500101500000000243e+01 1.015870363768940763e+02 5.227206630381279950e+01
9.737436999999999898e+01 4.396870400000000245e+01 1.007310431496964327e+02 5.924561403729612152e+01
1.167372359999999958e+02 5.683178699999999850e+01 1.115069561417207780e+02 6.693943775069882918e+01
1.269037859999999966e+02 4.217867999999999995e+01 1.224511993722515228e+02 3.982046492956477834e+01
1.197635999999999967e+02 4.041894500000000079e+01 9.851589096796971035e+01 5.923429849131498059e+01
1.188903499999999980e+02 6.277102699999999658e+01 1.099881206981356456e+02 6.162602904614756483e+01
1.073444700000000012e+02 4.474590299999999843e+01 1.299265137554452281e+02 4.897158083952010799e+01
1.214462000000000046e+02 4.286551999999999651e+01 1.058282673789117609e+02 3.579297769356821846e+01
1.051268599999999935e+02 6.441855999999999938e+01 1.359142980169206680e+02 3.793237482211128508e+01
9.678585999999999956e+01 4.120696999999999832e+01 1.037586467488825122e+02 5.115295256655343081e+01
9.324748999999999910e+01 4.051159700000000186e+01 9.510273713344136581e+01 6.417827501064228102e+01
9.481586000000000070e+01 3.759667999999999921e+01 1.055539403534968415e+02 4.540635846343717219e+01
1.301120999999999981e+02 6.029910699999999935e+01 1.072905618586767247e+02 6.213419805823173903e+01
1.095923700000000025e+02 4.702264399999999966e+01 1.362592941472819064e+02 4.837987186965082742e+01
1.007025200000000069e+02 4.594640400000000113e+01 1.353284128709480285e+02 5.880048253690035409e+01
1.239929350000000028e+02 5.824493400000000065e+01 1.235427859082005000e+02 3.585887732635906389e+01
1.323171800000000076e+02 6.300848799999999983e+01 1.014870185713610908e+02 4.047560808068091376e+01
1.306617899999999963e+02 4.834411000000000058e+01 9.558601218920237841e+01 5.238389547878351493e+01
1.181225699999999961e+02 6.140503300000000309e+01 9.748278668250635803e+01 5.957886529821264787e+01
1.259631959999999964e+02 4.027061499999999938e+01 1.182641865097336336e+02 6.305799428802718865e+01
9.746590999999999383e+01 3.522903999999999769e+01 1.286856920189026710e+02 5.865309428791096025e+01
1.359680600000000084e+02 6.824357600000000446e+01 1.294234758262444416e+02 4.339027739302951403e+01
9.911635599999999613e+01 4.543208700000000277e+01 1.012879165926758418e+02 4.195008199263271820e+01
1.312272299999999916e+02 5.305648800000000165e+01 9.786197004965036683e+01 3.603363366573678661e+01
1.233938299999999941e+02 5.521993299999999749e+01 1.107281089328918426e+02 5.371358580762861834e+01
1.020206699999999955e+02 6.437583999999999662e+01 1.159405393508442614e+02 5.597125193201537741e+01
9.293874999999999886e+01 4.023224299999999687e+01 1.048294652003260410e+02 5.173458919223141095e+01
1.071863249999999965e+02 6.242730300000000199e+01 1.327292591814409946e+02 6.951202843449226521e+01
9.702160000000000650e+01 6.526462600000000691e+01 9.455262987764470495e+01 6.377978052075180670e+01
1.031374500000000012e+02 5.669727000000000317e+01 1.220421811152906173e+02 6.920968200892298228e+01
9.654793499999999540e+01 6.589307399999999859e+01 9.917524212286831187e+01 3.624617708578164610e+01
1.137302549999999997e+02 6.806312599999999691e+01 1.268595281586681693e+02 6.147973093315110305e+01
9.847589000000000681e+01 4.683093300000000170e+01 1.232093469554216369e+02 3.861584042501660008e+01
1.140183200000000028e+02 5.003989800000000088e+01 1.020067813020564813e+02 5.561893366658208038e+01
9.639323400000000674e+01 3.893209999999999837e+01 1.368595454449260842e+02 6.952461392021396591e+01
1.227263399999999933e+02 6.087360000000000326e+01 1.114890952490482618e+02 4.105941668494345009e+01
9.754629500000000064e+01 4.071301299999999657e+01 9.211963997858887865e+01 3.734630892960251458e+01
1.080423499999999990e+02 5.507795300000000083e+01 1.213463660600475009e+02 3.555062593533160964e+01
1.118177259999999933e+02 4.837812000000000268e+01 1.145919199724557984e+02 6.771469577111119520e+01
1.099049200000000042e+02 6.526178000000000168e+01 1.219661463166603426e+02 6.346052777996725780e+01
1.297491300000000081e+02 3.993348999999999904e+01 1.044690336321938275e+02 3.938575686582508695e+01
1.129468899999999962e+02 3.654368999999999801e+01 1.344020797807371537e+02 3.501665222253873822e+01
1.280609699999999975e+02 5.697816000000000258e+01 9.996002082397563981e+01 5.459203216339790288e+01
1.259662200000000070e+02 6.340063500000000118e+01 1.013561961502563946e+02 6.706056104152501973e+01
1.276421699999999930e+02 6.256801600000000008e+01 1.225437538775862265e+02 3.564755505259157076e+01
1.017396800000000070e+02 6.241275399999999962e+01 1.129114951751448075e+02 4.125322140077735611e+01
9.285944000000000642e+01 6.436655399999999361e+01 1.156255216797668481e+02 5.487919395661535304e+01
1.325468099999999936e+02 4.995648599999999817e+01 1.129693967831430825e+02 3.829423788518144534e+01
1.137252799999999979e+02 5.611665699999999646e+01 9.614551791165477823e+01 3.894763028591830079e+01
1.020118899999999940e+02 4.672835500000000053e+01 1.290670945252109618e+02 3.828836034134053534e+01
1.280004600000000039e+02 3.990999000000000052e+01 1.230155330619183047e+02 4.651378400677937464e+01
1.077523300000000006e+02 5.574518199999999979e+01 1.082367007619051975e+02 4.615621324745247733e+01
1.003652199999999937e+02 3.889539299999999855e+01 1.030026811832637179e+02 6.143889519567963475e+01
1.083853900000000010e+02 6.878515000000000157e+01 9.891461903367138575e+01 5.719010893663831041e+01
1.187837750000000057e+02 6.548116000000000270e+01 1.275400929811083302e+02 5.617850666673865589e+01
1.360632300000000043e+02 5.379059999999999775e+01 1.235135682353615891e+02 6.047131437374537200e+01
1.079037399999999991e+02 4.452210199999999674e+01 1.278114167333914963e+02 6.521005082112377238e+01
1.293471700000000055e+02 3.539609500000000253e+01 1.285624654211415248e+02 6.298408051126321539e+01
1.241274899999999946e+02 6.685958999999999719e+01 1.155613678308862973e+02 5.704498619235222634e+01
1.288851300000000037e+02 4.390571200000000118e+01 1.092793498738035254e+02 3.676587353856285034e+01
9.265443399999999485e+01 6.441983000000000459e+01 1.095520014821628649e+02 4.157148814904572021e+01
1.012601200000000006e+02 4.201659000000000077e+01 1.006639385516423033e+02 5.631546621731069990e+01
1.294316399999999874e+02 5.819754999999999967e+01 1.366948156743152083e+02 5.156271207225049125e+01
1.057685550000000063e+02 5.152269700000000086e+01 1.300008960819528454e+02 5.823905114762026614e+01
1.031446399999999954e+02 5.876418999999999926e+01 1.193639771488057306e+02 6.457570005954848114e+01
1.296145500000000084e+02 6.769306000000000267e+01 1.297599047730699340e+02 6.202948600261582612e+01
1.033340800000000002e+02 3.773910000000000053e+01 1.216794802618936160e+02 4.916474325012168123e+01
1.265506500000000045e+02 5.804331200000000024e+01 9.630312048428402250e+01 6.361423498653573461e+01
9.766698999999999842e+01 4.774910700000000219e+01 1.186977774453799839e+02 6.548546412043802434e+01
1.367180799999999863e+02 5.411954000000000065e+01 1.361563818515548689e+02 6.000407433980493010e+01
1.087776499999999942e+02 5.057681000000000182e+01 9.559439598073625177e+01 4.716716229662227988e+01
1.379047700000000134e+02 6.282531699999999830e+01 1.304817845141888029e+02 5.885413508256569060e+01
1.254629000000000048e+02 5.991104500000000144e+01 1.069285497543505130e+02 4.840000155568227314e+01
1.276200500000000062e+02 5.576259600000000205e+01 9.881903992890187283e+01 4.315162382015526532e+01
9.762063600000000463e+01 6.396688000000000329e+01 1.015325846699539625e+02 6.228883776605326261e+01
1.231186399999999992e+02 6.432618999999999687e+01 1.136807587385629859e+02 5.458361754795535603e+01
1.342160499999999956e+02 4.353808999999999685e+01 1.300169522305022269e+02 5.578934872499008435e+01
1.043047600000000017e+02 5.100742000000000331e+01 1.172259958259337509e+02 5.572859780539016583e+01
1.353393900000000087e+02 4.892858999999999980e+01 1.284097113467955751e+02 4.779478407039172794e+01
1.066564999999999941e+02 4.534651999999999816e+01 1.060243968540018074e+02 3.926387366782064703e+01
1.104587300000000027e+02 6.794934999999999548e+01 9.920467935243372892e+01 6.652369142112063116e+01
1.150535050000000012e+02 6.566124000000000649e+01 1.366934192013503662e+02 5.307337941151524774e+01
1.202646799999999985e+02 5.673041500000000070e+01 1.110507765014183406e+02 4.968087837488520364e+01
1.130096049999999934e+02 5.862093399999999832e+01 1.207866413869399338e+02 6.507443642820672380e+01
1.153841400000000021e+02 4.948277300000000167e+01 9.791174317241573988e+01 6.059288797052212772e+01
9.235992000000000246e+01 4.153614000000000317e+01 1.342215763503928372e+02 5.712516293813209245e+01
1.048265999999999991e+02 5.412806299999999737e+01 1.284415959009469930e+02 6.689289560464038686e+01
1.348745299999999929e+02 3.554811999999999728e+01 1.125121838119871569e+02 5.833216195775598578e+01
1.098180700000000058e+02 5.583207000000000164e+01 1.266844788434956399e+02 5.969234931983361037e+01
1.000161360000000030e+02 6.424658999999999764e+01 1.108858579548611800e+02 6.698878529094932333e+01
1.355307500000000118e+02 6.441459999999999297e+01 1.217579465970596573e+02 5.611473673887332581e+01
1.110294700000000034e+02 5.223203699999999827e+01 1.312124948907178350e+02 4.117094747943763622e+01
1.069377000000000066e+02 6.451303000000000054e+01 1.192149628556154823e+02 4.241653697205818219e+01
1.084965059999999966e+02 5.703159999999999741e+01 1.367922975522070885e+02 5.433974683777049819e+01
1.337118000000000109e+02 4.433630999999999744e+01 1.262478646874300949e+02 4.310417595601313678e+01
1.162698599999999942e+02 4.766188400000000058e+01 9.694138347902953967e+01 4.062262066548644412e+01
1.085567700000000002e+02 5.495707699999999818e+01 1.312436506827792186e+02 5.174831090986243254e+01
1.102369840000000067e+02 5.928228399999999709e+01 1.237349171111218311e+02 6.828573067190214374e+01
1.254470500000000044e+02 6.952356000000000336e+01 1.285574049164559938e+02 5.234738650528205994e+01
1.225246900000000068e+02 6.022596699999999714e+01 9.889518424927724993e+01 6.480025917639773070e+01
1.355750400000000013e+02 6.164330000000000354e+01 1.158371329062425588e+02 6.242385116708380366e+01
1.020135899999999936e+02 4.708816499999999650e+01 1.092206766579773500e+02 4.676203600140231487e+01
1.239812500000000028e+02 5.665222500000000139e+01 9.250307712758829837e+01 5.782102292697178569e+01
1.022265400000000000e+02 3.530084999999999695e+01 1.066042024164503772e+02 4.837325122146750545e+01
1.355563199999999995e+02 6.550664500000000601e+01 1.040677873877561410e+02 3.919658284713160157e+01
