1.134188099999999935e+02 1.023753300000000088e+01 1.311246528542201020e+02 3.258748797720203783e+01
1.109553400000000067e+02 1.066729000000000038e+00 1.156731562250674301e+02 6.181562341726019483e+00
1.200400099999999952e+02 2.610586400000000040e+01 1.188228748035011932e+02 6.006244609790351241e+00
1.066784899999999965e+02 8.027340000000000586e+00 1.076301729460254677e+02 8.698806746425885805e+00
1.263779140000000041e+02 1.207870400000000011e+01 9.564091759748004051e+01 1.381015804617296894e+01
1.205864299999999929e+02 8.516370000000000218e+00 1.307486498650250439e+02 9.962304695649448760e-01
1.301593200000000081e+02 3.440213800000000077e+01 1.026741956255196726e+02 1.459358933670970515e+01
9.369768000000000541e+01 1.855701600000000084e+01 1.057533704496323139e+02 1.161381226261504729e+01
1.297718999999999880e+02 1.096346999999999916e+01 1.359090077730825783e+02 3.053621849957205825e+01
1.237617400000000032e+02 2.570814499999999825e+01 1.009063949174369128e+02 2.714254577648751265e+01
1.335451400000000035e+02 1.390628799999999998e+01 1.271886274566734585e+02 3.445140471443095098e+00
1.134364199999999983e+02 3.037878600000000162e+01 1.028941440261575053e+02 1.620007343340107431e+00
1.226914500000000032e+02 9.774010000000000531e+00 1.188139022296676046e+02 2.576865786547162784e+01
1.316590400000000045e+02 1.172049799999999919e+01 1.271708122512978036e+02 1.525695958946705666e+01
1.130484199999999930e+02 2.044042800000000071e+01 1.296031861450564975e+02 3.326807693362355600e+00
1.078603300000000047e+02 3.205924000000000262e+01 1.143411171474368331e+02 1.772863234958074585e+01
1.180868300000000062e+02 8.296312000000000353e+00 1.336611558299124454e+02 8.946707603179884671e+00
1.175795600000000007e+02 5.611371000000000109e+00 1.331573298185585941e+02 2.901049881919193751e+01
1.207382000000000062e+02 1.915753600000000034e+01 1.068680632635448120e+02 2.770079191263979723e+01
1.274986999999999995e+02 1.990880800000000050e+01 1.276190621348005010e+02 1.498990412591394339e+01
1.321269700000000000e+02 2.966490999999999989e+00 1.310174133107259138e+02 3.013736372420163789e+01
1.092301300000000026e+02 1.388265000000000082e+00 1.313749856873544104e+02 3.475961605807509613e+01
1.312255999999999858e+02 1.041509199999999957e+01 1.261795338735055338e+02 2.754380765790267915e+01
1.155710700000000060e+02 2.116927000000000092e+01 9.403895335947727574e+01 2.676063258645227450e+01
1.197753399999999999e+02 1.044808199999999943e+01 1.299107116433904707e+02 1.715978303921000503e+01
1.180108199999999954e+02 1.392753899999999945e+01 1.372824888460960437e+02 2.702473734459405108e+01
1.135080899999999957e+02 2.942609399999999908e+01 1.289928538590724543e+02 2.177923697154016125e-01
1.138388060000000053e+02 1.427283199999999930e+01 1.017872315990149019e+02 2.062699053211277445e+00
9.462124000000000024e+01 2.250560199999999966e+01 1.046824820166694536e+02 1.460315753090782209e+01
1.357156699999999887e+02 3.125895300000000177e+01 1.174404527729240897e+02 1.666270648435865098e+01
1.209513000000000034e+02 1.574554299999999962e+01 1.223146493413761107e+02 1.752227422254698297e+01
1.261324800000000010e+02 2.826121900000000053e+01 1.090133629164231479e+02 3.263308781482321308e+01
1.333230000000000075e+02 1.215278799999999926e+01 1.269791388491191526e+02 3.005234926439852572e+01
1.223199099999999930e+02 8.781103999999999132e+00 9.363414871542826745e+01 2.529549775160288760e+01
1.181156600000000054e+02 2.807990600000000114e+01 1.151460381974551410e+02 2.372088959959953769e+01
9.963335999999999615e+01 3.011660600000000088e+01 1.213555797716348224e+02 1.589051819307390900e+01
1.039038099999999929e+02 2.730013999999999896e+01 1.335588494518650577e+02 3.285135048875749675e+01
1.090422400000000067e+02 3.257660000000000000e-01 1.216388040119093432e+02 9.608409078402907477e-01
1.121307599999999951e+02 2.552255800000000008e+01 1.264432719672674779e+02 1.090588531048816634e+01
1.171555249999999972e+02 2.330280700000000138e+01 9.916155614114836681e+01 5.155114571869929385e+00
1.059587700000000012e+02 8.478775999999999868e+00 1.335059075221266198e+02 2.937669992898568339e+01
1.117162550000000039e+02 2.099041700000000077e+01 1.153538819395301118e+02 2.706122402180233877e+01
1.375393200000000036e+02 1.340690000000000026e+01 1.060601135500917849e+02 1.388689852110799805e+01
1.293635400000000004e+02 1.894171000000000049e+00 9.465051371959360438e+01 1.982897536357695856e+01
1.274613300000000038e+02 8.821358999999999284e+00 1.004282599395186111e+02 1.769638523384350393e+01
9.755183399999999949e+01 3.184772999999999854e+01 1.359831167716362472e+02 3.324170125910513462e+01
1.261208799999999997e+02 4.358299999999999674e-02 1.269448671711811727e+02 1.638818881012676343e+01
1.036258200000000045e+02 2.503497700000000137e+01 1.163325121367515464e+02 2.764705980885804948e+01
9.911983499999999481e+01 3.033258400000000066e+01 1.235468407529107537e+02 1.440358118515337438e+01
1.219842399999999998e+02 1.118587100000000056e+01 1.128267857426094167e+02 1.767145066832725320e+01
1.079673540000000003e+02 1.237299100000000074e+01 1.286612472614036733e+02 9.740978652604054489e+00
1.344432400000000030e+02 7.931499999999999773e+00 9.793942061393030940e+01 2.715350737581598040e+01
1.098299099999999981e+02 2.569585199999999858e+01 1.018779502984378382e+02 1.299410058158029280e+01
1.068494100000000060e+02 1.800854100000000102e+01 1.011314618812276365e+02 3.371995959968056411e+01
1.347473899999999958e+02 1.456310399999999916e+01 1.275570879666566384e+02 2.320826936400333196e+01
1.268019900000000035e+02 6.239142000000000188e+00 1.110570552548940242e+02 1.405199735063417243e+01
1.066796700000000016e+02 7.535884000000000249e+00 1.234543100102984852e+02 1.891333659160798764e+00
1.252135240000000067e+02 1.563707699999999967e+01 9.729009972000787343e+01 6.117958366927850333e-01
1.085241099999999932e+02 2.678840999999999894e+01 1.023379253212420394e+02 6.358204030497783599e+00
1.099067840000000018e+02 1.686253999999999920e+01 1.267139939493279144e+02 2.280459125489836580e+01
1.200969999999999942e+02 1.983857199999999921e+01 1.056875758352792474e+02 1.314288570420248448e+01
1.061289500000000032e+02 1.904555099999999968e+01 9.426590220378241725e+01 1.328298480448401087e+01
1.231785699999999935e+02 1.163075599999999987e+01 1.117951364496422713e+02 3.685293561841209264e+00
1.344940300000000093e+02 7.012902999999999665e+00 1.130888803597189849e+02 1.609905679596391082e+01
1.211260759999999976e+02 1.171536500000000025e+01 1.325363174627442504e+02 1.130028128868633885e+01
1.218649499999999932e+02 3.051391999999999882e+01 9.220382379647368509e+01 2.366266175289814910e+01
9.543803400000000181e+01 2.144368199999999902e+01 9.646559776360814453e+01 2.017323061353745217e+01
1.369361299999999915e+02 1.332057299999999955e+01 9.507169978034565361e+01 1.672105590887813520e+01
1.043113299999999981e+02 9.546936000000000533e+00 1.348732673234765969e+02 2.812638782829682782e+01
1.110726800000000054e+02 1.657695800000000119e+01 9.423548110789700161e+01 3.370335722195036254e+01
1.090013050000000021e+02 2.906080000000000041e+01 9.344835634650141287e+01 2.868744656475200117e+01
1.246537699999999944e+02 1.549389700000000047e+01 9.439835279080512009e+01 1.122783591153434202e+01
1.051010700000000071e+02 8.262510999999999939e+00 1.327221127684285875e+02 2.790062917807579268e+01
1.048792499999999990e+02 1.661124399999999923e+01 9.943996548480862430e+01 2.149588149630543299e+01
9.786359400000000619e+01 2.648629000000000033e+01 1.361275048753412875e+02 3.281513420358169952e+01
1.252556299999999965e+02 7.355453999999999937e+00 1.275053475371090457e+02 1.744897637047660055e+01
1.116914900000000017e+02 1.667273899999999998e+01 9.706286589013447497e+01 3.367349110686399882e+01
1.057339300000000009e+02 2.254277000000000086e+01 1.234726157499707426e+02 2.147031187785934137e+01
1.056286400000000043e+02 2.796617300000000128e+01 1.065364991490606172e+02 2.388796171786767530e+01
1.078898599999999988e+02 1.824183700000000030e+01 1.064864995655731121e+02 2.782248883708734866e+01
1.124594649999999945e+02 2.773611800000000116e+01 1.058153896286958542e+02 2.848549830630846813e+01
1.146455700000000064e+02 2.811013399999999862e+01 1.252281525234311630e+02 3.238894584790926956e+01
1.277506199999999978e+02 9.857113000000000014e+00 1.234631756001163296e+02 2.128387914882952359e+01
1.042875439999999969e+02 1.675788000000000011e+01 1.218231519422733413e+02 2.641116653610999165e+01
1.358911999999999978e+02 3.048414999999999875e+00 1.217605649143967810e+02 1.794515049232984438e+01
1.276148699999999963e+02 1.206080700000000050e+01 1.206446361765374888e+02 2.093624795204306466e+01
1.252029399999999981e+02 8.083719000000000321e+00 1.179709380517761304e+02 3.027553141819215199e+01
1.057738700000000023e+02 3.275798400000000044e+01 1.077312097912836890e+02 2.651077124629057025e+01
1.041709440000000058e+02 3.200216000000000349e+01 9.675114880404257178e+01 8.058321748192887046e-01
9.774904999999999688e+01 2.897119999999999962e+01 1.327718200661818173e+02 2.716805321870602796e+01
1.306066700000000083e+02 3.339365399999999795e+01 1.135821280490765162e+02 3.068847616402397804e+01
1.202658899999999988e+02 5.060309000000000168e+00 1.356926339317401471e+02 2.612994848293488204e+01
1.206926299999999941e+02 6.446999999999999953e-02 1.224013360656220897e+02 2.096519145505322257e+01
1.355708199999999977e+02 1.183108600000000088e+01 1.203389827701064263e+02 2.716615171528871286e+01
1.181643140000000045e+02 2.271122000000000085e+01 1.024652576594006348e+02 7.003212066034405936e+00
1.275640800000000041e+02 1.488677000000000028e+01 1.270413786969693035e+02 1.702837038683906812e+01
1.221774099999999947e+02 4.068751999999999924e+00 1.184185618068498513e+02 3.002652990770603125e+01
1.239506300000000039e+02 1.062640999999999991e+01 1.339945651272623479e+02 5.734642459291350747e+00
1.262777600000000007e+02 1.555640400000000056e+01 1.238638883814969773e+02 2.840138603826935437e+01
9.277315000000000111e+01 1.838847499999999968e+01 1.362956314495769448e+02 1.847255713683192724e+01
1.091388699999999972e+02 1.284375499999999981e+01 1.256422842698251543e+02 6.543427608229436032e+00
1.123588600000000071e+02 5.283899999999999708e-02 1.192875158976037255e+02 2.704769404256636278e+01
1.054755250000000046e+02 9.531067999999999429e+00 1.100405506660804917e+02 4.318627372407383369e+00
1.004969799999999935e+02 2.176606200000000158e+01 9.374894396910666217e+01 3.016202130710946960e+01
1.108996999999999957e+02 3.483259000000000327e+01 1.125583161886632979e+02 1.046514521486632354e+01
1.198547059999999931e+02 7.232410999999999923e+00 1.228854819338027795e+02 1.989039044341070550e+01
1.149821199999999948e+02 1.282922100000000043e+01 1.110808411065402765e+02 2.056137816503959215e+00
1.193820400000000035e+02 7.351111999999999647e+00 1.286694638357023450e+02 3.987997777346630190e+00
1.117835000000000036e+02 4.146894999999999776e+00 9.744008958369060736e+01 1.663082287012727178e+01
1.058240600000000029e+02 1.711543800000000104e+01 1.208989830413702435e+02 1.469333150540632005e+01
9.286606600000000356e+01 6.433735999999999677e+00 1.343885834091160802e+02 2.651870603064218201e+01
1.246774400000000043e+02 1.209600299999999962e+01 1.315522649965162714e+02 6.354193068723649418e+00
1.040678560000000061e+02 3.964449000000000112e+00 1.019262531825712301e+02 2.401208620285288919e+00
1.015794000000000068e+02 7.872015000000000207e+00 1.020234650420337914e+02 2.335648799458370206e+01
1.281946399999999926e+02 1.151056699999999999e+01 1.271789363943834985e+02 8.780368394270791299e+00
1.153960299999999961e+02 3.187136999999999887e+01 1.177062670313536898e+02 3.076760823023362690e+01
1.195968249999999955e+02 1.992211299999999952e+01 1.119554099829322240e+02 2.897115134082640964e+01
1.205367660000000001e+02 1.833390400000000042e+01 1.140074219636874346e+02 5.575098634210759130e+00
1.308280000000000030e+02 1.675008999999999970e+00 1.172111672862817642e+02 2.558440460861790910e+01
1.017952350000000052e+02 1.828858599999999868e+01 1.156098159368968510e+02 1.809200091853528747e+01
1.241735800000000012e+02 1.073339700000000008e+01 1.314121543379925470e+02 7.173970511135244976e+00
1.072994840000000067e+02 2.050570899999999952e+01 1.326320605318808816e+02 2.666686243326016736e+01
1.234565599999999961e+02 1.023036199999999951e+01 1.113176120870908932e+02 2.371965545008776743e+01
1.365897199999999998e+02 8.289113999999999649e+00 1.222108906483421435e+02 8.340892127339479600e+00
1.199698300000000017e+02 1.242413400000000046e+01 1.024797416057647581e+02 3.075816938807616197e+01
1.194070700000000045e+02 1.974189399999999850e+01 1.145268457368089372e+02 2.469858554769725600e+01
1.378785100000000057e+02 1.122782400000000003e+01 1.058345431305693012e+02 2.243959711543914182e+01
9.760130999999999801e+01 1.960865599999999986e+01 1.165150990411471810e+02 2.505743988815125789e+01
1.116364200000000011e+02 1.941812900000000042e+01 1.248478890861200057e+02 3.479235284763778679e+01
1.117229700000000037e+02 2.507940899999999829e+01 1.366191695036081626e+02 2.744425341397478846e+01
1.181860400000000055e+02 2.456443600000000060e+01 1.085194779320178498e+02 2.004725642306388522e+01
1.240121900000000039e+02 1.423227999999999938e+00 1.104481577639306664e+02 1.985368469572418704e+01
1.032809749999999980e+02 1.728598600000000118e+01 1.135827956447546114e+02 3.105191545930021846e+01
1.265958100000000002e+02 2.633954999999999913e+01 1.055920626453045799e+02 3.337044621432585956e+01
1.079864000000000033e+02 3.225813699999999784e+01 1.032284270991303003e+02 2.855359814287853837e+01
1.101968499999999977e+02 2.375801699999999883e+01 1.205151721998954315e+02 1.059655685670766445e+01
1.049807359999999932e+02 3.378130699999999820e+01 1.302902464306829984e+02 1.134773837288124732e+01
1.285522300000000087e+02 3.419751999999999903e+00 1.140286467052108748e+02 9.240494456105375676e+00
1.046525000000000034e+02 2.365267400000000109e+01 1.020088907499396100e+02 1.879734298734116038e+01
1.035432399999999973e+02 2.423743999999999943e+01 1.148875701684193444e+02 1.143658977451819769e+00
1.236907599999999974e+02 2.655348599999999948e+01 1.201391986928899485e+02 2.498728305609564515e+01
1.240659799999999962e+02 7.754509999999999792e+00 9.287637833552361144e+01 2.518130253137608676e+01
1.130173300000000012e+02 1.738992299999999958e+01 1.240623698990468426e+02 2.127730435013545751e+00
1.123661100000000062e+02 1.985620899999999978e+01 1.028687622734794189e+02 2.608759806145624083e+01
1.177268300000000067e+02 3.289130999999999716e+01 1.107629948908324593e+02 2.154569677815486273e+01
1.213336639999999989e+02 1.455452499999999993e+01 1.119186843222360750e+02 1.278506885875425425e+01
1.035757499999999993e+02 1.086949599999999982e+01 9.612776976249998029e+01 2.878713338093621843e+00
1.009878700000000009e+02 1.558966700000000039e+01 1.020503734535354283e+02 2.936787052288275746e+01
1.312442299999999875e+02 1.030026800000000087e+01 1.347164541037007552e+02 4.877520050528076467e+00
1.132756650000000036e+02 2.208142499999999941e+01 1.034148743677804845e+02 7.187313657809366596e+00
1.271800499999999943e+02 1.194703699999999991e+01 9.834157043989910107e+01 1.532380920562421700e+00
9.488523999999999603e+01 3.360560600000000164e+01 1.110997936410691551e+02 1.052094539507972826e+00
1.148805399999999963e+02 1.808004999999999995e+01 1.043719043269077957e+02 2.574704565584625016e+01
1.055329299999999932e+02 8.244474999999999554e+00 1.337904277946052503e+02 1.903949126501753142e+01
1.332002899999999954e+02 1.412760000000000127e-01 1.095388507592637097e+02 1.102464874473504608e+01
1.020694000000000017e+02 1.701910399999999868e+01 1.254865698948667188e+02 1.661325043741501872e+01
1.286662800000000004e+02 5.189660000000000384e-01 1.063290506921790666e+02 5.584029897098866435e+00
1.178697700000000026e+02 2.086379200000000012e+01 1.109955993989326259e+02 4.184685840084377162e+00
1.066365299999999934e+02 1.226323999999999970e+01 9.248197764801531662e+01 3.139844140657628202e+01
1.286331199999999910e+02 8.588366999999999862e+00 1.268405346709638195e+02 2.698986523717107033e+01
1.251190799999999967e+02 3.508843000000000156e+00 1.103339218839663260e+02 1.220750417447166569e+01
1.248270700000000062e+02 4.432827999999999768e+00 1.259894660149720806e+02 1.843470360567468447e+01
1.275717999999999961e+02 1.522483000000000075e+01 1.376870301574471682e+02 2.493708663267020231e+00
1.179452600000000047e+02 3.413794299999999993e+01 1.263278827418651815e+02 2.691280186177771938e+01
1.230443949999999944e+02 4.896641999999999939e+00 1.132346722085200810e+02 2.277830818897579590e+01
9.511124399999999923e+01 2.042535200000000017e+01 1.010295497538839271e+02 5.296303927899034036e+00
1.124703750000000042e+02 1.702895499999999984e+01 1.018946355072843062e+02 1.673189246027959598e+01
1.281656299999999931e+02 6.427754000000000190e+00 1.049284803418610039e+02 1.184933761849191036e+01
1.134008259999999950e+02 2.899073999999999884e+01 1.121368525388659947e+02 3.345367684755877491e+01
1.268339900000000000e+02 8.518722999999999601e+00 1.084514421632404293e+02 3.452966886702126459e+01
1.104307500000000033e+02 1.658255600000000030e+01 1.090935337902012918e+02 3.338975607734307971e+01
1.074754400000000061e+02 1.089594899999999988e+01 1.179496449299938376e+02 1.046127170714118426e+00
1.275956950000000063e+02 1.332109900000000025e+01 9.701406782267201834e+01 6.204406717201916166e+00
1.230953449999999947e+02 4.679204000000000363e+00 1.227125418723809389e+02 1.543827763928924668e+01
1.172544599999999946e+02 4.492557999999999829e+00 1.181217782341673654e+02 3.314075109325933965e+00
1.221725399999999979e+02 1.971065000000000067e+00 1.227381020922206574e+02 1.870816454600049283e+01
1.264931950000000001e+02 3.052376699999999943e+01 1.101702560000476723e+02 2.759335863260394817e+01
1.371154999999999973e+02 4.333319999999999950e-01 9.551523638657522497e+01 1.292173565462531037e+01
1.262960360000000009e+02 2.761617000000000033e+01 1.026385863781311798e+02 2.555957131503996038e+01
9.765413999999999817e+01 2.677711499999999845e+01 9.379908630066825026e+01 2.943188234432641792e+01
1.234103000000000065e+02 1.101651599999999931e+01 1.112839943129171729e+02 1.232536285079249616e+01
1.086714099999999945e+02 1.278264599999999973e+01 1.051906878669466749e+02 2.656341323722118730e+01
1.318686399999999992e+02 7.302616000000000440e+00 1.104460431307005166e+02 2.656296252557740267e+00
1.292091000000000065e+02 9.637442000000000064e+00 1.000478073477956968e+02 2.954538624814318126e+01
1.364772499999999980e+02 2.120343999999999784e+00 1.024479168648765466e+02 1.216805988119436854e+01
1.166195600000000070e+02 2.389059299999999908e+01 1.103554908063261308e+02 2.179711914908497761e+01
1.340829600000000141e+02 1.444733800000000024e+01 1.240282614835828099e+02 7.694810733875250719e+00
1.258002900000000039e+02 1.515819699999999948e+01 9.756044861769242971e+01 1.446522295391128310e+00
1.044115500000000054e+02 1.292953800000000086e+01 1.127931483226855107e+02 3.010823897064763166e+00
1.009766800000000018e+02 1.603761899999999940e+01 1.050566451079644992e+02 3.121059399789133693e+01
9.954652400000000512e+01 2.725922600000000173e+01 9.789756146296323891e+01 2.428464046281515820e+01
1.169782000000000011e+02 4.263942000000000121e+00 1.054329633505386425e+02 1.873018258187562424e+01
1.222112300000000005e+02 1.084067199999999964e+01 1.317933312905969956e+02 2.669475435802449681e+01
1.035987200000000001e+02 1.906737000000000037e+01 1.148146924212998670e+02 1.359407400584479575e+01
1.250190400000000039e+02 1.223044999999999938e+01 9.931080067182381299e+01 2.918619394022845626e+01
1.177207499999999953e+02 1.377951799999999949e+01 1.254029464479880289e+02 1.608830597557636111e+01
9.884615999999999758e+01 1.700900999999999996e+01 1.147785036458177217e+02 1.637320713941781491e+01
1.213953300000000013e+02 5.272655000000000314e+00 9.861216287394057645e+01 2.859402791031628155e+01
1.006261599999999987e+02 2.471593500000000176e+01 1.077164450827439026e+02 2.343810958787344845e+01
1.260793199999999956e+02 1.507600200000000079e+01 1.269333253831875368e+02 1.224675621547378057e+01
1.138190160000000049e+02 1.354168100000000052e+01 9.297063310302060302e+01 1.097217614321192691e+01
1.104863299999999953e+02 2.858129299999999873e+01 1.199040979679916603e+02 3.471038323747958287e+01
1.239107999999999947e+02 6.146923000000000137e+00 1.031364907144108685e+02 3.383037040349948654e+01
1.074125099999999975e+02 6.090900000000000425e+00 1.176233651726074072e+02 1.283132775161894656e+01
1.276514700000000033e+02 1.503062899999999935e+01 1.292058750285189319e+02 3.389801620300460172e+01
1.149996699999999947e+02 3.686024000000000189e+00 1.350351522779392326e+02 7.647680474038613063e+00
1.093420100000000019e+02 2.870751599999999826e+01 9.430615205589242578e+01 8.440979973920660129e+00
1.024698099999999954e+02 2.152501900000000035e+01 1.144996922097392655e+02 4.088260522461435897e+00
1.262176500000000061e+02 1.077972399999999986e+01 9.404310988787068482e+01 1.836971565022608743e+01
1.150612100000000027e+02 2.330619199999999935e+01 9.544534841101267375e+01 1.983975142266898217e+01
9.363790000000000191e+01 1.419008299999999956e+01 1.145130280101282807e+02 1.544839595986548630e+01
1.261416849999999954e+02 2.764416500000000099e+01 1.173703281346211185e+02 2.208980577904572939e+01
1.075523299999999978e+02 1.898231499999999983e+01 1.041844092761637057e+02 5.621654917152204334e+00
1.286794999999999902e+02 1.162912799999999969e+01 1.379690101164849239e+02 3.454638127196985664e+01
1.080927049999999952e+02 1.663354700000000008e+01 1.135441433319294333e+02 2.078148663159555909e+01
1.203130950000000041e+02 1.544907599999999981e+01 1.022877476050296224e+02 3.008260776406686077e+01
1.372423000000000002e+02 1.840880000000000072e+00 9.219447372887943004e+01 2.393468055056006349e+01
1.098771440000000013e+02 2.681062700000000021e+01 1.081320467234583020e+02 1.875742917001307219e+01
1.339961700000000064e+02 3.438096600000000080e+01 1.139469257078898465e+02 8.671319908938569299e+00
1.103286899999999946e+02 1.103283000000000014e+00 9.589033420245307582e+01 1.582168815026198416e+01
1.301707000000000107e+02 5.522420000000000107e-01 1.349299096839990000e+02 3.378030551589497321e+01
1.034334800000000030e+02 1.589862499999999912e+01 9.325451361041389475e+01 2.333737529883265793e+01
1.367237700000000018e+02 5.390139999999999931e-01 1.060294079814622421e+02 1.869359824522646818e+01
1.270234300000000047e+02 5.967240000000000322e+00 1.301943435182407143e+02 2.568122270133313734e+01
1.207911699999999939e+02 1.297105099999999922e+01 1.323420781108679023e+02 2.350135542977434255e+01
1.236492400000000060e+02 8.307256999999999891e+00 1.114528207975823335e+02 2.627704646931568533e+01
1.252612100000000055e+02 1.041665000000000063e+01 1.049729905927758153e+02 1.657549047426459410e+01
1.220030500000000018e+02 1.467741900000000044e+01 1.341129355623182278e+02 4.866385638255546375e+00
1.191021599999999978e+02 1.562066500000000069e+01 1.305553164314457035e+02 3.335567097396139502e+01
1.283342100000000130e+02 2.203216400000000164e+01 1.094091154539503634e+02 2.949403170975171307e+01
1.114088299999999947e+02 2.254265600000000092e+01 9.761243622317026336e+01 2.671918667727013030e+01
1.003102300000000042e+02 2.285036500000000004e+01 9.466106056268367297e+01 1.092114112040971996e+01
9.877991500000000258e+01 1.703118500000000068e+01 1.320198261892087430e+02 3.383639028211049293e+01
1.158468500000000034e+02 2.654724699999999871e+01 1.248117152325914390e+02 6.455251034438680868e+00
1.030357699999999994e+02 2.493956400000000073e+01 1.358687381111857917e+02 1.923776551046882233e+01
1.325039999999999907e+02 4.645293999999999812e+00 9.461869606675858790e+01 3.347121647251223209e+01
9.910477000000000203e+01 2.538836900000000085e+01 1.046174453262848374e+02 2.831228316834483749e+01
1.377753099999999904e+02 1.232100499999999954e+01 1.354191112566940376e+02 2.654444982956829691e+01
1.123958300000000037e+02 1.957101600000000019e+01 1.231192306403441705e+02 1.806361824698521445e+01
1.066970400000000012e+02 2.854751200000000111e+01 1.067416894518636070e+02 7.762216271442680338e+00
1.006953599999999938e+02 1.924044200000000160e+01 1.243403004243798478e+02 2.488205639358474386e+01
1.286027200000000050e+02 8.726665000000000560e+00 1.287684311593235407e+02 3.319352694913794721e+01
1.092710799999999978e+02 1.336278599999999983e+01 1.132843552971050656e+02 1.430030993308441900e+01
1.376754999999999995e+02 1.454145600000000016e+01 1.196094235131823780e+02 8.071429120003587698e+00
1.305158500000000004e+02 8.179097000000000506e+00 1.258223010944378188e+02 1.564375053742125132e+01
1.353319700000000125e+02 1.899710500000000124e+01 1.268388916339932848e+02 3.444238543620137261e+00
1.129113159999999993e+02 2.588991400000000098e+01 1.011078047110062101e+02 1.622566467942998525e+00
1.265867599999999982e+02 2.725253899999999874e+01 1.351195715825306252e+02 1.972234228943577961e+01
1.111686299999999932e+02 3.224828000000000117e+01 1.077013654197790373e+02 2.714761825885911151e+01
1.257966299999999933e+02 8.756054999999999922e+00 1.029956744244210967e+02 7.554168040146411300e+00
1.365753499999999860e+02 3.356936300000000273e+01 9.879113404352379746e+01 2.335317038494817155e+01
1.233786699999999996e+02 4.075228000000000073e+00 1.168215337531242994e+02 9.730423707915695886e+00
1.179293399999999963e+02 2.794945999999999842e+01 1.015480616296097764e+02 2.637309546225966272e+01
1.054926999999999992e+02 8.352017999999999276e+00 1.321448259629108009e+02 1.712407325747185638e+01
1.135725199999999973e+02 1.487359700000000018e+01 1.058086084530304589e+02 2.601956321895220370e+01
1.335680000000000121e+02 1.057251199999999969e+01 1.095791708844502637e+02 9.927396852147246875e+00
1.233387599999999935e+02 2.847430000000000128e+00 1.363634447895846051e+02 1.669559008469280315e+01
1.216506349999999941e+02 9.985416000000000736e+00 1.190744727184769118e+02 2.431568315056109597e+01
1.047332300000000060e+02 2.698434299999999908e+01 9.428348893455854807e+01 2.904638732263482126e+01
1.144742360000000048e+02 2.767989000000000033e+01 1.260442699051546640e+02 1.291512354775007365e+00
1.185986900000000048e+02 1.763774300000000039e+01 1.234189884566672646e+02 3.340785197212750290e+01
1.052273249999999933e+02 1.942294899999999913e+01 1.062253456031552901e+02 6.978134337913648011e+00
1.073292849999999987e+02 3.159566099999999977e+01 9.796057656663994351e+01 1.896675501511368367e+01
1.293298800000000028e+02 7.388890000000000180e-01 9.812049610932056964e+01 1.647546639750826358e+01
1.031805300000000045e+02 1.483915700000000015e+01 1.198726287677011868e+02 2.538838581386799831e+01
1.118422850000000039e+02 1.812244600000000005e+01 1.090838213306674191e+02 1.388582683004224716e+00
1.259750059999999934e+02 8.296856999999999260e+00 1.021153019478315969e+02 3.298216036279777796e+01
1.233091349999999977e+02 7.443515999999999799e+00 1.355332246962045417e+02 5.616136237198653625e+00
1.188802900000000022e+02 7.100107000000000390e+00 1.269199903568041918e+02 2.653913360973733049e+01
1.015828300000000013e+02 3.012794999999999845e+01 9.436955234533282066e+01 6.841500893631272895e+00
1.352128999999999905e+02 5.011090000000000266e+00 1.197306241287679995e+02 3.205029554552153215e+00
1.077314800000000048e+02 2.793261299999999991e+01 1.012773928346862533e+02 3.213739173846814623e+01
1.216711800000000068e+02 9.723228000000000648e+00 1.044120565056626901e+02 4.125248017528082567e-01
1.205464199999999977e+02 1.931105200000000011e+01 1.189495296823414776e+02 3.101908665961934730e+01
1.299641100000000051e+02 1.389185499999999962e+01 1.311676297050028097e+02 2.101976956679934361e+01
1.204013400000000047e+02 1.923368599999999873e+01 9.960540601496732904e+01 2.106785072883380749e+01
1.262086639999999989e+02 1.252762300000000018e+01 1.354770296132452074e+02 2.117030041161034148e+01
1.152771500000000060e+02 4.479098999999999720e+00 1.227917368490250567e+02 2.324896293830589400e+01
1.078109199999999959e+02 3.159997999999999863e+01 9.234951685513188124e+01 1.146389973729846012e+01
1.224160899999999970e+02 7.696626000000000190e+00 1.161372826159334153e+02 2.656910921708072237e+01
1.015857799999999997e+02 1.553561999999999976e+01 1.164455916923275680e+02 1.367645544604860497e+01
1.106722100000000069e+02 2.715277999999999992e+01 1.308763243075597416e+02 1.522491521636383904e+00
1.281042500000000075e+02 1.263489599999999946e+01 1.088734486170310589e+02 2.121395197629455609e+01
1.291601900000000001e+02 1.209166300000000049e+01 1.113096670635067369e+02 3.358245168500123334e+00
1.189205999999999932e+02 1.653125000000000000e+01 1.309053486365783385e+02 1.776012617617471889e+01
1.182972699999999975e+02 1.483025899999999986e+01 1.034811204630912300e+02 7.060302897173242442e+00
1.106924300000000017e+02 8.721729999999999761e-01 1.318761150001610645e+02 3.468744716031134345e+01
9.793104999999999905e+01 2.979559499999999872e+01 1.286239810542413693e+02 5.627125462670102607e+00
1.073470499999999959e+02 1.714681799999999967e+01 1.046564211616246780e+02 1.284417222015374804e+01
9.423469500000000210e+01 8.636367999999999157e+00 1.050872657018914964e+02 5.983684292115765135e-01
1.338926400000000001e+02 1.374230400000000074e+01 1.118355354186658133e+02 8.790103562085793243e+00
1.272999200000000002e+02 3.150138899999999964e+01 1.374976029211098023e+02 3.075538815145011995e+01
1.233079199999999958e+02 7.494034000000000084e+00 1.181930620992559966e+02 1.112012244028357522e+01
1.225821150000000017e+02 6.734340000000000437e+00 9.549117950058540316e+01 3.815639767318499409e+00
1.033886799999999937e+02 2.024487500000000040e+01 1.301658236293311006e+02 7.954891992295343606e+00
1.130060650000000066e+02 2.550459999999999994e+01 9.676462428528157034e+01 2.891299831245757623e+00
9.655877999999999872e+01 1.599573400000000056e+01 1.152588425214049721e+02 1.513964117067498805e+01
1.090715200000000067e+02 1.751669499999999857e+01 1.222563789489959447e+02 3.412869917994996172e+01
1.265864399999999961e+02 1.194002500000000033e+01 1.304444910145073777e+02 2.036083470539456641e+01
1.340509999999999877e+02 2.624378400000000156e+01 1.218936888451712548e+02 1.061184304383763788e+01
1.262763199999999983e+02 1.215531000000000006e+01 1.144772656441837171e+02 2.101707421538826637e+01
1.106396600000000063e+02 3.104340399999999889e+01 1.358903272817210564e+02 3.232090178195142016e+01
9.492020999999999731e+01 2.098355700000000112e+01 1.096679646642487569e+02 2.186443846194485019e+01
1.115640259999999984e+02 1.853575000000000017e+01 1.041146801280847285e+02 1.305676409653486658e+01
1.287615499999999997e+02 1.689361399999999946e+01 1.211686568769293615e+02 3.030821304492285506e+01
1.066686859999999939e+02 3.609456000000000220e+00 1.001835211755066126e+02 6.421721462869790287e+00
1.344861300000000028e+02 1.449819800000000036e+01 1.335013006215603752e+02 6.237133815237237755e+00
1.103507400000000018e+02 8.773649999999999505e-01 1.028894470164347155e+02 2.462365020735890653e+01
1.247555499999999995e+02 1.558736700000000042e+01 1.188367311854542976e+02 1.855415043383910501e+01
9.713448999999999955e+01 2.390841500000000153e+01 1.178743628078450740e+02 3.058066887127589695e+01
1.065728000000000009e+02 5.804099999999999815e-01 9.232732997274644049e+01 7.145152947906574958e+00
1.096538500000000056e+02 3.307865999999999929e+01 1.190077333834768183e+02 2.732557546167895879e+01
1.265415600000000040e+02 2.948997500000000116e+01 1.319776661704705987e+02 2.690438482034253198e+01
1.343044899999999870e+02 1.360846100000000014e+01 1.219729825566124077e+02 2.566007491462084644e+01
1.239288300000000049e+02 7.131028999999999840e+00 1.265810341495320870e+02 1.365405858610068535e+01
1.055583699999999965e+02 3.125904999999999845e+01 1.350012855752919450e+02 2.459086172989536223e+01
9.548212999999999795e+01 1.554973200000000055e+01 1.219821160891184775e+02 2.439058794072802883e+01
1.086584299999999956e+02 1.116496899999999926e+01 9.609382720374284759e+01 1.580650281038270499e+01
9.893878999999999735e+01 2.680315399999999926e+01 1.150944688447108604e+02 3.217584946275476909e+01
9.482461499999999432e+01 7.552875000000000227e+00 1.286080749503392440e+02 2.435340688192385628e+01
1.056335140000000052e+02 2.491520699999999877e+01 9.210260198722775726e+01 2.039210269764131667e+01
1.223116799999999955e+02 7.156254999999999811e+00 1.105833731474767916e+02 2.805882771470292880e+01
1.084680560000000042e+02 1.681018399999999957e+01 1.295046180030128937e+02 2.052275094857971993e+01
9.442122000000000526e+01 2.540277000000000118e+00 1.030294982878868808e+02 8.453881151931065929e+00
1.034284499999999980e+02 2.847408899999999932e+01 1.310659817711612050e+02 7.329727476435238254e-01
1.185020800000000065e+02 3.043984199999999873e+01 9.312451522536889570e+01 2.179503943487593531e+01
1.172721250000000026e+02 1.818978299999999848e+01 1.180699939232449935e+02 7.501440223433394117e+00
1.067415100000000052e+02 2.775080900000000028e+01 1.139011090018114771e+02 2.038005388402759976e+01
1.060799499999999966e+02 9.110470000000000512e-01 1.306145840594491574e+02 3.031401843067235191e+01
1.287149499999999875e+02 8.613853000000000648e+00 1.256429190642878950e+02 2.298703791798319784e+01
1.265932540000000017e+02 1.222334599999999938e+01 9.913679794911898568e+01 3.205881276248667433e+01
1.183045350000000013e+02 1.970592500000000058e+01 1.365943510508635939e+02 2.145781561031265738e+01
1.020639400000000023e+02 1.681472199999999972e+01 1.100599292371428533e+02 3.265608750375233882e+01
1.064715499999999935e+02 3.050993000000000066e+00 1.376784142889943610e+02 7.849411330598703884e+00
1.121058799999999991e+02 5.483360000000000456e-01 1.111861533970078426e+02 1.338978059235916263e+01
1.148437040000000025e+02 1.286086000000000062e+00 9.263019948927401970e+01 4.970568593485088726e+00
1.083700699999999983e+02 1.887853999999999921e+00 1.274741968671763317e+02 6.110750500622380343e+00
1.159619799999999969e+02 3.274969500000000266e+01 1.198366111640351903e+02 2.709720896439387516e+00
1.044513100000000065e+02 2.886278000000000077e+01 1.115077082614376138e+02 8.306697220400792503e+00
1.353658100000000104e+02 1.056605300000000014e+01 1.303110710243907704e+02 2.564214297357849670e+00
1.245766100000000023e+02 8.309366000000000696e+00 1.244455673525150701e+02 2.420800709070757151e+01
1.128123599999999982e+02 2.516570700000000116e+01 1.360629063465041497e+02 3.360927167579133368e+01
1.028996700000000004e+02 1.578575000000000017e+01 1.162814377537217467e+02 1.667309151706719206e+01
1.031240300000000047e+02 2.424801599999999979e+01 1.002229791825177472e+02 1.278097051546001772e+01
1.007371399999999966e+02 2.470236600000000138e+01 1.068895070887202223e+02 3.119207506793203066e+01
1.370396700000000010e+02 1.252472000000000030e+00 1.223312480891441822e+02 2.541732940543613495e+01
1.248241299999999967e+02 2.644671599999999856e+01 1.211179830912475808e+02 4.441103757437237398e+00
