1.340240200000000073e+02 1.193300000000000027e+00 1.157735972860859732e+02 3.476601693238349355e+01
1.215382000000000033e+02 6.101842000000000432e+00 9.479629802089770862e+01 3.066035730777199930e+01
1.175999999999999943e+02 1.023433799999999927e+01 1.152798106575281452e+02 3.291662730483270849e+01
1.250190400000000039e+02 1.223044999999999938e+01 1.314646241957424309e+02 2.803142698827667090e+01
1.080749299999999948e+02 2.654461299999999824e+01 9.993006524973070270e+01 3.215820244217761825e+01
1.138190160000000049e+02 1.354168100000000052e+01 1.162933551318091077e+02 7.774362681055824176e+00
1.286900599999999883e+02 1.486477799999999938e+01 1.087574996028176031e+02 1.087190022514001697e+01
9.654631999999999437e+01 4.674180000000000001e-01 9.951318246039615190e+01 2.401419188949626360e+01
1.006064200000000000e+02 2.769523600000000130e+01 1.031645061241760715e+02 1.378968907176730951e+01
1.346411899999999946e+02 1.026627900000000082e+01 9.556214148799888619e+01 2.114649204963447993e-01
1.344432400000000030e+02 7.931499999999999773e+00 1.346789963657617477e+02 2.449433355447345306e+01
9.639709999999999468e+01 2.889318000000000097e+01 1.311281539672300482e+02 8.311095994194538150e+00
1.078109199999999959e+02 3.159997999999999863e+01 1.242575963752651944e+02 1.343683026650471213e+01
1.069821239999999989e+02 1.260053199999999940e+01 1.353931825171234209e+02 1.723917462339110429e+01
1.269610100000000017e+02 1.226305200000000006e+01 1.378541534032081870e+02 1.071034434487794051e+01
9.633222999999999558e+01 1.708403600000000111e+01 9.494122151871196991e+01 2.250259832696076145e+01
1.164053499999999985e+02 1.685597999999999885e+01 1.000228417747260039e+02 6.109268709774499762e+00
1.320785700000000134e+02 1.136370800000000081e+01 9.201891134001196804e+01 5.288761730866832877e+00
1.003102300000000042e+02 2.285036500000000004e+01 1.121372683263008412e+02 2.262277268579945755e+01
1.092710799999999978e+02 1.336278599999999983e+01 1.323603872115029390e+02 4.241613839107280626e+00
1.068015400000000028e+02 2.137270499999999984e+01 1.270532723321095574e+02 1.125778636068183758e+01
1.029471499999999935e+02 1.203110299999999988e+01 1.065079105289677273e+02 2.037771320487749094e+01
9.942723999999999762e+01 2.273704499999999840e+01 1.081024073443269202e+02 3.067433963704572619e+01
9.677979999999999450e+01 2.492586299999999966e+01 9.813354984143956017e+01 1.249205976074335744e+01
1.118822600000000023e+02 1.745740999999999943e+01 1.274050142572749422e+02 1.164618951177347927e+00
1.221421050000000008e+02 3.095749999999999780e+00 1.184175149014932060e+02 3.630368842337640789e+00
1.277506199999999978e+02 9.857113000000000014e+00 9.684605536211724086e+01 9.860669068696925166e+00
1.301707000000000107e+02 5.522420000000000107e-01 1.003833259682182160e+02 1.658443225561334611e-01
9.910477000000000203e+01 2.538836900000000085e+01 1.139555856904879789e+02 3.330696357653078366e+01
1.089955800000000039e+02 1.639875599999999878e+01 1.130964734802816594e+02 2.243392892486466650e+01
1.117835000000000036e+02 4.146894999999999776e+00 1.057786680942451056e+02 3.444893084292489505e+01
1.248270700000000062e+02 4.432827999999999768e+00 9.802103482930053246e+01 2.722427955784779741e+01
1.053509449999999958e+02 9.028912999999999300e+00 1.074286621248757001e+02 1.173128052113685094e+01
1.112859399999999965e+02 7.286299999999999999e-01 1.215608650754974178e+02 2.240391664327252386e+01
1.034781339999999972e+02 1.418773999999999980e+01 1.070378470733668763e+02 3.107556987700377249e-01
1.170933699999999931e+02 1.631709499999999835e+01 1.313025812508259094e+02 3.378022710436360398e+01
1.072994840000000067e+02 2.050570899999999952e+01 1.229545693767287275e+02 2.917495531805666786e+01
1.055517300000000063e+02 2.252885200000000054e+01 1.065348220027533159e+02 2.206784997763362899e+00
1.095199900000000071e+02 2.535725599999999957e+01 1.184730937430866220e+02 2.230757310959611672e+01
1.235559099999999972e+02 1.940806999999999949e+00 1.130737112917455391e+02 1.954174801661921990e+01
1.004663800000000009e+02 2.924779099999999943e+01 9.582656881123554626e+01 3.178651754600204526e+01
1.042143250000000023e+02 3.424630400000000208e+01 1.101180501229170829e+02 1.169544338349239432e+00
1.205941300000000069e+02 1.647275499999999937e+01 1.331288135225606482e+02 3.037044574719643819e+01
1.165043500000000023e+02 1.716985000000000028e+01 1.258480466197046468e+02 3.141366395789552968e+01
1.096788600000000002e+02 1.849008999999999903e+00 1.142614534217146485e+02 1.986516925159844149e+01
1.117416840000000064e+02 2.507232999999999823e+00 1.280989899855023566e+02 3.317782146015508715e+01
1.041200560000000053e+02 2.495909899999999837e+01 1.252024735090366221e+02 3.954580697971578740e+00
1.050813700000000068e+02 4.424735000000000085e+00 9.980280353260670267e+01 1.792833096978153407e+01
1.189205999999999932e+02 1.653125000000000000e+01 1.321033358336267725e+02 2.864092101048477090e+01
1.240439760000000007e+02 1.015085200000000043e+01 1.344834343431799084e+02 3.409403880329957559e+01
9.204438000000000386e+01 2.020230499999999907e+01 1.269129392281580806e+02 6.311169447208544447e+00
9.897588000000000363e+01 1.434022700000000050e+01 1.102512912392781459e+02 3.221716776555546602e+01
1.004608149999999966e+02 1.180514800000000086e+01 1.280201100498405538e+02 2.008359702880650488e+01
9.386674499999999455e+01 5.584399000000000335e+00 1.238231912907887420e+02 2.755370490873719902e+01
1.223935299999999984e+02 9.334908000000000428e+00 1.264524133164415787e+02 5.968775325104758167e-03
1.328190899999999885e+02 1.732873199999999869e+01 1.042457062005308046e+02 3.050815601721823001e+01
1.129650599999999940e+02 1.078936599999999935e+01 9.900589312504709483e+01 1.314500412149510566e+01
1.170113750000000010e+02 1.037751100000000015e+01 1.019108078648772846e+02 1.219107050295650474e+01
9.823263000000000034e+01 3.105466300000000146e+01 1.026735316430285962e+02 5.244949489034017809e+00
1.180059100000000001e+02 1.182370000000000054e+01 1.125182717468778009e+02 3.226970128305633523e+01
1.181643140000000045e+02 2.271122000000000085e+01 1.260092261023518461e+02 5.840837798809054959e+00
1.030200499999999977e+02 2.779550400000000110e+01 1.280648829681551888e+02 1.729904701301283509e+01
1.169213900000000024e+02 2.163608999999999938e+01 1.295242599451514138e+02 4.663756877633757014e+00
1.170889999999999986e+02 9.770903999999999812e+00 1.370395983820646961e+02 2.366887958363025746e+01
1.182651900000000040e+02 1.205452299999999966e+01 1.376291674788856199e+02 8.520055893221444521e+00
1.071924700000000001e+02 1.362108100000000022e+01 1.189966779557137073e+02 1.946084915402074600e+01
1.090013050000000021e+02 2.906080000000000041e+01 1.224211252521613176e+02 1.183521005155124817e-01
1.073785500000000042e+02 3.300144999999999840e+01 1.265254009701527877e+02 1.451704113473250679e+01
1.056316000000000059e+02 1.004083999999999932e+01 1.214463499207130894e+02 1.225632909281748617e+01
1.204624400000000009e+02 1.871413000000000082e+01 1.362982042097162321e+02 2.150575500028386600e+01
9.706763499999999567e+01 3.140763000000000105e+01 1.092939020116640876e+02 8.545049809096744164e-01
1.013447299999999984e+02 1.738253800000000027e+01 1.205982397605739891e+02 3.061741407461999032e+01
9.774904999999999688e+01 2.897119999999999962e+01 1.293702241037689760e+02 7.153129013433322747e+00
1.000685000000000002e+02 2.550993300000000019e+01 1.334501317788847530e+02 3.255123629784115735e+01
1.098809700000000049e+02 2.526983800000000002e+01 1.031164023720952230e+02 2.604519618778283530e+01
1.369836099999999988e+02 2.763330999999999982e+00 9.799824543780570707e+01 1.842211759584056807e+01
1.289106299999999976e+02 7.094847999999999821e+00 1.247003698302832220e+02 2.172812301282427683e+01
9.423632999999999527e+01 1.031035299999999921e+01 9.340660743082331408e+01 2.369465439459911238e+01
1.154636600000000044e+02 6.711888000000000076e+00 9.328641168499611069e+01 4.880006140817581439e+00
1.077520999999999987e+02 2.914027000000000100e+01 1.057618740518640976e+02 2.216698023620140034e+01
1.123585199999999986e+02 2.633208799999999883e+01 1.126867628056565138e+02 1.433212050905254387e+01
1.216711800000000068e+02 9.723228000000000648e+00 1.038518734390656562e+02 1.777793375954576049e+01
1.013173800000000000e+02 1.780067999999999984e+01 1.213489779909514255e+02 2.423466482005953537e+01
1.106924300000000017e+02 8.721729999999999761e-01 1.132497688157608167e+02 1.889589513858393843e+01
1.180868300000000062e+02 8.296312000000000353e+00 1.192362451890818136e+02 2.231254706386069842e+01
1.130644759999999991e+02 5.041568999999999967e+00 1.041805835619168334e+02 3.607006535096735522e+00
1.171391449999999992e+02 6.471200000000000563e-02 1.369928976428469980e+02 3.436935308814372547e+01
1.230443949999999944e+02 4.896641999999999939e+00 1.103835990087642074e+02 1.842776710505613735e+01
1.303382699999999943e+02 1.019772700000000043e+01 1.111454506337413903e+02 2.120870702887357595e+01
1.234977099999999979e+02 1.764413300000000007e+01 1.212528273945273298e+02 9.991386321741812182e+00
1.020639400000000023e+02 1.681472199999999972e+01 9.632145987576947732e+01 3.341821175298320412e+01
1.066784899999999965e+02 8.027340000000000586e+00 1.257348802114581758e+02 1.370279548278437787e+01
1.106496700000000004e+02 2.569693600000000089e+01 1.003371321366001894e+02 1.462368661314860852e+01
1.013850300000000004e+02 5.791350000000000442e+00 1.026989364035616887e+02 3.501967008457301800e-01
9.989088999999999885e+01 2.683164999999999978e+01 1.169180308048426014e+02 3.059190089835255222e+01
9.433433999999999742e+01 2.386318999999999857e+00 9.228237959625873543e+01 2.426843919667487981e+01
1.261208799999999997e+02 4.358299999999999674e-02 1.102609707691351986e+02 2.295719089465608675e+01
1.153154750000000064e+02 4.635790000000000188e-01 1.229009009544291899e+02 1.114036414115358120e+01
1.264625999999999948e+02 7.166369999999999685e-01 1.105781554196689456e+02 6.241729137399094185e+00
1.219884500000000003e+02 2.734084500000000162e+01 1.239095529828723841e+02 4.703612818594093525e+00
1.019243799999999993e+02 1.454230699999999921e+01 1.250877649273991494e+02 1.625131303463665589e+01
1.346454300000000046e+02 1.258279899999999962e+01 1.097950601977936458e+02 3.105335013467086469e+01
9.805646500000000287e+01 1.719266899999999865e+01 1.334104890865410766e+02 7.671633512758763151e-01
1.007858499999999964e+02 2.466396100000000047e+01 1.053760651357652307e+02 1.851012643233551813e+01
1.309324000000000012e+02 9.878012000000000015e+00 1.326937855808054678e+02 3.333131490071578185e+01
9.893878999999999735e+01 2.680315399999999926e+01 1.039175964702119188e+02 1.157717712837045099e+01
1.222376000000000005e+02 3.524550000000000183e-01 1.361032853511538008e+02 3.145121278633722817e+00
1.004048300000000040e+02 2.599754000000000076e+01 1.165272550572333046e+02 9.589975289761817123e+00
1.155710700000000060e+02 2.116927000000000092e+01 1.276371607102492050e+02 2.100812197427976358e+01
1.173642499999999984e+02 1.925955000000000084e+01 1.074375084494754304e+02 2.199372002525381475e+01
1.233079199999999958e+02 7.494034000000000084e+00 1.134520548337031016e+02 1.427335955093924547e+01
1.120548550000000034e+02 2.349282799999999938e+01 1.282091066675218940e+02 1.879892562459748007e+01
1.274336799999999954e+02 5.681447999999999610e+00 9.523393060942262878e+01 3.004362806623192839e+01
1.085890660000000025e+02 5.622329999999999828e-01 9.222599904326300191e+01 9.072768879276964071e+00
1.033774300000000039e+02 2.454024499999999875e+01 1.015666758155044249e+02 7.321937160239896158e+00
1.109355999999999938e+02 1.694945099999999982e+01 1.137076060078246087e+02 2.608780722783428274e+01
1.247264200000000045e+02 3.881044000000000160e+00 1.074180313192395602e+02 9.481459730316700529e+00
1.218883199999999931e+02 1.257749699999999926e+01 1.224707300113408763e+02 2.848280674146898406e+01
1.132961650000000020e+02 1.924570299999999889e+01 1.346011737902493337e+02 1.762721664845463998e+00
1.189135700000000071e+02 1.334721000000000046e+01 1.180056731732267252e+02 1.385082918356781967e+01
1.118421859999999981e+02 1.936338999999999899e+01 9.850521068389151935e+01 3.160222493158047996e+01
1.004917399999999930e+02 3.001473800000000125e+01 1.047900567498988380e+02 2.921029466831096144e+01
1.123588600000000071e+02 5.283899999999999708e-02 1.127676954639183720e+02 2.086791664620068687e+01
1.151589299999999980e+02 1.951465999999999923e+01 1.240910707317626418e+02 3.276318234617389180e+01
9.837677999999999656e+01 1.711163099999999915e+01 1.086630465687880758e+02 1.601799502716312418e+01
1.235362300000000033e+02 1.231942500000000074e+01 9.719672439168523681e+01 1.477796086639389550e+00
1.303248900000000106e+02 1.212361300000000064e+01 1.318406311227555250e+02 1.129067618539908224e+01
1.090832599999999957e+02 1.999703000000000008e+00 1.250875289782341468e+02 2.711386885572701999e+01
9.202891999999999939e+01 1.053919999999999924e+01 1.053365969746286623e+02 3.325880084052551666e+01
1.154087799999999930e+02 2.365899500000000089e+01 1.200866015410182399e+02 2.924273507134543948e+01
1.276584799999999973e+02 1.222587000000000046e+01 1.091841841750557478e+02 2.394274848482691809e+01
1.130911100000000005e+02 3.362693399999999855e+01 1.051626771437250056e+02 1.485745075488240197e+01
9.339405999999999608e+01 1.624022300000000030e+01 1.153156359736690604e+02 3.406716615682079663e+01
1.324696399999999983e+02 1.699832699999999974e+01 1.086419374813579850e+02 1.321791102600524681e+00
1.188096199999999953e+02 2.054302399999999906e+01 1.306785508642325055e+02 2.576585249921567211e+01
1.350492700000000070e+02 1.381308300000000067e+01 1.036473346640026705e+02 2.628406692833140568e+01
1.290645299999999907e+02 1.239838499999999932e+01 1.008275916065389595e+02 1.019109021632659928e+00
1.094431699999999950e+02 2.603854600000000019e+01 1.213097385134082344e+02 7.175452788511220703e+00
1.019945450000000022e+02 1.624662599999999912e+01 1.188819606098685711e+02 2.167122377106800357e+01
1.100357360000000000e+02 2.855119900000000044e+01 1.231717956687008666e+02 1.703515492904108797e+01
1.264931950000000001e+02 3.052376699999999943e+01 1.324843915459212553e+02 1.798274071460651768e+01
1.221146700000000038e+02 7.678874999999999673e+00 9.470570685196234706e+01 2.515914361992072656e+01
1.281042500000000075e+02 1.263489599999999946e+01 1.071408500827649419e+02 2.482727757838401317e+01
1.264865340000000060e+02 1.459183699999999995e+01 1.139727186923669535e+02 6.407170820647970721e+00
1.311959400000000073e+02 1.344396599999999964e+01 9.498057674914578286e+01 2.324767297733225746e+01
1.367545299999999884e+02 1.483705600000000047e+01 9.804407314951849628e+01 2.728523785003901025e+01
1.209966349999999977e+02 5.420730000000000270e-01 1.090771121556605578e+02 2.579776470773373376e+01
1.216861899999999963e+02 5.113725999999999772e+00 9.263279995616532858e+01 9.219114007367856800e-02
1.233786699999999996e+02 4.075228000000000073e+00 9.254744479116853029e+01 2.280266141083027875e+01
1.054974749999999943e+02 1.932288700000000148e+01 1.319654475294188387e+02 1.608700513323143255e+01
1.344861300000000028e+02 1.449819800000000036e+01 1.145017534393267624e+02 1.676819231735792215e+01
1.372800799999999981e+02 2.309875100000000003e+01 1.193853724496536870e+02 1.994952609923316800e+01
1.148044000000000011e+02 2.044948799999999878e+01 9.430391273613481928e+01 3.223410971543010106e+01
1.002545850000000058e+02 2.077258499999999941e+01 1.053473047591228635e+02 1.049384941524843029e+01
9.698529000000000622e+01 2.906835600000000142e+01 1.146097688015926224e+02 6.193793906764843982e+00
9.910432400000000541e+01 1.760354200000000091e+01 1.224337415654573107e+02 1.233524460384255450e+00
1.072773499999999984e+02 2.767564799999999892e+01 9.394635751882412933e+01 6.521698179401779427e+00
9.321741500000000258e+01 2.734300199999999847e+01 1.016720469427883984e+02 2.799105101728616152e-01
9.478686999999999330e+01 2.184519600000000139e+01 1.306512501411405367e+02 2.168310308229336414e+01
1.372423000000000002e+02 1.840880000000000072e+00 1.175790830807567175e+02 2.986442565211206102e+01
9.686450000000000671e+01 3.287660000000000338e+01 1.240027327244107909e+02 5.497106435566801785e+00
1.279676800000000014e+02 9.560188000000000130e+00 1.087016870740359309e+02 2.315996157665784594e+01
1.210324499999999972e+02 1.877111599999999925e+01 1.351393616619980662e+02 1.939380458109850025e+01
1.093420100000000019e+02 2.870751599999999826e+01 1.268697398145075113e+02 1.837731710681295283e+01
1.206880299999999977e+02 9.057698999999999501e+00 1.368615371244012522e+02 7.841185771054494325e+00
1.188802900000000022e+02 7.100107000000000390e+00 1.177491708635876648e+02 6.367341221137211349e+00
1.225421139999999980e+02 1.088495900000000027e+01 1.179610192979966996e+02 3.379385706495560981e+01
1.133772500000000036e+02 2.012534099999999881e+01 1.287031667434191320e+02 3.386846823033869214e+01
1.246177200000000056e+02 1.150686000000000098e+00 1.354009283228706408e+02 1.063325490161928677e+01
1.343265800000000070e+02 3.472433000000000192e+01 1.051731224865398815e+02 1.101629510721799221e+01
1.125651100000000042e+02 1.389909199999999956e+01 1.173466527045176377e+02 3.108455223663077405e+01
1.042875439999999969e+02 1.675788000000000011e+01 1.136266605382559476e+02 2.068400911373618811e+01
1.052188600000000065e+02 4.245258999999999894e+00 1.317056056595722282e+02 3.030636911522477206e+01
1.360886000000000138e+02 1.322069300000000069e+01 1.060197806643992351e+02 1.132298471737978041e+01
1.134008259999999950e+02 2.899073999999999884e+01 1.343909089527544154e+02 2.889755527382903111e+01
1.174418639999999954e+02 1.991549499999999995e+01 1.181551893770467245e+02 2.525030044649567529e+01
1.191021599999999978e+02 1.562066500000000069e+01 1.363393929980181269e+02 1.012788797479050018e+01
1.240774600000000021e+02 2.988545999999999925e+00 9.694158769360699068e+01 1.408460653126522644e+01
1.267472099999999955e+02 7.728730999999999796e+00 1.357089495399603152e+02 3.169585822407213982e+01
1.299299300000000130e+02 1.610754400000000075e+01 1.328480668106548137e+02 1.889265421515008114e+01
1.049807359999999932e+02 3.378130699999999820e+01 9.827656996697335501e+01 8.849620924263092547e+00
1.271800499999999943e+02 1.194703699999999991e+01 1.196193640232470727e+02 3.350347634592572010e+00
1.264155399999999929e+02 1.199724699999999977e+01 1.324807902333068910e+02 8.018869034016157471e+00
1.245766100000000023e+02 8.309366000000000696e+00 9.764858049317460598e+01 3.695984423034905042e+00
1.335451400000000035e+02 1.390628799999999998e+01 1.232734741991808960e+02 1.718916326207772372e+01
1.357156699999999887e+02 3.125895300000000177e+01 1.346660103156324340e+02 3.006448264685504057e+01
1.034372900000000044e+02 1.659929699999999997e+01 1.329775894086611174e+02 2.900253948567597462e+01
1.334576600000000042e+02 1.203043300000000038e+01 1.029640977536782884e+02 3.260929925629482540e+01
1.045020300000000049e+02 3.012155500000000075e+01 1.141847717094091479e+02 6.204129008649808874e+00
1.151021999999999963e+02 2.461723999999999890e+01 1.325203375849822578e+02 2.894519916088905021e+01
1.077555200000000042e+02 9.456590000000000273e-01 1.178568074851962990e+02 4.423926092571256463e-01
1.085328200000000010e+02 2.570951300000000117e+01 9.824953855065763264e+01 5.531739341535985233e+00
1.327581000000000131e+02 3.298633999999999844e+00 1.076848187183733785e+02 2.517301620137865470e+01
1.087539900000000017e+02 1.329248699999999950e+01 1.121166387942009521e+02 3.265477644756487763e+01
1.055823599999999942e+02 2.382420000000000115e+01 1.101602810214517092e+02 1.682233392678603678e+01
9.463783999999999708e+01 2.379528600000000083e+01 1.000250644653171719e+02 9.296575665677950795e+00
1.014166199999999947e+02 2.477552599999999927e+01 1.108582983173957359e+02 2.309394373265152467e+01
1.244966000000000008e+02 1.083233000000000068e+01 1.058676657441050821e+02 1.261196854610124518e+01
1.098771440000000013e+02 2.681062700000000021e+01 1.139174297650214953e+02 3.119716382501915675e+01
1.043034439999999989e+02 2.531816900000000103e+01 9.995915887449578463e+01 4.767529318645798320e+00
1.024364300000000014e+02 2.697588299999999961e+01 1.238651549944724763e+02 2.304244429874989919e+01
1.005045199999999994e+02 2.882197800000000143e+01 1.155664386418962977e+02 2.944610164450981671e+01
1.306742099999999880e+02 8.577165000000000816e+00 1.045443671828861341e+02 2.226790588554505845e+01
9.533898999999999546e+01 1.831156199999999856e+01 9.270526150826623279e+01 2.570565599419703773e+01
9.264901000000000408e+01 2.078608699999999843e+01 1.159346018754705909e+02 2.112839379335574108e+01
1.073470499999999959e+02 1.714681799999999967e+01 9.229616403166834004e+01 1.279189982869076836e+01
1.282913200000000131e+02 3.539490000000000136e-01 1.309185949484259481e+02 1.556544835688555573e+01
9.741317999999999699e+01 3.072950700000000168e+01 1.312142236016559309e+02 7.421439032756802945e+00
1.305003800000000069e+02 6.941775999999999947e+00 1.164915267211772232e+02 1.721585046183199097e+01
1.326187299999999993e+02 2.423593299999999928e+01 1.139482309320844138e+02 1.331622390985737958e+01
1.096538500000000056e+02 3.307865999999999929e+01 9.893392832451476693e+01 4.597869421432239534e+00
1.286587700000000041e+02 1.192577099999999923e+01 1.208268660570125377e+02 3.369550779791304507e+01
1.205678249999999991e+02 2.621988100000000088e+01 1.316231189964572934e+02 1.445330352405358099e+01
1.238177000000000021e+02 8.907939999999999747e-01 1.140853605415045848e+02 4.532489506118184686e+00
1.346369300000000067e+02 1.998772200000000154e+01 1.080583926441873928e+02 2.571459743453509361e+01
1.065325299999999942e+02 7.733226000000000155e+00 1.314346702827374429e+02 1.021610848837502061e+01
1.047877660000000049e+02 2.743140400000000056e+01 9.585610371421856257e+01 2.769721189736243616e+01
1.008170850000000058e+02 2.297933400000000148e+01 1.331547019202439230e+02 1.901095500486507817e+01
1.009878700000000009e+02 1.558966700000000039e+01 9.509687617829422379e+01 2.747383612281469567e+01
1.233091349999999977e+02 7.443515999999999799e+00 9.377728548670756936e+01 1.414979525443015085e+01
1.008899150000000020e+02 2.474351700000000065e+01 1.228376190886003769e+02 9.383172801884644088e+00
1.188353800000000007e+02 2.132730300000000057e+01 1.294215569054128139e+02 4.714662300014114571e+00
1.268372399999999942e+02 1.219269300000000023e+01 1.230173317219027922e+02 3.184678958381697456e+00
1.059936749999999961e+02 5.508810999999999680e+00 1.081761527934032756e+02 4.389780665971865226e+00
1.182392499999999984e+02 2.503325500000000048e+01 1.101222769461401896e+02 8.185803049452493596e+00
1.274613300000000038e+02 8.821358999999999284e+00 1.084682411503820418e+02 2.505114998953801830e+01
1.008948800000000006e+02 1.652329800000000048e+01 1.239376231384040778e+02 2.103277166545215593e+01
1.119810260000000000e+02 2.986763200000000040e+01 9.484809438630418299e+01 1.773471559327323632e+01
1.376202000000000112e+02 4.332929999999999837e-01 1.289709690287802459e+02 1.303131158034639725e+01
1.064715499999999935e+02 3.050993000000000066e+00 9.499555519642075296e+01 1.817110095817990612e+01
1.251776499999999999e+02 9.960960999999999288e+00 1.358094255441223481e+02 9.368143924514493293e+00
1.139231400000000036e+02 3.106367300000000142e+01 1.067501972890568425e+02 2.516769597989633844e+00
9.615071000000000367e+01 1.844079800000000091e+01 1.195925551191023146e+02 4.989603673504636738e+00
1.177268300000000067e+02 3.289130999999999716e+01 1.333461355357251250e+02 2.597300049804820432e+01
1.091274599999999992e+02 2.936315300000000050e+01 1.124817033547857932e+02 2.318862765452833941e+01
1.002415799999999990e+02 2.393959399999999960e+01 1.323190490813367433e+02 1.485178660026067377e+01
1.141837539999999933e+02 2.640196200000000104e+01 1.216131919901850154e+02 2.361053386162376810e+01
9.371902000000000044e+01 2.542849500000000162e+01 1.020799362949662310e+02 6.410846443492673963e+00
1.103507400000000018e+02 8.773649999999999505e-01 9.455041113664657360e+01 2.215793096170802556e+01
1.148470839999999953e+02 1.232656199999999913e+01 1.219915573646272833e+02 5.735138143050392046e+00
1.153960299999999961e+02 3.187136999999999887e+01 1.059010531635874912e+02 1.116329714483553115e+00
1.234837399999999974e+02 2.555160000000000209e-01 1.206419326312161786e+02 1.914246389497605705e+01
9.954317000000000348e+01 2.821960599999999886e+01 1.376321371414086911e+02 8.446354444620942203e+00
1.261360600000000005e+02 1.381871199999999966e+01 9.876064800102061270e+01 1.591518991997267385e+01
1.222112300000000005e+02 1.084067199999999964e+01 1.209214538412824282e+02 1.916182349124704132e+01
1.185405899999999946e+02 1.932002800000000065e+01 1.304391725756721598e+02 6.782699451715012096e+00
1.149824200000000047e+02 3.944373000000000129e+00 9.465182633046069327e+01 2.108924167716704190e+01
1.218649499999999932e+02 3.051391999999999882e+01 1.348499367454066942e+02 2.498468512229052862e+01
1.305980999999999881e+02 1.224686600000000070e+01 1.012331725885144209e+02 2.382049338274229200e+01
1.227853800000000035e+02 1.303865900000000089e+01 1.314757513160202507e+02 2.537939823268611761e+01
1.301094799999999907e+02 1.724228499999999897e+01 1.275795493383013763e+02 3.208829300672507401e+01
1.199050600000000060e+02 3.175273699999999977e+01 1.201254878393112620e+02 1.287203257367496079e+01
1.358086700000000064e+02 1.854602399999999918e+01 9.574920229723274190e+01 6.783476938500808018e+00
1.067997500000000031e+02 2.827483199999999997e+01 9.700899904453389411e+01 1.911998675601063624e+01
9.389136000000000593e+01 1.855500999999999934e+01 1.194625567258185725e+02 1.295926767896347087e+01
1.010012799999999942e+02 3.239532499999999970e+01 9.385149310968267855e+01 6.588760907588819826e+00
1.235097959999999944e+02 2.681490999999999847e+00 1.158466674172579474e+02 9.848499528038676232e+00
1.275956950000000063e+02 1.332109900000000025e+01 9.404915428736406113e+01 6.876047275269660197e+00
1.365897199999999998e+02 8.289113999999999649e+00 1.354945991200411868e+02 1.434795376407957868e+01
1.378613000000000000e+02 1.162365699999999968e+01 1.204346669792269324e+02 1.595428307565088666e+01
1.026683040000000062e+02 3.145880100000000112e+01 9.691605848348488905e+01 3.266452551265110316e+01
1.047332300000000060e+02 2.698434299999999908e+01 1.155294450260488048e+02 1.974859541139103447e+00
1.358383000000000038e+02 1.360819200000000073e+01 1.242399693484154000e+02 2.465048796061833158e+01
1.142723500000000030e+02 1.447158600000000028e+01 1.068503524188229079e+02 1.958889769508214584e+01
1.205464199999999977e+02 1.931105200000000011e+01 1.157349825826883176e+02 2.872829466623594286e+01
1.117049099999999981e+02 1.392223999999999906e+00 1.267622940065042201e+02 1.316674867485314770e+01
1.349317599999999970e+02 1.207422299999999993e+01 1.084841918194995003e+02 3.207476755886560227e+01
9.437286000000000286e+01 1.972123699999999857e+01 1.134853868309867266e+02 4.580002117472455225e+00
1.078898599999999988e+02 1.824183700000000030e+01 1.322040427847799435e+02 1.888405169417258023e+01
1.057155460000000033e+02 7.953406000000000198e+00 1.004551126051007657e+02 3.243803353942207934e+01
1.115640259999999984e+02 1.853575000000000017e+01 1.026758213905501833e+02 8.498624104969632498e+00
1.175428899999999999e+02 5.199050999999999867e+00 1.090850673912419921e+02 8.976233728441815884e+00
1.031240300000000047e+02 2.424801599999999979e+01 9.339547491860240314e+01 1.858159245884735711e+01
1.373439500000000066e+02 5.370046000000000319e+00 1.265836313147444230e+02 1.016687056259442379e+01
1.088684839999999951e+02 1.869618999999999920e+00 1.109670280336669066e+02 7.057692572060401126e+00
1.065370939999999962e+02 2.693126900000000035e+01 1.270785144291988331e+02 2.828906390882605493e+01
1.230402299999999940e+02 4.911928999999999768e+00 1.115174286310895866e+02 2.547165491806922688e+01
1.015065100000000058e+02 1.150659500000000079e+01 1.252227024495434193e+02 1.171730334190443834e+01
1.200969999999999942e+02 1.983857199999999921e+01 1.180247340625209489e+02 3.139003239447812454e+00
1.225021299999999940e+02 2.699719199999999830e+01 1.326717618519996904e+02 1.511750261620879066e+01
1.075570799999999991e+02 3.114085800000000148e+01 1.262368803651387026e+02 1.913632209479965240e+01
1.130678500000000071e+02 1.070391300000000001e+01 1.177084053548365858e+02 2.588516112138519532e+01
1.211231700000000018e+02 5.250886000000000386e+00 1.335857221358953666e+02 3.169818981901724797e+01
1.297554599999999994e+02 1.352958600000000011e+01 1.302514366820679470e+02 6.581062025582166797e+00
1.302130600000000129e+02 1.211599499999999985e+01 1.073571390629862066e+02 2.441706507357920941e+01
1.252135240000000067e+02 1.563707699999999967e+01 1.093747473802040702e+02 2.852359665317962722e+01
1.279924850000000021e+02 1.403315199999999940e+01 1.021899887934284124e+02 2.021174133218473656e+01
1.217480850000000032e+02 1.688053000000000026e+00 1.374468889917147862e+02 4.600632092988367283e+00
1.173357539999999943e+02 2.219921099999999825e+01 1.068779389784804721e+02 1.744274697005764097e+01
9.954652400000000512e+01 2.725922600000000173e+01 1.121407478083857114e+02 2.303501846097869432e+01
1.208478199999999987e+02 2.691405000000000047e+00 1.313477970131040138e+02 5.690383709243977073e+00
1.227206500000000062e+02 2.926232000000000166e+00 1.211734320670174725e+02 3.096433512552997058e+01
1.125423660000000012e+02 2.072739999999999938e+01 9.887192491946063910e+01 2.056210595848321532e+01
1.120615540000000010e+02 2.049053999999999931e+01 1.151086108001432962e+02 6.060123729857682662e+00
9.490277000000000385e+01 2.671841999999999828e+01 1.047075299917556350e+02 9.591067466528494734e+00
1.312255999999999858e+02 1.041509199999999957e+01 1.089939119065512898e+02 2.330988013089848465e+01
9.297975999999999885e+01 2.366921800000000076e+01 1.193583470945791731e+02 6.245097448049707012e+00
1.371736500000000092e+02 4.615216000000000207e+00 9.554841987632462974e+01 2.920276710607941695e+01
9.987552999999999770e+01 8.232086999999999932e+00 1.022078963960002795e+02 1.228096864059724425e+01
9.369768000000000541e+01 1.855701600000000084e+01 1.245952148553184600e+02 2.581973809558507682e+01
1.065032039999999967e+02 4.921710000000000251e-01 1.265871850529490530e+02 9.864519843770150231e+00
1.190509339999999980e+02 3.018608700000000056e+01 1.122246203121656691e+02 5.695991060575113174e+00
1.025355399999999975e+02 3.082849900000000076e+01 1.197217915744086127e+02 2.854879752555954653e+01
1.090962999999999994e+02 2.908158500000000046e+01 1.031355161438449670e+02 1.709749009348456639e+01
1.259232559999999950e+02 4.161654000000000408e+00 1.019089085592902393e+02 2.234480633822041895e+01
1.191739350000000002e+02 1.736071400000000153e+01 9.326828230098149675e+01 1.519464424374797318e+01
1.209879799999999932e+02 1.243783900000000031e+01 1.147963953621387958e+02 1.454237344743322602e+01
1.020575599999999952e+02 3.032312399999999997e+01 9.951358167334237237e+01 2.941702866805068339e+01
1.181114039999999932e+02 1.644512699999999938e+01 1.182997301592768196e+02 1.175083692410993486e+01
9.889706999999999937e+01 1.656511100000000170e+01 1.368779380450399401e+02 3.267899078654669864e+01
1.006243900000000053e+02 2.521868699999999919e+01 1.368046660277251760e+02 2.758853327494823304e+01
1.290811199999999985e+02 1.133759300000000003e+01 9.484187244580967047e+01 4.749971489159288129e-01
1.001482199999999949e+02 1.817409899999999823e+01 1.092695458080976039e+02 1.204325155136822900e+01
1.245430300000000017e+02 2.024064000000000085e+00 9.655119668268262956e+01 1.853712633713402980e+01
1.192735749999999939e+02 1.863693999999999917e+01 1.083082441616847262e+02 1.952668948385368752e+00
9.227044999999999675e+01 7.180528999999999940e+00 1.282849529335745729e+02 3.454696184020203731e+01
1.198838400000000064e+02 6.334082000000000434e+00 1.229385896475421447e+02 3.212801848312824404e+01
1.242767939999999953e+02 1.730797799999999853e+01 1.136033356205262521e+02 2.587858700300744985e+01
1.172901399999999938e+02 9.088948000000000249e+00 1.176847199638234542e+02 6.647285633819429940e+00
1.251190799999999967e+02 3.508843000000000156e+00 1.039160985655571494e+02 3.355192479034537456e+01
9.765413999999999817e+01 2.677711499999999845e+01 1.295700752282597819e+02 2.403508011036905145e+01
9.981171000000000504e+01 2.392927600000000155e+01 1.121345870759219849e+02 1.579093613695929754e+01
1.087185099999999949e+02 1.082315200000000033e+01 1.191970177909258268e+02 4.903200849670664496e+00
1.039746800000000064e+02 2.082602500000000134e+01 1.157908873648382837e+02 1.297822086415546217e+01
9.567327000000000226e+01 3.478048299999999671e+01 1.312255240880475924e+02 7.978980506644692383e+00
1.170396599999999978e+02 3.272567399999999793e+01 9.461969892192720977e+01 1.072663193286367722e+01
1.270514139999999941e+02 1.592723100000000080e+01 1.052856322866309995e+02 4.353504509541471279e+00
1.205876159999999970e+02 1.334072899999999962e+01 1.141777793961549889e+02 2.907243389067033057e+00
1.184589500000000015e+02 2.161511399999999838e+01 9.470244829702599532e+01 1.073846525047598099e+01
1.252556299999999965e+02 7.355453999999999937e+00 1.219152884943559911e+02 3.359504334895707700e+01
1.202658899999999988e+02 5.060309000000000168e+00 1.359772499790238101e+02 1.787493436335273245e+01
1.061427599999999956e+02 1.381433000000000000e+01 1.165917857961746904e+02 2.724782089031333143e+01
1.026667000000000058e+02 2.719775200000000126e+01 1.366065729780640936e+02 1.910943137982811280e+01
9.848666000000000054e+01 1.054087299999999949e+01 1.281066499366118023e+02 3.157007442805646491e+01
1.135080899999999957e+02 2.942609399999999908e+01 1.357049890099177674e+02 5.153302663238225279e+00
9.826783000000000357e+01 3.081710999999999956e+01 9.764019641447870868e+01 8.761123914989593642e-01
9.320991999999999678e+01 1.442506700000000031e+01 1.371041169231786512e+02 1.651701233688930515e+01
1.067415100000000052e+02 2.775080900000000028e+01 1.321388315226222971e+02 4.283723265070865871e+00
1.054833399999999983e+02 7.198695999999999984e+00 9.896053273239864723e+01 2.685034747621402218e+01
9.321605999999999881e+01 1.888607999999999976e+01 9.309198778941070884e+01 2.794309960323611008e+01
1.068862400000000008e+02 1.928219199999999844e+01 1.007866125334007705e+02 2.535889044028155936e+01
1.353658100000000104e+02 1.056605300000000014e+01 1.170769958230755918e+02 2.405356937246369853e+01
