1.130644759999999991e+02 5.041568999999999967e+00 1.092345699908005088e+02 1.962660333970002213e+01
9.982527000000000328e+01 2.515078700000000111e+01 9.837562618356771793e+01 7.459760250749024380e+00
1.074241999999999990e+02 2.922848300000000066e+01 9.233898274213382251e+01 1.101109500652662021e+01
1.102496799999999979e+02 2.905307200000000023e+01 1.294836640406271329e+02 3.315236524929053274e+01
1.083133540000000039e+02 2.792756299999999925e+01 1.244943203961405942e+02 3.439677589393695278e+00
1.053509449999999958e+02 9.028912999999999300e+00 1.318535945636133988e+02 1.157858597272372947e+01
1.063896100000000047e+02 3.912881000000000054e+00 1.125491688333786158e+02 1.791940009082091834e+01
1.290050699999999892e+02 1.324962900000000054e+01 1.071328069318114302e+02 3.695868119175429900e+00
1.190961999999999961e+02 7.138060000000000516e-01 1.186398576407373753e+02 2.732740151654037675e+01
1.164659599999999955e+02 1.853562499999999957e+01 1.366721754052706501e+02 3.273868824386349985e+01
1.252770199999999932e+02 1.020389400000000002e+01 1.016170324739201192e+02 2.563419192533545754e+01
1.006839099999999974e+02 4.718844999999999956e+00 1.278207904205115710e+02 1.777623803328145957e+00
1.294755900000000111e+02 2.914704899999999910e+01 1.273243722292970403e+02 1.771504687993186877e+01
9.765413999999999817e+01 2.677711499999999845e+01 1.277767158676239632e+02 2.511895490711217871e+00
1.049673540000000003e+02 2.282041399999999953e+01 1.003976877738790421e+02 2.634906129428499355e+01
1.101911099999999948e+02 1.101826999999999934e+01 1.172973314380372045e+02 1.675912185538900090e+01
1.291512099999999919e+02 1.286193699999999929e+01 1.313536142649099361e+02 6.545518917542547666e-01
1.205876159999999970e+02 1.334072899999999962e+01 1.014169218488215023e+02 2.045402503681000539e+01
1.004048300000000040e+02 2.599754000000000076e+01 1.280662066884527519e+02 3.352367533103656427e+01
1.324894099999999924e+02 1.522223000000000104e+00 9.386441398870945818e+01 1.955898136794954567e+01
1.270486300000000028e+02 1.419520600000000066e+01 9.746868016196943074e+01 4.539167268649224596e-01
1.205864299999999929e+02 8.516370000000000218e+00 1.338965483998055106e+02 1.546581255559309920e+00
1.044074200000000019e+02 1.407581799999999994e+01 9.307908585942669788e+01 2.954418239839854721e+01
1.132784039999999948e+02 2.408719599999999872e+01 1.097415303108047766e+02 2.556958708591572105e+01
9.264901000000000408e+01 2.078608699999999843e+01 9.621333645150257041e+01 1.200491023105593946e+01
1.370245700000000113e+02 1.147566899999999990e+01 1.217381847971194873e+02 3.276833195628717021e+01
1.122847440000000034e+02 1.660995300000000086e+01 1.189747656240178486e+02 1.735391905813875724e+01
1.140755900000000054e+02 8.455011999999999972e+00 1.027807749062686611e+02 6.971483411273474928e+00
1.349417400000000100e+02 3.249795499999999748e+01 1.077700020275553072e+02 1.389337141913508766e+00
1.074369499999999960e+02 2.925465799999999916e+01 1.100593648284288548e+02 5.540595450380730869e-01
9.801369499999999846e+01 2.871176499999999976e+01 1.334333798384940906e+02 2.232921127851321685e+01
1.231785699999999935e+02 1.163075599999999987e+01 1.145089138065755492e+02 1.573985366240717809e+01
1.283993499999999983e+02 1.234091600000000000e+01 1.237553825395286253e+02 1.773982291203538608e+01
1.222376000000000005e+02 3.524550000000000183e-01 1.124792849344461274e+02 1.716817083901536733e+01
1.219990200000000016e+02 5.213186999999999571e+00 1.150137096275292521e+02 2.970167776555624073e+01
1.215120100000000036e+02 3.517780999999999825e+00 1.016576989947073599e+02 2.067749415545085512e+01
1.192039699999999982e+02 8.441069999999999851e+00 9.532418105254612328e+01 2.795556182783349541e+01
1.019195560000000000e+02 2.802453799999999973e+01 1.311702332956539294e+02 9.647456128097408268e+00
1.360862600000000100e+02 1.322449800000000053e+01 9.313919529018382093e+01 3.283402591811701399e+01
1.123958300000000037e+02 1.957101600000000019e+01 9.619736370942126769e+01 2.386072850485417174e+00
1.211260759999999976e+02 1.171536500000000025e+01 1.009447997551919798e+02 1.739613746833867580e+01
1.035757499999999993e+02 1.086949599999999982e+01 1.126799649111907513e+02 2.025397087921874828e+01
1.291559399999999869e+02 1.352395500000000084e+01 9.419358225052575051e+01 3.002117338160504190e+00
1.135055600000000027e+02 1.730492999999999881e+01 9.702252599338426364e+01 2.506681345359157476e+01
1.194070700000000045e+02 1.974189399999999850e+01 1.266090763433790585e+02 1.444772806792413355e+01
1.206234199999999959e+02 2.294290000000000163e+00 1.242206047266493982e+02 1.512898087071205921e+01
1.075842059999999947e+02 1.186463999999999963e+01 1.042553231375133009e+02 1.118557774359858392e+01
1.207382000000000062e+02 1.915753600000000034e+01 1.235507908966748687e+02 3.707640166302038409e+00
1.024364300000000014e+02 2.697588299999999961e+01 1.004408587902731966e+02 1.508125201370966728e+01
1.221295800000000042e+02 8.650660999999999490e+00 9.813197643089449684e+01 2.521317075230731675e+01
1.096788600000000002e+02 1.849008999999999903e+00 1.302962626369366035e+02 1.835583657927173817e+01
1.262135240000000067e+02 1.085353699999999932e+01 1.278770912015781249e+02 1.795818283566304885e+01
1.230443949999999944e+02 4.896641999999999939e+00 1.064439401188285501e+02 2.325973087406919859e+01
1.052273249999999933e+02 1.942294899999999913e+01 1.293540838494881200e+02 3.074708746433034889e+01
1.118345640000000003e+02 2.392749999999999877e-01 1.297378432773523969e+02 1.881394351006546017e+01
1.130037300000000045e+02 2.547221800000000158e+01 1.066108477631294988e+02 1.273555053898875933e+01
1.028035200000000060e+02 2.750330200000000147e+01 1.285989966305577923e+02 6.842855197446827908e+00
1.099410100000000057e+02 2.527390700000000123e+01 1.120792407170575302e+02 1.339219584105483207e+01
1.179312000000000040e+02 9.954869000000000412e+00 1.191756455758332436e+02 3.013775211015952138e+00
1.075895799999999980e+02 1.972467400000000026e+01 9.409589367476698385e+01 2.267064118522978688e+01
1.174418639999999954e+02 1.991549499999999995e+01 1.153625980043322130e+02 2.572017475589507640e+01
1.020971899999999977e+02 2.676877800000000107e+01 1.085739756135394032e+02 2.087941139364101062e+01
1.148470839999999953e+02 1.232656199999999913e+01 1.219038174801559649e+02 1.755135337094896286e+01
1.068714449999999943e+02 1.286970200000000020e+01 9.418098089401601669e+01 3.941451082837724051e+00
1.074301300000000055e+02 3.293291500000000127e+01 1.199620887103120026e+02 9.976739859795683785e+00
1.287149499999999875e+02 8.613853000000000648e+00 1.338983535714332618e+02 3.113038098626312422e+00
9.808326999999999884e+01 2.820190200000000047e+01 1.062943299550718450e+02 2.795179147879660420e+01
1.089955800000000039e+02 1.639875599999999878e+01 1.217633416784374276e+02 1.174214309554211688e+00
1.371154999999999973e+02 4.333319999999999950e-01 1.363662257595579490e+02 5.233405557212333470e+00
1.360886000000000138e+02 1.322069300000000069e+01 1.149328296343746132e+02 3.239208851407907730e+01
1.176738359999999943e+02 1.385884099999999997e+01 9.274267316758894708e+01 2.795415438905608951e+01
1.215274660000000040e+02 9.855489999999999640e+00 1.308695217849949017e+02 3.290339970542154902e+01
1.276204900000000038e+02 1.005807899999999933e+01 1.029665628628977743e+02 3.022478995835356486e+01
1.133417740000000009e+02 1.599369000000000085e+01 1.242224280108042649e+02 2.727469669813864783e+01
1.022638800000000003e+02 3.262707999999999942e+01 1.059776122943902834e+02 1.002969996506619843e+01
9.786359400000000619e+01 2.648629000000000033e+01 1.098856125155222827e+02 1.172814903580418822e+01
1.225343299999999971e+02 4.270537000000000027e+00 1.226325663677909432e+02 1.078296424397484632e-01
1.063831100000000021e+02 8.929643999999999693e+00 1.099566051751035047e+02 2.869949357883784913e+01
1.072066800000000057e+02 2.882234800000000163e+01 1.099314134809875014e+02 1.827443268810853638e+01
1.239107999999999947e+02 6.146923000000000137e+00 1.019395258841005045e+02 1.053175316671338635e+01
9.339405999999999608e+01 1.624022300000000030e+01 9.236783432033793417e+01 2.818222535524666483e+01
1.355842399999999941e+02 3.165399999999999991e+01 1.119534416460335819e+02 3.146531015279812848e+01
1.257966299999999933e+02 8.756054999999999922e+00 1.181207589220877452e+02 4.450393202638108781e-01
1.063705499999999944e+02 2.535100999999999871e+01 1.257626538748827301e+02 2.952473354561981722e+01
1.123576999999999941e+02 3.279659999999999798e-01 1.127985995884074271e+02 9.970530730121213381e+00
1.207063399999999973e+02 1.393922799999999995e+01 1.294986024230234136e+02 3.284118286524673636e+01
1.235973099999999931e+02 1.219101299999999988e+01 1.305640777650753535e+02 2.477141523247047949e+00
1.147472199999999987e+02 3.243150700000000342e+01 9.283227640686094162e+01 3.611137334769543017e+00
1.201075060000000008e+02 6.985503999999999714e+00 1.118417821364566436e+02 2.998927244622641197e+01
9.639709999999999468e+01 2.889318000000000097e+01 9.601153012784769203e+01 2.035705418668691635e+01
1.147561599999999942e+02 1.838597100000000140e+01 9.895560173826309835e+01 2.129239035069267061e+01
1.093217539999999985e+02 1.300310099999999913e+01 9.229745349623858885e+01 2.595813616179605532e+01
1.047176599999999951e+02 4.703091999999999828e+00 1.289406314625735206e+02 3.221315502687195931e+01
1.120762000000000000e+02 7.865459999999999674e-01 9.200327577044612326e+01 9.747720972145340612e-01
1.033414700000000011e+02 2.611897300000000044e+01 1.237068661491434085e+02 2.108349938161729042e+01
1.130060650000000066e+02 2.550459999999999994e+01 9.269238080283032843e+01 1.150396752717206361e+01
1.314515000000000100e+02 1.002607700000000079e+01 1.255279981447575892e+02 3.276199740588792508e+01
1.251748699999999985e+02 2.681115199999999987e+01 1.220825926662414815e+02 1.989377193686997813e+01
1.324488800000000026e+02 9.132956999999999326e+00 1.181845823902044543e+02 1.171918042140296556e+01
1.350546699999999873e+02 1.248166299999999929e+01 1.022819973415535202e+02 1.833957565921486221e+01
1.053158899999999960e+02 1.049280700000000088e+01 1.195145560436501597e+02 1.111499049077277768e+01
1.311990399999999966e+02 2.885759999999999881e+00 1.197978962559455738e+02 1.431388480061476720e+01
1.331191900000000032e+02 8.421360999999999208e+00 1.306739660370376441e+02 1.239408465773558987e+01
1.210836500000000058e+02 1.404887100000000011e+01 1.052875100532543513e+02 2.535547780688599318e+01
1.236907599999999974e+02 2.655348599999999948e+01 1.322577168531433074e+02 3.796009167409679641e+00
1.310166999999999859e+02 1.584964599999999990e+01 1.175830821849338719e+02 1.692451127599464300e+01
1.030680899999999980e+02 2.392125499999999860e+01 1.244331559452376439e+02 2.462371533892259379e+01
1.034284499999999980e+02 2.847408899999999932e+01 1.156382452531095737e+02 1.547584398157464669e+01
1.134832399999999950e+02 1.777810300000000154e+01 1.113640492259216614e+02 6.840770117196348643e+00
1.108547200000000004e+02 1.948833799999999883e+01 1.115515114302792625e+02 1.713176041577527897e+01
1.356580399999999997e+02 1.759958500000000114e+01 1.364302733754016117e+02 3.107830655580065837e+01
1.346648600000000044e+02 1.416948599999999914e+01 9.726112314153340321e+01 3.367877224137068026e+01
1.034781339999999972e+02 1.418773999999999980e+01 1.121307816372686688e+02 2.748864651787216573e+01
1.365753499999999860e+02 3.356936300000000273e+01 1.274052264125455025e+02 1.755391098515604043e+01
1.279676800000000014e+02 9.560188000000000130e+00 9.995300941194901156e+01 6.801550230014546727e+00
1.201523200000000031e+02 2.317364500000000049e+01 1.191239004842922213e+02 2.660440994442552221e+00
1.216560750000000013e+02 3.921428999999999832e+00 1.216751777273082951e+02 2.257184620318685830e+01
1.346454300000000046e+02 1.258279899999999962e+01 1.155839711273367527e+02 1.080068185491457733e+01
1.068052100000000024e+02 1.683014100000000113e+01 1.331617520662027232e+02 1.206918922285664664e+01
1.037949100000000016e+02 1.724506999999999834e+01 1.293228609798711375e+02 1.611048555675357363e+01
1.129410900000000026e+02 1.928609799999999908e+01 1.255481496990546475e+02 3.213145802197772127e+01
1.187546099999999996e+02 1.839382399999999862e+01 1.013736847685393343e+02 1.966449959511410484e+01
1.196812299999999993e+02 2.088022600000000040e+01 9.963515268358445098e+01 1.292848318455880730e+01
1.002797900000000055e+02 2.030880499999999955e+01 1.225545296661160251e+02 2.483650974068209560e+00
1.065032039999999967e+02 4.921710000000000251e-01 1.068909352991958599e+02 2.681912186549753940e+01
9.520380000000000109e+01 2.239091700000000174e+01 1.017549376049204142e+02 6.393685825297889203e+00
1.176774800000000027e+02 2.114383099999999871e+01 1.013535258462015349e+02 1.803311769011002497e+01
1.172729949999999945e+02 2.140795900000000174e+01 9.452832589096233562e+01 3.223975915785187851e+01
1.006227399999999932e+02 1.954385600000000167e+01 1.009602288990663652e+02 1.086108797681977478e+01
1.297366499999999974e+02 1.097087800000000080e+01 1.213056916031621597e+02 1.113637930546278021e+01
1.063444439999999958e+02 3.975452000000000208e+00 1.265529613726268252e+02 2.400720730032357508e+01
9.723202000000000567e+01 2.960429800000000000e+01 1.124157546553544336e+02 2.686567265805663851e+01
1.219563600000000037e+02 4.037063999999999986e+00 1.327511817134515582e+02 2.234879134558888225e+01
9.911983499999999481e+01 3.033258400000000066e+01 1.236191039529099100e+02 4.470994826854621351e+00
1.068959600000000023e+02 4.261408999999999558e+00 1.367848441652763540e+02 5.028080754732703106e+00
1.255556260000000037e+02 1.372629099999999980e+01 1.044697479565396350e+02 1.874933547775516729e+01
1.130678500000000071e+02 1.070391300000000001e+01 1.157040040948424320e+02 2.837288039415397378e+01
1.156852599999999995e+02 1.478857400000000055e+01 1.110830944013255532e+02 2.396933077399800993e+01
1.202229399999999941e+02 1.300534999999999997e+01 1.146353929915538004e+02 5.369725417807702961e+00
9.369768000000000541e+01 1.855701600000000084e+01 1.364422744682002815e+02 2.485594047808521623e+01
1.328286300000000040e+02 1.854412800000000061e+01 1.215672483341265036e+02 3.052108020217620066e+01
1.189017699999999991e+02 2.030833000000000155e+01 1.257377758321600538e+02 2.591813837736476955e+01
1.006064200000000000e+02 2.769523600000000130e+01 1.159901514421971171e+02 3.900997921326134765e+00
1.235097959999999944e+02 2.681490999999999847e+00 1.303493673369856083e+02 7.973410831245465680e+00
1.102149799999999971e+02 2.830182999999999893e+01 1.165318855862142584e+02 3.302739171424533282e+01
1.255835950000000025e+02 1.142485399999999984e+01 9.752781692001170200e+01 2.346500551488124753e+00
1.040049199999999985e+02 2.438359600000000071e+01 9.957082819574944210e+01 1.987127128402943299e+01
1.215634399999999999e+02 8.080892999999999660e+00 9.543751286684509694e+01 3.332124413158596354e+01
1.023049299999999988e+02 2.800608000000000075e+01 1.068560884859825677e+02 2.613624410875246085e+01
1.344432400000000030e+02 7.931499999999999773e+00 1.157018666270375888e+02 1.933207475153236388e+01
1.063184499999999986e+02 2.189414199999999866e+01 9.241878732829259491e+01 2.144914987338623646e+01
1.293635400000000004e+02 1.894171000000000049e+00 1.050524597070508577e+02 2.263957667516205419e+01
1.158584060000000022e+02 1.987986000000000075e+01 1.074087176558148258e+02 7.489604789968240528e-02
1.015828300000000013e+02 3.012794999999999845e+01 1.165443550021390990e+02 1.804233192995688739e+01
1.224132840000000044e+02 1.063505699999999976e+01 1.273278343196930678e+02 1.786128647999429830e+01
1.215111540000000048e+02 9.026956999999999454e+00 1.079899253909324273e+02 3.366395137287980788e+01
1.286007500000000050e+02 8.765936999999999202e+00 1.206212804228114237e+02 3.072578679633474863e+01
9.942723999999999762e+01 2.273704499999999840e+01 1.113543379725782074e+02 9.557132326181054793e+00
1.080707699999999960e+02 1.541756700000000002e+01 1.054932249661290058e+02 3.475549001563815210e+01
1.011475200000000001e+02 2.924591300000000160e+01 9.659655685803637937e+01 1.117317476647567709e+01
9.569082000000000221e+01 2.712815700000000163e+01 1.308181169351507265e+02 4.301066492362792815e-01
1.013173800000000000e+02 1.780067999999999984e+01 9.474964017182391274e+01 5.142482006144683204e+00
1.210841450000000066e+02 2.834050999999999831e+01 1.353073496871091379e+02 2.509580213751618327e+00
1.142837099999999992e+02 1.745475199999999916e+01 1.354638439890965174e+02 3.280560377104602310e+01
1.281656299999999931e+02 6.427754000000000190e+00 1.225857302687419974e+02 9.274972640622026532e+00
1.007646940000000058e+02 2.517087599999999981e+01 1.058247351462584476e+02 3.458973043706901507e+01
1.030357699999999994e+02 2.493956400000000073e+01 1.067239444605348240e+02 1.942161426194192586e+01
9.965353399999999340e+01 2.953445800000000077e+01 9.238011442536900120e+01 2.451863749798387104e+01
1.051916099999999972e+02 9.920849000000000473e+00 1.287786388493813092e+02 3.285671500690651170e-01
1.056316000000000059e+02 1.004083999999999932e+01 1.304324370603221439e+02 1.540372998337199206e+01
9.319089999999999918e+01 1.835962900000000175e+01 9.887362665993603628e+01 4.219671641274506335e+00
1.377720300000000009e+02 1.174125100000000010e+01 9.804372780874868454e+01 8.385607539816861689e+00
1.277506199999999978e+02 9.857113000000000014e+00 9.318812269180183705e+01 3.159463885253833126e+01
9.288236999999999455e+01 2.260556000000000054e+01 1.025816418345016956e+02 7.911138332867800216e+00
1.216335140000000052e+02 1.368565999999999949e+00 1.152553052491470993e+02 2.679055442516186503e+01
1.061745300000000043e+02 2.465655100000000033e+01 1.158518608366835423e+02 2.406944119401439153e+01
1.092677800000000019e+02 3.181741999999999848e+00 9.359051625387367324e+01 3.251118162287605173e+01
1.143764000000000038e+02 1.332743100000000069e+01 1.265515928537282377e+02 8.442137609089206407e-01
1.042143250000000023e+02 3.424630400000000208e+01 1.085234053314771785e+02 2.209526133719039009e+01
1.071924700000000001e+02 1.362108100000000022e+01 1.316827451080843616e+02 1.063738894353995867e+01
1.148343050000000005e+02 2.582363300000000095e+01 1.249622400368184003e+02 9.765029106134514691e+00
1.242736299999999972e+02 6.831006000000000355e+00 1.003286974207339028e+02 1.847143309188445670e+01
1.272875200000000007e+02 3.735890000000000044e-01 1.094852705264759862e+02 1.666392899267972538e+01
1.374745599999999968e+02 3.138292099999999962e+01 9.879682117040125888e+01 4.919124476687296799e+00
1.353685499999999990e+02 1.775348299999999924e+01 1.325510821510118262e+02 2.037452595234478636e+00
1.349317599999999970e+02 1.207422299999999993e+01 1.190412436055790693e+02 2.899093979110569563e+01
1.295191499999999962e+02 3.220691300000000012e+01 1.352436646883382707e+02 1.704939744271602819e+01
1.307676400000000001e+02 9.199001000000000872e+00 1.306281321693775794e+02 1.271413287882653975e+01
1.222444500000000005e+02 8.908201999999999288e+00 1.309175813295182706e+02 2.730161014962861898e+00
9.823951999999999884e+01 1.669737599999999844e+01 1.241286889384128926e+02 2.756912846629356295e+01
9.462124000000000024e+01 2.250560199999999966e+01 1.003029845360294701e+02 9.765017319568801923e+00
1.244378499999999974e+02 2.619258100000000056e+01 1.321195650815944873e+02 7.232392840593453442e+00
1.091274599999999992e+02 2.936315300000000050e+01 1.314547115836606963e+02 1.850945661669703313e+01
9.515203999999999951e+01 1.569428800000000024e+01 1.097549356424468385e+02 1.823952060262097774e+01
1.099067840000000018e+02 1.686253999999999920e+01 1.372740407771625257e+02 1.891190658710050698e+01
1.198241399999999999e+02 4.847177000000000291e+00 1.104389232277491999e+02 2.769131942978643934e+01
1.173357539999999943e+02 2.219921099999999825e+01 1.198734374853839029e+02 3.208843186397912461e+01
1.222190400000000068e+02 1.304349299999999978e+01 1.058986296267205631e+02 1.617865846230619464e+00
1.363643999999999892e+02 1.274971000000000032e+01 1.210763902850351599e+02 3.235483646551940318e+00
1.138526399999999938e+02 2.842907299999999893e+01 1.058860870647430374e+02 3.328145200961980521e+01
1.286794999999999902e+02 1.162912799999999969e+01 1.256218088334385072e+02 7.839541317632662043e+00
9.586464999999999748e+01 3.010379999999999967e+01 1.324445276020402105e+02 1.061845193476600890e+00
1.179488199999999978e+02 1.651808199999999971e+01 1.300773091723253287e+02 1.960895084408375766e+01
1.180108199999999954e+02 1.392753899999999945e+01 1.246181489993837772e+02 2.892609735656324688e+01
1.153614500000000049e+02 1.834740400000000093e+01 1.244682750841743086e+02 1.912601069257276265e+01
9.227543000000000006e+01 1.832281700000000058e+01 1.255269308685260512e+02 1.326833708220976149e+01
1.194439849999999979e+02 3.088717700000000121e+01 1.244476030906509436e+02 2.529152924224996468e+01
1.039350500000000039e+02 2.735918399999999906e+01 1.037382084553861574e+02 8.048568259273164216e+00
1.114416300000000035e+02 1.862790100000000137e+01 1.195890086408756616e+02 3.035955844832868422e+01
1.044894199999999955e+02 3.404343999999999681e+01 1.165643728405585904e+02 3.255425734106872682e+01
1.148329200000000014e+02 2.281423799999999957e+01 9.800859445975297035e+01 1.230612907007452961e+01
1.135468599999999952e+02 1.324376900000000035e+01 9.814219762305761208e+01 2.603555211834984817e+01
1.117577739999999977e+02 2.046753999999999962e+01 1.186983849829833986e+02 3.074339369415706624e+00
1.078898599999999988e+02 1.824183700000000030e+01 1.214649838848310566e+02 1.659104512860995939e+01
9.609209400000000301e+01 1.652753299999999825e+01 9.238391143034014874e+01 1.566796916058858358e+01
1.365897199999999998e+02 8.289113999999999649e+00 1.112037142893098007e+02 1.724938860522705397e+01
9.974796999999999514e+01 3.379717300000000080e+01 1.328146900971875084e+02 1.175769806855625710e+01
1.021120999999999981e+02 2.292310000000000159e+01 1.330878846107305549e+02 8.466789284311432295e-01
1.287243799999999965e+02 8.558763000000000787e+00 9.748435860080394377e+01 2.643763807304621238e+01
1.265867599999999982e+02 2.725253899999999874e+01 9.596226920332614441e+01 1.913565174353473708e+01
1.233474350000000044e+02 2.519231399999999965e+01 9.848477722877723295e+01 5.284875711389098285e+00
1.150682749999999999e+02 1.918149599999999921e+01 1.349402476396136876e+02 3.963551574900179286e+00
1.045020300000000049e+02 3.012155500000000075e+01 1.122842604052902828e+02 1.142521274812482091e+01
1.088684839999999951e+02 1.869618999999999920e+00 1.285991737387346348e+02 3.150691139703608101e+01
1.134964499999999958e+02 2.987325299999999828e+01 1.293712834796745881e+02 2.913942506027336510e+00
1.162218600000000066e+02 1.465482599999999991e+01 1.365741074891117250e+02 1.500669114852759378e+01
1.029471499999999935e+02 1.203110299999999988e+01 1.251469875794202409e+02 2.135749385219282104e+01
1.247720099999999945e+02 6.038419999999999899e-01 1.252778619218189249e+02 1.863012705584985085e+01
1.258230060000000066e+02 9.050392999999999688e+00 1.325849531064181974e+02 2.520268832013882943e+01
1.343265800000000070e+02 3.472433000000000192e+01 1.152228109319479330e+02 4.302940763064587060e+00
1.305980999999999881e+02 1.224686600000000070e+01 1.323910393554915288e+02 1.710817730165403727e-02
1.372788199999999961e+02 1.268961700000000015e+01 1.216228049861755665e+02 2.897395257644000566e+01
1.090832599999999957e+02 1.999703000000000008e+00 1.099559280132972106e+02 2.890109475460035426e+01
9.977344999999999686e+01 2.670044899999999899e+01 1.171599325374243392e+02 3.313328319038859160e+00
1.140009500000000031e+02 2.463463799999999893e+01 1.342733156981129241e+02 6.617180727536242202e+00
1.209112899999999939e+02 7.267337999999999631e+00 1.073602388133166272e+02 6.554486833567235493e+00
1.214991760000000056e+02 1.366147199999999984e+01 1.107666368115692705e+02 2.604978267599841857e+01
1.081589000000000027e+02 1.194670699999999997e+01 1.035235714381747556e+02 2.051131164338194424e+01
1.344037299999999959e+02 3.264661399999999958e+01 1.089773739911062478e+02 2.560165798253099467e+01
1.309361900000000105e+02 8.523167000000000826e+00 1.237964191729808903e+02 2.389599442986163780e+01
1.349924800000000005e+02 2.427803000000000111e+01 1.323514510318712212e+02 3.087905117941759414e+01
1.002892999999999972e+02 2.375831000000000159e+01 1.282506423647298561e+02 3.076361083160719900e+01
1.105762799999999970e+02 1.713849599999999995e+01 1.280314663285318488e+02 1.680533999024977376e+01
1.159256900000000030e+02 2.697432299999999827e+01 1.122586406129120888e+02 1.870786568693547025e+01
1.220304600000000050e+02 5.662862999999999758e+00 1.006111625445184359e+02 2.751227779880171198e+00
1.229745099999999951e+02 1.295093400000000017e+01 1.136313337841896356e+02 1.135383360364006222e-02
9.899518999999999380e+01 3.035501000000000005e+01 1.235119506910016725e+02 2.914284888853255495e+01
9.548212999999999795e+01 1.554973200000000055e+01 1.255760267557390790e+02 3.348799756680653417e+01
9.448524500000000614e+01 1.358393900000000087e+01 1.190054568221660247e+02 2.866663238892662235e+01
1.017952350000000052e+02 1.828858599999999868e+01 1.208031960305674488e+02 2.536948144772003744e+01
1.110863800000000055e+02 2.956343499999999835e+01 1.265903044818780927e+02 2.381641511150318191e+00
1.181806899999999985e+02 1.782495300000000071e+01 1.241113220622906255e+02 2.385180838766986966e+01
1.121128999999999962e+02 1.959123999999999910e+01 1.045647375233399856e+02 6.479876192600642071e-01
1.085890660000000025e+02 5.622329999999999828e-01 9.423019423966212571e+01 1.775025879523888150e+01
1.010747149999999976e+02 1.745857799999999926e+01 1.101223063219733831e+02 1.970013237514241666e+01
1.045286559999999980e+02 2.332880600000000015e+01 1.351269352908701933e+02 2.024392851176855856e+01
1.064764899999999983e+02 2.161875300000000166e+01 1.018278127937849575e+02 5.515699320897192948e+00
1.308442000000000007e+02 8.125244999999999607e+00 1.087062867471335181e+02 2.692090538123559362e+00
1.012301199999999994e+02 1.617340499999999892e+01 9.273226113941913695e+01 2.209035449077862978e+01
1.217082599999999957e+02 1.563973999999999975e+01 1.217205652185399458e+02 2.545976382544386496e+01
1.206880299999999977e+02 9.057698999999999501e+00 9.308413516295927082e+01 5.855218041177963961e+00
9.805646500000000287e+01 1.719266899999999865e+01 1.207433961829795521e+02 9.711039558527684079e+00
1.131622399999999971e+02 1.624390599999999907e+01 1.041488190432544911e+02 2.028116834043315109e+01
1.049325299999999999e+02 2.927804199999999923e+01 1.245391252163953482e+02 3.069248752626063226e+00
1.159619799999999969e+02 3.274969500000000266e+01 9.326196127406726077e+01 1.058114888592167802e+01
1.140301000000000045e+02 2.309675000000000011e+01 1.137053629101066861e+02 2.733071635809621469e+01
1.227206500000000062e+02 2.926232000000000166e+00 1.101933441451495099e+02 1.644981610244464321e+01
1.129178600000000046e+02 2.190700100000000106e+01 1.037560481413622284e+02 1.833936769608766326e+01
1.165112840000000034e+02 2.327571899999999872e+01 1.310910008443102015e+02 1.114667856207826047e+00
1.000685000000000002e+02 2.550993300000000019e+01 1.051350061519330126e+02 2.076788429792167534e+01
1.284304700000000139e+02 1.899298699999999940e+01 1.106651488398169647e+02 2.413433910385108305e+01
1.040978850000000051e+02 1.695514100000000113e+01 9.774254783103410205e+01 1.444120049813333573e+01
1.005045199999999994e+02 2.882197800000000143e+01 1.265778617182220103e+02 1.649359625382007977e+01
1.244601700000000051e+02 2.153512000000000093e+00 1.082020093208594318e+02 3.384198671572224981e+01
1.138388060000000053e+02 1.427283199999999930e+01 1.264428177907644510e+02 2.636272706408698596e+01
1.065502599999999944e+02 6.022739999999999760e+00 1.373301521004250390e+02 3.454495126059681809e+01
1.086714099999999945e+02 1.278264599999999973e+01 1.241042587565715110e+02 1.069463876410159386e+01
1.224107740000000035e+02 7.443858999999999781e+00 9.462744631888998015e+01 1.137782614231464962e+01
1.197646199999999936e+02 2.030460199999999915e+01 1.257221776885327671e+02 5.600118369242458094e+00
1.137167199999999951e+02 2.209496700000000047e+01 1.345713534377530891e+02 1.748123225975303896e+01
9.897588000000000363e+01 1.434022700000000050e+01 9.214796394518307920e+01 2.977248115640069059e+01
1.067997500000000031e+02 2.827483199999999997e+01 1.153673466605058451e+02 2.857030236538711687e+00
1.312442299999999875e+02 1.030026800000000087e+01 1.011741222764561172e+02 2.227639825419362296e+01
9.234408600000000433e+01 1.566721100000000000e+01 1.344861313116689985e+02 9.009913735104584376e+00
1.306637699999999995e+02 1.285029600000000016e+01 1.299812004303002198e+02 2.509179437926778533e+01
1.358911999999999978e+02 3.048414999999999875e+00 1.177607245815052295e+02 1.427816690267449573e+01
1.318405300000000011e+02 1.077468200000000031e+01 1.183030543232811738e+02 5.948593793843198085e+00
9.793104999999999905e+01 2.979559499999999872e+01 1.203824394440539436e+02 1.457273575691657186e+01
1.219842399999999998e+02 1.118587100000000056e+01 1.076740509159463670e+02 1.956208786314197923e+01
1.119646900000000045e+02 1.463188599999999973e+01 1.096705975860772924e+02 8.545262663823242733e+00
1.014903900000000050e+02 3.396592700000000065e+01 1.373518189083920902e+02 1.875934061687632948e+01
1.064715499999999935e+02 3.050993000000000066e+00 1.328168356189434860e+02 8.684650975327834477e-01
1.233091349999999977e+02 7.443515999999999799e+00 1.250522875493703907e+02 1.093356609991591100e+01
1.013219799999999964e+02 1.577685499999999941e+01 1.378389564157869245e+02 9.731668224632651132e+00
1.166653400000000005e+02 4.134577000000000169e+00 1.325120279096065588e+02 1.529157013651033559e+01
1.222112300000000005e+02 1.084067199999999964e+01 9.798200919224368022e+01 1.097045315432618295e+01
1.264986999999999995e+02 2.455890000000000128e+01 1.138144867966645393e+02 2.503008568701550729e+01
9.423632999999999527e+01 1.031035299999999921e+01 9.255633116971205254e+01 2.884457086962525096e+01
1.259789300000000054e+02 8.138935999999999282e+00 1.158909398046089478e+02 8.780279935670332492e+00
1.111686299999999932e+02 3.224828000000000117e+01 9.612731159145764082e+01 1.128152576585863542e+01
1.230936200000000014e+02 4.996221000000000245e+00 1.082550479872380436e+02 5.317210176965182278e+00
1.188353800000000007e+02 2.132730300000000057e+01 9.435433069000377770e+01 2.586771037702457576e+01
1.331978300000000104e+02 1.207540099999999939e+01 1.236268416903857030e+02 1.450354950662068276e+01
1.064903999999999940e+02 1.390643999999999991e+00 1.156024536740456767e+02 3.104247844905217946e+01
1.351008600000000115e+02 2.345284300000000144e+01 1.187738604060710372e+02 1.498222659831703218e+01
1.209513000000000034e+02 1.574554299999999962e+01 1.307681852800603508e+02 8.702395514488561190e+00
9.833840999999999610e+01 3.082450000000000045e+01 1.029903761069912491e+02 1.558791070831741621e+00
1.240121900000000039e+02 1.423227999999999938e+00 1.300873785519742114e+02 2.540916833907396466e+01
1.167593700000000041e+02 2.162810899999999847e+01 1.297450257969269103e+02 2.651473769867788732e+01
1.232273500000000013e+02 4.342469000000000356e+00 9.636582325228745560e+01 2.241348467371305020e+01
1.331578700000000026e+02 1.155118900000000082e+01 1.250822621109471982e+02 2.405569027452274611e+01
1.166539499999999947e+02 2.553005200000000130e+01 1.275045392063779133e+02 1.529235924296154003e+01
1.323020500000000084e+02 3.039486999999999828e+00 1.377216954749554816e+02 1.192823334221798071e+01
1.305616899999999987e+02 5.040212999999999610e+00 1.087272854106898308e+02 1.712124285663259116e+01
1.016832100000000025e+02 1.628771199999999908e+01 1.296423840041107951e+02 1.037834419643841244e+01
1.221287399999999934e+02 7.625099999999999767e+00 9.638314616674315971e+01 9.602337178839627896e+00
1.279808500000000038e+02 1.237441800000000036e+01 9.634289904013697026e+01 2.847712580405635308e+01
1.060799499999999966e+02 9.110470000000000512e-01 1.313157042337458620e+02 1.024440884650831762e+01
1.294016699999999958e+02 5.396980000000000111e-01 1.147877018338959090e+02 1.488213855376900163e+01
9.893878999999999735e+01 2.680315399999999926e+01 1.012865588603614668e+02 3.287910535428160586e+01
9.996817000000000064e+01 2.509249700000000161e+01 1.342283283131184248e+02 1.147065269083400629e+01
1.090422400000000067e+02 3.257660000000000000e-01 1.008425683999582390e+02 1.604198117700403614e+01
1.274308900000000051e+02 1.213617600000000074e+01 1.137713616270988553e+02 2.269222686308842896e+01
1.219884500000000003e+02 2.734084500000000162e+01 1.010271821094298730e+02 1.374379265128794891e+01
1.367545299999999884e+02 1.483705600000000047e+01 9.421278752128873180e+01 9.461194334042685838e+00
1.232222500000000025e+02 1.022940900000000042e+01 9.299455941350080934e+01 1.380149421564136780e+01
1.065282440000000008e+02 1.715186000000000099e+00 1.076845385434164086e+02 2.701137091387001732e+01
1.162961800000000068e+02 2.799809799999999882e+01 1.015997147334438040e+02 7.431803184571476706e+00
1.082274599999999936e+02 2.717001000000000133e+01 1.102390274165352793e+02 3.303485713126539736e+01
1.364280100000000004e+02 4.255118000000000400e+00 1.267798718636259423e+02 2.374668632012565084e+01
1.292556600000000060e+02 1.137209400000000059e+01 1.021106937333787954e+02 4.391299265292508025e+00
1.031737439999999992e+02 5.745917000000000385e+00 1.134449344689860197e+02 2.711978324024890696e+01
1.171882999999999981e+02 2.439474999999999838e+01 1.178469966041255077e+02 9.817795034708412416e+00
1.074125099999999975e+02 6.090900000000000425e+00 9.808703034383202635e+01 1.779443046929827688e+01
1.368218999999999994e+02 9.378269999999999662e-01 9.871855291896505946e+01 2.475203041284783367e+01
1.189205999999999932e+02 1.653125000000000000e+01 1.112961362036759283e+02 1.421575430465727408e+01
1.146143200000000064e+02 2.004928200000000160e+01 1.182009210669667993e+02 2.680552148131714318e+01
9.363790000000000191e+01 1.419008299999999956e+01 1.354740975800020237e+02 1.769916863004555196e+01
1.165043500000000023e+02 1.716985000000000028e+01 1.266622762659500268e+02 2.322441069054693585e+01
1.358888900000000035e+02 4.520160999999999873e+00 1.270415939225986079e+02 2.823008688026397195e+01
1.200522399999999976e+02 3.491102000000000061e+01 1.072929915265837195e+02 3.222105271419368933e+01
1.004711900000000071e+02 2.451955200000000090e+01 1.130094529105260506e+02 1.452329778329715815e+01
1.235410839999999979e+02 6.541074000000000055e+00 9.763765596062725649e+01 1.622044527978937367e+01
1.064971539999999948e+02 2.229241000000000028e+01 1.251981958893024967e+02 6.657728741798869976e+00
1.112859399999999965e+02 7.286299999999999999e-01 1.318789358018945279e+02 7.611272585936938562e+00
1.216805700000000030e+02 2.875600000000000031e-02 9.967162720103313234e+01 2.589535971647524804e+01
1.165767299999999977e+02 1.286235699999999937e+01 1.084088369859004217e+02 1.968797656941306817e-01
1.286587700000000041e+02 1.192577099999999923e+01 1.161897604144996592e+02 1.578175117479245060e+01
1.325118699999999876e+02 7.074665000000000425e+00 1.056360297205487626e+02 2.778255524945340227e+01
1.221657000000000011e+02 3.453664999999999985e+00 9.315850126782008545e+01 1.507275652087873752e+01
9.482461499999999432e+01 7.552875000000000227e+00 1.132479880686629343e+02 7.009309244923255022e+00
1.110126900000000063e+02 2.886413999999999902e+01 1.122224872003996694e+02 2.132616564809005766e+01
1.102168700000000001e+02 2.640597199999999845e+01 1.119988383171933322e+02 5.120725516615315387e-01
1.094362699999999933e+02 8.352039999999999464e-01 1.219223170297883314e+02 2.740999100950053702e+01
1.078804999999999978e+02 1.347900000000000098e+00 1.058839207128066562e+02 1.300709558068906979e+01
9.605414600000000291e+01 3.418947000000000003e+01 1.091975780018385080e+02 2.301661038010450966e+01
1.222981000000000051e+02 3.382558000000000220e+01 1.098146437333055019e+02 2.597949403613731789e+01
1.324696399999999983e+02 1.699832699999999974e+01 9.433105131653061903e+01 7.734750698080784304e+00
1.194723599999999948e+02 1.724490399999999823e+01 1.127244483750939423e+02 1.043010745379319104e+01
9.890682999999999936e+01 1.802293200000000084e+01 1.349256389256781290e+02 3.484811480473403122e+01
1.008322600000000051e+02 1.836909500000000151e+01 9.476542190553396949e+01 2.577705043094148252e+01
9.612255000000000393e+01 3.490480999999999767e+01 1.299382542125379132e+02 2.544649063553519142e+01
1.078554800000000000e+02 1.840535399999999910e+01 1.262479485360036904e+02 1.046457143283506852e+01
1.268311900000000065e+02 1.202138899999999921e+01 1.252055180681158504e+02 2.924589624050336312e+01
1.131231460000000055e+02 2.764571000000000112e+00 1.026126953233548988e+02 2.958357465032452893e+01
1.366617899999999963e+02 1.230031400000000019e+01 9.292754426997601058e+01 2.930198851890902745e+01
1.320785700000000134e+02 1.136370800000000081e+01 1.077376182919626473e+02 5.706982419908722015e+00
1.287118000000000109e+02 8.186422000000000310e+00 1.354209530866203011e+02 2.749629496239656490e+01
1.117162550000000039e+02 2.099041700000000077e+01 1.304514531829869100e+02 3.154863039860677176e+01
1.175999999999999943e+02 1.023433799999999927e+01 1.079418329592726735e+02 3.371400891584227111e+01
1.120615540000000010e+02 2.049053999999999931e+01 1.220980962002015673e+02 2.688994161815547201e+01
1.151012699999999995e+02 2.510251999999999839e+01 1.120231060411831834e+02 2.446213147205326877e+01
1.204627899999999983e+02 7.529904000000000153e+00 1.126233383875032388e+02 2.677250160958310587e+01
1.072773499999999984e+02 2.767564799999999892e+01 9.579919083698300142e+01 4.071392744075887471e+00
1.088749899999999968e+02 2.917879299999999887e+01 1.006172920888432145e+02 2.745343311259901276e-01
1.047877660000000049e+02 2.743140400000000056e+01 9.691064133340978515e+01 2.933797400393326882e+01
1.175621500000000026e+02 1.813804400000000072e+01 1.257236691621591689e+02 1.381778597515023677e+01
1.213953300000000013e+02 5.272655000000000314e+00 1.370278303774210542e+02 2.999321601302080254e+01
1.034372900000000044e+02 1.659929699999999997e+01 9.634592321778384871e+01 5.258667242683279675e+00
1.176956899999999990e+02 6.060266000000000375e+00 1.198400105297076124e+02 1.066252712295914229e+00
1.252033899999999988e+02 9.675684000000000395e+00 1.227725425507699413e+02 2.014216664251939193e+01
1.211908499999999975e+02 1.480161999999999978e+01 1.237399077280581707e+02 2.779483019326522353e+01
1.289265900000000045e+02 1.218157399999999946e+01 1.224950507231777408e+02 3.151913846743448744e+01
1.148769499999999937e+02 6.728119999999999656e-01 9.290286095321815196e+01 2.402134074453820034e+01
1.237617400000000032e+02 2.570814499999999825e+01 1.367132698268911781e+02 1.516542298124647914e+01
1.376394999999999982e+02 1.949024400000000057e+01 1.018638084085219475e+02 2.815098462817880076e+01
1.306561399999999935e+02 2.535673000000000066e+00 1.283499213642449490e+02 2.258612024136476748e+01
1.006493899999999968e+02 1.672829600000000028e+01 1.119520629524886033e+02 1.616008573652324998e+01
9.884615999999999758e+01 1.700900999999999996e+01 1.211432883570875276e+02 1.726275430213371820e+01
1.175967899999999986e+02 3.310830700000000348e+01 9.452856758099083834e+01 1.881880279851094073e+00
1.066250150000000048e+02 2.543620000000000214e+00 1.102876882088439885e+02 7.709038970441645766e+00
1.065750199999999950e+02 2.890432200000000051e+01 1.336821885123290201e+02 2.330296113818834414e+01
1.303266000000000133e+02 5.151488999999999763e+00 1.310502744434158444e+02 4.513632622347774070e-01
1.053674550000000067e+02 7.722144000000000119e+00 1.150028427985976123e+02 3.749729382877495354e+00
1.004917399999999930e+02 3.001473800000000125e+01 1.241403149350825430e+02 1.037053245504143106e+01
1.227775699999999972e+02 3.331928000000000001e+00 1.203667481563181525e+02 6.018755036209440412e+00
1.109355999999999938e+02 1.694945099999999982e+01 9.976499780461963951e+01 3.733716139838846537e+00
1.269610100000000017e+02 1.226305200000000006e+01 1.138515782736465951e+02 1.176178301254568659e+01
1.167711800000000011e+02 1.044548600000000071e+01 1.199004077093478031e+02 4.481944531882734672e+00
1.337603000000000009e+02 1.258384500000000017e+01 1.097181474671948394e+02 1.932571452000393464e+01
1.294916100000000085e+02 2.620026999999999884e+00 9.443684268355920608e+01 1.769179761539213525e-01
1.009766800000000018e+02 1.603761899999999940e+01 1.368719148694000864e+02 1.480899188591260618e+01
1.008948800000000006e+02 1.652329800000000048e+01 1.373797928490814400e+02 1.363412278729468952e+01
1.349519999999999982e+02 1.169487200000000016e+01 1.204689177574269792e+02 8.934403454951940660e+00
9.359354000000000440e+01 1.516930999999999941e+01 1.203203452876351776e+02 1.168700150833879547e+01
1.306562800000000095e+02 2.621539999999999981e-01 9.639862029799213872e+01 6.920081184900506166e-01
1.356722699999999975e+02 1.789586800000000011e+01 1.011930911005708253e+02 2.790226762767182933e+01
1.309324000000000012e+02 9.878012000000000015e+00 1.008835711046360331e+02 2.121146334123839949e+01
1.134008259999999950e+02 2.899073999999999884e+01 1.155718406841828312e+02 1.382427507841977565e+01
1.128090440000000001e+02 2.218561000000000050e+01 1.222864753523934098e+02 2.758416381253349314e+01
1.007823300000000017e+02 2.154664599999999908e+01 1.151437339480053907e+02 2.877855872376610691e+01
9.397973000000000354e+01 1.450080900000000028e+01 1.222628171293225421e+02 5.304953542362579100e+00
1.356329700000000003e+02 5.475532000000000288e+00 1.185927717095399885e+02 5.947683525633162382e+00
1.073123599999999982e+02 2.557497199999999893e+01 1.371645921599069879e+02 1.491548010971979465e+01
9.703319000000000472e+01 2.983398400000000095e+01 1.179085010085133547e+02 7.511011294054905640e+00
1.287667099999999891e+02 1.207068300000000072e+01 9.421409644700472086e+01 1.709529941187403779e+01
9.974071999999999605e+01 1.632757600000000053e+01 9.965729124668918359e+01 2.305064940387422112e+01
1.063328249999999997e+02 1.094751899999999978e+01 1.054971198867164759e+02 1.962586405257323818e+01
1.109553400000000067e+02 1.066729000000000038e+00 1.025878467795334927e+02 7.446730570540342597e+00
1.225821150000000017e+02 6.734340000000000437e+00 1.303676902360614349e+02 2.376135296144679998e+00
1.164321900000000056e+02 1.890602499999999964e+01 1.164374672028642976e+02 1.443945321050851227e+01
1.302130600000000129e+02 1.211599499999999985e+01 1.002073497012418386e+02 2.424395843659106831e+01
