1.165651859999999971e+02 1.076720899999999936e+01 9.938233424869731891e+01 8.029885885353596819e+00
1.010574199999999934e+02 1.639027600000000007e+01 1.112934458907528068e+02 2.037736916673869914e+01
1.061159439999999989e+02 1.674496999999999858e+01 1.079771859120978093e+02 1.898751737764824199e+01
1.334344299999999919e+02 1.821339199999999892e+01 1.302312580403492461e+02 3.193795076764419960e+01
1.189328100000000035e+02 1.671509199999999851e+01 1.357342892770419667e+02 1.418585608623472183e+01
1.347451499999999953e+02 5.961221000000000103e+00 1.158397586553057010e+02 1.150541860207643019e+01
1.102720640000000003e+02 3.275916300000000092e+01 9.411157640419754955e+01 1.812998197171446790e+01
1.276372449999999930e+02 1.214336899999999986e+01 1.052595960983454120e+02 3.095496152910485321e+01
1.168364799999999946e+02 1.399938000000000038e+01 1.159467145767946761e+02 3.238398134932035077e+01
1.121182699999999954e+02 1.864989299999999872e+01 1.040811017768311615e+02 2.422480983297683110e+01
1.263983199999999982e+02 1.125375599999999920e+01 1.303614941332247099e+02 1.444289090291874800e+01
1.215980299999999943e+02 1.235707799999999956e+01 9.397884152190435714e+01 1.871480488379913965e+01
1.299694700000000012e+02 4.606677000000000355e+00 1.156076113694419121e+02 3.434580842310754445e+00
1.130554599999999965e+02 3.403092999999999790e+01 1.231897239131627799e+02 1.698593055254251283e+01
1.301648099999999886e+02 2.850279000000000007e+00 1.041043260629453329e+02 2.175194950815696693e+00
1.057006300000000039e+02 3.921124999999999972e+00 1.288410018848660741e+02 1.734444054164734084e+01
1.353367800000000045e+02 8.319254000000000815e+00 1.155738574386399904e+02 9.402232413664298960e+00
1.123174000000000063e+02 1.595027100000000075e+01 1.082160144485715847e+02 1.529626944013766732e+01
1.209906900000000007e+02 1.093795700000000082e+01 9.855755724128255224e+01 1.446093309166717056e+01
1.163919099999999958e+02 2.742319000000000173e+01 1.154095448209264276e+02 1.045933089848895392e+01
1.228820340000000044e+02 2.214886299999999864e+01 1.265825283649443804e+02 6.321185745940233858e+00
1.088141860000000065e+02 2.711238699999999824e+01 1.353959092902035479e+02 2.201879939619032456e+01
9.700387000000000626e+01 7.314308999999999727e+00 1.115410399640461065e+02 3.164119598681582701e+01
1.033640500000000060e+02 1.501009400000000049e+01 1.095458691005184875e+02 3.427814038944578812e+00
1.023974900000000048e+02 1.926756100000000060e+01 1.293052368603005391e+02 2.493514345116778586e+01
1.225428399999999982e+02 1.088671899999999937e+01 1.238156698722808216e+02 1.962427834452154229e+01
1.102161300000000068e+02 1.443312500000000043e+01 1.194175932912921354e+02 4.355143815531102192e+00
9.856212999999999624e+01 1.735636999999999830e+01 9.394389379415339647e+01 1.230766170138746851e+01
1.075561600000000055e+02 3.017339499999999930e+01 9.866494232501477768e+01 6.801879847944670487e+00
1.304991499999999860e+02 9.764561000000000490e+00 1.318156681688200251e+02 1.393900533779458328e+01
1.371528999999999883e+02 3.096607200000000049e+01 1.298596062050089301e+02 5.296789331750994201e+00
1.036948399999999992e+02 2.696876100000000065e+01 9.377204191491857443e+01 2.290801984819583481e+01
1.342324500000000000e+02 1.134225700000000003e+01 9.927524644649142260e+01 1.844872064312060189e+01
1.053652699999999953e+02 8.270471000000000572e+00 9.691788740960215875e+01 2.698310289021723918e+01
1.127526100000000042e+02 2.903398500000000126e+01 1.058905774887929283e+02 3.281489846502844365e+00
1.294478599999999915e+02 9.007707999999999160e+00 1.305167021001024636e+02 6.212618468891474066e+00
1.288790899999999908e+02 3.115120000000000111e+00 1.353882510852329517e+02 2.814343528040020104e+01
9.612053000000000225e+01 3.103788600000000031e+01 9.671810538352647768e+01 2.351945918574478256e+01
1.298546800000000019e+02 8.738175000000000026e+00 9.384810944853914805e+01 2.338091858574363258e+01
1.176948299999999961e+02 1.046458299999999930e+01 1.177716141683118565e+02 2.334116313125470299e+00
1.078153599999999983e+02 3.223337999999999681e+01 1.093365421289803123e+02 3.169598921737296848e+01
1.209074600000000004e+02 1.249939299999999953e+01 1.367184478840419786e+02 9.546506533660165106e-01
1.023918500000000051e+02 2.741645600000000016e+01 1.273151306667840714e+02 3.335387721326743815e+01
1.319657300000000077e+02 1.263018199999999958e+01 1.299897809307774708e+02 4.130484918390945559e+00
1.308256000000000085e+02 1.084387999999999908e+00 1.181892365020706563e+02 3.023874233271839174e+01
1.110158540000000045e+02 2.258027999999999835e+01 1.359663767186109453e+02 1.611391883197684649e+01
1.224093100000000049e+02 4.986299999999999955e+00 1.210676324199584855e+02 9.846820341994330761e+00
1.207485199999999992e+02 1.190978100000000062e+01 9.688027619370915033e+01 2.116201539122679876e+01
1.270421900000000051e+02 9.402692000000000050e+00 1.024135902559207523e+02 2.503751315077565209e+01
1.128614400000000018e+02 2.612512999999999863e+01 1.173472234273542227e+02 2.351435328416426529e+01
1.192560799999999972e+02 1.795901699999999934e+01 1.311547866096885002e+02 1.857072038748019338e+01
1.077299200000000070e+02 2.784376299999999915e+01 1.242215256597078650e+02 2.807280787803045996e+01
1.119815200000000033e+02 1.940709999999999980e+01 1.319084894767560172e+02 1.232314650068704331e+01
1.255319800000000043e+02 8.879080999999999335e+00 1.081157302374365656e+02 1.131912811306955113e+01
1.118665699999999958e+02 1.502594000000000030e+01 1.167468553943158440e+02 2.876943269548767645e+01
1.043827200000000062e+02 3.157143400000000000e+01 1.301121216425937632e+02 3.023485670927877678e+01
1.251049900000000008e+02 3.315737000000000023e+01 1.158213776051640309e+02 1.217637434481049041e+01
1.321549200000000042e+02 1.124238199999999921e+01 1.049121057797393775e+02 3.362059654057071612e+01
1.195829899999999952e+02 1.421259700000000059e+01 1.082813304819941038e+02 1.883622668622368224e+01
1.203492099999999994e+02 7.029768999999999934e+00 1.363233160709188496e+02 2.544894963644936681e+01
1.231124899999999940e+02 1.075348100000000073e+01 9.710141738306671755e+01 9.325440210841746236e+00
1.202216399999999936e+02 8.172212000000000032e+00 1.211231486431020272e+02 2.445080248037765003e+01
1.348829000000000065e+02 2.052607000000000070e+01 1.320698491409035000e+02 2.158086196352464725e+01
1.186313860000000062e+02 1.914588399999999879e+01 1.057104602837786587e+02 1.290796233658105407e+01
1.229825100000000049e+02 1.358826700000000010e+01 9.350831607633855924e+01 2.888180234951965630e+01
9.649267999999999290e+01 1.575152699999999939e+01 1.088812910952846380e+02 1.201527539582871462e+01
1.173345800000000025e+02 2.134328999999999965e+01 1.180561873237829218e+02 1.838438611131576295e+01
1.203134500000000031e+02 1.435539400000000043e+01 9.250490011601654317e+01 2.647100575911191456e+01
1.345722199999999873e+02 3.220261399999999696e+01 1.308649189875113734e+02 3.260817207320928901e+01
1.255024999999999977e+02 4.411996000000000251e+00 1.044079983428496092e+02 1.755818613011368257e+01
1.206707150000000013e+02 3.269973999999999847e+01 1.006179610806937745e+02 2.518569110466491523e+01
1.375819199999999967e+02 3.059993599999999958e+01 1.282345982102575874e+02 3.311317682824867603e+01
1.283606599999999958e+02 1.116123999999999894e+00 1.296857737751321338e+02 4.349204450983874537e+00
1.017067949999999996e+02 8.619863000000000497e+00 9.711800823541709349e+01 1.376622754477137001e+01
1.091149439999999942e+02 2.640370599999999968e+01 1.090549806636101380e+02 4.914267964159927615e+00
1.220434999999999945e+02 1.089619300000000024e+01 1.087739216107398477e+02 8.064566241821077952e+00
9.227406000000000574e+01 3.304460499999999712e+01 1.244458986311205990e+02 2.702200337982150202e+01
1.103475300000000061e+02 3.400617199999999940e+01 1.013710894515802750e+02 2.921167091673004634e+01
1.126465149999999937e+02 2.068020200000000131e+01 1.318218397992193331e+02 1.797078785886150953e+01
1.006942899999999952e+02 1.965247499999999903e+01 9.516170562425911328e+01 9.036941986015369466e+00
1.082715000000000032e+02 2.813152000000000097e+00 1.060979230888406732e+02 1.333583271799275138e+01
1.021155399999999958e+02 1.010163900000000048e+01 1.093390175772411794e+02 6.445508875662529391e+00
1.160330000000000013e+02 2.079923799999999900e+01 1.340939048189715663e+02 9.296149498274742129e+00
1.259158800000000014e+02 1.024210000000000065e+00 1.203890227564941000e+02 1.924318206143344412e+01
1.226098499999999945e+02 1.113299800000000062e+01 9.942952342006616107e+01 6.046311251819982857e+00
1.292200300000000084e+02 1.457250499999999960e+01 1.038473366133642344e+02 3.235612913409907065e+01
9.272227999999999781e+01 6.011712000000000167e+00 1.053538778712684802e+02 1.327912793661395874e+01
1.028446299999999951e+02 1.033540400000000048e+01 1.295767014344480117e+02 4.230658141269652006e+00
1.175655399999999986e+02 3.394872000000000156e+01 1.163515185239115510e+02 1.991877176326726939e+01
1.254169540000000040e+02 3.456313000000000191e+00 1.296335561746674614e+02 1.135838436304739751e+01
1.080113000000000056e+02 1.932972499999999982e+01 1.020267344438941990e+02 1.497383624319180484e+01
1.066256259999999969e+02 3.074654999999999916e+01 9.215465210941542296e+01 7.413360718829657081e+00
1.236727999999999952e+02 3.342263400000000217e+01 1.187857314733707312e+02 3.182617562872048111e+00
1.261388900000000035e+02 4.456902999999999615e+00 1.227507066995484735e+02 1.823053551478265533e+01
1.242653049999999979e+02 2.646184999999999832e+01 1.293030944572170711e+02 1.411037527119042601e+01
1.315680800000000090e+02 9.606626000000000332e+00 1.086066737698871378e+02 1.610279308047011781e+01
1.162907940000000053e+02 2.443213000000000079e+01 9.939406159809549024e+01 1.817996950494458019e+01
1.061343150000000009e+02 5.192463000000000051e+00 1.182746185915042361e+02 1.846354207643769030e+01
1.139028399999999976e+02 4.323833999999999733e+00 1.143825205966633405e+02 3.168848650276089174e+01
9.785734999999999673e+01 3.070888700000000071e+01 1.144135919030670010e+02 3.296639842360720252e+01
1.349796399999999892e+02 2.667273099999999886e+01 9.767273456101223417e+01 6.661902794554654506e+00
1.062038040000000052e+02 1.063673299999999955e+01 1.219300142849253348e+02 2.038039190371265263e+01
1.128157199999999989e+02 2.474690800000000124e+01 1.299896401964513473e+02 2.892749045017977494e+01
9.298394999999999300e+01 1.077677500000000066e+01 1.225299236301166985e+02 3.089417030502972850e+01
1.020626100000000065e+02 3.209988400000000297e+01 1.230829448743387502e+02 3.398653966536291904e+01
1.171390700000000038e+02 1.843836399999999998e+01 1.183578714598634747e+02 7.104112817542157288e+00
1.370829500000000110e+02 1.283631399999999978e+01 1.236297727111399354e+02 1.879590635640640173e+01
1.035901900000000069e+02 1.228295299999999912e+01 1.127010772389306510e+02 2.814065382570585427e+01
1.050178800000000052e+02 9.921666999999999348e+00 1.205678967438226010e+02 1.502448797527348567e+01
1.298979799999999898e+02 1.821297799999999967e+01 9.445104715270198881e+01 2.790257146226293727e+01
1.084202650000000006e+02 2.064996100000000112e+01 1.013016393331450189e+02 3.336521141569267712e+01
1.206372499999999945e+02 2.442647600000000097e+01 1.126852501466651830e+02 2.636923963327870268e+01
1.328107899999999972e+02 1.825598099999999846e+01 9.331218161272293798e+01 2.139720894948473529e+01
1.100793199999999956e+02 6.032047000000000381e+00 1.010939223466446748e+02 2.093788508153625472e+01
9.753552999999999429e+01 1.607771500000000131e+01 1.340403408444943807e+02 1.202445390417697624e+01
1.187104099999999960e+02 2.623511699999999891e+01 1.294569194220721897e+02 5.654057878792601244e+00
1.368382100000000037e+02 4.011357000000000284e+00 1.200418933080293016e+02 7.960747048265560011e+00
9.569414000000000442e+01 1.667584799999999845e+01 1.003416675704954457e+02 1.461421573580671129e+01
1.012995800000000060e+02 2.840870999999999924e+01 1.037929653592437802e+02 2.584201095228470635e+01
9.770518500000000017e+01 3.484497000000000355e+01 1.225452762628737275e+02 1.182090229910165435e+00
1.160577700000000050e+02 5.075008000000000408e+00 1.150916305314100185e+02 8.251634185682787503e+00
1.180988200000000035e+02 6.715847000000000122e+00 1.318267507511349947e+02 2.628849157094191114e+01
9.265491500000000258e+01 3.317412999999999812e+01 1.210168392856352710e+02 2.911226383669405138e+01
1.356220600000000047e+02 2.122455400000000125e+01 1.016450153661553770e+02 1.036232754827051039e+01
9.268125999999999465e+01 1.688070000000000093e+01 9.359821325371018474e+01 2.183054848267629211e+01
1.219534450000000021e+02 1.283245199999999997e+01 9.930408454078148850e+01 2.531352561767675269e+01
1.206611900000000048e+02 7.471366999999999869e+00 1.237120689017660169e+02 3.041951528913986902e+00
1.051333850000000041e+02 1.624028200000000055e+01 1.330941789612176080e+02 9.468696176897555716e+00
1.234892399999999952e+02 7.107745000000000424e+00 9.836664828769607993e+01 2.981897041444272389e+01
1.142452239999999932e+02 2.486015000000000086e+01 9.726840139364379922e+01 2.692616024793827023e+01
1.227427749999999946e+02 6.347990000000000022e-01 1.173461024043919423e+02 1.415367462160835110e+01
1.288748500000000092e+02 8.435026000000000579e+00 1.257439216140320184e+02 1.420590119223476222e+01
1.131166460000000029e+02 3.111196100000000087e+01 9.735028838333232670e+01 3.400075852595946202e+01
1.208233500000000049e+02 2.784046000000000021e+01 1.075590338941062640e+02 5.745058344409565088e+00
1.050856699999999933e+02 2.285925699999999949e+01 1.041028531506202341e+02 1.515481185720586410e+01
1.036953500000000048e+02 1.341918000000000077e+01 1.339025905106538517e+02 2.139576570766280028e+01
1.106189700000000045e+02 2.380443800000000110e+01 1.018434744634602396e+02 1.184250384247416932e+01
9.703889999999999816e+01 3.029591200000000129e+01 1.328123234587610000e+02 1.311903389474821324e+01
1.196430000000000007e+02 2.039557299999999884e+01 1.340589759675641801e+02 2.417892181162532239e+01
1.080455999999999932e+02 2.765688499999999905e+01 1.192030816119395524e+02 2.382415956482248376e+01
1.354983200000000068e+02 2.180336600000000047e+01 1.087480128587863675e+02 1.024034822103013909e+01
1.102177899999999937e+02 3.196772199999999842e+01 1.098374123023791356e+02 1.986052715011602743e+01
9.415348000000000184e+01 6.037201999999999735e+00 1.073266971570335215e+02 2.080989584142312765e+01
9.976675400000000593e+01 2.043386699999999934e+01 1.189168692910547946e+02 2.639222552462211269e+01
9.584724400000000344e+01 1.543606400000000001e+01 1.121627861522272553e+02 3.490166582733480993e+01
1.350677000000000021e+02 1.938467599999999891e+01 1.208600360939734060e+02 4.687999180510510122e+00
1.048761899999999940e+02 7.204839999999999911e+00 9.831212737961766379e+01 4.101878899406828261e+00
1.202336350000000067e+02 3.262852500000000333e+01 1.104069647103824110e+02 3.519804810704047604e+00
1.081454540000000009e+02 1.781690800000000152e+01 1.262511873431995326e+02 1.443385498901578323e+01
9.705732999999999322e+01 8.818319999999999936e+00 1.156416133640364592e+02 7.112835229152661753e+00
1.205720000000000027e+02 1.117058199999999957e+01 1.293228626116161308e+02 3.592321753394822625e+00
1.117631449999999944e+02 2.174652700000000038e+01 1.171284648923403182e+02 1.733425145303749915e+01
1.198415799999999933e+02 1.949592799999999926e+01 1.083733091989966084e+02 2.710208964148471011e+01
1.342389699999999948e+02 8.318027999999999977e+00 9.732811221305843219e+01 1.066890278275998227e+01
1.244857499999999959e+02 5.369087999999999639e+00 9.704592397061054498e+01 5.832854317668091149e+00
9.990139999999999532e+01 1.502375800000000083e+01 1.067926953883738435e+02 1.165116473715519341e+01
1.087923499999999990e+02 1.380589900000000014e+01 1.331307267413293971e+02 3.328521670227871709e+01
1.086496499999999941e+02 1.106175099999999922e+01 1.345075949466821896e+02 7.964137756546561420e+00
1.211101149999999933e+02 6.231560000000000432e-01 1.073648697828915601e+02 3.010517044283759347e+01
1.296772300000000087e+02 1.906320600000000098e+01 1.132394760286900635e+02 3.218430642208366521e+01
1.266205999999999960e+02 1.394368500000000033e+01 1.318940910002650355e+02 2.704843063667881609e+01
1.182224400000000060e+02 8.953329999999999345e+00 1.333595958526474590e+02 2.845704873211365893e+01
1.276940500000000043e+02 7.924236999999999753e+00 1.369015170719007983e+02 2.768112463061273232e+01
1.133161240000000021e+02 1.844621799999999823e+01 1.046398494352308575e+02 1.221112941306736843e+01
1.007550800000000066e+02 1.634376299999999915e+01 9.863515038619000563e+01 2.271998694690320519e+01
9.743256999999999834e+01 3.356452999999999776e+01 1.255342580654243818e+02 1.199516722733712548e+01
1.069072599999999937e+02 1.590428600000000081e+01 1.014788444954761530e+02 1.160552293557735481e+01
9.891455999999999449e+01 2.904204400000000064e+01 1.042524011111116806e+02 1.454184723091908005e+01
1.284646799999999871e+02 1.262046600000000041e+01 1.298658908091004776e+02 2.984166521060523891e+01
1.309030999999999949e+02 1.235075199999999995e+01 1.064033303905127639e+02 3.112465240247986742e+01
1.192640399999999943e+02 2.051447900000000146e+01 1.150845120622432773e+02 2.225129409384074819e+01
1.099073599999999971e+02 2.112512999999999863e+00 1.044006804658396419e+02 3.012367510909312429e+01
1.062101899999999972e+02 1.479064299999999932e+01 1.106935225810660626e+02 3.923092542344714939e+00
9.310069000000000017e+01 3.032059500000000085e+01 9.325078909075669742e+01 2.221441493422753410e+01
1.220412100000000066e+02 6.286381000000000441e+00 1.180968647622202070e+02 1.099273605726538605e+01
1.004856999999999942e+02 1.620279100000000128e+01 1.143419588089299737e+02 1.779689221329822102e+00
9.987669999999999959e+01 1.360892999999999908e+00 1.072227562185889553e+02 1.242384620722068611e+01
1.165264300000000048e+02 2.382463299999999862e+01 1.317132869656988419e+02 8.705950671731629953e+00
1.340285599999999988e+02 3.414381800000000311e+01 1.259231339138611645e+02 8.133470287246355568e+00
1.159335300000000046e+02 1.893725799999999992e+01 1.164394452536196951e+02 5.667435440118565815e+00
1.237078249999999997e+02 7.798529000000000266e+00 1.307713149552353684e+02 3.033189154190416303e+01
1.184075899999999990e+02 4.450211000000000361e+00 9.203116361755192543e+01 7.296753966220486554e+00
1.082932799999999958e+02 1.325382199999999955e+01 1.160706857612178453e+02 4.489870040594746037e+00
1.092788500000000056e+02 3.443901400000000024e+01 1.318797855184192542e+02 1.101188807596904518e+00
1.124133199999999988e+02 3.030061699999999902e+01 1.227991976060932302e+02 2.783116107326450006e+01
1.262790899999999965e+02 1.115170299999999948e+01 1.176105238709532017e+02 2.799589915089609349e+01
1.328586999999999989e+02 5.064274000000000164e+00 9.663114725881411005e+01 2.315986473207415131e+01
1.199500599999999935e+02 1.557360800000000012e+01 1.374027324119559808e+02 5.325057821920757384e+00
1.222619550000000004e+02 2.135798000000000130e+01 1.323543166227638039e+02 2.030413067504575508e+01
1.172197649999999953e+02 2.285182400000000058e+01 1.076079555029473909e+02 3.461700178667779682e+01
1.014520600000000030e+02 1.332686400000000049e+01 9.847011991859048408e+01 3.347468389451114490e+01
1.328224999999999909e+02 9.980590000000000295e-01 1.364524185964578749e+02 1.009828339506720241e+01
1.197508600000000030e+02 1.421568500000000057e+01 1.191550217478572762e+02 1.704836767888478377e+01
1.192502300000000020e+02 1.288167699999999982e+01 9.812223060470498126e+01 1.269474461461322079e+01
1.081184899999999942e+02 2.670339999999999847e+01 1.283471028625519352e+02 1.069504284357405410e+01
1.113187199999999990e+02 2.058988999999999958e+00 1.177962254158468056e+02 2.316508379528010764e+01
1.009168599999999998e+02 2.977786400000000100e+01 9.437602172367269304e+01 7.545868674471000404e+00
1.213653259999999960e+02 9.602226999999999180e+00 1.223137529641851415e+02 1.947478729936853625e+01
1.234735799999999983e+02 4.740940000000000154e-01 1.260357487052542211e+02 3.301466254500561970e+00
1.318211699999999951e+02 1.096493000000000073e+01 1.164414703041112773e+02 3.673456434858699993e+00
1.367025600000000054e+02 1.404088999999999920e+00 1.225908120865887980e+02 1.388914266471703307e+01
1.224646400000000028e+02 9.642804999999999183e+00 1.357964233660117088e+02 8.771749401693515580e+00
9.484570999999999685e+01 1.035792700000000011e+01 1.341961194662958405e+02 1.997413478812014631e+01
1.208881899999999945e+02 1.974024199999999851e+01 1.292431333447312909e+02 3.425677467337929016e+01
1.037621000000000038e+02 2.184923600000000121e+01 1.186437716596109055e+02 1.852988726561844501e+01
1.221528299999999945e+02 9.546727999999999881e+00 9.877984080713109449e+01 1.501003440107250597e+01
1.236198349999999948e+02 7.615292000000000172e+00 9.587646871035381935e+01 2.388552258773499304e+01
1.142393900000000002e+02 3.488391000000000020e+01 1.251857155449487209e+02 1.036512352767071121e+01
1.283071700000000135e+02 6.270489000000000424e+00 1.140706688178419768e+02 1.550957096279526581e+01
1.331114800000000002e+02 5.043605999999999590e+00 1.124765893631889924e+02 2.347866706683884885e+01
1.198467559999999992e+02 2.083139399999999952e+01 1.249112675189277581e+02 8.644706051428032723e+00
1.083606500000000068e+02 1.503555000000000064e+01 1.348690919394842922e+02 9.033661044595192591e-01
1.235289149999999978e+02 2.132064000000000181e+00 1.285254531275541012e+02 1.576256221736624141e+01
1.283103299999999933e+02 3.441694600000000293e+01 1.254418337207897594e+02 2.441648589912338352e+01
1.052837899999999962e+02 3.464686199999999872e+01 9.409518919342625054e+01 2.102208131720272632e+01
1.257477099999999979e+02 1.035598300000000016e+01 1.123576926825784597e+02 1.088053843530511067e+01
1.195534399999999948e+02 1.762483999999999895e+01 1.166956403157465871e+02 6.777777481321783926e-01
1.183014699999999948e+02 1.184529400000000088e+01 1.118367124240819095e+02 1.304939183265911851e+01
1.243725050000000039e+02 7.378222000000000058e+00 1.158696699269590340e+02 8.359048226709088425e+00
1.249822900000000061e+02 5.751892999999999923e+00 1.263538394730973522e+02 5.158245192590201533e+00
9.854066500000000417e+01 1.874965900000000119e+01 1.128898340318530984e+02 2.931379611168278743e+01
1.232829799999999949e+02 1.078760300000000072e+01 1.225280576319900518e+02 1.328008200653008153e+01
1.357243699999999933e+02 3.692349999999999799e-01 1.225694850252349397e+02 2.785974996937152071e+01
9.801115400000000477e+01 1.085079499999999975e+01 1.181401592364941990e+02 2.705035310586431763e+01
1.345642400000000123e+02 2.625472600000000156e+01 1.261562254565478298e+02 1.746995520970237337e+01
1.302397899999999993e+02 1.143625800000000048e+01 1.359368086030466429e+02 2.543767815522846476e+00
1.098949049999999943e+02 1.334883199999999981e+01 1.081818138597694485e+02 1.687339528553305712e+01
1.254385999999999939e+02 9.791565999999999548e+00 1.317328956618855784e+02 1.869667118186385935e+01
1.036477359999999948e+02 2.566054300000000055e+01 1.210939746242671049e+02 1.529845476439518137e+01
1.084109499999999997e+02 1.351767599999999980e+01 1.027340846300430428e+02 2.850349537381029918e+01
1.181592600000000033e+02 1.231726300000000052e+01 1.301669593991301497e+02 1.780615998960301027e+01
1.062188000000000017e+02 2.861942700000000173e+01 1.309542496909026568e+02 4.984441433149543244e+00
1.224572699999999941e+02 1.081719000000000008e+01 1.087798876966126898e+02 3.276152571387066814e+01
1.037896899999999931e+02 1.278374299999999941e+01 1.068213268392967450e+02 2.055902476959909819e+01
1.201486799999999988e+02 1.839385400000000104e+01 1.294377598121565143e+02 1.723005500928331912e+01
1.207862700000000018e+02 1.120058999999999916e+00 1.182894330323598524e+02 7.300042201846999923e+00
9.777002000000000237e+01 1.719872900000000016e+01 1.198934306409917667e+02 2.922970135704705186e+01
1.006111999999999966e+02 2.106609699999999918e+01 1.134298472635738904e+02 1.243535023184844412e+01
1.136269149999999968e+02 3.253883400000000137e+01 1.324208639885166008e+02 1.903666660741832217e+01
1.164684299999999979e+02 2.321980999999999895e+01 1.365220666420686655e+02 8.381851385774352625e-02
1.070755800000000022e+02 4.858755999999999631e+00 9.676511369384861894e+01 7.366116595871970318e+00
1.310541800000000023e+02 1.597392400000000023e+01 1.031135824046557161e+02 2.365051281977715192e+01
1.145929950000000019e+02 2.434299000000000035e+01 1.321549958213635705e+02 1.246236584255563251e+01
1.313555900000000065e+02 3.122533800000000070e+01 1.246475334223180198e+02 2.529341611848929716e+01
1.089160159999999991e+02 2.865912000000000148e+01 9.454258244825075508e+01 6.192786876271477503e+00
1.151436800000000034e+02 2.047480000000000133e-01 1.274811242627363441e+02 3.379409536868102748e+01
1.111496400000000051e+02 3.156037999999999855e+01 1.362430474306836743e+02 1.125439545217340154e+01
1.128552300000000059e+02 1.631040799999999891e+01 1.142326842880356139e+02 1.155700501663515789e+00
1.245537099999999953e+02 2.720849799999999874e+01 1.259032078831597090e+02 3.486646404376537944e+00
1.173637800000000055e+02 2.243377999999999872e+01 1.119505160374782804e+02 5.991917322198245799e+00
1.318492599999999868e+02 1.749036600000000163e+01 1.186491989381218843e+02 2.308336694678579804e+01
1.119211499999999972e+02 1.983385499999999979e+01 9.872254838878565408e+01 1.953462246133866387e+01
1.076755600000000044e+02 1.541291400000000067e+01 1.224725883368465560e+02 7.410869909360707553e+00
9.846553000000000111e+01 3.440836999999999790e+01 1.259743637429571521e+02 2.615687690806248611e+01
1.033719099999999997e+02 1.696872000000000114e+01 9.267767990096629660e+01 2.050420938950138705e+01
1.174227139999999991e+02 3.280877300000000218e+01 1.269954425710118358e+02 4.253142731561904810e+00
1.211755140000000068e+02 1.907758000000000065e+00 1.234380962889103159e+02 1.997704049576055141e+01
1.053742450000000019e+02 1.911408399999999830e+01 1.194085389684243097e+02 1.427502898623263938e+01
1.277245560000000069e+02 2.575454099999999968e+01 1.348321339085104569e+02 9.561691427486191941e+00
1.240915499999999980e+02 6.373681999999999626e+00 1.375822992440751023e+02 3.409852239278614405e+01
1.163812900000000070e+02 2.506874999999999964e+00 1.364301323470753857e+02 1.722340961791663005e+01
1.040395699999999977e+02 1.291890000000000072e+01 9.230608442932741298e+01 2.056308671227893825e+01
1.229250799999999941e+02 1.489727999999999941e+00 1.242023357050422305e+02 2.548774459441295548e+01
1.040607899999999972e+02 2.866415800000000047e+01 1.039763414390207572e+02 3.109530136324498883e+01
1.353854000000000042e+02 1.485608500000000021e+01 1.192560351567400687e+02 3.475341302707566626e+01
9.706560500000000502e+01 2.944556000000000040e+01 1.328610798129123793e+02 1.009192417461621183e+01
1.007784800000000018e+02 2.343388200000000055e+01 1.078818240545486731e+02 1.120500663939469810e+01
1.130231249999999932e+02 3.385938999999999766e+01 1.100105558351706065e+02 6.188966332258583947e+00
1.076321700000000021e+02 2.834407799999999966e+01 1.050392429444081586e+02 2.769259472880561290e+01
9.803163999999999589e+01 1.696888399999999919e+01 1.106471461558521696e+02 2.139922913732707599e+01
1.227696899999999971e+02 1.209612599999999993e+01 1.111618607337428557e+02 6.887334568589879247e+00
9.493514000000000408e+01 4.703489000000000253e+00 1.233393747896488861e+02 3.067460373010710839e+01
9.992820000000000391e+01 2.473804900000000018e+01 1.219155999427678694e+02 3.402313021074127697e+00
1.011559000000000026e+02 3.251482000000000028e+01 1.086861235530542302e+02 1.815480845409559052e+01
1.117590600000000052e+02 2.010886599999999902e+01 1.027966202459660963e+02 3.239640128878335190e+01
1.332356299999999862e+02 1.143084499999999970e+01 9.377501231701322126e+01 4.088560735570148985e+00
1.051251800000000003e+02 1.633457399999999993e+01 1.129401724634505939e+02 3.496938632721647622e+01
1.056270499999999970e+02 9.209861999999999327e+00 9.263121703334718404e+01 1.914487836380992292e+01
9.807389000000000578e+01 5.529252999999999751e+00 9.438956103823835520e+01 4.594947544245652438e+00
1.079937299999999993e+02 2.731428999999999974e+01 1.199582322540422581e+02 5.784369568595149502e+00
1.182205199999999934e+02 1.919569600000000165e+01 1.361009606105155285e+02 7.635114102412513759e+00
1.288750799999999970e+02 3.418741599999999892e+01 1.004898746660272195e+02 1.187982124901156489e+01
1.215699299999999994e+02 7.864619000000000248e+00 9.946648785508125457e+01 1.365164778403567780e+01
1.149349500000000006e+02 2.219013400000000047e+01 1.195536310034350009e+02 2.080429210880446433e+01
1.310762300000000096e+02 1.647752000000000105e+00 9.674345911239933571e+01 2.756477818233400612e+01
1.291792299999999898e+02 2.852098300000000108e+01 1.345167826528464445e+02 3.010382251719136093e+01
1.118784100000000024e+02 2.949702999999999964e+00 1.044552724801933294e+02 1.758944853912851158e+01
1.204040799999999933e+02 7.170599000000000167e+00 1.233095677879494474e+02 2.171420510811593019e+01
1.222978399999999937e+02 1.473343200000000053e+01 1.220712592458902890e+02 1.363046961867422091e+01
1.327718999999999880e+02 1.158683699999999916e+01 1.168436988091336417e+02 3.101422276634414388e+01
1.251848200000000020e+02 1.125601799999999919e+01 1.238424454821592064e+02 3.351433086397553884e-01
1.214744100000000060e+02 3.345398699999999792e+01 1.373441992246736447e+02 1.803821570248704376e+01
1.268131400000000042e+02 1.555625900000000073e+01 1.333263791967191878e+02 8.069428292089728671e+00
1.181584799999999973e+02 1.548727300000000007e+01 1.122501171778217213e+02 6.007992556191775080e+00
1.152442099999999954e+02 3.199915999999999983e+00 9.406537294806510374e+01 2.581066819227700648e+01
1.001651999999999987e+02 2.054258700000000104e+01 9.520794422163444892e+01 1.213896960632678734e+01
1.112000400000000013e+02 2.714986599999999939e+01 1.129982837291115914e+02 1.308841471586949545e+01
1.144835740000000044e+02 2.184878300000000095e+01 1.123344048559909680e+02 2.191797063350497510e+01
1.212401399999999967e+02 1.428038600000000002e+01 1.171614512184627159e+02 1.129574279317576746e+01
1.370409500000000094e+02 1.239135399999999976e+01 1.184745022377670978e+02 1.129394441316548736e+01
9.308939999999999770e+01 1.052907199999999932e+01 9.516723935692758118e+01 8.568962808855133062e+00
1.309739399999999989e+02 1.589856299999999933e+01 1.221653267202267727e+02 2.120357498478287894e+01
9.717024000000000683e+01 2.788622700000000165e+01 1.195869103080552236e+02 4.605730721257395466e+00
1.113884050000000059e+02 3.144134999999999991e+01 1.193183477555840284e+02 1.634618969353410378e+01
1.189188460000000021e+02 1.791258600000000101e+01 1.222764903417451023e+02 7.842814355981754915e+00
1.333160000000000025e+02 7.957829000000000264e+00 1.192560516327303901e+02 1.952743860981217594e+01
1.070037839999999960e+02 2.974302899999999994e+01 9.559078383606420459e+01 1.538509111215518033e+00
1.169983000000000004e+02 2.253745999999999938e+01 1.337094419737563271e+02 2.209767957277270511e+01
9.682556999999999903e+01 2.533283600000000035e+01 9.313528643018572950e+01 2.453914506241095239e+01
1.295093099999999993e+02 1.853495600000000110e+01 1.352446786090511353e+02 3.196319946627913211e+01
1.278658750000000026e+02 6.064771000000000356e+00 1.034085456560241170e+02 2.920637084963032848e+01
1.109394759999999991e+02 1.719481000000000037e+01 1.305425575349451037e+02 2.290552921401200948e+01
1.378439799999999877e+02 1.340997199999999978e+01 1.143011724818080097e+02 1.621066439869083098e+01
1.179472350000000063e+02 1.757394400000000090e+01 1.234733311909478459e+02 1.307358327027253431e+01
1.345996000000000095e+02 6.441431999999999825e+00 9.403274354327933793e+01 1.046292164120307255e+01
1.010629200000000054e+02 2.672322799999999887e+01 1.352310707381836892e+02 1.353093205637230412e+01
1.013317260000000033e+02 1.842222999999999900e+01 1.243307859933490960e+02 9.401346428621892848e-03
1.228538400000000053e+02 9.805799000000000376e+00 1.300887625080191299e+02 1.003556881643500986e+01
1.030629600000000039e+02 3.328576999999999941e+01 1.362062870643743224e+02 1.638102807586626497e+01
1.182432900000000018e+02 2.044686899999999952e+01 1.107537933686372327e+02 5.625579321915948228e+00
1.042617649999999969e+02 3.389239500000000049e+01 1.167065461899913572e+02 7.930127051996665344e+00
1.088903959999999955e+02 2.687206300000000070e+01 1.065518666900878060e+02 2.334861457182005040e+01
