1.038123300000000029e+02 1.618331999999999837e+01 1.286919603803336827e+02 3.342708182591243826e+01
1.360905899999999917e+02 1.229396599999999928e+01 1.368802438909501689e+02 2.134900836852523298e+01
1.034781339999999972e+02 1.418773999999999980e+01 1.029852257404243403e+02 7.548188317381193002e+00
1.166653400000000005e+02 4.134577000000000169e+00 1.299566803611624266e+02 7.584200823772761169e+00
1.232222500000000025e+02 1.022940900000000042e+01 1.347486882007507347e+02 1.164462642103962864e+01
1.356722699999999975e+02 1.789586800000000011e+01 1.238096102788534552e+02 2.665971044451552885e+01
1.110467699999999951e+02 3.238026399999999683e+01 1.249116753967738020e+02 2.924055075890880673e+01
1.373412800000000118e+02 7.320990000000000553e-01 1.310538275487529631e+02 1.696135474167727963e+01
9.844208500000000583e+01 2.976761600000000030e+01 1.106672363328775361e+02 2.693807105755200126e+01
1.037949100000000016e+02 1.724506999999999834e+01 1.151825031087115576e+02 2.076394385000029885e+01
1.172729949999999945e+02 2.140795900000000174e+01 1.333588696442263881e+02 3.781504072256059334e+00
1.344405199999999923e+02 3.228481299999999976e+01 1.236728700065056188e+02 1.368558120002101575e+01
1.028493699999999933e+02 2.885465800000000058e+01 1.290405500440043625e+02 2.843932156057188010e+01
1.039862200000000030e+02 2.419322400000000073e+01 9.968013322112774688e+01 2.116100882323954124e+01
1.030200499999999977e+02 2.779550400000000110e+01 1.102422595611669465e+02 1.502889294660750430e+01
1.006839099999999974e+02 4.718844999999999956e+00 1.347898691230298880e+02 2.304729716526898731e+00
1.227206500000000062e+02 2.926232000000000166e+00 1.376993914855048331e+02 2.886943602370345374e+01
9.899518999999999380e+01 3.035501000000000005e+01 9.995187337036199438e+01 1.596369910771739598e+01
1.294755900000000111e+02 2.914704899999999910e+01 1.040855824695602507e+02 4.679887045940670731e+00
1.138526399999999938e+02 2.842907299999999893e+01 1.374884988967840513e+02 2.077516987723963382e+01
1.305980999999999881e+02 1.224686600000000070e+01 1.193916432327858956e+02 1.010236162922665493e+01
1.053509449999999958e+02 9.028912999999999300e+00 1.165936981452169618e+02 3.279642018271844250e+01
1.042143250000000023e+02 3.424630400000000208e+01 1.374546167449424274e+02 1.188761511846984220e+01
1.131622399999999971e+02 1.624390599999999907e+01 1.222487417991657566e+02 2.701279326797281755e+01
1.102496799999999979e+02 2.905307200000000023e+01 1.050755763362980844e+02 1.722313079836951744e+01
1.190961999999999961e+02 7.138060000000000516e-01 1.308640832045996092e+02 3.199736377244113417e+00
1.132294200000000046e+02 1.691967400000000055e+01 1.303636067334985569e+02 1.752333459559461915e+01
1.197064500000000038e+02 1.762339400000000111e+01 1.171765907929171391e+02 3.045176316411131179e+00
9.359354000000000440e+01 1.516930999999999941e+01 9.415160239498342776e+01 3.262352845698541870e+01
1.187915799999999962e+02 1.987776600000000116e+01 1.170465708028672793e+02 1.380380678063180788e+01
1.350492700000000070e+02 1.381308300000000067e+01 1.367782854671615098e+02 1.987460449532581919e+01
1.222190400000000068e+02 1.304349299999999978e+01 1.199921086812450142e+02 1.470316753623944805e+01
1.309324000000000012e+02 9.878012000000000015e+00 1.245995911850584719e+02 2.717428761901829404e+01
1.013219799999999964e+02 1.577685499999999941e+01 1.068300416032235347e+02 3.085105153009266488e+01
1.140832999999999942e+02 2.683112699999999862e+01 1.237788285336771281e+02 6.345468910198302837e+00
1.090970899999999943e+02 2.084872599999999920e+01 9.389781638464779689e+01 3.422516464958270177e+01
1.290050699999999892e+02 1.324962900000000054e+01 1.084830889480987537e+02 2.128587848918370540e+01
1.148044000000000011e+02 2.044948799999999878e+01 1.366435910517770651e+02 9.777371560717351695e-01
1.294280699999999911e+02 7.853149000000000157e+00 1.025890346813107925e+02 1.255918502611662113e+01
1.062109700000000032e+02 3.381889000000000145e+00 1.032581691592870357e+02 3.329137977295252426e+01
1.279808500000000038e+02 1.237441800000000036e+01 1.082901934726266688e+02 1.955287896937677461e+00
1.061745300000000043e+02 2.465655100000000033e+01 1.200658419771220053e+02 1.713980833143638804e+01
1.259789300000000054e+02 8.138935999999999282e+00 1.236967104879502841e+02 5.939982899726624410e+00
1.063328249999999997e+02 1.094751899999999978e+01 1.335767821438167857e+02 2.391223157558036938e+00
1.134832399999999950e+02 1.777810300000000154e+01 1.073028482446361522e+02 2.732799341679637450e+01
1.331578700000000026e+02 1.155118900000000082e+01 1.059410629819953300e+02 3.392028402779274643e+00
1.010540500000000037e+02 1.139439199999999985e+01 1.359177127263860712e+02 3.265282566997396430e+01
1.074241999999999990e+02 2.922848300000000066e+01 1.218684378030906714e+02 7.544713057530697320e+00
1.065502599999999944e+02 6.022739999999999760e+00 1.336935558756434830e+02 3.143387646649532030e+01
1.204627899999999983e+02 7.529904000000000153e+00 1.287066703793423699e+02 1.031749590295845387e+01
1.134285899999999998e+02 1.815225999999999829e+01 1.344909446262743415e+02 1.182621772158601559e+01
9.882135999999999854e+01 3.069462800000000158e+01 9.553614595175584157e+01 2.459451192577119727e+01
1.082378199999999993e+02 1.562821500000000086e+01 9.890255980826246685e+01 3.471245948947003512e+01
1.089955800000000039e+02 1.639875599999999878e+01 1.093912536903692256e+02 1.175618554852718312e+01
1.140755900000000054e+02 8.455011999999999972e+00 1.221800450350745706e+02 3.347364423566838809e+01
1.018777000000000044e+02 2.861357299999999881e+01 1.303482767472687840e+02 5.656947056657406492e+00
1.208729550000000046e+02 1.335633900000000018e+01 1.198576910798604445e+02 2.682842532370714750e+01
1.205819099999999935e+02 1.267323900000000059e+01 1.301966843835946293e+02 9.796985790264473692e+00
1.133071060000000045e+02 3.074285100000000170e+01 1.307661102758333982e+02 3.011486947595532371e+00
1.130387039999999956e+02 2.450758000000000081e+01 1.039540837225576837e+02 2.924227549723052633e+01
1.244378499999999974e+02 2.619258100000000056e+01 1.077482975486786785e+02 2.000785436872265421e+01
1.346454300000000046e+02 1.258279899999999962e+01 1.348976274800547799e+02 2.544634842258848195e+01
1.307908799999999871e+02 1.009277999999999897e+00 1.220942821368604996e+02 1.031166128745669708e+00
9.715987400000000207e+01 1.592667499999999947e+01 1.235554962615342021e+02 1.762574097492424841e+01
1.007823300000000017e+02 2.154664599999999908e+01 1.339876145965224055e+02 2.453420813282465307e+00
1.269099199999999996e+02 8.830450000000000799e+00 1.241885793719500555e+02 8.077951183295128956e+00
1.135468599999999952e+02 1.324376900000000035e+01 1.362157726324188047e+02 6.119828391264955592e+00
1.351008600000000115e+02 2.345284300000000144e+01 9.848452432433228410e+01 3.411448943274612589e+01
1.286007500000000050e+02 8.765936999999999202e+00 1.171984629522720525e+02 1.670025765785667105e+01
1.084516140000000064e+02 7.152399999999999869e-01 1.172900747800748888e+02 6.707644126357922509e+00
1.045286559999999980e+02 2.332880600000000015e+01 1.210970380746641410e+02 2.688547566626583318e+01
1.048228900000000010e+02 3.249645600000000201e+01 1.264910072992199161e+02 2.258475926322886806e+01
1.302130600000000129e+02 1.211599499999999985e+01 1.092782848190302190e+02 2.688597644954521471e+01
1.167711800000000011e+02 1.044548600000000071e+01 1.038181618555171895e+02 2.930930386001593746e+01
1.364280100000000004e+02 4.255118000000000400e+00 1.311334662017914070e+02 3.035787370974451349e+01
1.297366499999999974e+02 1.097087800000000080e+01 1.253118100780120159e+02 1.647597839229744920e+01
1.174418639999999954e+02 1.991549499999999995e+01 1.213178637235671573e+02 1.168777432156515772e+01
1.240174260000000004e+02 8.090493999999999630e+00 1.373254996580911609e+02 2.302146735410151912e+00
9.515203999999999951e+01 1.569428800000000024e+01 1.257186817753600963e+02 2.406674789002629566e+01
9.569082000000000221e+01 2.712815700000000163e+01 1.038046442494687511e+02 3.110543659797189164e+01
1.323020500000000084e+02 3.039486999999999828e+00 1.078005448701858455e+02 2.379846394350827765e+01
1.164321900000000056e+02 1.890602499999999964e+01 1.057074490428497597e+02 2.534997685744808749e+01
1.232273500000000013e+02 4.342469000000000356e+00 1.243527238245365538e+02 1.058191005612282609e+01
1.183520900000000040e+02 1.158915299999999959e+01 1.169228569567879958e+02 3.019537861665330780e+01
1.314515000000000100e+02 1.002607700000000079e+01 1.353482607130530369e+02 1.646549369252800687e+01
1.008899150000000020e+02 2.474351700000000065e+01 1.325715555033085025e+02 1.792544657213777981e+01
1.022638800000000003e+02 3.262707999999999942e+01 9.773524227739021342e+01 7.183238660476495951e+00
1.102168700000000001e+02 2.640597199999999845e+01 9.747132466391045114e+01 2.933657734683276175e+01
1.028629600000000011e+02 1.609947599999999923e+01 1.208036499362353311e+02 8.608041796298197212e+00
1.211230850000000032e+02 1.021513700000000036e+01 9.301161464668261658e+01 2.785374881645045875e+01
1.047877660000000049e+02 2.743140400000000056e+01 1.109792285242794208e+02 3.486212346697845277e+01
1.219563600000000037e+02 4.037063999999999986e+00 9.732395547940583924e+01 3.469821958704049081e+01
1.212147099999999966e+02 1.824274799999999885e+01 1.139280913378105993e+02 1.684560697714026389e+01
1.210716900000000038e+02 6.892971000000000181e+00 9.725950716564520349e+01 1.221250352523080807e+01
1.082674300000000045e+02 2.621295500000000089e+01 1.074991104853737909e+02 2.621542526865038880e+01
1.331191900000000032e+02 8.421360999999999208e+00 1.216659787495037648e+02 3.454159251812910725e+01
1.222981000000000051e+02 3.382558000000000220e+01 1.107400043271683359e+02 8.237401616271558424e+00
9.981171000000000504e+01 2.392927600000000155e+01 1.038521357791404540e+02 2.286255267829012894e+01
1.184993500000000068e+02 1.727996600000000171e+01 1.086115531891648800e+02 3.346414655521027726e+01
1.210836500000000058e+02 1.404887100000000011e+01 1.188329280671315900e+02 2.094567998711706025e+01
1.092677800000000019e+02 3.181741999999999848e+00 9.935451106976806557e+01 3.264347200311333097e+01
1.211908499999999975e+02 1.480161999999999978e+01 1.214759589675002047e+02 3.136889989483863772e+00
1.041200560000000053e+02 2.495909899999999837e+01 1.053685856923566746e+02 1.673932729333919411e+01
1.197646199999999936e+02 2.030460199999999915e+01 1.080678217870904092e+02 1.332808674798807402e+01
1.011475200000000001e+02 2.924591300000000160e+01 9.770010815632277001e+01 2.111268865325004995e+01
1.008948800000000006e+02 1.652329800000000048e+01 1.180062477092239419e+02 2.872118168316266562e+01
1.291559399999999869e+02 1.352395500000000084e+01 1.037995320728663984e+02 1.077642152808572007e+01
1.098809700000000049e+02 2.526983800000000002e+01 9.484486374708603762e+01 1.217669024084500506e+00
1.303218400000000088e+02 8.996290000000000120e-01 9.936794753768363364e+01 3.749769028544418958e+00
1.023049299999999988e+02 2.800608000000000075e+01 1.291790692300726846e+02 2.865407992255829228e+01
1.064764899999999983e+02 2.161875300000000166e+01 1.170794626207041063e+02 2.626776209417527852e+01
1.199054399999999987e+02 1.518948900000000002e+01 1.203514607409851180e+02 1.886995802361343522e+01
1.337603000000000009e+02 1.258384500000000017e+01 1.322305471157558827e+02 1.846961906108782614e+01
1.276204900000000038e+02 1.005807899999999933e+01 1.054838798189153408e+02 1.886425296565668042e+00
1.253882700000000057e+02 1.252098200000000006e+01 1.323493298302486210e+02 3.299565301250822813e+01
1.040049199999999985e+02 2.438359600000000071e+01 1.132753051430062499e+02 2.961793306352485899e+01
1.033414700000000011e+02 2.611897300000000044e+01 1.125140541393945881e+02 2.354758643685874731e+01
1.078804999999999978e+02 1.347900000000000098e+00 1.373983314604789712e+02 1.315368101050255412e+01
1.213342499999999973e+02 2.617049000000000181e+00 1.122695202678324620e+02 1.291410722982688242e+01
1.134964499999999958e+02 2.987325299999999828e+01 1.115029421928245057e+02 9.892914438499184726e+00
1.024364300000000014e+02 2.697588299999999961e+01 9.334624134321758504e+01 2.884825951717786552e+01
1.360862600000000100e+02 1.322449800000000053e+01 1.105515261717118989e+02 2.262418638470440513e+01
1.130844799999999992e+02 1.852679300000000140e+01 1.237729681524755705e+02 1.189410893378248524e+01
1.227981199999999973e+02 3.281226699999999852e+01 1.258964549552793812e+02 1.576116832172514970e+00
1.216560750000000013e+02 3.921428999999999832e+00 9.967098137967698790e+01 9.479769253048958788e+00
1.071924700000000001e+02 1.362108100000000022e+01 9.538650491187310365e+01 1.838808193249823475e+01
1.224132840000000044e+02 1.063505699999999976e+01 1.198068499667375164e+02 2.728507352698349564e+01
9.227543000000000006e+01 1.832281700000000058e+01 1.193350721774841929e+02 3.070731064767732477e+01
1.019195560000000000e+02 2.802453799999999973e+01 1.092580553186338790e+02 1.626203555669355438e+01
1.004711900000000071e+02 2.451955200000000090e+01 1.049280900517323971e+02 2.350625095027028877e+01
1.002700300000000055e+02 1.703686300000000031e+01 9.745758221650187636e+01 9.008752514567406777e+00
1.332452999999999861e+02 2.728622999999999799e+00 9.209145523247499909e+01 2.710617125104597491e+01
1.359555699999999945e+02 2.916656499999999852e+01 1.352604421785271995e+02 2.695310626911587804e+01
1.137167199999999951e+02 2.209496700000000047e+01 1.293900095868176265e+02 2.093279371629254726e+01
1.166539499999999947e+02 2.553005200000000130e+01 1.089037337876827394e+02 2.069408491901182856e+01
1.016832100000000025e+02 1.628771199999999908e+01 9.389698840435555383e+01 3.250277190791497617e+01
1.068959600000000023e+02 4.261408999999999558e+00 1.030198639360318680e+02 2.652278124498266010e+01
9.264901000000000408e+01 2.078608699999999843e+01 1.192522463686883611e+02 3.352147335785376470e+01
1.262143800000000056e+02 1.201316999999999968e+00 1.167663100177538098e+02 1.525384835828460162e+01
1.159256900000000030e+02 2.697432299999999827e+01 9.482113870872603911e+01 3.395911772668241468e+01
1.195463639999999970e+02 2.841035700000000119e+01 1.057330360617166889e+02 3.355321210736545989e+00
1.356329700000000003e+02 5.475532000000000288e+00 1.115952998447439484e+02 2.022783594833951781e+01
1.230936200000000014e+02 4.996221000000000245e+00 1.131983626665805929e+02 2.309638872462068804e+01
1.206234199999999959e+02 2.294290000000000163e+00 1.191679038436147380e+02 2.265859311575376012e+01
1.264625999999999948e+02 7.166369999999999685e-01 1.187247505204451983e+02 8.338146578634919592e+00
9.423632999999999527e+01 1.031035299999999921e+01 1.050012150759946934e+02 3.709754108846283316e+00
1.287667099999999891e+02 1.207068300000000072e+01 1.121440327084195303e+02 2.094984303303132833e+01
1.069558300000000060e+02 3.322021000000000157e+01 9.482219396135320721e+01 6.364446591288444033e+00
1.353685499999999990e+02 1.775348299999999924e+01 1.186715114442469314e+02 3.042412856058132675e+01
1.105762799999999970e+02 1.713849599999999995e+01 9.606002116031834248e+01 1.204799630128600896e+01
1.142837099999999992e+02 1.745475199999999916e+01 1.316138855370057854e+02 3.218602321289201029e+01
1.130678500000000071e+02 1.070391300000000001e+01 1.222335070212496646e+02 2.003515632697404314e+01
1.044894199999999955e+02 3.404343999999999681e+01 1.322453286462963433e+02 9.214922738949082870e+00
1.273446660000000037e+02 1.365026600000000023e+01 1.330071654978136166e+02 3.227967444563212496e+01
1.269610100000000017e+02 1.226305200000000006e+01 1.051036098185861505e+02 1.512038097861039354e+01
1.175999999999999943e+02 1.023433799999999927e+01 1.165059075679183422e+02 6.277482305740555546e+00
1.245306700000000006e+02 7.659853000000000023e+00 1.156706008060305635e+02 2.630057112962693111e+01
1.073838200000000001e+02 2.117361000000000004e+01 1.017812610911070550e+02 1.640597425140042631e+01
1.030680899999999980e+02 2.392125499999999860e+01 1.232490726861553441e+02 1.776178120319740117e+01
1.206880299999999977e+02 9.057698999999999501e+00 1.231727861902190000e+02 1.662970841126944421e+01
1.179488199999999978e+02 1.651808199999999971e+01 1.276664037037653827e+02 3.010909148212057218e+01
1.242736299999999972e+02 6.831006000000000355e+00 1.221209727996251075e+02 3.427341645207425103e+01
1.233764199999999960e+02 2.582111199999999940e+01 1.007388448296536865e+02 2.014051917300364991e+01
1.135055600000000027e+02 1.730492999999999881e+01 9.470954594455380970e+01 2.802975739339711936e+01
1.165112840000000034e+02 2.327571899999999872e+01 1.134223763215506580e+02 2.429885602694277580e+01
1.187546099999999996e+02 1.839382399999999862e+01 1.344601457495793397e+02 7.537705648850625550e+00
1.000685000000000002e+02 2.550993300000000019e+01 1.096217675055625307e+02 7.187074047797666232e+00
1.284304700000000139e+02 1.899298699999999940e+01 1.207147721428194984e+02 1.239666970084396880e+01
1.130644759999999991e+02 5.041568999999999967e+00 1.267406867425692383e+02 1.858851803592517271e+01
1.117577739999999977e+02 2.046753999999999962e+01 1.243683976177310342e+02 1.971664802230614910e+01
1.078554800000000000e+02 1.840535399999999910e+01 1.109505857755486886e+02 7.764255823228329412e+00
1.085890660000000025e+02 5.622329999999999828e-01 1.109560420691849174e+02 1.096034293782155000e+00
1.215274660000000040e+02 9.855489999999999640e+00 1.018188916334763547e+02 1.905789737387828708e+01
1.130037300000000045e+02 2.547221800000000158e+01 1.174628116905475110e+02 1.125890106071416064e+01
1.306637699999999995e+02 1.285029600000000016e+01 1.231955596336304950e+02 1.450755305347804658e+01
9.833840999999999610e+01 3.082450000000000045e+01 1.122219225404025167e+02 8.687295036497497236e+00
1.202229399999999941e+02 1.300534999999999997e+01 1.379754024565390012e+02 1.348458668764260615e+01
1.289122600000000034e+02 1.145462200000000053e+01 1.154820545835917187e+02 7.652104339077311579e+00
1.355842399999999941e+02 3.165399999999999991e+01 1.362963080392008521e+02 1.749471732171212768e+00
1.078730850000000032e+02 3.194168000000000163e+01 1.035755729381895662e+02 3.996350964398876826e+00
1.237337600000000037e+02 9.310326999999999131e+00 9.623167387797522565e+01 1.439996342857511813e+01
1.209411199999999980e+02 1.190699900000000078e+01 1.038757102085857724e+02 1.577589565388372250e+01
1.013173800000000000e+02 1.780067999999999984e+01 1.152419797683387230e+02 1.471785649182412170e+00
1.004048300000000040e+02 2.599754000000000076e+01 1.204651761722384578e+02 1.746394278052870064e+01
1.108547200000000004e+02 1.948833799999999883e+01 1.378464627971754908e+02 1.468928619758445286e+01
9.982527000000000328e+01 2.515078700000000111e+01 1.262985839197766325e+02 2.048280245320457027e+01
1.006493899999999968e+02 1.672829600000000028e+01 1.197665978542779470e+02 7.015638122732715587e+00
1.264986999999999995e+02 2.455890000000000128e+01 1.158532581664267695e+02 3.480897268921244958e+00
1.307676400000000001e+02 9.199001000000000872e+00 1.248362209953698425e+02 1.823956120917082302e+01
1.175621500000000026e+02 1.813804400000000072e+01 1.329410636523114135e+02 4.707369863200827176e+00
1.212094600000000071e+02 1.131169599999999953e+01 1.271881765026994628e+02 2.007810361372875363e+01
9.999969000000000108e+01 2.509792300000000154e+01 9.600083990815180357e+01 1.652115728222223012e+01
1.151012699999999995e+02 2.510251999999999839e+01 1.142909273742924654e+02 7.420872739334857471e+00
1.029471499999999935e+02 1.203110299999999988e+01 1.236303633490648508e+02 8.376074227455339027e+00
1.146143200000000064e+02 2.004928200000000160e+01 1.067244676917712525e+02 2.685454788987516395e+01
1.357005499999999927e+02 1.938025700000000029e+01 1.194553959588493370e+02 1.154745948778139919e+01
1.291512099999999919e+02 1.286193699999999929e+01 1.274931980889005558e+02 2.622424823080915601e+01
1.192039699999999982e+02 8.441069999999999851e+00 1.312104430649055473e+02 1.097663718552961143e+01
1.072773499999999984e+02 2.767564799999999892e+01 9.862481059738975375e+01 2.556878645217504076e+00
1.007028959999999955e+02 2.068726699999999852e+01 1.344213852472944382e+02 1.789896488681611686e+01
1.216335140000000052e+02 1.368565999999999949e+00 1.215412659706145462e+02 2.859171095497996973e+01
1.087185099999999949e+02 1.082315200000000033e+01 9.939510345896138688e+01 1.822086096754300755e+01
1.197189560000000057e+02 1.547260600000000075e+01 1.012135698154801844e+02 1.968913405466779665e+01
1.063896100000000047e+02 3.912881000000000054e+00 1.371710605066711253e+02 1.016719847939670807e+01
1.287243799999999965e+02 8.558763000000000787e+00 1.377736723128124368e+02 3.017544614050386187e+01
1.140301000000000045e+02 2.309675000000000011e+01 1.161012456169538183e+02 1.923807601611583706e+01
9.965353399999999340e+01 2.953445800000000077e+01 1.123400498424860530e+02 6.165715183283528411e+00
1.225343299999999971e+02 4.270537000000000027e+00 1.032578160793857194e+02 1.761003188329613423e+01
1.248630500000000012e+02 1.255894400000000033e+01 1.178980871224049878e+02 1.422732223807524043e+01
1.305616899999999987e+02 5.040212999999999610e+00 1.220559063413459313e+02 1.240915117349570806e+01
1.094043350000000032e+02 2.911429400000000101e+01 1.091528999857564628e+02 3.286805775664610962e+01
1.005045199999999994e+02 2.882197800000000143e+01 9.275188097873029847e+01 1.011849280394479145e+01
1.050813700000000068e+02 4.424735000000000085e+00 1.248214555189229884e+02 3.224075207765802276e+01
1.136585500000000053e+02 2.298645199999999988e+01 1.040634462540969594e+02 2.020174714144571126e+01
1.074369499999999960e+02 2.925465799999999916e+01 1.210016173055300186e+02 3.434568448263399887e+01
1.311990399999999966e+02 2.885759999999999881e+00 1.087458421334501395e+02 1.168849150871882969e+01
1.214285699999999935e+02 6.701778000000000013e+00 1.089637510797485476e+02 3.056868306281279857e+01
1.094362699999999933e+02 8.352039999999999464e-01 1.286646067642363391e+02 8.018079794563702123e+00
1.176738359999999943e+02 1.385884099999999997e+01 1.104894514158009002e+02 1.321233523728269521e+00
1.080707699999999960e+02 1.541756700000000002e+01 1.230394441173021676e+02 2.507789442719520423e+01
1.102149799999999971e+02 2.830182999999999893e+01 1.018685742685846236e+02 1.432992220239408709e+01
9.801369499999999846e+01 2.871176499999999976e+01 1.378726864207386598e+02 2.566183195745211165e+01
1.065750199999999950e+02 2.890432200000000051e+01 9.458207738565968725e+01 2.950478587538986375e+01
1.012301199999999994e+02 1.617340499999999892e+01 1.080005540847295151e+02 2.938786003012731385e+01
1.289265900000000045e+02 1.218157399999999946e+01 1.252559375178300627e+02 1.826476833329753546e+01
1.376394999999999982e+02 1.949024400000000057e+01 9.625382172382380475e+01 2.649494534927814371e+01
9.678136000000000649e+01 1.699195500000000081e+01 1.011695714896147109e+02 2.205102957282700515e+01
1.294016699999999958e+02 5.396980000000000111e-01 9.341794031790811914e+01 1.511299826248565559e+01
1.094431699999999950e+02 2.603854600000000019e+01 9.815621210864831880e+01 1.044329500116664144e-01
1.083133540000000039e+02 2.792756299999999925e+01 1.074633496869984270e+02 5.063348447694748344e+00
1.139231400000000036e+02 3.106367300000000142e+01 1.378669823385215807e+02 3.415897713806143798e+01
9.974796999999999514e+01 3.379717300000000080e+01 1.304244771609257327e+02 2.244195766824297422e+01
1.034372900000000044e+02 1.659929699999999997e+01 1.303430034197122040e+02 3.184314673944089336e+01
9.723202000000000567e+01 2.960429800000000000e+01 9.663183049621554233e+01 2.774970980289113243e+01
1.120762000000000000e+02 7.865459999999999674e-01 9.904107217492978066e+01 2.080877926473468520e+01
1.205678249999999991e+02 2.621988100000000088e+01 1.343211699409038999e+02 1.213372499916435210e+01
1.161196300000000008e+02 2.374014299999999977e+01 1.306226260016918559e+02 1.108879514095882790e+01
1.026750949999999989e+02 3.487172699999999992e+01 9.983378785419284895e+01 2.079478785710314526e+01
1.219349399999999974e+02 1.171463199999999993e+01 1.051080230626214274e+02 4.281214637216179675e+00
1.349519999999999982e+02 1.169487200000000016e+01 1.129951485141945113e+02 6.898252981861180189e+00
1.360886000000000138e+02 1.322069300000000069e+01 1.177198061949536623e+02 2.864124150927447943e+01
1.309361900000000105e+02 8.523167000000000826e+00 1.067939746900274685e+02 3.414467248302648983e+01
1.128090440000000001e+02 2.218561000000000050e+01 1.220575277001380812e+02 1.958898923526855995e+01
1.259232559999999950e+02 4.161654000000000408e+00 1.191875668974925446e+02 1.922472214054782302e+00
1.196812299999999993e+02 2.088022600000000040e+01 1.149989136866891357e+02 2.863626469902062510e+01
1.349317599999999970e+02 1.207422299999999993e+01 1.144644691753503736e+02 3.457001089145300909e+01
1.047176599999999951e+02 4.703091999999999828e+00 9.410520645408176676e+01 7.015389255174357963e+00
1.064971539999999948e+02 2.229241000000000028e+01 1.374856225615990866e+02 2.274118227857623609e+01
1.250700149999999979e+02 1.553383900000000040e+01 1.320615290664932218e+02 1.054879633089509738e+01
1.134846040000000045e+02 1.515536099999999919e+01 1.031630049994060556e+02 6.295312229555641181e+00
9.312736999999999910e+01 1.080105299999999957e+01 1.176494599241854360e+02 2.226654098551269101e+01
9.890682999999999936e+01 1.802293200000000084e+01 1.132891398690957061e+02 2.502277615242437747e+01
1.109355999999999938e+02 1.694945099999999982e+01 9.239488902570437290e+01 3.833653684636455505e+00
1.090832599999999957e+02 1.999703000000000008e+00 1.322566191631618437e+02 1.405420388306194424e+00
1.068052100000000024e+02 1.683014100000000113e+01 1.094220970244072646e+02 2.711474999818061704e+01
1.133417740000000009e+02 1.599369000000000085e+01 1.068482865178602310e+02 1.969650438660524472e+01
1.049337600000000066e+02 3.191469599999999929e+01 1.241424588817706081e+02 2.060008973916919928e+01
1.325616899999999987e+02 2.183529300000000006e+01 1.161980288998635160e+02 4.944401887777691407e+00
1.067997500000000031e+02 2.827483199999999997e+01 1.176647258296617906e+02 1.745880156863048782e+01
1.088499999999999943e+02 2.839095999999999975e+01 1.121076389918435581e+02 2.483254649140885206e+01
1.074301300000000055e+02 3.293291500000000127e+01 9.247575930042609116e+01 2.142397214071652556e+01
1.231192999999999955e+02 3.669859999999999900e+00 1.079716222708279219e+02 4.428675708233837938e+00
1.022247540000000043e+02 1.159689299999999967e+01 9.311555987978394455e+01 7.002204477741902799e+00
1.344037299999999959e+02 3.264661399999999958e+01 1.155359658879113454e+02 2.084987520729402632e+01
1.072066800000000057e+02 2.882234800000000163e+01 1.290147936269918887e+02 9.080314809107452589e+00
1.006795400000000029e+02 2.482919000000000054e+01 1.312359879571600914e+02 2.614704607152762250e+01
9.822338000000000591e+01 1.748736399999999946e+01 1.268586034419367508e+02 3.411210068617496205e+01
1.324488800000000026e+02 9.132956999999999326e+00 1.121211263117512544e+02 1.513806651093991817e+01
1.110126900000000063e+02 2.886413999999999902e+01 1.238009682527035835e+02 3.099665469103500115e+01
1.044074200000000019e+02 1.407581799999999994e+01 1.136383093978575118e+02 3.352177609358467691e+01
9.586464999999999748e+01 3.010379999999999967e+01 1.323362897734880335e+02 3.261329912205191306e+00
1.063444439999999958e+02 3.975452000000000208e+00 1.064233385175373598e+02 3.043501094847174571e+01
1.215111540000000048e+02 9.026956999999999454e+00 1.140935484389474510e+02 3.321488818384691655e+01
1.063184499999999986e+02 2.189414199999999866e+01 1.183496308777073409e+02 3.347510707672190478e+01
1.318405300000000011e+02 1.077468200000000031e+01 9.822487596262254783e+01 2.482025340711117067e+01
1.110863800000000055e+02 2.956343499999999835e+01 1.276595796175260489e+02 2.564147962884476684e+01
1.189017699999999991e+02 2.030833000000000155e+01 1.334332609851274754e+02 2.781245621020480741e+01
9.699267600000000300e+01 3.332831000000000188e+01 1.231360173955831669e+02 3.111008213475722783e+01
1.148470839999999953e+02 1.232656199999999913e+01 1.064583404992544899e+02 2.198115470536878746e+01
9.410971999999999582e+01 1.075564600000000048e+01 1.192175451474338388e+02 1.789751066965941106e+00
1.125423660000000012e+02 2.072739999999999938e+01 1.020468663700632135e+02 1.955403990817131898e+01
1.207063399999999973e+02 1.393922799999999995e+01 1.023817327754759390e+02 2.819559786283219438e+01
1.126715200000000010e+02 1.748623999999999867e+01 1.097495290609019776e+02 1.102064605963845167e+01
1.262135240000000067e+02 1.085353699999999932e+01 1.173402265677008529e+02 1.632111134958930521e+01
1.053674550000000067e+02 7.722144000000000119e+00 1.005465101894766775e+02 3.450029890383923004e+01
1.158584060000000022e+02 1.987986000000000075e+01 1.337023766207367430e+02 8.543348816177513072e+00
1.328286300000000040e+02 1.854412800000000061e+01 1.034434850031104389e+02 4.249475941973324122e-01
1.235410839999999979e+02 6.541074000000000055e+00 1.070634713346214113e+02 2.251166522475064369e+01
1.201075060000000008e+02 6.985503999999999714e+00 1.368685672035758216e+02 2.081427238095001542e+01
1.324894099999999924e+02 1.522223000000000104e+00 1.024209623741474360e+02 1.993946267302963982e+00
1.176956899999999990e+02 6.060266000000000375e+00 1.130403759248867743e+02 3.183309962352676692e+01
1.056316000000000059e+02 1.004083999999999932e+01 1.173887884566892410e+02 2.267991489336826305e+01
1.209112899999999939e+02 7.267337999999999631e+00 1.253917939316854131e+02 2.511171013833182641e+00
1.162218600000000066e+02 1.465482599999999991e+01 9.414819248173415644e+01 8.192470613750813868e+00
1.139202300000000037e+02 1.739189000000000007e+01 1.138580917696435932e+02 2.653429253277412059e+01
1.171882999999999981e+02 2.439474999999999838e+01 1.107863023828042941e+02 6.210101711661576651e+00
1.073123599999999982e+02 2.557497199999999893e+01 9.569672374016595029e+01 2.568338768167662067e+01
9.612255000000000393e+01 3.490480999999999767e+01 1.293630370057038874e+02 3.227797332925028684e+01
1.215634399999999999e+02 8.080892999999999660e+00 1.314822007983993615e+02 2.752152966281006385e+01
1.010747149999999976e+02 1.745857799999999926e+01 1.338318565945159264e+02 5.072829002749567273e+00
1.101911099999999948e+02 1.101826999999999934e+01 1.359683156805367616e+02 1.053733975748449581e+01
1.233474350000000044e+02 2.519231399999999965e+01 9.973528234236695766e+01 1.595902807102165610e+01
1.220304600000000050e+02 5.662862999999999758e+00 1.377093010923099428e+02 2.401250043281163826e+01
1.310166999999999859e+02 1.584964599999999990e+01 1.015959730247029995e+02 1.583924646463902874e+01
1.268311900000000065e+02 1.202138899999999921e+01 1.330483214346429861e+02 8.480334410192014172e-01
1.020575599999999952e+02 3.032312399999999997e+01 1.019902211466599056e+02 2.024587830914373399e+01
1.268122939999999943e+02 2.672148999999999930e+01 1.026169393327568997e+02 3.465832432907002669e+01
1.283993499999999983e+02 1.234091600000000000e+01 1.319168388235349312e+02 9.966440664436561292e+00
1.073891449999999992e+02 2.746964799999999940e+01 1.234080831826903761e+02 2.445810613627284269e+01
1.353151900000000012e+02 1.279140499999999925e+01 1.237029238909409230e+02 4.184511856720793510e+00
1.331978300000000104e+02 1.207540099999999939e+01 1.128358329033317489e+02 2.867620098725682354e+01
1.292556600000000060e+02 1.137209400000000059e+01 1.193620455116432879e+02 3.419633467938529403e+00
1.358888900000000035e+02 4.520160999999999873e+00 1.110234577811276324e+02 2.400517998753703353e+01
1.150682749999999999e+02 1.918149599999999921e+01 1.287538632393904550e+02 2.720320075003491667e+01
1.121128999999999962e+02 1.959123999999999910e+01 1.358541099209796812e+02 2.981361175007864617e+01
1.179312000000000040e+02 9.954869000000000412e+00 1.129326985491157131e+02 9.460880076278787243e+00
9.609209400000000301e+01 1.652753299999999825e+01 1.095923662586583731e+02 9.814215515628884390e+00
1.272875200000000007e+02 3.735890000000000044e-01 1.052400349057328270e+02 2.444343699448091556e+01
1.368218999999999994e+02 9.378269999999999662e-01 1.041697494159980550e+02 1.578611957519331987e+01
1.007858499999999964e+02 2.466396100000000047e+01 1.114321366732277738e+02 3.442484894833475551e+01
1.372788199999999961e+02 1.268961700000000015e+01 1.333844815560233883e+02 2.528518765304904292e+01
1.327581000000000131e+02 3.298633999999999844e+00 1.081390876692143337e+02 2.142627431276259031e+01
1.293009299999999939e+02 1.654629999999999990e-01 1.048678905655788327e+02 1.114223671515838809e+01
1.349417400000000100e+02 3.249795499999999748e+01 1.377755346863991122e+02 1.254304899617669555e+01
1.148343050000000005e+02 2.582363300000000095e+01 1.364967276016114965e+02 3.299776477523473517e+01
1.082274599999999936e+02 2.717001000000000133e+01 9.970230491101585812e+01 3.553826010982042316e+00
1.224107740000000035e+02 7.443858999999999781e+00 1.360257090095635704e+02 2.810426959095410737e+00
1.235973099999999931e+02 1.219101299999999988e+01 1.137592671744965571e+02 1.189762122666649979e+01
1.174997939999999943e+02 1.471192300000000053e+01 9.954730628251739688e+01 7.934299284913636896e+00
1.327039000000000044e+02 1.584810399999999930e+01 1.292625543765587395e+02 2.726700716579497552e+01
1.235097959999999944e+02 2.681490999999999847e+00 1.288074944503297843e+02 1.078384741905855115e+01
1.325118699999999876e+02 7.074665000000000425e+00 1.137821745602250587e+02 1.761839490225461269e+00
1.002892999999999972e+02 2.375831000000000159e+01 1.335416429138694525e+02 1.889877291066299136e+01
1.063787499999999966e+02 2.825092300000000023e+01 1.017061976280917577e+02 1.577203075944003707e+01
1.112859399999999965e+02 7.286299999999999999e-01 9.894310411649014725e+01 5.919327172282051741e+00
1.225421139999999980e+02 1.088495900000000027e+01 1.336071955843629553e+02 1.007659675446259673e-01
1.139247359999999958e+02 2.117171300000000045e+01 1.030352934298746987e+02 4.850604369724531573e+00
1.356580399999999997e+02 1.759958500000000114e+01 1.095151338935305319e+02 2.093800101569469874e+01
1.042165799999999933e+02 2.347071499999999844e+01 1.034182738316508221e+02 1.122787049262941750e+01
1.114765500000000031e+02 2.000540499999999966e+01 1.368457369683157481e+02 1.232258770079694798e+01
1.221295800000000042e+02 8.650660999999999490e+00 1.190227979936830849e+02 2.309101483344586470e+01
1.350546699999999873e+02 1.248166299999999929e+01 1.085105006254916589e+02 2.133350670882801481e+01
1.293536799999999971e+02 7.147846000000000366e+00 1.275247576862827827e+02 1.126849210064117557e+01
1.205876159999999970e+02 1.334072899999999962e+01 1.017739709207270522e+02 9.644512269585801434e+00
1.061328350000000000e+02 2.596210900000000166e+01 1.032394230164831299e+02 9.922410047259981880e+00
1.222376000000000005e+02 3.524550000000000183e-01 1.356061414450811640e+02 1.718809857492852089e+01
1.213958800000000053e+02 1.269575000000000031e+01 1.172061175661980599e+02 2.604411931943657876e+01
1.075842059999999947e+02 1.186463999999999963e+01 9.870786841647247911e+01 1.325158743085722790e+01
1.064823149999999998e+02 3.252676000000000123e+00 1.358963792078714334e+02 1.379614238986555108e+01
1.164115599999999944e+02 1.850963399999999837e+01 9.993382342663085183e+01 3.126016757193858808e+01
1.096788600000000002e+02 1.849008999999999903e+00 9.410478024563607846e+01 1.502064635670448745e+01
1.251748699999999985e+02 2.681115199999999987e+01 1.361418941688981477e+02 9.736288664727512199e+00
1.201523200000000031e+02 2.317364500000000049e+01 1.216018916286023597e+02 1.707197289674839880e+01
1.021120999999999981e+02 2.292310000000000159e+01 1.090466789047358986e+02 2.973320122873033355e+01
1.123576999999999941e+02 3.279659999999999798e-01 9.339089851978371826e+01 1.199516727516575720e+01
9.288236999999999455e+01 2.260556000000000054e+01 9.288872807815783972e+01 2.459269174813029224e+01
1.244601700000000051e+02 2.153512000000000093e+00 1.251023989561372360e+02 2.413796873172207480e+00
1.223638150000000024e+02 9.904870000000000729e+00 1.035054744910240174e+02 2.996666041700925476e+01
1.367545299999999884e+02 1.483705600000000047e+01 1.189064530165510547e+02 2.378471909768505910e+01
1.068714449999999943e+02 1.286970200000000020e+01 1.251111661072287689e+02 3.309098472540534885e+01
1.279676800000000014e+02 9.560188000000000130e+00 1.192738707130777414e+02 1.718114353854321052e+01
1.252770199999999932e+02 1.020389400000000002e+01 1.258162941956757663e+02 2.668522003698422296e+01
9.805646500000000287e+01 1.719266899999999865e+01 1.299076556963226494e+02 2.955473349788038817e+01
1.370959000000000003e+02 5.531164999999999665e+00 1.021275577470844240e+02 3.009261780531745956e+01
1.002797900000000055e+02 2.030880499999999955e+01 1.254702470736842486e+02 9.573929253827040853e+00
1.006227399999999932e+02 1.954385600000000167e+01 1.000247575913951295e+02 8.191100263964404604e+00
1.064903999999999940e+02 1.390643999999999991e+00 1.349195128794905258e+02 2.367873621758010927e+01
1.156852599999999995e+02 1.478857400000000055e+01 1.020522894272668282e+02 3.361892964166362407e+00
1.156589100000000059e+02 2.078124199999999888e+01 9.225482650308815380e+01 2.957204943280639142e+01
1.088749899999999968e+02 2.917879299999999887e+01 1.259975481266333048e+02 3.207217849694369960e+01
9.588267000000000451e+01 2.653397000000000006e+01 1.001562442327601445e+02 9.074254681262992506e+00
1.065032039999999967e+02 4.921710000000000251e-01 1.110474412345681685e+02 1.041998822441604844e+01
1.025437900000000013e+02 1.587430299999999939e+01 1.012107662526586438e+02 3.351256192642690923e+00
9.989088999999999885e+01 2.683164999999999978e+01 1.044602660215159489e+02 7.606837741574857148e+00
1.229745099999999951e+02 1.295093400000000017e+01 1.169572190655114241e+02 1.801088703222970722e+01
1.377720300000000009e+02 1.174125100000000010e+01 1.221485562963871843e+02 1.760397959810656943e+01
1.182392499999999984e+02 2.503325500000000048e+01 1.070917047168807983e+02 1.848720006766564339e+01
1.090837899999999934e+02 1.109345000000000026e+00 1.085620785527343628e+02 3.404623135085132901e+01
1.088684839999999951e+02 1.869618999999999920e+00 1.227608694157186591e+02 3.086805767791036814e+01
1.222233659999999986e+02 2.248752000000000084e+00 9.502767656830883425e+01 9.445467234197593598e+00
1.215120100000000036e+02 3.517780999999999825e+00 1.100427022214485078e+02 2.812039729203216609e+01
1.298188600000000008e+02 9.076064999999999827e+00 1.025736319432110406e+02 2.271623289979613958e+01
1.370245700000000113e+02 1.147566899999999990e+01 1.294535698533520645e+02 3.068861476605905736e+01
1.006064200000000000e+02 2.769523600000000130e+01 1.022356720011340911e+02 3.925667403007587097e+00
1.221287399999999934e+02 7.625099999999999767e+00 1.350502445959540410e+02 2.862922004672961407e+01
1.181114039999999932e+02 1.644512699999999938e+01 1.273250516553050318e+02 1.442235604208651267e+01
1.200522399999999976e+02 3.491102000000000061e+01 1.285671821651783944e+02 2.974432698534433328e+01
1.212168499999999938e+02 5.970590000000000064e-01 1.370558848849149172e+02 8.451777615674743060e+00
1.210841450000000066e+02 2.834050999999999831e+01 1.238240877812829410e+02 2.177376956998647017e+01
1.008322600000000051e+02 1.836909500000000151e+01 9.338134680708891722e+01 2.135846522962712157e+01
1.165043500000000023e+02 1.716985000000000028e+01 1.019855581301218876e+02 2.335841749780893650e+01
1.153614500000000049e+02 1.834740400000000093e+01 1.338070989311916605e+02 2.182268605856965138e+01
1.083680499999999967e+02 2.084225800000000106e+01 1.182727259672517732e+02 1.105136942418153012e+01
9.953991000000000611e+01 1.765159200000000084e+01 9.596020846279466809e+01 1.121524377341986778e+01
9.339405999999999608e+01 1.624022300000000030e+01 1.362611573064593813e+02 7.167686296557514325e+00
1.247720099999999945e+02 6.038419999999999899e-01 1.326273781354449000e+02 1.110553951115111460e+00
1.255556260000000037e+02 1.372629099999999980e+01 1.012785468851055413e+02 1.970558452577724662e+00
1.194723599999999948e+02 1.724490399999999823e+01 1.083348315596029323e+02 1.997924700324302449e+01
1.306561399999999935e+02 2.535673000000000066e+00 1.279948877056345395e+02 2.608809541344901817e+01
1.132039199999999965e+02 1.668616300000000052e+01 1.070044170062167126e+02 8.085508255385169818e+00
1.270634600000000063e+02 1.166692100000000032e+01 1.208211243386815141e+02 7.578403446913813291e+00
1.194439849999999979e+02 3.088717700000000121e+01 1.096112844067698404e+02 2.384006748035972123e+01
1.014491600000000062e+02 2.277094299999999905e+01 9.605666525977471792e+01 7.499907672112710699e+00
9.974071999999999605e+01 1.632757600000000053e+01 1.061564074798716888e+02 3.291065742337195843e+01
1.119646900000000045e+02 1.463188599999999973e+01 1.245647532935472555e+02 1.112300632833619218e+01
1.286229600000000062e+02 3.030732499999999874e+01 1.259771101866530074e+02 1.058786247349145704e+01
1.346648600000000044e+02 1.416948599999999914e+01 1.043884503281819605e+02 2.512858265568678462e+01
1.306562800000000095e+02 2.621539999999999981e-01 1.092718832319744138e+02 1.665449821324466839e+01
1.075895799999999980e+02 1.972467400000000026e+01 9.883410392396113764e+01 4.809653783304052688e+00
1.303266000000000133e+02 5.151488999999999763e+00 1.277020908365063150e+02 6.944296094223865623e+00
1.294916100000000085e+02 2.620026999999999884e+00 1.011598231992841477e+02 1.161375288745889556e+01
1.274308900000000051e+02 1.213617600000000074e+01 9.806423569514653593e+01 5.309690989401605776e+00
1.045020300000000049e+02 3.012155500000000075e+01 1.128183672065913470e+02 1.494996612232845656e+01
1.216805700000000030e+02 2.875600000000000031e-02 1.230742231652731959e+02 1.255145842218148111e+01
1.129410900000000026e+02 1.928609799999999908e+01 1.106861692435176963e+02 2.900470011983163232e+01
1.173357539999999943e+02 2.219921099999999825e+01 1.325599135400143780e+02 2.137457080614985738e+00
9.977344999999999686e+01 2.670044899999999899e+01 1.143542962113299666e+02 3.114071681772061240e+01
1.136618399999999980e+02 2.985846499999999892e+01 1.350935005130577053e+02 2.564392772874520610e+00
1.066250150000000048e+02 2.543620000000000214e+00 1.141469630037654781e+02 1.660650894372694708e+01
1.234426899999999989e+02 2.473543000000000092e+01 1.215308943114680602e+02 2.155085618555714078e+01
1.324696399999999983e+02 1.699832699999999974e+01 9.752561638434848135e+01 1.529657242009111151e+01
1.053297349999999994e+02 2.381371899999999897e+01 1.213668367761622591e+02 3.323692728084208170e+01
1.279924850000000021e+02 1.403315199999999940e+01 1.047915381772171344e+02 1.044311645178445680e+01
1.028035200000000060e+02 2.750330200000000147e+01 1.089217584848060767e+02 1.482314835343265713e+01
1.020971899999999977e+02 2.676877800000000107e+01 1.343069495978526788e+02 1.616840483699481368e+01
1.240100000000000051e+02 1.279410900000000062e+01 1.200492497740684286e+02 2.399083773818506771e+01
1.014903900000000050e+02 3.396592700000000065e+01 1.273443564077826693e+02 3.663295696755016984e+00
1.137061499999999938e+02 2.920176500000000175e+01 9.800674699090355091e+01 1.532208866995418139e+00
1.032657399999999939e+02 2.896160700000000077e+01 1.284974898008570108e+02 3.273221696023066585e+01
1.255835950000000025e+02 1.142485399999999984e+01 1.073854683161776649e+02 2.910867343527726803e+01
1.374745599999999968e+02 3.138292099999999962e+01 1.152466372881934973e+02 3.184633308508308147e+01
1.208341900000000066e+02 1.204352800000000023e+01 1.289246590054063404e+02 2.147677383487358327e+01
