1.084516140000000064e+02 7.152399999999999869e-01 1.208599839713447324e+02 1.840457931170458750e+01
1.370959000000000003e+02 5.531164999999999665e+00 1.323137779491116248e+02 1.790335174959061604e+01
1.112859399999999965e+02 7.286299999999999999e-01 1.154779918391983387e+02 1.726906306711228112e+01
1.165767299999999977e+02 1.286235699999999937e+01 1.119525908219737573e+02 2.714859344200612767e+01
1.093003099999999961e+02 1.012630000000000058e-01 1.000839131969863161e+02 4.436826336209798605e+00
1.373412800000000118e+02 7.320990000000000553e-01 9.253153943640008094e+01 1.847299495406231173e+01
1.159256900000000030e+02 2.697432299999999827e+01 1.371452604966423792e+02 2.153231537134591633e+01
1.109355999999999938e+02 1.694945099999999982e+01 1.060368273515720006e+02 9.751661283027578619e+00
1.284304700000000139e+02 1.899298699999999940e+01 1.261140047999660396e+02 2.806579181692306690e+01
1.118345640000000003e+02 2.392749999999999877e-01 1.210663522926727893e+02 3.395252452088081441e+01
1.294755900000000111e+02 2.914704899999999910e+01 1.167144410921266200e+02 1.750330558445730844e+01
9.312736999999999910e+01 1.080105299999999957e+01 1.143764619038366845e+02 7.602371397278691489e+00
9.953991000000000611e+01 1.765159200000000084e+01 1.333686908706575309e+02 9.285591639575612177e+00
1.073838200000000001e+02 2.117361000000000004e+01 1.194479519544766504e+02 2.705819826276519180e+01
1.004917399999999930e+02 3.001473800000000125e+01 1.058511684225893674e+02 4.608043221728347349e-01
9.339405999999999608e+01 1.624022300000000030e+01 1.372344592610991754e+02 1.148900405763730603e+01
1.215111540000000048e+02 9.026956999999999454e+00 1.351116524492125563e+02 2.450940462220693306e+01
1.197646199999999936e+02 2.030460199999999915e+01 9.532094405463224973e+01 2.372232810585178697e+01
9.359354000000000440e+01 1.516930999999999941e+01 1.141736063761624536e+02 1.269160975894429377e+01
1.133071060000000045e+02 3.074285100000000170e+01 1.274792608013881647e+02 2.116315892269817667e+01
1.140301000000000045e+02 2.309675000000000011e+01 1.372922717097680447e+02 2.112187969590322467e+01
1.011475200000000001e+02 2.924591300000000160e+01 1.162921648495566842e+02 3.584207965498808157e+00
1.222376000000000005e+02 3.524550000000000183e-01 1.373217779293217120e+02 3.223741448281300848e+01
1.367545299999999884e+02 1.483705600000000047e+01 9.304971767740904909e+01 1.286206486441013297e+01
1.006839099999999974e+02 4.718844999999999956e+00 9.393992241935833931e+01 1.773827301155838398e+01
1.132039199999999965e+02 1.668616300000000052e+01 1.051950526553973333e+02 5.674028207122817413e+00
1.064823149999999998e+02 3.252676000000000123e+00 1.154728590322858395e+02 2.028350895481346683e+01
1.232222500000000025e+02 1.022940900000000042e+01 1.274657639833405369e+02 6.679657300925823549e+00
1.219563600000000037e+02 4.037063999999999986e+00 1.138137498943643209e+02 1.416792977328458214e+01
1.148343050000000005e+02 2.582363300000000095e+01 1.376541780698260595e+02 2.711637676683851250e+00
1.013219799999999964e+02 1.577685499999999941e+01 1.205436451916410192e+02 1.915935376153781178e+01
1.175999999999999943e+02 1.023433799999999927e+01 1.229979367107056305e+02 1.831207961632699011e+01
1.151012699999999995e+02 2.510251999999999839e+01 1.259071705928233200e+02 3.304276091858305620e+01
1.032657399999999939e+02 2.896160700000000077e+01 1.176826244810463464e+02 1.055050945527068507e+01
1.117577739999999977e+02 2.046753999999999962e+01 1.375895245552725328e+02 1.731936417445297494e+01
1.206234199999999959e+02 2.294290000000000163e+00 1.366898628768057335e+02 1.249530266218368801e+01
1.029471499999999935e+02 1.203110299999999988e+01 1.314847419644128763e+02 3.592974473907215582e+00
9.965353399999999340e+01 2.953445800000000077e+01 9.868625549042162959e+01 7.937286674114265139e+00
1.252770199999999932e+02 1.020389400000000002e+01 9.686467837077900356e+01 3.252632110585694392e+01
1.222981000000000051e+02 3.382558000000000220e+01 1.095357612240670449e+02 1.435000547756221856e+01
1.283993499999999983e+02 1.234091600000000000e+01 1.269600212430956958e+02 2.122458109110953117e+01
9.977344999999999686e+01 2.670044899999999899e+01 1.322066492830105631e+02 7.185147606084817617e+00
9.989088999999999885e+01 2.683164999999999978e+01 9.601574579812236720e+01 2.941501083506746994e+01
1.366617899999999963e+02 1.230031400000000019e+01 1.309905312852433212e+02 1.126526404930598169e+01
1.213342499999999973e+02 2.617049000000000181e+00 1.242394614789289164e+02 2.386206193727864022e+00
1.299299300000000130e+02 1.610754400000000075e+01 1.160048261113942090e+02 1.680135449161554106e+01
1.245306700000000006e+02 7.659853000000000023e+00 1.227014967819546598e+02 2.510144304662026116e+01
1.355842399999999941e+02 3.165399999999999991e+01 1.064401759935619509e+02 2.969727275567947089e+01
1.090832599999999957e+02 1.999703000000000008e+00 1.027805610632316586e+02 3.442243476312448536e+01
1.044074200000000019e+02 1.407581799999999994e+01 1.319244223835891034e+02 1.941842140403888095e+01
1.065032039999999967e+02 4.921710000000000251e-01 1.345142381473459352e+02 3.385576589330148778e+01
1.008322600000000051e+02 1.836909500000000151e+01 1.264604259618823647e+02 3.223592797620674588e+01
9.805646500000000287e+01 1.719266899999999865e+01 1.175341151201762386e+02 2.156977620690999231e+01
1.349317599999999970e+02 1.207422299999999993e+01 1.191418257913139485e+02 1.919027250597390832e+01
1.134964499999999958e+02 2.987325299999999828e+01 1.135894590942615281e+02 7.851545006591931219e-01
1.244601700000000051e+02 2.153512000000000093e+00 1.279174786535338626e+02 2.560512163474422564e+01
1.014903900000000050e+02 3.396592700000000065e+01 9.703045621115445840e+01 1.535469364876721698e+01
1.211230850000000032e+02 1.021513700000000036e+01 1.279226352457796310e+02 1.735515457577120335e+00
1.216805700000000030e+02 2.875600000000000031e-02 1.185502565497069014e+02 4.445649370619955576e+00
1.217082599999999957e+02 1.563973999999999975e+01 1.270584332559102734e+02 7.074762010189502348e+00
1.318405300000000011e+02 1.077468200000000031e+01 1.308570630478673706e+02 2.844116625066275716e+00
1.047877660000000049e+02 2.743140400000000056e+01 1.082420023021134909e+02 1.648968939365994402e+01
9.515203999999999951e+01 1.569428800000000024e+01 1.370024523985504743e+02 6.739423308937040780e+00
9.882135999999999854e+01 3.069462800000000158e+01 1.347624463097629359e+02 2.444835918130021213e+01
1.215274660000000040e+02 9.855489999999999640e+00 1.347563098616716104e+02 4.339924557501746882e+00
1.262143800000000056e+02 1.201316999999999968e+00 1.134908401760716004e+02 1.143428037235405981e+00
9.703319000000000472e+01 2.983398400000000095e+01 1.303844040238039099e+02 1.874440048512120072e+01
1.123576999999999941e+02 3.279659999999999798e-01 1.163321861538268820e+02 2.578937079225951123e+01
1.028035200000000060e+02 2.750330200000000147e+01 1.084039262017107035e+02 1.135932893012294542e+01
1.220304600000000050e+02 5.662862999999999758e+00 1.246044540303354751e+02 4.930356134638272714e+00
1.268122939999999943e+02 2.672148999999999930e+01 9.641946594840992191e+01 1.523956903779871697e-01
1.028629600000000011e+02 1.609947599999999923e+01 1.096555127125986218e+02 1.808785931433773086e+01
1.148470839999999953e+02 1.232656199999999913e+01 1.086732236020476279e+02 3.066474352501088774e+01
1.215634399999999999e+02 8.080892999999999660e+00 1.064590817638713531e+02 1.859234359829810401e+01
1.022638800000000003e+02 3.262707999999999942e+01 9.997486654172884357e+01 1.534597344032908595e+01
1.007646940000000058e+02 2.517087599999999981e+01 1.031691569865246123e+02 1.716668029936296236e+01
1.223638150000000024e+02 9.904870000000000729e+00 1.364906996366292447e+02 2.044176550825099525e+01
1.225343299999999971e+02 4.270537000000000027e+00 9.440167021853699225e+01 4.742715014553952280e+00
9.982527000000000328e+01 2.515078700000000111e+01 1.374393672558289552e+02 2.464014837613288478e+01
1.303266000000000133e+02 5.151488999999999763e+00 1.316041819690702255e+02 1.458249864198121415e+01
1.094431699999999950e+02 2.603854600000000019e+01 1.149941593089958474e+02 2.013826035103233636e+01
1.230936200000000014e+02 4.996221000000000245e+00 1.007730956800741069e+02 1.773731883737548287e+01
1.045020300000000049e+02 3.012155500000000075e+01 1.219700649227963538e+02 2.629907125143893509e+01
1.039862200000000030e+02 2.419322400000000073e+01 1.173966900484494857e+02 1.035942586740984694e+01
1.216560750000000013e+02 3.921428999999999832e+00 9.735253658666213994e+01 3.322584771127260694e+01
1.082674300000000045e+02 2.621295500000000089e+01 1.006557106251495384e+02 1.551768976165135427e+00
1.349417400000000100e+02 3.249795499999999748e+01 9.651551681434669661e+01 1.106485004283828566e+01
1.164659599999999955e+02 1.853562499999999957e+01 1.355677243108308971e+02 2.527675997705297561e+01
1.368218999999999994e+02 9.378269999999999662e-01 1.093220960801362054e+02 3.284261166561308176e+00
1.087034450000000021e+02 1.879413800000000023e+01 1.003956993542217901e+02 8.822473488337353231e+00
1.083554599999999937e+02 1.583191200000000087e+01 1.326076959476375805e+02 7.827583091499072943e+00
1.139247359999999958e+02 2.117171300000000045e+01 1.066574978101104278e+02 3.487225396599513516e+01
1.040049199999999985e+02 2.438359600000000071e+01 1.098557714064857578e+02 9.044266774120085728e+00
9.801369499999999846e+01 2.871176499999999976e+01 1.364334357079094957e+02 1.725283985905659989e+01
1.331578700000000026e+02 1.155118900000000082e+01 9.744507954656080528e+01 3.067062840757094833e+01
1.273446660000000037e+02 1.365026600000000023e+01 1.357859650140775329e+02 2.608388787231232087e+01
1.344037299999999959e+02 3.264661399999999958e+01 1.276595288371262029e+02 1.070655087291471297e+01
9.844208500000000583e+01 2.976761600000000030e+01 1.154172053385846084e+02 5.692288523780484333e+00
1.235097959999999944e+02 2.681490999999999847e+00 1.133192256025695741e+02 1.027447345092719466e+01
1.279924850000000021e+02 1.403315199999999940e+01 1.259722067030585748e+02 1.988657297516600142e+00
1.353151900000000012e+02 1.279140499999999925e+01 1.329061930424284697e+02 1.533741741796815461e+01
1.291559399999999869e+02 1.352395500000000084e+01 1.332176209232858923e+02 3.016085590957054663e+01
1.020971899999999977e+02 2.676877800000000107e+01 9.454115641426861316e+01 2.526029054940546814e+01
1.287667099999999891e+02 1.207068300000000072e+01 1.214965123839320142e+02 2.593361347266232642e+01
1.130037300000000045e+02 2.547221800000000158e+01 1.164446738281294387e+02 7.447397104435554693e-01
1.240100000000000051e+02 1.279410900000000062e+01 1.139996843520293623e+02 1.021358798257207656e+00
1.279808500000000038e+02 1.237441800000000036e+01 1.154527984067023993e+02 3.281490210968632937e+01
1.085890660000000025e+02 5.622329999999999828e-01 1.359273998652962234e+02 2.299609161348941111e+00
9.723202000000000567e+01 2.960429800000000000e+01 9.678669526665315459e+01 1.453338238248807635e+01
1.327581000000000131e+02 3.298633999999999844e+00 1.308811398714792631e+02 1.704258278024265039e+01
1.324894099999999924e+02 1.522223000000000104e+00 9.592172336489480244e+01 3.408481823300068214e+01
1.344405199999999923e+02 3.228481299999999976e+01 1.140422426482092959e+02 2.412738243965360141e+01
9.410971999999999582e+01 1.075564600000000048e+01 1.000833449933910089e+02 1.158714863984205756e+01
1.013173800000000000e+02 1.780067999999999984e+01 1.336622562986422338e+02 2.347376883649796397e+01
1.221295800000000042e+02 8.650660999999999490e+00 1.377964253519962767e+02 1.873467601607170252e+01
1.154087799999999930e+02 2.365899500000000089e+01 1.062758843534572861e+02 5.541629738237316083e+00
9.823951999999999884e+01 1.669737599999999844e+01 1.356100715193225881e+02 4.049254390418211003e+00
1.219990200000000016e+02 5.213186999999999571e+00 1.023836211604138100e+02 1.165176485791958072e+01
1.150682749999999999e+02 1.918149599999999921e+01 1.065356830033742170e+02 8.514046340197085172e+00
1.006227399999999932e+02 1.954385600000000167e+01 9.779179253270990557e+01 5.589974666198925135e+00
1.082274599999999936e+02 2.717001000000000133e+01 1.360841679652798746e+02 2.919773405078160877e+01
1.156589100000000059e+02 2.078124199999999888e+01 1.103711050347026514e+02 3.341100429774447633e+01
1.067997500000000031e+02 2.827483199999999997e+01 1.048154313682716889e+02 2.605749342707049276e+00
1.078804999999999978e+02 1.347900000000000098e+00 1.311379470777006304e+02 2.439363059720315263e+01
1.067377000000000038e+02 2.727607499999999874e+01 9.713476684626743918e+01 9.819479865898998128e+00
9.569082000000000221e+01 2.712815700000000163e+01 1.134185704344077124e+02 2.341852892247302265e+01
1.253882700000000057e+02 1.252098200000000006e+01 1.290687721066781535e+02 2.252689695827821836e+01
1.063444439999999958e+02 3.975452000000000208e+00 1.283269513714860750e+02 1.926256025860380028e+00
1.014491600000000062e+02 2.277094299999999905e+01 1.372153937157502241e+02 1.855620947464893433e+01
1.306562800000000095e+02 2.621539999999999981e-01 1.172469778570842607e+02 2.830627505791656873e+01
1.279676800000000014e+02 9.560188000000000130e+00 1.156527436886234455e+02 2.126866976943778198e+01
1.164321900000000056e+02 1.890602499999999964e+01 1.074880156255536150e+02 1.845387552870844061e+01
1.171882999999999981e+02 2.439474999999999838e+01 1.240960360637784277e+02 5.151683446452901549e+00
1.364280100000000004e+02 4.255118000000000400e+00 1.096429122230845365e+02 2.988278955053078789e+01
1.125423660000000012e+02 2.072739999999999938e+01 1.344549672355254017e+02 3.492783892950695446e+01
1.187546099999999996e+02 1.839382399999999862e+01 9.967892965690749918e+01 1.740094549927671608e+01
1.063184499999999986e+02 2.189414199999999866e+01 1.340230295922314951e+02 2.141070245716303688e+01
1.293536799999999971e+02 7.147846000000000366e+00 1.370054956051575346e+02 2.176857205592602540e+01
1.065502599999999944e+02 6.022739999999999760e+00 1.111137872257551180e+02 4.846552488389702873e+00
1.297366499999999974e+02 1.097087800000000080e+01 9.214896577521693644e+01 6.001208943715703015e+00
1.143764000000000038e+02 1.332743100000000069e+01 1.368794080940497793e+02 2.578242142182372021e+01
1.250700149999999979e+02 1.553383900000000040e+01 1.203307255880608437e+02 2.187940133101644591e+01
1.129178600000000046e+02 2.190700100000000106e+01 1.145420953784649782e+02 3.197163288482935517e+00
1.179312000000000040e+02 9.954869000000000412e+00 9.853222363141662754e+01 1.814957683556048096e+01
1.088749899999999968e+02 2.917879299999999887e+01 1.213449630355231079e+02 6.294038292632809117e+00
1.269610100000000017e+02 1.226305200000000006e+01 1.192556426419373992e+02 3.093388083530602373e+01
1.309324000000000012e+02 9.878012000000000015e+00 1.290871448165597144e+02 9.728212951743168801e+00
1.181114039999999932e+02 1.644512699999999938e+01 1.297445549572671553e+02 9.061694971439196777e+00
1.353685499999999990e+02 1.775348299999999924e+01 1.234693416995738318e+02 2.401165967496073606e+01
1.255835950000000025e+02 1.142485399999999984e+01 9.310119813930040777e+01 1.393803640802960331e+01
1.135468599999999952e+02 1.324376900000000035e+01 1.009623264221332732e+02 2.643330892868435811e+01
1.136618399999999980e+02 2.985846499999999892e+01 1.169364524547824260e+02 1.652939516835222022e+01
1.122847440000000034e+02 1.660995300000000086e+01 1.057168130849869527e+02 1.111607090408586096e+01
1.349519999999999982e+02 1.169487200000000016e+01 9.838534294851399409e+01 3.249407029096906285e+01
1.130678500000000071e+02 1.070391300000000001e+01 1.263628088096644007e+02 2.770484872496792406e+01
1.244378499999999974e+02 2.619258100000000056e+01 1.095552471199220719e+02 3.245734851578954760e+01
1.209112899999999939e+02 7.267337999999999631e+00 1.169133004484189939e+02 1.365924227325852414e+01
1.138526399999999938e+02 2.842907299999999893e+01 1.361234610593706122e+02 2.787796504001361697e+01
1.002797900000000055e+02 2.030880499999999955e+01 1.246962659591400921e+02 3.255495174803899516e+01
1.357005499999999927e+02 1.938025700000000029e+01 1.255047008854446489e+02 1.704185146202010515e+01
1.197064500000000038e+02 1.762339400000000111e+01 1.149673710629612202e+02 2.991043607974738094e+01
1.176738359999999943e+02 1.385884099999999997e+01 9.527626573296664958e+01 4.130684933515981427e+00
9.981171000000000504e+01 2.392927600000000155e+01 1.290094320817509868e+02 3.195154199435541287e+01
1.259789300000000054e+02 8.138935999999999282e+00 1.018787929751238579e+02 3.030840336754609865e+01
1.146143200000000064e+02 2.004928200000000160e+01 1.275118524684855856e+02 2.508706781140862319e+01
1.064971539999999948e+02 2.229241000000000028e+01 1.045920069555944849e+02 9.214013502958382063e+00
1.216335140000000052e+02 1.368565999999999949e+00 1.283962670299986542e+02 2.411414206900368740e+01
9.999969000000000108e+01 2.509792300000000154e+01 1.012931938746729656e+02 3.086680528929717937e+01
1.196812299999999993e+02 2.088022600000000040e+01 1.162251307193757270e+02 3.150981234977641776e+01
1.033414700000000011e+02 2.611897300000000044e+01 1.377649049386455999e+02 2.685190509098228517e+01
1.213958800000000053e+02 1.269575000000000031e+01 1.309915997577825237e+02 1.531235278057650184e+01
1.137061499999999938e+02 2.920176500000000175e+01 1.322924949559271113e+02 1.173814918913397953e+01
1.078730850000000032e+02 3.194168000000000163e+01 1.323266927575502336e+02 1.262372843190125060e+01
1.038123300000000029e+02 1.618331999999999837e+01 1.189696784829682343e+02 2.907932085356013374e+01
1.007858499999999964e+02 2.466396100000000047e+01 1.076676120246401780e+02 6.614352676708647572e+00
1.289106299999999976e+02 7.094847999999999821e+00 9.981267426123265807e+01 2.411859727110183016e+01
1.197189560000000057e+02 1.547260600000000075e+01 1.000394578114427162e+02 3.471420783707548452e+01
1.061745300000000043e+02 2.465655100000000033e+01 1.366224191201627605e+02 2.659540356558321150e+01
9.423632999999999527e+01 1.031035299999999921e+01 1.314418784834172413e+02 1.265277598012722393e+01
1.139231400000000036e+02 3.106367300000000142e+01 1.190743163596615517e+02 2.617447517353464548e+01
1.201523200000000031e+02 2.317364500000000049e+01 1.046864715075598440e+02 1.760749655456987739e+01
1.314515000000000100e+02 1.002607700000000079e+01 1.186748572004180033e+02 2.074216748370060870e+00
1.165043500000000023e+02 1.716985000000000028e+01 1.234745243321929706e+02 3.348998679486182795e+01
9.899518999999999380e+01 3.035501000000000005e+01 9.674067650788134642e+01 3.359879736626268709e+01
1.346648600000000044e+02 1.416948599999999914e+01 1.130178438981264435e+02 2.941780695810741975e+00
1.331729400000000112e+02 1.186766300000000030e+01 1.117289966632798581e+02 2.373783497282427213e+00
1.215120100000000036e+02 3.517780999999999825e+00 1.210989327400612297e+02 3.136414556654193930e+01
1.222233659999999986e+02 2.248752000000000084e+00 1.372495242823758304e+02 2.167108902947868643e+01
1.202229399999999941e+02 1.300534999999999997e+01 1.271828691197189727e+02 1.029274431965012582e+01
1.071924700000000001e+02 1.362108100000000022e+01 1.303702204838238288e+02 2.259885276037590529e+01
1.294916100000000085e+02 2.620026999999999884e+00 1.060179957174001402e+02 2.999768898226940195e+01
1.221697539999999975e+02 5.261603000000000030e+00 1.198969257473879964e+02 2.871646914163785258e+00
9.890682999999999936e+01 1.802293200000000084e+01 9.642185640707828043e+01 1.157227115072502244e+01
1.049673540000000003e+02 2.282041399999999953e+01 1.278845704297541772e+02 1.613482993425816758e+01
1.007028959999999955e+02 2.068726699999999852e+01 1.208292398534361780e+02 7.185918310722009927e+00
1.068052100000000024e+02 1.683014100000000113e+01 1.279209164658343099e+02 1.780565489655554945e+00
1.227775699999999972e+02 3.331928000000000001e+00 1.162327879009714309e+02 5.454759957824297345e+00
1.140832999999999942e+02 2.683112699999999862e+01 1.374331456733398511e+02 2.797327244179249206e+01
9.715987400000000207e+01 1.592667499999999947e+01 1.156761249761541279e+02 1.323703911203901740e+01
1.137167199999999951e+02 2.209496700000000047e+01 9.249169915372537787e+01 4.470163218893653756e+00
1.376394999999999982e+02 1.949024400000000057e+01 1.340655415479988903e+02 2.383175238010569075e+01
9.833840999999999610e+01 3.082450000000000045e+01 1.290405127050468082e+02 1.855934150680596062e+01
1.290050699999999892e+02 1.324962900000000054e+01 1.180247608918822948e+02 1.507550972280960977e+01
1.247720099999999945e+02 6.038419999999999899e-01 1.374364244886860433e+02 2.767368800247955818e+01
1.324488800000000026e+02 9.132956999999999326e+00 1.216261173322236857e+02 3.370923964074094670e+01
1.227981199999999973e+02 3.281226699999999852e+01 1.108623806386734145e+02 5.200025180038199579e+00
9.612255000000000393e+01 3.490480999999999767e+01 1.202868971615461078e+02 3.099777931374259410e+01
1.231192999999999955e+02 3.669859999999999900e+00 1.242286971734139911e+02 7.827082681312999668e+00
1.310166999999999859e+02 1.584964599999999990e+01 1.340608468817136725e+02 4.831762970964158299e+00
1.286229600000000062e+02 3.030732499999999874e+01 1.029478102189729753e+02 2.588661367818048475e+01
9.699267600000000300e+01 3.332831000000000188e+01 1.144885716992688174e+02 3.175334889881948008e+00
1.055970499999999959e+02 6.590237000000000123e+00 1.339126699321604406e+02 1.782718674836775108e+01
1.083680499999999967e+02 2.084225800000000106e+01 1.038889154179908303e+02 2.730140136732337197e+01
1.331978300000000104e+02 1.207540099999999939e+01 1.315618935758362227e+02 7.092125521586138959e+00
1.205876159999999970e+02 1.334072899999999962e+01 9.276845180638987642e+01 3.247084690744096491e+01
1.162961800000000068e+02 2.799809799999999882e+01 1.032478928639286835e+02 2.193041996369478497e+01
1.359555699999999945e+02 2.916656499999999852e+01 1.254281359509660518e+02 3.062579611946783587e+01
1.051916099999999972e+02 9.920849000000000473e+00 1.239990482790341275e+02 6.946958020503036124e+00
1.356722699999999975e+02 1.789586800000000011e+01 1.276530734390342445e+02 1.393653283727922876e+01
1.068714449999999943e+02 1.286970200000000020e+01 1.220126742091886456e+02 1.046089176209431848e+01
1.006493899999999968e+02 1.672829600000000028e+01 1.036664541875678935e+02 2.200772910014422479e+01
1.148769499999999937e+02 6.728119999999999656e-01 1.005293290092545391e+02 7.389472196792862491e+00
9.264901000000000408e+01 2.078608699999999843e+01 9.299837309327439527e+01 1.152240130240101301e+01
1.016832100000000025e+02 1.628771199999999908e+01 1.366953942272305653e+02 3.562342762206066604e-01
1.323020500000000084e+02 3.039486999999999828e+00 1.098711425181924710e+02 3.398907292595776397e+01
1.207063399999999973e+02 1.393922799999999995e+01 1.041271146178486049e+02 3.038329576683463706e+00
1.061328350000000000e+02 2.596210900000000166e+01 1.305171380004205162e+02 1.485816631627463469e+00
1.158584060000000022e+02 1.987986000000000075e+01 1.015332132414385455e+02 3.375148096730563907e+01
1.190961999999999961e+02 7.138060000000000516e-01 1.006354735458837553e+02 3.216209246701950519e+01
1.210836500000000058e+02 1.404887100000000011e+01 1.228378674898248732e+02 2.537147558137706227e+01
1.053509449999999958e+02 9.028912999999999300e+00 1.291400338347346519e+02 1.494297564661614963e+01
1.233474350000000044e+02 2.519231399999999965e+01 1.126473326538521746e+02 8.636859453199980052e+00
1.026750949999999989e+02 3.487172699999999992e+01 1.212846122749635924e+02 1.784900129613596675e+01
9.397973000000000354e+01 1.450080900000000028e+01 1.107915879473747651e+02 1.948422986447203087e+01
1.156852599999999995e+02 1.478857400000000055e+01 1.333586698796294741e+02 1.024375969969475886e+00
1.274308900000000051e+02 1.213617600000000074e+01 9.238761266530487148e+01 8.730348780977129408e+00
9.586464999999999748e+01 3.010379999999999967e+01 1.356546112921543283e+02 2.453055837052320243e+01
1.127789899999999932e+02 1.603903199999999885e+01 1.332174800141224296e+02 2.154153178683803560e+01
1.021120999999999981e+02 2.292310000000000159e+01 9.350809479276885838e+01 2.882350113092583044e+01
1.010540500000000037e+02 1.139439199999999985e+01 1.238056434734723013e+02 1.108699470145431221e+01
1.360862600000000100e+02 1.322449800000000053e+01 1.106073514090114855e+02 2.773076380294152443e+01
1.377720300000000009e+02 1.174125100000000010e+01 9.425615225519665330e+01 2.491420159232225728e+01
1.350492700000000070e+02 1.381308300000000067e+01 1.170723182309437078e+02 2.786587594740995044e+01
1.064764899999999983e+02 2.161875300000000166e+01 1.347477933600658275e+02 5.064393591368837377e+00
1.306637699999999995e+02 1.285029600000000016e+01 9.819380783601179985e+01 5.326354256724584069e+00
1.210841450000000066e+02 2.834050999999999831e+01 9.829010548170109018e+01 1.822804715549903776e+01
1.004711900000000071e+02 2.451955200000000090e+01 1.277120411570435294e+02 6.013578408479435033e+00
1.133417740000000009e+02 1.599369000000000085e+01 1.021289782112223605e+02 1.418772118521090597e+01
1.008948800000000006e+02 1.652329800000000048e+01 1.034582158054032561e+02 2.694963722188545319e+01
1.139202300000000037e+02 1.739189000000000007e+01 1.235724280234050809e+02 9.168467108398088428e+00
1.164115599999999944e+02 1.850963399999999837e+01 1.353497428497124133e+02 2.797602192079700245e+01
1.000685000000000002e+02 2.550993300000000019e+01 1.338632183981435446e+02 1.903029339072772430e+01
1.235410839999999979e+02 6.541074000000000055e+00 1.243656127460350120e+02 1.734101523914022636e+01
1.287243799999999965e+02 8.558763000000000787e+00 1.048451857078996596e+02 4.819252926678474935e+00
1.130844799999999992e+02 1.852679300000000140e+01 1.105821649128893540e+02 3.355377457464643953e+01
1.327039000000000044e+02 1.584810399999999930e+01 1.126601618592186185e+02 1.781270387264934740e+01
1.126715200000000010e+02 1.748623999999999867e+01 1.323955785571059209e+02 5.633845963621289421e+00
1.192039699999999982e+02 8.441069999999999851e+00 1.233546559473780206e+02 3.542395793641079482e+00
1.041200560000000053e+02 2.495909899999999837e+01 1.277942633552909228e+02 8.308159355754852982e+00
1.142837099999999992e+02 1.745475199999999916e+01 9.489380553898386950e+01 3.216131317702282555e+00
1.045286559999999980e+02 2.332880600000000015e+01 1.174088453891389179e+02 2.352216588980211398e+01
1.072773499999999984e+02 2.767564799999999892e+01 1.340955477671559777e+02 1.599921658608316832e+01
1.056316000000000059e+02 1.004083999999999932e+01 1.065829990889856731e+02 5.628835124940903434e+00
1.205819099999999935e+02 1.267323900000000059e+01 1.375565101191997996e+02 1.376518928149550902e+01
1.179488199999999978e+02 1.651808199999999971e+01 1.020176988806732226e+02 8.760710687259535945e+00
1.069558300000000060e+02 3.322021000000000157e+01 1.068684089278251150e+02 3.393422456667335751e+01
1.346454300000000046e+02 1.258279899999999962e+01 1.320826464738503887e+02 2.301358439652113219e+01
1.332452999999999861e+02 2.728622999999999799e+00 9.793955856685609263e+01 2.845177254202479489e+01
1.208341900000000066e+02 1.204352800000000023e+01 1.202678904499497605e+02 1.525229320490369389e+01
1.331191900000000032e+02 8.421360999999999208e+00 1.106723381547011229e+02 3.369038346651227300e+01
1.182392499999999984e+02 2.503325500000000048e+01 9.720926306627383440e+01 2.328885331096189049e+01
1.325118699999999876e+02 7.074665000000000425e+00 1.299695196700233168e+02 1.854617032336577864e+01
1.063787499999999966e+02 2.825092300000000023e+01 1.375241252996803212e+02 1.784992794067421062e+00
1.166539499999999947e+02 2.553005200000000130e+01 1.214440889501743897e+02 6.156343808010527496e+00
1.268311900000000065e+02 1.202138899999999921e+01 1.198411269241566828e+02 5.350086777226639612e+00
1.209411199999999980e+02 1.190699900000000078e+01 1.010969175244683527e+02 2.667061276678202120e+01
1.031737439999999992e+02 5.745917000000000385e+00 1.291226123990706469e+02 2.496786324211003461e+01
1.063328249999999997e+02 1.094751899999999978e+01 1.362408261823854332e+02 2.503674566391568845e+01
1.119646900000000045e+02 1.463188599999999973e+01 1.189124009391158268e+02 3.644509905381996262e+00
1.302130600000000129e+02 1.211599499999999985e+01 1.339691067253803283e+02 2.869761155423642052e+01
9.288236999999999455e+01 2.260556000000000054e+01 1.115207416646750573e+02 1.528356686548344356e+01
1.298188600000000008e+02 9.076064999999999827e+00 1.205289175212170676e+02 3.176850249753105970e+01
1.005045199999999994e+02 2.882197800000000143e+01 1.148297805691376254e+02 1.844640078201479838e+01
1.210716900000000038e+02 6.892971000000000181e+00 9.237266944309681094e+01 5.012555449557025256e+00
1.259232559999999950e+02 4.161654000000000408e+00 9.319986236366726473e+01 1.601925690744455011e+01
1.199054399999999987e+02 1.518948900000000002e+01 1.323896624308108585e+02 9.711272960761469619e+00
1.023049299999999988e+02 2.800608000000000075e+01 9.324109009374910784e+01 3.320864606758885884e+01
9.319089999999999918e+01 1.835962900000000175e+01 1.311299857313388202e+02 1.622208521869806930e+01
9.974796999999999514e+01 3.379717300000000080e+01 1.278003426879458857e+02 2.107638631334055290e+01
1.167711800000000011e+02 1.044548600000000071e+01 1.355448659252598986e+02 1.216411792182124962e+01
1.131622399999999971e+02 1.624390599999999907e+01 1.207989478185960763e+02 3.021989976447553516e+01
1.258230060000000066e+02 9.050392999999999688e+00 1.297327064314680172e+02 4.631175801171093731e+00
1.189017699999999991e+02 2.030833000000000155e+01 9.254002842807227580e+01 3.304856454757772610e+01
1.148044000000000011e+02 2.044948799999999878e+01 9.204886824962248681e+01 2.094061426020290284e+01
1.002700300000000055e+02 1.703686300000000031e+01 1.249944303235383956e+02 3.361164884253049934e+01
1.047176599999999951e+02 4.703091999999999828e+00 1.010578069716426768e+02 1.865794392873232965e+01
1.221146700000000038e+02 7.678874999999999673e+00 1.160806465531608467e+02 9.594244455520811954e+00
1.073123599999999982e+02 2.557497199999999893e+01 1.328002954245773140e+02 2.409940696229239876e+01
9.609209400000000301e+01 1.652753299999999825e+01 1.049170593150919331e+02 2.984145035851571492e+01
1.269099199999999996e+02 8.830450000000000799e+00 1.241718652074391969e+02 1.771841080769338816e+01
1.374745599999999968e+02 3.138292099999999962e+01 1.038591516472532135e+02 1.868113905258494611e+01
1.078554800000000000e+02 1.840535399999999910e+01 1.229472208700751423e+02 1.466817074628777107e+01
1.172729949999999945e+02 2.140795900000000174e+01 1.085463903158989751e+02 2.744135733822067991e+01
1.044894199999999955e+02 3.404343999999999681e+01 1.290753979525045452e+02 3.088966624440675091e+01
1.075842059999999947e+02 1.186463999999999963e+01 1.076457095892284741e+02 2.652946925657718680e+01
1.073891449999999992e+02 2.746964799999999940e+01 1.136959192706982122e+02 4.393041455758515568e+00
1.337603000000000009e+02 1.258384500000000017e+01 9.879869073156578452e+01 2.084560256771847975e+01
1.088499999999999943e+02 2.839095999999999975e+01 1.138144556858966467e+02 3.168395516509220355e-01
1.110863800000000055e+02 2.956343499999999835e+01 1.148267757293410796e+02 6.884244271966531770e+00
1.307908799999999871e+02 1.009277999999999897e+00 9.200140887597527239e+01 8.768866564169416122e+00
1.006064200000000000e+02 2.769523600000000130e+01 1.238864179500326230e+02 1.879756639805455620e+01
1.074369499999999960e+02 2.925465799999999916e+01 1.352444725104705867e+02 3.467041260672113623e+01
1.089955800000000039e+02 1.639875599999999878e+01 1.070402100543859092e+02 3.225169503262942605e+00
1.034781339999999972e+02 1.418773999999999980e+01 1.174194141312035811e+02 1.810027604290626257e+01
1.356580399999999997e+02 1.759958500000000114e+01 1.363605267058789536e+02 2.174436720407780399e+01
1.094362699999999933e+02 8.352039999999999464e-01 1.221221772355025905e+02 3.183643015391243836e+01
1.098809700000000049e+02 2.526983800000000002e+01 1.118136800241465636e+02 3.021912446058197688e+01
1.289122600000000034e+02 1.145462200000000053e+01 1.144424572257310331e+02 2.364500256606746831e+01
9.588267000000000451e+01 2.653397000000000006e+01 1.270503608865374474e+02 2.658947725574548571e+01
1.272875200000000007e+02 3.735890000000000044e-01 1.061090738347268001e+02 3.127636095119329340e+01
1.130387039999999956e+02 2.450758000000000081e+01 9.303865687852011490e+01 2.764566169106048577e+00
1.087293999999999983e+02 2.527930000000000010e+00 1.024576704105654699e+02 9.222161773253411354e+00
1.255556260000000037e+02 1.372629099999999980e+01 1.163877377374560638e+02 2.967724081385194168e+01
1.276204900000000038e+02 1.005807899999999933e+01 1.373666497729787181e+02 2.486542597024312684e+01
9.227543000000000006e+01 1.832281700000000058e+01 1.327159221660933213e+02 7.927298426065795489e+00
1.074241999999999990e+02 2.922848300000000066e+01 1.196809285022269194e+02 2.404892061051012320e+01
1.205678249999999991e+02 2.621988100000000088e+01 9.976632416602508613e+01 2.628411577918517139e+01
1.325616899999999987e+02 2.183529300000000006e+01 1.188742542326798173e+02 1.553996826650461749e+01
1.108547200000000004e+02 1.948833799999999883e+01 1.148063301672654859e+02 2.063664172446992850e+01
1.082378199999999993e+02 1.562821500000000086e+01 1.183374240992092297e+02 3.013933536438347005e+01
1.194439849999999979e+02 3.088717700000000121e+01 1.185132622874386925e+02 1.045800316012139675e+01
1.328286300000000040e+02 1.854412800000000061e+01 1.001594117167116451e+02 2.131026497989923385e+00
1.204627899999999983e+02 7.529904000000000153e+00 1.314978989837005656e+02 2.489250967808166592e+01
1.302385099999999909e+02 7.992467999999999684e+00 1.033766302747603163e+02 1.638146373152601498e+01
1.114765500000000031e+02 2.000540499999999966e+01 1.284507213476283880e+02 1.295070648094640653e+01
1.264986999999999995e+02 2.455890000000000128e+01 1.258243166937807587e+02 8.937775267997370321e+00
1.129410900000000026e+02 1.928609799999999908e+01 9.508014318911629914e+01 1.525797561396735169e+01
1.101911099999999948e+02 1.101826999999999934e+01 1.056211324051228218e+02 6.963895868606915229e+00
1.049325299999999999e+02 2.927804199999999923e+01 1.153471606959640781e+02 2.997567661087275237e+00
1.206880299999999977e+02 9.057698999999999501e+00 1.365554792796494326e+02 2.246033177766639355e+01
1.350546699999999873e+02 1.248166299999999929e+01 1.134552712743784184e+02 1.569122933411474996e+01
1.294016699999999958e+02 5.396980000000000111e-01 1.306551933893245518e+02 1.375604847636955874e+01
9.974071999999999605e+01 1.632757600000000053e+01 1.310644879717529534e+02 1.803112004252179545e+01
1.135055600000000027e+02 1.730492999999999881e+01 1.052728053433530846e+02 2.368162804850630820e+01
1.239427000000000021e+02 2.807401000000000035e+00 9.912650225602394016e+01 9.620286552698919635e+00
1.356329700000000003e+02 5.475532000000000288e+00 1.264959180785106128e+02 1.074562928169527787e+01
1.194723599999999948e+02 1.724490399999999823e+01 1.014164514189700270e+02 1.907990178615860088e+01
1.102496799999999979e+02 2.905307200000000023e+01 1.343705269896687753e+02 9.246068563136454088e+00
1.038327500000000043e+02 1.301466800000000035e+01 1.144990560796329788e+02 1.246889231235543072e+01
1.130644759999999991e+02 5.041568999999999967e+00 1.098864460217519934e+02 5.951360099856285224e+00
1.242736299999999972e+02 6.831006000000000355e+00 9.876121315976691051e+01 3.355682253978617524e+01
1.360886000000000138e+02 1.322069300000000069e+01 1.199484730808651705e+02 8.911288852001188587e+00
1.110467699999999951e+02 3.238026399999999683e+01 9.760614863247198514e+01 2.397236818828669769e+01
1.286007500000000050e+02 8.765936999999999202e+00 1.267252862248809038e+02 3.359684494473530947e+01
1.008899150000000020e+02 2.474351700000000065e+01 1.066799197688123257e+02 2.680200165282486946e+00
1.034372900000000044e+02 1.659929699999999997e+01 9.811169663102684524e+01 2.996899683516143043e+01
1.264625999999999948e+02 7.166369999999999685e-01 1.096155947149388510e+02 9.480000740904895196e+00
1.174997939999999943e+02 1.471192300000000053e+01 1.295808756501340895e+02 3.182715400842127806e+01
1.134832399999999950e+02 1.777810300000000154e+01 1.232997542618316231e+02 8.999816167268612332e+00
1.173357539999999943e+02 2.219921099999999825e+01 1.229512226889540045e+02 1.958951208897309115e+01
9.520380000000000109e+01 2.239091700000000174e+01 1.026141785124766130e+02 2.802920239578243056e+01
1.042165799999999933e+02 2.347071499999999844e+01 1.327400626046821799e+02 5.464705555400801273e+00
1.030200499999999977e+02 2.779550400000000110e+01 1.149039747069553812e+02 3.206726821547571404e+01
1.195463639999999970e+02 2.841035700000000119e+01 1.180975510060741698e+02 2.278236154225030319e+01
1.074301300000000055e+02 3.293291500000000127e+01 1.085940010550655614e+02 4.620518163487386865e+00
1.292556600000000060e+02 1.137209400000000059e+01 1.002466755640135148e+02 2.305141419387368984e+01
1.270486300000000028e+02 1.419520600000000066e+01 1.059861483123562493e+02 2.511650047866577040e+01
9.822338000000000591e+01 1.748736399999999946e+01 9.223521677001812691e+01 1.283722314576980672e+01
1.306561399999999935e+02 2.535673000000000066e+00 1.151490186618919722e+02 1.951354843889948398e+01
1.232273500000000013e+02 4.342469000000000356e+00 9.873387166011106331e+01 2.075012650298126715e+01
1.324696399999999983e+02 1.699832699999999974e+01 1.318229949885192127e+02 1.585586252262746321e+01
1.002892999999999972e+02 2.375831000000000159e+01 1.336703341455277609e+02 4.979528566709194415e+00
1.251748699999999985e+02 2.681115199999999987e+01 1.308487872168108765e+02 1.213530238844471931e+01
1.370245700000000113e+02 1.147566899999999990e+01 1.148302444178646198e+02 1.107428900696511009e-01
1.063896100000000047e+02 3.912881000000000054e+00 1.283756213014794696e+02 9.686770236842340509e+00
1.262135240000000067e+02 1.085353699999999932e+01 1.270355699297786884e+02 2.951896683105605845e+01
1.068959600000000023e+02 4.261408999999999558e+00 1.274183218677617049e+02 1.495157788569614432e+01
1.102168700000000001e+02 2.640597199999999845e+01 9.474097030112564255e+01 1.608377321237955471e+01
1.166653400000000005e+02 4.134577000000000169e+00 9.592818714295881932e+01 9.225132089174611139e+00
1.224107740000000035e+02 7.443858999999999781e+00 1.357801896954214840e+02 5.214826558720372596e+00
1.211908499999999975e+02 1.480161999999999978e+01 9.768584738951450674e+01 5.144676335749585938e+00
1.092677800000000019e+02 3.181741999999999848e+00 9.545757476735154512e+01 1.347889045682920361e+01
1.162218600000000066e+02 1.465482599999999991e+01 1.055725926549167610e+02 2.733672908993249351e+01
1.201075060000000008e+02 6.985503999999999714e+00 1.355256602714568146e+02 3.843459341232242643e+00
1.102149799999999971e+02 2.830182999999999893e+01 1.000033862152487529e+02 9.782778462908087169e-01
1.189220300000000066e+02 1.942037399999999892e+01 1.022012039648156048e+02 1.055871518381606577e+01
1.087185099999999949e+02 1.082315200000000033e+01 1.199399598583866577e+02 2.839882981968221642e+01
1.020575599999999952e+02 3.032312399999999997e+01 1.258960286629286998e+02 3.354295902123465822e+01
1.212147099999999966e+02 1.824274799999999885e+01 1.082451502177082432e+02 1.366700882227864255e+01
1.050813700000000068e+02 4.424735000000000085e+00 9.376508341605868679e+01 2.106238162423010252e+01
1.121128999999999962e+02 1.959123999999999910e+01 1.047569466914007705e+02 1.215591575272350333e+01
1.372788199999999961e+02 1.268961700000000015e+01 1.249568662988380083e+02 2.018127684523940601e+01
1.235973099999999931e+02 1.219101299999999988e+01 1.172763847951944882e+02 1.866961149884821225e+01
1.161196300000000008e+02 2.374014299999999977e+01 1.043589526593848547e+02 6.679849377173919578e+00
1.105762799999999970e+02 1.713849599999999995e+01 1.258072174837497812e+02 1.165926091444297041e+00
1.072066800000000057e+02 2.882234800000000163e+01 1.360677428241076825e+02 2.521295204128998790e+01
1.096788600000000002e+02 1.849008999999999903e+00 1.159366496689910235e+02 3.241349827446196485e+01
1.090837899999999934e+02 1.109345000000000026e+00 1.304897999631454013e+02 1.958003004003295899e+01
1.222190400000000068e+02 1.304349299999999978e+01 1.324206064222838108e+02 3.333459019354563679e+00
1.200522399999999976e+02 3.491102000000000061e+01 1.285425749947050065e+02 9.416034029468450584e+00
1.042143250000000023e+02 3.424630400000000208e+01 1.293332438184530417e+02 1.412750570690740837e+01
1.311990399999999966e+02 2.885759999999999881e+00 9.706511487962974627e+01 2.558612074243454160e+01
1.064903999999999940e+02 1.390643999999999991e+00 1.131826763205841218e+02 1.724689154014202330e+01
1.165112840000000034e+02 2.327571899999999872e+01 1.213177485032778122e+02 2.242351273947782531e+01
1.212168499999999938e+02 5.970590000000000064e-01 9.650937545413940200e+01 1.576887678471992871e+01
1.153614500000000049e+02 1.834740400000000093e+01 1.078589134096858260e+02 1.407639378651912843e+01
