1.244378499999999974e+02 2.619258100000000056e+01 1.031362278559257248e+02 2.866772418490928587e+01
1.165043500000000023e+02 1.716985000000000028e+01 1.163198371084662028e+02 5.068757967041942480e-01
1.240121900000000039e+02 1.423227999999999938e+00 1.326560498372602979e+02 3.127717067754986502e+01
1.052273249999999933e+02 1.942294899999999913e+01 1.244822662712962398e+02 6.042716786144811003e+00
1.063787499999999966e+02 2.825092300000000023e+01 1.349235853560591920e+02 4.284063778083893936e+00
1.117162550000000039e+02 2.099041700000000077e+01 1.360059667847574474e+02 1.620281254660240933e+01
1.049325299999999999e+02 2.927804199999999923e+01 1.309140227776116490e+02 1.152759988876913866e+01
1.350492700000000070e+02 1.381308300000000067e+01 1.015412447622911145e+02 1.186062781120769927e+01
1.065282440000000008e+02 1.715186000000000099e+00 1.035890768993205455e+02 2.574238336641973746e+01
1.053158899999999960e+02 1.049280700000000088e+01 9.665353220702948533e+01 2.991372800047598801e+01
1.148470839999999953e+02 1.232656199999999913e+01 1.211601784068866294e+02 2.978279900634139210e+01
1.194070700000000045e+02 1.974189399999999850e+01 1.252520357589617106e+02 1.965599094454346130e+01
9.686450000000000671e+01 3.287660000000000338e+01 1.184307126684399236e+02 6.393289327613774553e+00
1.295191499999999962e+02 3.220691300000000012e+01 1.159071428531258334e+02 3.272076747320007684e+01
1.222233659999999986e+02 2.248752000000000084e+00 1.003494540027349302e+02 5.076821043324329708e+00
9.793104999999999905e+01 2.979559499999999872e+01 9.925375109600599899e+01 2.701780960300779810e+01
1.308442000000000007e+02 8.125244999999999607e+00 1.376508802167375052e+02 3.372824951972131657e+01
1.273446660000000037e+02 1.365026600000000023e+01 1.305905070964044796e+02 2.718108283691947591e+01
1.200522399999999976e+02 3.491102000000000061e+01 1.050965635903194197e+02 7.821486546021442443e+00
1.099410100000000057e+02 2.527390700000000123e+01 1.147282087601609817e+02 2.952736173173219569e+01
1.092677800000000019e+02 3.181741999999999848e+00 9.634258278971357470e+01 2.711229599432261050e+00
1.179488199999999978e+02 1.651808199999999971e+01 1.143396470683415771e+02 1.638963062213145960e+01
1.123958300000000037e+02 1.957101600000000019e+01 9.517375746128924163e+01 3.468616471093258724e+01
1.064903999999999940e+02 1.390643999999999991e+00 1.116159806261190113e+02 6.784894981514712597e+00
1.006064200000000000e+02 2.769523600000000130e+01 9.416603518283197616e+01 3.025457961965815912e+01
1.287667099999999891e+02 1.207068300000000072e+01 1.065690565784000796e+02 3.485252294118643679e+00
1.331978300000000104e+02 1.207540099999999939e+01 1.267867741334497964e+02 2.210431624735635125e+01
1.158584060000000022e+02 1.987986000000000075e+01 1.019785273709410234e+02 7.723544386444736176e-01
1.132667699999999940e+02 2.412417599999999851e+01 1.087096577302222897e+02 3.490404728960728420e+01
1.324696399999999983e+02 1.699832699999999974e+01 1.375550482366582230e+02 2.526486159750223592e+01
1.053674550000000067e+02 7.722144000000000119e+00 1.106107711355058569e+02 3.474370600374442120e+01
1.029471499999999935e+02 1.203110299999999988e+01 1.101177616462171329e+02 3.457660736706231575e+01
9.612255000000000393e+01 3.490480999999999767e+01 1.068274802551692773e+02 1.878955497538932917e+01
1.138388060000000053e+02 1.427283199999999930e+01 9.956770894112899839e+01 2.356947544623233526e+01
1.274308900000000051e+02 1.213617600000000074e+01 1.183729419164631054e+02 3.000698601767405194e+01
1.337603000000000009e+02 1.258384500000000017e+01 1.363178541466297702e+02 1.931747419298099189e+01
1.068052100000000024e+02 1.683014100000000113e+01 1.060000071816101155e+02 2.449985232969543247e+01
9.974071999999999605e+01 1.632757600000000053e+01 1.320676408395974875e+02 3.485375134103855910e+00
1.349519999999999982e+02 1.169487200000000016e+01 1.336758417281280344e+02 2.833196661009433726e+01
1.139247359999999958e+02 2.117171300000000045e+01 1.256561532834544010e+02 1.511650530400464598e+00
1.281656299999999931e+02 6.427754000000000190e+00 1.284563877143625916e+02 1.897498354475914439e+01
9.448524500000000614e+01 1.358393900000000087e+01 1.248739554122899449e+02 1.366384696945901389e+01
1.236907599999999974e+02 2.655348599999999948e+01 1.262529437378904618e+02 3.025108766594355814e+01
1.173357539999999943e+02 2.219921099999999825e+01 1.163941566375305001e+02 2.501735590647252749e+01
1.088499999999999943e+02 2.839095999999999975e+01 1.177442023098437289e+02 1.286516316593589337e+01
1.210836500000000058e+02 1.404887100000000011e+01 1.024319273680749944e+02 1.051385020421842320e+01
1.082274599999999936e+02 2.717001000000000133e+01 9.403762556693769170e+01 1.105576217838859954e+01
1.231192999999999955e+02 3.669859999999999900e+00 1.056763413926175872e+02 2.999939619613022757e+01
9.715987400000000207e+01 1.592667499999999947e+01 1.227153826665689280e+02 2.718697321168581738e+01
9.942723999999999762e+01 2.273704499999999840e+01 1.147570513012854434e+02 7.919684075178375693e+00
1.356722699999999975e+02 1.789586800000000011e+01 1.303912837486304284e+02 2.216139636988866002e+01
1.063896100000000047e+02 3.912881000000000054e+00 9.858971776430618661e+01 1.891868560599740334e+01
1.240100000000000051e+02 1.279410900000000062e+01 1.241926645205139579e+02 3.384338597509276525e+01
1.227206500000000062e+02 2.926232000000000166e+00 9.954558761778048392e+01 1.214378131247322301e+00
1.255835950000000025e+02 1.142485399999999984e+01 1.342419409850097054e+02 3.095442890356398635e+01
1.083680499999999967e+02 2.084225800000000106e+01 1.216375024543087733e+02 1.698113884736756418e+01
1.219884500000000003e+02 2.734084500000000162e+01 1.148298593412164905e+02 2.931412688892038076e+01
1.324894099999999924e+02 1.522223000000000104e+00 1.107487302915905047e+02 2.204624751389121684e+01
1.279924850000000021e+02 1.403315199999999940e+01 1.114537571901638842e+02 2.834977983976053295e+01
9.699267600000000300e+01 3.332831000000000188e+01 1.228769059025827062e+02 7.129870267802984607e-02
1.148343050000000005e+02 2.582363300000000095e+01 1.352471001746885690e+02 1.855101191022093143e+00
1.359555699999999945e+02 2.916656499999999852e+01 1.332066218777970334e+02 2.802584425641364518e+01
1.229570539999999994e+02 1.920611999999999986e+00 1.252877193308758308e+02 1.039982492768179512e+01
9.446862000000000137e+01 4.517010000000000192e-01 1.351958477957136040e+02 2.777246338064343689e+01
1.034781339999999972e+02 1.418773999999999980e+01 1.211420504108295972e+02 3.317130697124225946e+01
1.122994499999999931e+02 1.439847999999999928e+01 9.747221946550574501e+01 1.066497866743424394e+00
1.010747149999999976e+02 1.745857799999999926e+01 1.169008652375126331e+02 1.049132877289291166e+01
1.089955800000000039e+02 1.639875599999999878e+01 1.379731258009417729e+02 2.220531784387416607e+01
1.074125099999999975e+02 6.090900000000000425e+00 1.305569037064879581e+02 3.478880841416210501e+01
1.323020500000000084e+02 3.039486999999999828e+00 1.325519694660598873e+02 8.519792332351464381e+00
1.039350500000000039e+02 2.735918399999999906e+01 1.181190314254218379e+02 2.015340605691789477e+01
1.007858499999999964e+02 2.466396100000000047e+01 1.015415169144080636e+02 1.250521574572924521e+01
1.229745099999999951e+02 1.295093400000000017e+01 1.264465445860339230e+02 1.528499879437810449e+01
1.088749899999999968e+02 2.917879299999999887e+01 9.476807380539892733e+01 1.955962484529414880e+01
1.125423660000000012e+02 2.072739999999999938e+01 1.371567792204878629e+02 1.940427362788827281e+01
1.130678500000000071e+02 1.070391300000000001e+01 9.978944702958867197e+01 3.222140852929560140e+01
1.064715499999999935e+02 3.050993000000000066e+00 1.104650155647639451e+02 2.231480859000840766e+01
1.310166999999999859e+02 1.584964599999999990e+01 1.280895449643476809e+02 9.517993439806666345e+00
1.197064500000000038e+02 1.762339400000000111e+01 1.272709482353066335e+02 3.071970588910864564e+01
1.082378199999999993e+02 1.562821500000000086e+01 1.273064888685866833e+02 5.871113804668613767e+00
9.359354000000000440e+01 1.516930999999999941e+01 1.101961505731621855e+02 1.672968004827347599e+01
1.216335140000000052e+02 1.368565999999999949e+00 1.184142026513820269e+02 2.533653891198451902e+01
1.005045199999999994e+02 2.882197800000000143e+01 1.039587845300421236e+02 1.614034112328300807e+01
1.283993499999999983e+02 1.234091600000000000e+01 1.206748291193050306e+02 1.836459184392405319e+01
1.286229600000000062e+02 3.030732499999999874e+01 1.341986664511133540e+02 1.244184686182432742e+01
1.297366499999999974e+02 1.097087800000000080e+01 1.048578589089550661e+02 2.455636125537517245e+01
1.305980999999999881e+02 1.224686600000000070e+01 1.091330709122130855e+02 7.360624193981200492e+00
9.977344999999999686e+01 2.670044899999999899e+01 9.255423002002791577e+01 3.071842453631737513e+01
1.110863800000000055e+02 2.956343499999999835e+01 1.028884601750781655e+02 4.046465360990245230e+00
1.148044000000000011e+02 2.044948799999999878e+01 9.726416736385188244e+01 6.480377262307901454e+00
1.120615540000000010e+02 2.049053999999999931e+01 1.106278996565797854e+02 4.496668746153872576e+00
9.910477000000000203e+01 2.538836900000000085e+01 1.346643722543905710e+02 2.035115146954150589e+01
1.353151900000000012e+02 1.279140499999999925e+01 9.663514410715595204e+01 1.488474600351479715e+00
1.128090440000000001e+02 2.218561000000000050e+01 1.260735147661312112e+02 1.260248865287030284e+01
9.423632999999999527e+01 1.031035299999999921e+01 1.139641006233918148e+02 1.504259593917928184e-01
1.130037300000000045e+02 2.547221800000000158e+01 1.357450262256992630e+02 1.638217612249560418e+01
1.171555249999999972e+02 2.330280700000000138e+01 1.260149819177741222e+02 5.767791241401565294e+00
1.370959000000000003e+02 5.531164999999999665e+00 1.233490839994160666e+02 1.878052301122911771e+01
1.017952350000000052e+02 1.828858599999999868e+01 1.229167755374541429e+02 9.871160851603928421e+00
1.252033899999999988e+02 9.675684000000000395e+00 1.117849648655125065e+02 2.383582549370821724e+01
1.197646199999999936e+02 2.030460199999999915e+01 1.274860692171908454e+02 2.652265413062868049e+01
1.164321900000000056e+02 1.890602499999999964e+01 1.202452743270507796e+02 4.089011563505825286e+00
1.259789300000000054e+02 8.138935999999999282e+00 9.522849602581881356e+01 2.353162768829534457e+00
1.156589100000000059e+02 2.078124199999999888e+01 1.188039324151474574e+02 1.690635162013399651e+01
1.019195560000000000e+02 2.802453799999999973e+01 9.907331682530806916e+01 1.241828171578691631e+01
1.045286559999999980e+02 2.332880600000000015e+01 9.218900768397961087e+01 2.907309976517172245e+01
1.088684839999999951e+02 1.869618999999999920e+00 1.288204887072510303e+02 1.765939922385456029e+01
1.360862600000000100e+02 1.322449800000000053e+01 1.159431488091363462e+02 2.227493711596436299e+01
1.291559399999999869e+02 1.352395500000000084e+01 1.264266324623106925e+02 2.367930472577215895e+01
9.953991000000000611e+01 1.765159200000000084e+01 1.063720567554351817e+02 1.175833875018698471e+01
1.305158500000000004e+02 8.179097000000000506e+00 1.012144729476043068e+02 9.316211071443078140e+00
9.515203999999999951e+01 1.569428800000000024e+01 1.113104327092194978e+02 2.468155509180981255e+01
1.235973099999999931e+02 1.219101299999999988e+01 1.211516182805650033e+02 1.544774966471959665e+01
1.294016699999999958e+02 5.396980000000000111e-01 1.368024483860742748e+02 1.568299433048435354e+01
1.302385099999999909e+02 7.992467999999999684e+00 1.377777757776377712e+02 3.215318799074499623e+01
1.370245700000000113e+02 1.147566899999999990e+01 1.084532052129742112e+02 2.604223021159325668e+01
1.233091349999999977e+02 7.443515999999999799e+00 1.134703621537691447e+02 3.344651921758986646e+01
1.010540500000000037e+02 1.139439199999999985e+01 1.033524956131496140e+02 2.125891970507599282e+01
1.006227399999999932e+02 1.954385600000000167e+01 1.148433584209979301e+02 2.052361255535941353e+01
1.340509999999999877e+02 2.624378400000000156e+01 1.258893524577839571e+02 1.509272754375986025e+01
1.175967899999999986e+02 3.310830700000000348e+01 9.456656489916920805e+01 5.931881741045902601e+00
1.005264739999999932e+02 1.630819999999999936e+01 9.708515715444983130e+01 2.446050885178987855e+01
1.363643999999999892e+02 1.274971000000000032e+01 1.347796325742519912e+02 1.929758670985351898e+01
1.205876159999999970e+02 1.334072899999999962e+01 1.281984057088496911e+02 1.759957805302941125e+01
1.232273500000000013e+02 4.342469000000000356e+00 9.718676666949492926e+01 2.566911910460642332e+01
9.609209400000000301e+01 1.652753299999999825e+01 1.141667344411533662e+02 1.103264308734027033e+00
1.038327500000000043e+02 1.301466800000000035e+01 1.181695578221536351e+02 1.283455141863907301e+01
1.007028959999999955e+02 2.068726699999999852e+01 9.584167147122508368e+01 2.368970806653624450e+01
1.219990200000000016e+02 5.213186999999999571e+00 9.832541690676920609e+01 3.674459232887623106e+00
1.020971899999999977e+02 2.676877800000000107e+01 1.140876846051927771e+02 3.550061708827038753e+00
9.462124000000000024e+01 2.250560199999999966e+01 1.306195267689357706e+02 4.660755382618967602e+00
1.196812299999999993e+02 2.088022600000000040e+01 1.250687370320191292e+02 2.858702218148922469e+01
9.911983499999999481e+01 3.033258400000000066e+01 1.091153197949905120e+02 1.723742509624136687e+01
1.225821150000000017e+02 6.734340000000000437e+00 1.157574641554601129e+02 1.877850340355352543e+01
1.225421139999999980e+02 1.088495900000000027e+01 1.004622894737669441e+02 2.482147465934525243e+01
1.371154999999999973e+02 4.333319999999999950e-01 1.258678092857552713e+02 9.753626475221033321e-01
1.015828300000000013e+02 3.012794999999999845e+01 1.122646359237272691e+02 4.006783073723712896e+00
1.147472199999999987e+02 3.243150700000000342e+01 1.325768113497533136e+02 2.946478706067552977e+01
1.235097959999999944e+02 2.681490999999999847e+00 1.068810434357172028e+02 1.315284778138029509e+01
9.848784999999999457e+01 2.775841000000000136e+01 1.143883579550787744e+02 1.915263352517304796e+01
1.140755900000000054e+02 8.455011999999999972e+00 9.552081810498985703e+01 2.514526056442197088e+01
1.286900599999999883e+02 1.486477799999999938e+01 1.286871235949584786e+02 2.453627784818081992e+01
1.004048300000000040e+02 2.599754000000000076e+01 9.309237224843413117e+01 5.695706606668182737e-02
1.332452999999999861e+02 2.728622999999999799e+00 1.344086938454526035e+02 8.705206742721061985e+00
1.078898599999999988e+02 1.824183700000000030e+01 1.299994816694630799e+02 1.297405458632514375e+01
1.212147099999999966e+02 1.824274799999999885e+01 1.302475946585308861e+02 1.850891809450418535e+01
1.073123599999999982e+02 2.557497199999999893e+01 1.021015835919853743e+02 1.244604644702998364e+01
1.181643140000000045e+02 2.271122000000000085e+01 1.207943438298063086e+02 1.770842296734581467e+01
1.293635400000000004e+02 1.894171000000000049e+00 1.025630615369787790e+02 9.943505708989144765e+00
1.221697539999999975e+02 5.261603000000000030e+00 1.350455448804318621e+02 7.997453307813347401e+00
1.055329299999999932e+02 8.244474999999999554e+00 1.188599757143764748e+02 3.459204675916694782e+01
1.331578700000000026e+02 1.155118900000000082e+01 9.993995056043178238e+01 1.857209291070111234e+01
1.176738359999999943e+02 1.385884099999999997e+01 1.364871692157482244e+02 3.059909569547466646e+01
1.166539499999999947e+02 2.553005200000000130e+01 9.429357514062407120e+01 3.296850203771557375e+01
1.148329200000000014e+02 2.281423799999999957e+01 1.344041058351752156e+02 2.400398811962101320e+01
1.023049299999999988e+02 2.800608000000000075e+01 9.222771719975813198e+01 1.065290085769805906e+01
1.215634399999999999e+02 8.080892999999999660e+00 1.211311308250606658e+02 1.099593356674360400e+01
1.086714099999999945e+02 1.278264599999999973e+01 1.105208942056177932e+02 4.109792256023203194e+00
1.065032039999999967e+02 4.921710000000000251e-01 1.256932300783986989e+02 3.472047718189084975e+01
1.051916099999999972e+02 9.920849000000000473e+00 1.012575425615775231e+02 3.054037621811719205e+01
1.073470499999999959e+02 1.714681799999999967e+01 1.121029397778271175e+02 1.281476890464622365e+01
1.331191900000000032e+02 8.421360999999999208e+00 1.358979232439814382e+02 3.477531845347346007e+01
1.110126900000000063e+02 2.886413999999999902e+01 1.091589886961988469e+02 3.376195708111816174e+01
1.199054399999999987e+02 1.518948900000000002e+01 1.362665078312963942e+02 1.972396777095028497e+01
1.364280100000000004e+02 4.255118000000000400e+00 1.185545050539003000e+02 3.184254000050347955e+01
1.211230850000000032e+02 1.021513700000000036e+01 9.978861186026171026e+01 5.583599603963332214e+00
1.063831100000000021e+02 8.929643999999999693e+00 9.584763719443495233e+01 2.579605163873079832e+01
1.063328249999999997e+02 1.094751899999999978e+01 9.249529040962872273e+01 2.887824672033110573e+01
1.171505300000000034e+02 2.386019699999999943e+01 9.337764154890997759e+01 2.403975693076240816e+01
9.981171000000000504e+01 2.392927600000000155e+01 1.126507271192214716e+02 3.086048209951798427e+01
1.101911099999999948e+02 1.101826999999999934e+01 1.211273519325038563e+02 1.885755609648050068e+01
1.042165799999999933e+02 2.347071499999999844e+01 1.274367063496792696e+02 1.901078943451490133e+01
1.114416300000000035e+02 1.862790100000000137e+01 1.097223109885915875e+02 2.562773052185652389e+01
1.063184499999999986e+02 2.189414199999999866e+01 1.358302921955452689e+02 2.242038561743514791e+01
1.358911999999999978e+02 3.048414999999999875e+00 1.141503557804068976e+02 1.820607891943064516e+01
1.123588600000000071e+02 5.283899999999999708e-02 9.734279271484841445e+01 1.622509107414278517e+01
1.276204900000000038e+02 1.005807899999999933e+01 1.292720628516837280e+02 1.881981861075482598e+01
1.081589000000000027e+02 1.194670699999999997e+01 1.246393561345768148e+02 2.273543151030593634e+01
1.172729949999999945e+02 2.140795900000000174e+01 1.235456727631058271e+02 1.658485906564095202e+01
1.346454300000000046e+02 1.258279899999999962e+01 1.106927900176638957e+02 1.447297738262560785e+01
1.007823300000000017e+02 2.154664599999999908e+01 1.194565977129194465e+02 2.533413023078360737e+01
1.356580399999999997e+02 1.759958500000000114e+01 1.092292182868597763e+02 1.873301388281306856e+01
1.331729400000000112e+02 1.186766300000000030e+01 1.379940095101350437e+02 2.395819158543137561e+01
1.286007500000000050e+02 8.765936999999999202e+00 1.248873656699376227e+02 2.347682748246361228e+01
9.312736999999999910e+01 1.080105299999999957e+01 1.186448894960975338e+02 2.348868458139867599e+01
1.227775699999999972e+02 3.331928000000000001e+00 1.236179581982413396e+02 3.222082762919644949e+01
1.007646940000000058e+02 2.517087599999999981e+01 9.717650861109231641e+01 1.643118425985106157e+01
1.028629600000000011e+02 1.609947599999999923e+01 9.406253202096186783e+01 2.112384701757012095e+01
1.294755900000000111e+02 2.914704899999999910e+01 1.346888962058823722e+02 1.283130063449291480e+00
1.242736299999999972e+02 6.831006000000000355e+00 1.189406435920784730e+02 3.029827900667244833e+01
1.044894199999999955e+02 3.404343999999999681e+01 1.126133808113955013e+02 2.560316342120423982e+01
1.349317599999999970e+02 1.207422299999999993e+01 1.007202239963363866e+02 4.015549117088765385e+00
1.034372900000000044e+02 1.659929699999999997e+01 9.529010402492120591e+01 2.888811672832834176e+01
1.215120100000000036e+02 3.517780999999999825e+00 1.343491712921597809e+02 8.192221606967651226e+00
9.288236999999999455e+01 2.260556000000000054e+01 1.325194341836348144e+02 1.213122536064395085e+01
1.072066800000000057e+02 2.882234800000000163e+01 9.420173671190137554e+01 1.959683240345959021e+01
1.009060400000000044e+02 2.837463199999999830e+01 1.353081618122926955e+02 2.460601558019538260e+01
1.235410839999999979e+02 6.541074000000000055e+00 1.126644303699252987e+02 2.560260703349591083e+01
1.265867599999999982e+02 2.725253899999999874e+01 1.268474257277143522e+02 8.684366938335547070e-01
1.026750949999999989e+02 3.487172699999999992e+01 1.378163185858257975e+02 2.297830148050583610e+00
1.109553400000000067e+02 1.066729000000000038e+00 1.267272714066016874e+02 2.841265036863543969e+01
1.211260759999999976e+02 1.171536500000000025e+01 9.540214840915326988e+01 1.909530994224130040e+01
1.279808500000000038e+02 1.237441800000000036e+01 1.258375380421397267e+02 2.566511457246201999e+01
1.118345640000000003e+02 2.392749999999999877e-01 1.131290594473230726e+02 1.350014988027598939e+01
1.305737499999999898e+02 2.831986999999999810e+00 1.323869113882879844e+02 2.729646906272119367e+01
1.087185099999999949e+02 1.082315200000000033e+01 1.156659536355867886e+02 1.481959689446118134e+01
9.397973000000000354e+01 1.450080900000000028e+01 9.897809875946380487e+01 9.969198438726627032e+00
1.325616899999999987e+02 2.183529300000000006e+01 1.178237005719764880e+02 2.659769270538381036e+01
1.165767299999999977e+02 1.286235699999999937e+01 1.213057644080468833e+02 3.326516560980724790e+01
1.179312000000000040e+02 9.954869000000000412e+00 1.123437216705504227e+02 1.253074957836629544e+01
9.801369499999999846e+01 2.871176499999999976e+01 9.911299858248742112e+01 8.746688866955468100e+00
9.765413999999999817e+01 2.677711499999999845e+01 1.170578146009143978e+02 2.469288743341214953e+01
1.270486300000000028e+02 1.419520600000000066e+01 9.979788274780089807e+01 2.238975733265733226e+01
1.262176500000000061e+02 1.077972399999999986e+01 9.766039637091184034e+01 1.944885688456188255e-02
1.068494100000000060e+02 1.800854100000000102e+01 1.201050767588759953e+02 3.376131522933700069e+01
9.605414600000000291e+01 3.418947000000000003e+01 1.283710181001979436e+02 2.118174504967275240e+01
1.093217539999999985e+02 1.300310099999999913e+01 1.262815619349369314e+02 3.220325946047906740e+01
9.723202000000000567e+01 2.960429800000000000e+01 1.147961937277317048e+02 3.971302521381312012e+00
1.303382699999999943e+02 1.019772700000000043e+01 1.181941768518195630e+02 4.652227529271132589e+00
9.808326999999999884e+01 2.820190200000000047e+01 9.359979298676114468e+01 2.164136172594649743e+00
9.586464999999999748e+01 3.010379999999999967e+01 1.373335965103511001e+02 7.749062481129779023e+00
1.044074200000000019e+02 1.407581799999999994e+01 1.112737731751384445e+02 3.332836353962895259e+01
1.134846040000000045e+02 1.515536099999999919e+01 9.702460450598232455e+01 1.789114442954572937e+01
1.068959600000000023e+02 4.261408999999999558e+00 1.002549186276507527e+02 2.688228599534125518e+00
1.164115599999999944e+02 1.850963399999999837e+01 1.102553803885247419e+02 8.173564033273077456e+00
1.035757499999999993e+02 1.086949599999999982e+01 1.221334401738573661e+02 3.301833430049533291e+01
1.227981199999999973e+02 3.281226699999999852e+01 9.295820777306137472e+01 1.549691893382737184e+01
1.221287399999999934e+02 7.625099999999999767e+00 1.296121118802726073e+02 6.725301752355167251e-01
1.015794000000000068e+02 7.872015000000000207e+00 9.377893581176775228e+01 2.899764780485181248e+01
1.221146700000000038e+02 7.678874999999999673e+00 1.241246431042360427e+02 1.400983286608132872e+01
1.110467699999999951e+02 3.238026399999999683e+01 1.285029890150642302e+02 2.119574507882025571e+01
9.890682999999999936e+01 1.802293200000000084e+01 1.031983567676449098e+02 1.927492383678724508e+01
1.215274660000000040e+02 9.855489999999999640e+00 1.300530203166633498e+02 2.457970705762804897e+01
1.069558300000000060e+02 3.322021000000000157e+01 1.092775592826609596e+02 2.803806241278051203e+01
9.893878999999999735e+01 2.680315399999999926e+01 1.141131304159758315e+02 3.403342640069310931e+01
1.074369499999999960e+02 2.925465799999999916e+01 1.278628812639336303e+02 3.203806218649003767e+01
1.123576999999999941e+02 3.279659999999999798e-01 9.556028283069812801e+01 2.685862183433690120e+01
1.134008259999999950e+02 2.899073999999999884e+01 1.182807290033318139e+02 3.144742769631715262e+01
1.294916100000000085e+02 2.620026999999999884e+00 1.297404904060725528e+02 2.741327320904793474e+00
1.139231400000000036e+02 3.106367300000000142e+01 1.271357086013098296e+02 1.164501157153596811e-01
1.209513000000000034e+02 1.574554299999999962e+01 9.683904599163327021e+01 2.725042192317126677e+01
1.047877660000000049e+02 2.743140400000000056e+01 9.827436549820268397e+01 1.119667878620398049e+01
1.239107999999999947e+02 6.146923000000000137e+00 1.292608052857281962e+02 2.349726023967103572e+01
1.181860400000000055e+02 2.456443600000000060e+01 1.204101705647628080e+02 8.364803690870578734e+00
1.109355999999999938e+02 1.694945099999999982e+01 1.063503204430562192e+02 3.100708438573980175e+01
1.374745599999999968e+02 3.138292099999999962e+01 1.080667447820702591e+02 4.346450385170474995e-01
1.078804999999999978e+02 1.347900000000000098e+00 1.189026148252821571e+02 1.269434025839690072e+01
1.289122600000000034e+02 1.145462200000000053e+01 1.327705944745434579e+02 3.040367836259339640e+01
1.169782000000000011e+02 4.263942000000000121e+00 1.165249106400405026e+02 3.319944085741433071e+01
1.119646900000000045e+02 1.463188599999999973e+01 1.303837170515985235e+02 2.403439804701231708e+01
1.121058799999999991e+02 5.483360000000000456e-01 1.169699753239653433e+02 9.513675547648334785e+00
1.287243799999999965e+02 8.558763000000000787e+00 1.134940942206243903e+02 4.767871831964842322e+00
1.013219799999999964e+02 1.577685499999999941e+01 1.202888991391159266e+02 4.224452565113705482e+00
1.150682749999999999e+02 1.918149599999999921e+01 1.152665497151931362e+02 1.072674050008622437e+01
1.135468599999999952e+02 1.324376900000000035e+01 9.387753525394762733e+01 1.990647857531103426e+01
1.042143250000000023e+02 3.424630400000000208e+01 1.136264835504004367e+02 9.984244107937900736e+00
1.194439849999999979e+02 3.088717700000000121e+01 1.079055210551131978e+02 2.158523553130724970e+00
1.286794999999999902e+02 1.162912799999999969e+01 1.220617724273831755e+02 2.689984399856173880e+01
1.131231460000000055e+02 2.764571000000000112e+00 1.313214506347585484e+02 1.357663091770520403e+01
1.306637699999999995e+02 1.285029600000000016e+01 9.912591151885156648e+01 7.004316525801272064e+00
9.363790000000000191e+01 1.419008299999999956e+01 1.292225271925516097e+02 3.143516554914856442e+01
1.164053499999999985e+02 1.685597999999999885e+01 1.029863637665755505e+02 1.565117587735379523e+01
1.165112840000000034e+02 2.327571899999999872e+01 1.090676826183929506e+02 3.349235018608585079e+01
1.008899150000000020e+02 2.474351700000000065e+01 1.246359018398140108e+02 1.253218140599190988e+01
1.325039999999999907e+02 4.645293999999999812e+00 1.261778067793904370e+02 1.673388548949043297e+01
1.049673540000000003e+02 2.282041399999999953e+01 1.172389434502787253e+02 1.954347197177426665e+01
1.366617899999999963e+02 1.230031400000000019e+01 1.124975153485510475e+02 1.653012510327450713e+01
1.327039000000000044e+02 1.584810399999999930e+01 1.193433586397607087e+02 1.140582997475398486e+01
9.482461499999999432e+01 7.552875000000000227e+00 1.195344930179187344e+02 2.241763523641274070e+00
9.786359400000000619e+01 2.648629000000000033e+01 1.200790766311072559e+02 1.182538366034716049e+01
1.012301199999999994e+02 1.617340499999999892e+01 1.180986964720800358e+02 3.961171858463169215e+00
1.272875200000000007e+02 3.735890000000000044e-01 9.991108690781081236e+01 6.122174752359735628e+00
1.166653400000000005e+02 4.134577000000000169e+00 1.104114183000330627e+02 3.162091398062396408e+01
1.262777600000000007e+02 1.555640400000000056e+01 1.263204666952871378e+02 3.855010384296741588e+00
1.293298800000000028e+02 7.388890000000000180e-01 1.215817573244335108e+02 1.369347891101147674e+01
1.082674300000000045e+02 2.621295500000000089e+01 1.203565914101144472e+02 1.128088894295987465e+01
1.096788600000000002e+02 1.849008999999999903e+00 1.251752956143140523e+02 1.439877822225384207e+01
1.233474350000000044e+02 2.519231399999999965e+01 1.282669700417636136e+02 4.498491152947114990e-01
1.206880299999999977e+02 9.057698999999999501e+00 1.095868421555879451e+02 2.416402005442663814e+00
1.230936200000000014e+02 4.996221000000000245e+00 1.287500587755068864e+02 2.592884591421998408e+01
1.055970499999999959e+02 6.590237000000000123e+00 1.076335307862807014e+02 2.856382488050948609e+01
1.376394999999999982e+02 1.949024400000000057e+01 1.234509192978978973e+02 2.412672012766186214e+01
1.133417740000000009e+02 1.599369000000000085e+01 1.353087743142659463e+02 7.120429357511548485e-01
1.287118000000000109e+02 8.186422000000000310e+00 9.588840870631462110e+01 6.915450159868254509e+00
1.068714449999999943e+02 1.286970200000000020e+01 9.800812631020566812e+01 7.542280455965949537e-01
1.369361299999999915e+02 1.332057299999999955e+01 1.093319888231323205e+02 1.165917445248504514e+01
1.108547200000000004e+02 1.948833799999999883e+01 1.155882847669204381e+02 1.052862898188666918e+01
1.255556260000000037e+02 1.372629099999999980e+01 1.091754275598194681e+02 1.420552067772549698e+01
1.014903900000000050e+02 3.396592700000000065e+01 1.339136914242838259e+02 2.005581724515688080e+01
1.175621500000000026e+02 1.813804400000000072e+01 1.126485446766476457e+02 2.427262254903921246e+01
1.090422400000000067e+02 3.257660000000000000e-01 1.150674990112216705e+02 5.355381665673657920e+00
1.171882999999999981e+02 2.439474999999999838e+01 1.323610965820723777e+02 7.572806630261608163e-02
1.067997500000000031e+02 2.827483199999999997e+01 1.301164321115490452e+02 1.352320281006379687e+01
1.006795400000000029e+02 2.482919000000000054e+01 1.362197354324958667e+02 2.382622130591737530e+01
1.286587700000000041e+02 1.192577099999999923e+01 1.124331683763403191e+02 2.868889123230125460e+00
1.137167199999999951e+02 2.209496700000000047e+01 1.122142541084156306e+02 1.063598147718328590e+01
1.198241399999999999e+02 4.847177000000000291e+00 1.103566126871581332e+02 8.420267947459143087e+00
1.115640259999999984e+02 1.853575000000000017e+01 1.152370687543685932e+02 1.365480116974908853e+01
9.897588000000000363e+01 1.434022700000000050e+01 1.262736703073439628e+02 2.375571580030050534e+00
1.231785699999999935e+02 1.163075599999999987e+01 9.408011090763920947e+01 1.371242605127754999e+01
9.588267000000000451e+01 2.653397000000000006e+01 9.267788212627255007e+01 2.452807494933152199e+01
1.050813700000000068e+02 4.424735000000000085e+00 1.311163227371646656e+02 3.162919632070910225e+01
1.094431699999999950e+02 2.603854600000000019e+01 1.081446779690319886e+02 1.546534899213682124e+01
1.064971539999999948e+02 2.229241000000000028e+01 1.168105248715459936e+02 2.071639519244757466e+01
1.129410900000000026e+02 1.928609799999999908e+01 1.144098641534926628e+02 3.471442071704245080e+01
1.174997939999999943e+02 1.471192300000000053e+01 1.232211602571347839e+02 2.467347081950852683e+01
1.162961800000000068e+02 2.799809799999999882e+01 9.874610857941569009e+01 2.939559666916160197e+01
1.159619799999999969e+02 3.274969500000000266e+01 9.572297608900439059e+01 8.172369809640606109e-01
1.087034450000000021e+02 1.879413800000000023e+01 1.144120972893057910e+02 2.742407566444491351e+01
1.318405300000000011e+02 1.077468200000000031e+01 1.198136432339237984e+02 3.463201220952773696e+01
1.045020300000000049e+02 3.012155500000000075e+01 1.115783780934520308e+02 3.090646396649308514e+01
9.548212999999999795e+01 1.554973200000000055e+01 1.372682254769327415e+02 1.766612310664746843e+01
1.066250150000000048e+02 2.543620000000000214e+00 1.350738685935215813e+02 6.925452135371143569e+00
1.309324000000000012e+02 9.878012000000000015e+00 9.606399470250411810e+01 3.243630318936114776e+01
1.040049199999999985e+02 2.438359600000000071e+01 1.030181059015490632e+02 2.407568089366042940e+01
1.180108199999999954e+02 1.392753899999999945e+01 1.155780533818878837e+02 1.561981647213748658e+00
9.234408600000000433e+01 1.566721100000000000e+01 1.339428134777971025e+02 3.178373197000012951e+01
1.137061499999999938e+02 2.920176500000000175e+01 1.248972772887928784e+02 3.475192978016814482e+00
1.130060650000000066e+02 2.550459999999999994e+01 9.434903418395548158e+01 2.217024789733590495e+01
1.377720300000000009e+02 1.174125100000000010e+01 1.141259799857294865e+02 8.055313106188346950e+00
1.289265900000000045e+02 1.218157399999999946e+01 1.213526017049132406e+02 1.681685462865736280e+00
1.159256900000000030e+02 2.697432299999999827e+01 1.032087217979216405e+02 1.048076494517711765e+01
1.222444500000000005e+02 8.908201999999999288e+00 1.015939516605771615e+02 1.647590794419733840e+01
1.182392499999999984e+02 2.503325500000000048e+01 1.055830180911800227e+02 8.282953151161965621e+00
9.639709999999999468e+01 2.889318000000000097e+01 1.281196644968960925e+02 1.777476467227288381e+01
1.221295800000000042e+02 8.650660999999999490e+00 1.160168261123536979e+02 7.536886154305966201e+00
1.224132840000000044e+02 1.063505699999999976e+01 1.193850111640733331e+02 2.156626199866663640e+01
1.040978850000000051e+02 1.695514100000000113e+01 9.602945955346811502e+01 2.824434352742073884e+01
1.084516140000000064e+02 7.152399999999999869e-01 1.124999473147993143e+02 2.470669532852864947e+01
1.121128999999999962e+02 1.959123999999999910e+01 1.134528555409569606e+02 2.397472682108625008e+01
1.205367660000000001e+02 1.833390400000000042e+01 9.541544686232967365e+01 2.015588708082913882e+01
1.174418639999999954e+02 1.991549499999999995e+01 1.011099038103221517e+02 6.204642604280713236e+00
9.882135999999999854e+01 3.069462800000000158e+01 1.017411808961644510e+02 1.912447674143168896e+01
1.194723599999999948e+02 1.724490399999999823e+01 1.304032282359256385e+02 1.340925494549076191e+01
1.061745300000000043e+02 2.465655100000000033e+01 1.027621376917594773e+02 2.014868063703623591e+00
1.048228900000000010e+02 3.249645600000000201e+01 1.127974118040795020e+02 4.883397056897892163e+00
1.127789899999999932e+02 1.603903199999999885e+01 1.087223843234856560e+02 7.450117539005123746e+00
1.085890660000000025e+02 5.622329999999999828e-01 1.073110534277302861e+02 2.143600408244974886e+01
1.091274599999999992e+02 2.936315300000000050e+01 1.363755699058794733e+02 1.929837892248032816e+01
1.090837899999999934e+02 1.109345000000000026e+00 1.282280593203149692e+02 2.186136618000443121e+01
1.148769499999999937e+02 6.728119999999999656e-01 1.332100482776985473e+02 1.046304581920189669e+01
1.008948800000000006e+02 1.652329800000000048e+01 1.252949989945232119e+02 1.431431343020534719e+01
1.080707699999999960e+02 1.541756700000000002e+01 1.101057902573598852e+02 3.309169512584148976e+01
1.239427000000000021e+02 2.807401000000000035e+00 1.292138619993953057e+02 1.201759159636862506e+01
9.884615999999999758e+01 1.700900999999999996e+01 1.002046571250833438e+02 2.381272149140990990e+01
1.064823149999999998e+02 3.252676000000000123e+00 1.179981411137091527e+02 2.024490698614282636e+01
9.954652400000000512e+01 2.725922600000000173e+01 1.334384815319260156e+02 2.434560999211369392e+01
1.167593700000000041e+02 2.162810899999999847e+01 1.288070424079824079e+02 1.449195739604620314e+01
1.061328350000000000e+02 2.596210900000000166e+01 1.043629257067918985e+02 3.402602776035147158e+00
1.279676800000000014e+02 9.560188000000000130e+00 9.461027775490809688e+01 8.277231653539702805e+00
1.307676400000000001e+02 9.199001000000000872e+00 1.179624925828469202e+02 6.956457325001627723e+00
1.302130600000000129e+02 1.211599499999999985e+01 1.075130198915924922e+02 1.442831508432195164e+01
1.303266000000000133e+02 5.151488999999999763e+00 9.966056356729660592e+01 2.671697480566821170e+01
9.339405999999999608e+01 1.624022300000000030e+01 1.081466036647519928e+02 1.473035650478039038e+01
1.130387039999999956e+02 2.450758000000000081e+01 1.249187534713557568e+02 2.523591985510168811e+01
1.072773499999999984e+02 2.767564799999999892e+01 9.452366167508516526e+01 1.552302717873982907e+01
1.222981000000000051e+02 3.382558000000000220e+01 1.181321291820274553e+02 1.761178145062120137e+01
1.111686299999999932e+02 3.224828000000000117e+01 1.027033242381168918e+02 2.177356435226366571e+01
1.277506199999999978e+02 9.857113000000000014e+00 1.180554387903582096e+02 2.819561107913659725e+01
1.037949100000000016e+02 1.724506999999999834e+01 9.953209834590538208e+01 1.765523785180449323e+01
9.987552999999999770e+01 8.232086999999999932e+00 1.147819881475013233e+02 3.076949373062704396e+01
1.291512099999999919e+02 1.286193699999999929e+01 1.244175418951297445e+02 2.941890047709981637e+00
1.189205999999999932e+02 1.653125000000000000e+01 1.360574624639293688e+02 1.648281583317004007e+01
1.268122939999999943e+02 2.672148999999999930e+01 9.390343672283226795e+01 3.430271641999252807e+01
1.367545299999999884e+02 1.483705600000000047e+01 1.192603589229277503e+02 1.233632604076012562e+01
1.209112899999999939e+02 7.267337999999999631e+00 9.925689032827823155e+01 3.281163564290238810e+01
1.351008600000000115e+02 2.345284300000000144e+01 1.145660454388929281e+02 2.072809653705289534e+01
1.031737439999999992e+02 5.745917000000000385e+00 1.316605546378234521e+02 2.848262179075011247e+01
9.996817000000000064e+01 2.509249700000000161e+01 1.316043432618186841e+02 3.399081056089488584e+01
1.063444439999999958e+02 3.975452000000000208e+00 1.035745273994848503e+02 2.695126880910966349e+01
1.212168499999999938e+02 5.970590000000000064e-01 1.186894339166857435e+02 1.121755060607154775e+01
9.989088999999999885e+01 2.683164999999999978e+01 1.229669892644766236e+02 2.942887428880212397e+01
1.140301000000000045e+02 2.309675000000000011e+01 1.010785954931754986e+02 2.204649110080465846e+01
1.222486099999999993e+02 1.220074699999999979e+01 1.074296129621087488e+02 3.081799628675819136e+01
1.176774800000000027e+02 2.114383099999999871e+01 1.349599661255351180e+02 1.221561445820272418e+01
1.344432400000000030e+02 7.931499999999999773e+00 9.525764160019190285e+01 1.444205969129985512e+01
1.195463639999999970e+02 2.841035700000000119e+01 1.021385105275984273e+02 3.157558226164044513e+01
1.167711800000000011e+02 1.044548600000000071e+01 1.296889746309828695e+02 1.172841370154646334e+01
1.221725399999999979e+02 1.971065000000000067e+00 9.901080824917721657e+01 5.665341647901456668e+00
1.284304700000000139e+02 1.899298699999999940e+01 9.338590146582944840e+01 3.356730089546771723e+01
1.325118699999999876e+02 7.074665000000000425e+00 1.142992991110470768e+02 1.506358748222023358e+01
1.214991760000000056e+02 1.366147199999999984e+01 1.149344679041884660e+02 2.381676763816170350e+01
1.181806899999999985e+02 1.782495300000000071e+01 1.307733859624393347e+02 2.749497852378228657e+01
1.071924700000000001e+02 1.362108100000000022e+01 9.392918519565907332e+01 1.935695971199393739e+01
1.357005499999999927e+02 1.938025700000000029e+01 1.359743526911948948e+02 1.683331609788812244e+01
1.024364300000000014e+02 2.697588299999999961e+01 1.030016302879273127e+02 6.403781966133877290e+00
1.022638800000000003e+02 3.262707999999999942e+01 1.320834733028343067e+02 2.384722010451730512e+01
1.201523200000000031e+02 2.317364500000000049e+01 1.246687517960803007e+02 2.115472718038481759e+01
1.358888900000000035e+02 4.520160999999999873e+00 1.206381146778596616e+02 6.206129851055631974e+00
1.269099199999999996e+02 8.830450000000000799e+00 1.017686735581698940e+02 2.447999012628513782e+01
1.258230060000000066e+02 9.050392999999999688e+00 1.136555732169048554e+02 2.567094906007790556e+00
1.064764899999999983e+02 2.161875300000000166e+01 9.737138945265721190e+01 3.156666485661561339e+01
1.292556600000000060e+02 1.137209400000000059e+01 1.323072833340921761e+02 3.211402644747076707e+00
1.202229399999999941e+02 1.300534999999999997e+01 1.231691144627140488e+02 3.302143934773591383e+01
1.074301300000000055e+02 3.293291500000000127e+01 1.238080128817736920e+02 1.597769442644755422e+01
1.252770199999999932e+02 1.020389400000000002e+01 1.120045909624136016e+02 2.128911245912517458e+01
1.134832399999999950e+02 1.777810300000000154e+01 9.790172705459437452e+01 2.352803889446288821e+01
1.290050699999999892e+02 1.324962900000000054e+01 1.248785737982830142e+02 2.966255288194778927e+01
1.206234199999999959e+02 2.294290000000000163e+00 9.231083007396892981e+01 2.119097122959545221e+00
1.009766800000000018e+02 1.603761899999999940e+01 1.214991048938229596e+02 4.657888221769140857e-01
1.210841450000000066e+02 2.834050999999999831e+01 1.062483152627130210e+02 1.970004989053611766e+01
1.105762799999999970e+02 1.713849599999999995e+01 1.055133759975234682e+02 1.936748279545859575e+01
1.365753499999999860e+02 3.356936300000000273e+01 1.334500958317549362e+02 1.163578309843470571e+01
1.161196300000000008e+02 2.374014299999999977e+01 1.201775421121439820e+02 2.881828877671027689e-01
