1.179488199999999978e+02 1.651808199999999971e+01 9.816691072141978225e+01 9.297407280505221028e-01
1.320785700000000134e+02 1.136370800000000081e+01 1.352393488531533592e+02 3.013895858844662712e+01
1.091388699999999972e+02 1.284375499999999981e+01 1.056968398032828134e+02 3.121299977432737194e+01
1.045020300000000049e+02 3.012155500000000075e+01 9.246325883087042996e+01 1.267620051817138283e+01
1.125423660000000012e+02 2.072739999999999938e+01 1.232100479801786719e+02 2.816248041641011923e+01
1.174997939999999943e+02 1.471192300000000053e+01 1.295873890444684662e+02 1.550785935161727558e+01
1.378785100000000057e+02 1.122782400000000003e+01 1.096419641145093635e+02 9.557150572488415818e+00
1.106924300000000017e+02 8.721729999999999761e-01 1.359671098095166712e+02 3.407322187896048149e+01
1.283993499999999983e+02 1.234091600000000000e+01 1.336454389384143724e+02 1.378763236393932168e+01
1.080707699999999960e+02 1.541756700000000002e+01 1.189140544726787709e+02 1.835529006738035207e+01
1.210836500000000058e+02 1.404887100000000011e+01 1.114910805433456460e+02 5.989721781388571031e+00
1.219990200000000016e+02 5.213186999999999571e+00 9.722800898217302290e+01 1.960432218373873425e+01
1.270486300000000028e+02 1.419520600000000066e+01 1.166057039871486865e+02 9.152364594616258842e+00
1.222112300000000005e+02 1.084067199999999964e+01 1.189329941685430612e+02 3.105910698014043181e+00
1.049673540000000003e+02 2.282041399999999953e+01 1.377091982523771208e+02 1.371768097620449822e+01
1.234977099999999979e+02 1.764413300000000007e+01 1.035059655621503225e+02 3.076852889522356804e+01
1.166539499999999947e+02 2.553005200000000130e+01 1.360961702987786168e+02 1.974065270938413619e+01
1.268019900000000035e+02 6.239142000000000188e+00 1.217167215900715433e+02 1.609109190460920047e+01
1.351008600000000115e+02 2.345284300000000144e+01 1.206401512848634354e+02 2.544738361834296470e+01
1.192039699999999982e+02 8.441069999999999851e+00 1.181649102424660214e+02 2.251803065058829745e+01
1.324894099999999924e+02 1.522223000000000104e+00 9.244764659520093630e+01 1.352325048587991674e+01
1.054926999999999992e+02 8.352017999999999276e+00 9.673694094960558232e+01 1.640216087632226483e+00
1.161196300000000008e+02 2.374014299999999977e+01 9.885130335639911436e+01 2.330258462117796725e+01
9.823951999999999884e+01 1.669737599999999844e+01 1.363833015389068350e+02 1.478468278216909049e+01
1.225821150000000017e+02 6.734340000000000437e+00 1.327846404491784824e+02 2.647504141376405329e+01
1.273446660000000037e+02 1.365026600000000023e+01 1.116631435627112410e+02 1.287437364435474763e+01
1.058196200000000005e+02 1.893849399999999861e+01 1.142934092021840939e+02 3.026684259202272997e+01
1.065750199999999950e+02 2.890432200000000051e+01 9.268843351623493731e+01 1.839425913224664200e+01
1.110126900000000063e+02 2.886413999999999902e+01 1.168798187235663448e+02 3.144279416274194006e+01
9.942723999999999762e+01 2.273704499999999840e+01 9.565790791650104552e+01 5.900988903548935127e+00
9.703319000000000472e+01 2.983398400000000095e+01 9.883964099618542321e+01 5.869976497950943006e+00
9.569082000000000221e+01 2.712815700000000163e+01 1.179516031078446048e+02 3.001905624534653683e+01
1.286751700000000085e+02 8.353201000000000320e+00 9.738873456420672881e+01 1.664943271183270923e+01
1.222376000000000005e+02 3.524550000000000183e-01 1.094590296335552893e+02 1.023877933611814228e+00
9.319089999999999918e+01 1.835962900000000175e+01 1.160458820593207605e+02 1.729762146347584206e+01
1.067864399999999989e+02 5.403266000000000346e+00 1.004916726777252620e+02 1.521677224661919681e+00
1.188353800000000007e+02 2.132730300000000057e+01 1.256797856595238159e+02 1.413572540184998694e+01
1.020971899999999977e+02 2.676877800000000107e+01 1.153243822391731470e+02 3.419288056990860980e+01
1.190961999999999961e+02 7.138060000000000516e-01 1.062895929557233927e+02 1.005613585138309496e+01
1.294916100000000085e+02 2.620026999999999884e+00 1.015130379453733980e+02 1.479615031035899086e+01
9.918323499999999626e+01 1.574674699999999916e+01 1.197724909383987324e+02 1.794730118453113477e+01
9.884615999999999758e+01 1.700900999999999996e+01 9.601623598027522632e+01 1.162763643721311091e+01
9.805646500000000287e+01 1.719266899999999865e+01 1.339179255329034390e+02 2.078169528648584219e+01
1.068494100000000060e+02 1.800854100000000102e+01 1.123785096836492983e+02 4.823760706040299162e+00
1.134846040000000045e+02 1.515536099999999919e+01 1.367680405873612983e+02 2.114038429084047621e+01
1.028629600000000011e+02 1.609947599999999923e+01 1.109423161960730653e+02 1.074986223724021350e+01
1.325039999999999907e+02 4.645293999999999812e+00 9.449700336264437794e+01 3.302441625767175992e+01
1.205864299999999929e+02 8.516370000000000218e+00 1.306865195829088862e+02 2.510327103324708098e+00
1.119646900000000045e+02 1.463188599999999973e+01 9.484919052755864755e+01 1.486995560978337316e+01
1.349417400000000100e+02 3.249795499999999748e+01 1.265291343187407307e+02 1.083802177016784896e+01
1.189220300000000066e+02 1.942037399999999892e+01 9.419786584737954627e+01 4.940263116107260544e+00
1.114765500000000031e+02 2.000540499999999966e+01 1.218401468973353445e+02 7.446865681697801165e+00
1.376092500000000030e+02 1.379407999999999923e+01 1.332501000876815738e+02 2.307429153403821687e+01
1.148329200000000014e+02 2.281423799999999957e+01 1.284755998467991276e+02 3.312673742080421135e+01
1.148470839999999953e+02 1.232656199999999913e+01 1.160110789503994226e+02 5.873508250031949984e+00
1.004711900000000071e+02 2.451955200000000090e+01 1.142906519667978387e+02 3.121071996416676342e+01
1.239107999999999947e+02 6.146923000000000137e+00 1.142110740213922213e+02 2.671270987211438097e+01
1.223638150000000024e+02 9.904870000000000729e+00 1.201644240064447047e+02 1.577176410468644718e+01
1.075895799999999980e+02 1.972467400000000026e+01 1.369768428939956664e+02 1.393776724806746747e+00
1.123588600000000071e+02 5.283899999999999708e-02 1.299083583727777693e+02 2.274717008488631365e+01
1.049337600000000066e+02 3.191469599999999929e+01 1.229484826309881669e+02 1.919732593685636601e+01
1.366617899999999963e+02 1.230031400000000019e+01 1.094731123155877413e+02 2.614795326207032922e+00
1.139202300000000037e+02 1.739189000000000007e+01 1.110198770275626998e+02 1.771404902819529781e+01
1.123958300000000037e+02 1.957101600000000019e+01 1.299496363745347480e+02 9.825625026447132981e+00
1.237337600000000037e+02 9.310326999999999131e+00 1.096057299745575335e+02 1.440195311134645628e+01
1.181643140000000045e+02 2.271122000000000085e+01 1.160810180612621565e+02 5.649208054377123034e+00
1.084680560000000042e+02 1.681018399999999957e+01 1.220689446823288620e+02 6.829764053199586016e+00
1.207063399999999973e+02 1.393922799999999995e+01 1.363116163375929091e+02 2.408140574304731274e+01
1.242736299999999972e+02 6.831006000000000355e+00 1.232879336501311514e+02 1.753208882321958484e+01
1.065502599999999944e+02 6.022739999999999760e+00 9.302647275916748981e+01 2.975569843991200614e+01
1.082274599999999936e+02 2.717001000000000133e+01 1.128127850109729451e+02 1.342568423014724210e+01
1.215120100000000036e+02 3.517780999999999825e+00 1.097424327263707511e+02 1.471964983515056069e+01
1.133417740000000009e+02 1.599369000000000085e+01 1.209444210171114520e+02 9.294818886852684869e-01
1.293635400000000004e+02 1.894171000000000049e+00 9.506732702893165765e+01 1.172280729764898499e+00
1.053158899999999960e+02 1.049280700000000088e+01 1.345898087681229924e+02 5.164518446643803884e+00
9.965353399999999340e+01 2.953445800000000077e+01 9.699888768288595031e+01 6.236287092643699737e-01
1.064971539999999948e+02 2.229241000000000028e+01 1.332406929187449691e+02 3.296352885298441393e+00
1.052273249999999933e+02 1.942294899999999913e+01 1.249905430608285712e+02 9.857542202111920560e+00
1.082378199999999993e+02 1.562821500000000086e+01 1.086336363377480865e+02 7.505294499340279479e+00
1.055970499999999959e+02 6.590237000000000123e+00 1.128060094548261816e+02 1.568702155744998628e+01
1.217343299999999999e+02 1.486597700000000088e+01 1.334041766417581130e+02 2.786794082220007240e+01
9.910477000000000203e+01 2.538836900000000085e+01 1.156321561753381104e+02 2.977043053303410147e+01
9.264901000000000408e+01 2.078608699999999843e+01 1.019404752936850400e+02 2.240507661922901406e+01
1.226914500000000032e+02 9.774010000000000531e+00 1.119792749482338650e+02 5.754964849564554896e+00
1.176738359999999943e+02 1.385884099999999997e+01 1.221061026134022001e+02 4.276510973115791536e+00
1.066250150000000048e+02 2.543620000000000214e+00 1.334417029654152032e+02 9.615333592682992148e+00
1.106722100000000069e+02 2.715277999999999992e+01 9.506540250139028103e+01 2.994546280286780160e+01
1.286587700000000041e+02 1.192577099999999923e+01 9.776155137267757311e+01 1.411958586450754893e+00
1.171555249999999972e+02 2.330280700000000138e+01 1.373110554714616285e+02 9.286428951402248000e-01
1.333230000000000075e+02 1.215278799999999926e+01 1.278533555328809683e+02 3.183745808082170470e+01
1.068714449999999943e+02 1.286970200000000020e+01 1.250580960364086138e+02 1.961855449566690623e+01
1.224551199999999938e+02 7.128555000000000419e+00 1.260021637057563169e+02 1.919238088945594001e+01
1.231192999999999955e+02 3.669859999999999900e+00 1.295503263891915537e+02 1.841597956413128045e+01
1.221287399999999934e+02 7.625099999999999767e+00 1.082526652001839125e+02 6.279942555435530593e+00
1.222233659999999986e+02 2.248752000000000084e+00 1.005943021296211555e+02 2.033732401065650919e+01
9.609209400000000301e+01 1.652753299999999825e+01 1.114440764528532810e+02 3.271497336866662664e+01
9.227543000000000006e+01 1.832281700000000058e+01 1.253128496848077589e+02 3.479475752940395239e+01
1.184993500000000068e+02 1.727996600000000171e+01 1.036918266360911929e+02 1.628608703286126058e+01
1.293298800000000028e+02 7.388890000000000180e-01 1.098469534820280842e+02 1.943951222546158064e+01
9.586464999999999748e+01 3.010379999999999967e+01 1.046149241143453992e+02 1.097514660307123791e+01
1.344861300000000028e+02 1.449819800000000036e+01 1.191984646196182069e+02 1.695912650857134096e+01
1.044074200000000019e+02 1.407581799999999994e+01 1.292736408055895083e+02 1.029139969713867764e+01
1.180998459999999994e+02 1.284827399999999997e+01 1.017186253384411430e+02 2.437135691172776220e+01
9.605414600000000291e+01 3.418947000000000003e+01 1.099100502561652775e+02 2.678420587858894919e+01
1.137061499999999938e+02 2.920176500000000175e+01 1.176494265232520604e+02 2.298648447479085988e+01
1.212168499999999938e+02 5.970590000000000064e-01 1.098384551743996553e+02 6.904718932668002518e-01
1.127789899999999932e+02 1.603903199999999885e+01 1.104361946177081109e+02 3.763987851739816648e+00
1.147561599999999942e+02 1.838597100000000140e+01 1.246206763025087696e+02 1.355599161118025364e+01
1.140755900000000054e+02 8.455011999999999972e+00 9.240774257876849163e+01 1.387249875415485079e+01
1.189017699999999991e+02 2.030833000000000155e+01 9.978579699256150093e+01 4.421654712538389376e+00
1.090970899999999943e+02 2.084872599999999920e+01 9.749798664486247901e+01 3.459190202693245908e+01
1.305616899999999987e+02 5.040212999999999610e+00 9.732123403288747454e+01 2.404893274786409663e+01
1.053674550000000067e+02 7.722144000000000119e+00 1.078544285734350296e+02 2.686660876711123436e+01
1.005264739999999932e+02 1.630819999999999936e+01 1.365090333680649053e+02 1.094863145375513902e+01
1.180108199999999954e+02 1.392753899999999945e+01 1.360436558656750776e+02 3.732844052115348976e+00
1.340509999999999877e+02 2.624378400000000156e+01 1.011922792266770585e+02 2.460390554932616425e+01
1.222444500000000005e+02 8.908201999999999288e+00 1.253776482819396563e+02 2.472539593126128921e+01
1.067377000000000038e+02 2.727607499999999874e+01 1.075807189448383099e+02 2.286454453079906912e+01
1.078898599999999988e+02 1.824183700000000030e+01 1.289280433608464591e+02 1.149616188270724848e+01
1.006064200000000000e+02 2.769523600000000130e+01 1.092818094041868022e+02 2.686218563960735395e+01
1.250700149999999979e+02 1.553383900000000040e+01 1.086528413708674776e+02 8.359422292333738014e+00
1.235973099999999931e+02 1.219101299999999988e+01 1.046740127789358894e+02 1.240599339267838630e+01
1.135055600000000027e+02 1.730492999999999881e+01 1.208980078739136843e+02 1.288614631752898276e+01
1.122847440000000034e+02 1.660995300000000086e+01 1.017274740252153435e+02 1.283076120851425372e+01
1.006227399999999932e+02 1.954385600000000167e+01 1.005796165671166307e+02 2.928315479611140049e+01
1.265867599999999982e+02 2.725253899999999874e+01 1.242878944238291012e+02 3.226324907663996555e+01
1.350492700000000070e+02 1.381308300000000067e+01 1.037482417240204171e+02 1.988141146677914506e+01
1.129410900000000026e+02 1.928609799999999908e+01 9.819777017954285725e+01 2.105566760392858061e+00
1.130844799999999992e+02 1.852679300000000140e+01 1.247082366193859855e+02 8.813469141523741612e+00
1.269610100000000017e+02 1.226305200000000006e+01 1.245699149822281981e+02 2.951936046094061439e+01
1.350546699999999873e+02 1.248166299999999929e+01 1.182816225345935948e+02 2.159127595864919513e+01
1.169782000000000011e+02 4.263942000000000121e+00 1.184317276258295379e+02 1.193872437589128133e+01
1.209112899999999939e+02 7.267337999999999631e+00 1.176741372110054300e+02 1.853038724496196110e+01
1.353319700000000125e+02 1.899710500000000124e+01 9.680202605169984054e+01 2.438030222268018576e+01
1.090837899999999934e+02 1.109345000000000026e+00 1.205214481662674757e+02 2.542796674862900019e+01
1.181860400000000055e+02 2.456443600000000060e+01 9.785311737221525163e+01 1.083482232294397818e+01
1.139231400000000036e+02 3.106367300000000142e+01 1.341635069418292971e+02 1.742382094267182069e+01
1.035987200000000001e+02 1.906737000000000037e+01 9.234974598428848935e+01 1.669602596675675343e+01
1.325118699999999876e+02 7.074665000000000425e+00 9.855941373913165648e+01 1.452320210864787420e+01
1.179629500000000064e+02 1.794520599999999888e+01 1.197727014933142016e+02 2.613198238937856033e+01
9.699267600000000300e+01 3.332831000000000188e+01 9.438486496512904012e+01 1.054594034596288310e+01
1.289106299999999976e+02 7.094847999999999821e+00 1.268861688122082398e+02 1.691452496979743714e+01
1.073123599999999982e+02 2.557497199999999893e+01 1.071132137435907907e+02 7.155559899148294711e+00
1.223199099999999930e+02 8.781103999999999132e+00 1.110446839291112866e+02 1.624131889985357446e+01
1.274334099999999950e+02 7.574142000000000152e+00 1.056370911981720866e+02 1.354622850860667604e+01
1.206234199999999959e+02 2.294290000000000163e+00 1.041907156174711844e+02 2.673826817282120416e+01
1.222190400000000068e+02 1.304349299999999978e+01 9.261269638901124779e+01 1.125710413926415043e+01
1.090422400000000067e+02 3.257660000000000000e-01 9.839475536811612244e+01 3.170820959345407530e+01
1.207382000000000062e+02 1.915753600000000034e+01 1.302785593816058736e+02 3.012266612277032607e+01
1.032657399999999939e+02 2.896160700000000077e+01 1.005115917281926130e+02 3.640094899249403326e+00
1.206880299999999977e+02 9.057698999999999501e+00 1.018404396707535682e+02 8.876196702751744994e+00
1.240659799999999962e+02 7.754509999999999792e+00 9.764809853019499997e+01 2.864663898298780964e+01
1.098299099999999981e+02 2.569585199999999858e+01 1.091394747534096155e+02 3.277055121135612481e+00
1.175795600000000007e+02 5.611371000000000109e+00 1.132556287013386083e+02 1.128251587755002738e+01
1.240121900000000039e+02 1.423227999999999938e+00 1.003280613152372354e+02 3.189172730286885127e+01
1.218254000000000019e+02 4.371687999999999796e+00 1.065157789001691953e+02 1.343828605319078839e+01
1.000685000000000002e+02 2.550993300000000019e+01 9.330421803305898720e+01 1.798122946490989804e+00
1.093217539999999985e+02 1.300310099999999913e+01 1.305005481148670015e+02 2.551927751752538143e+01
9.639709999999999468e+01 2.889318000000000097e+01 1.254707886689027134e+02 1.435853863984388035e+01
9.833840999999999610e+01 3.082450000000000045e+01 1.221638687520169810e+02 7.796251130452201750e+00
1.195968249999999955e+02 1.992211299999999952e+01 1.221028927926968350e+02 6.986286293509869072e-01
1.209411199999999980e+02 1.190699900000000078e+01 1.161609430086611070e+02 1.275727357392819528e+01
1.015857799999999997e+02 1.553561999999999976e+01 1.098407164182246163e+02 2.468602235906065445e+01
1.136585500000000053e+02 2.298645199999999988e+01 1.131801182386781335e+02 9.710825011794865347e+00
9.520380000000000109e+01 2.239091700000000174e+01 1.160540942185808149e+02 1.715130313072443258e+01
1.205464199999999977e+02 1.931105200000000011e+01 9.648516084283909322e+01 1.034981366321008700e+01
9.288236999999999455e+01 2.260556000000000054e+01 1.124959642104773820e+02 1.991133177880537009e+00
1.087293999999999983e+02 2.527930000000000010e+00 1.028414807355805465e+02 1.207775231836486718e+01
1.078603300000000047e+02 3.205924000000000262e+01 9.917152436170530905e+01 3.733635242686462519e+00
1.318405300000000011e+02 1.077468200000000031e+01 1.140945045464046359e+02 8.288110769075341722e+00
1.235410839999999979e+02 6.541074000000000055e+00 1.190628948830959359e+02 9.050648258118462408e+00
1.227981199999999973e+02 3.281226699999999852e+01 9.412550921674922222e+01 9.030778588397714302e+00
1.029471499999999935e+02 1.203110299999999988e+01 1.190009169521658379e+02 2.164237763784707980e+01
1.143764000000000038e+02 1.332743100000000069e+01 1.108929227873381365e+02 6.460618617564783506e+00
1.370959000000000003e+02 5.531164999999999665e+00 1.193508677704862890e+02 1.043532795514925482e+01
1.287149499999999875e+02 8.613853000000000648e+00 1.221436727558238147e+02 2.756782617752220688e+01
1.137167199999999951e+02 2.209496700000000047e+01 1.078306430552756154e+02 1.697502197968619697e+01
1.181806899999999985e+02 1.782495300000000071e+01 1.377795711866496617e+02 2.757868243346135628e+01
1.033886799999999937e+02 2.024487500000000040e+01 9.723443558855623792e+01 1.683646803715726747e+01
9.548212999999999795e+01 1.554973200000000055e+01 9.841970261575455936e+01 3.613892977382865412e-01
1.224305650000000014e+02 1.482882700000000042e+01 1.113899299901480759e+02 1.582143211238004810e+01
1.306637699999999995e+02 1.285029600000000016e+01 1.200343222206080611e+02 2.066722045658734075e+01
1.236492400000000060e+02 8.307256999999999891e+00 1.288535966145593079e+02 1.470643299724289044e+01
1.175999999999999943e+02 1.023433799999999927e+01 1.251164908148082588e+02 3.125655006747276232e+01
1.230936200000000014e+02 4.996221000000000245e+00 1.190478864248988060e+02 2.963381863986924358e+01
1.105762799999999970e+02 1.713849599999999995e+01 1.032339599395871375e+02 1.362754612585611014e+01
1.305723099999999874e+02 3.448748799999999903e+01 1.025774225705643659e+02 6.927602526285504325e+00
1.129178600000000046e+02 2.190700100000000106e+01 9.584050395892357699e+01 1.232636612791224806e+01
1.091274599999999992e+02 2.936315300000000050e+01 9.309021741730683175e+01 4.480624730327675831e-02
1.172721250000000026e+02 1.818978299999999848e+01 1.011912262769944562e+02 1.472881022540049578e+01
1.204545700000000039e+02 7.107947000000000237e+00 1.013750327768150186e+02 8.397703239732344116e+00
1.022247540000000043e+02 1.159689299999999967e+01 9.545372594514921616e+01 1.489381095311163072e+01
1.356722699999999975e+02 1.789586800000000011e+01 1.379039984876554286e+02 2.070012918410131419e+01
1.234837399999999974e+02 2.555160000000000209e-01 9.335517926094594543e+01 2.842583353035968941e+01
1.165112840000000034e+02 2.327571899999999872e+01 1.127391563629811060e+02 2.718276742398995083e+01
1.286662800000000004e+02 5.189660000000000384e-01 9.209677478608720946e+01 3.003354401431226250e+01
1.079673540000000003e+02 1.237299100000000074e+01 1.257592818750562884e+02 1.265480495135357231e+01
9.868321000000000254e+01 2.970345299999999966e+01 1.037136720424646512e+02 1.252710856107357706e+01
1.101911099999999948e+02 1.101826999999999934e+01 1.051329076489802361e+02 8.907795928004931696e+00
1.250190400000000039e+02 1.223044999999999938e+01 1.071487897395676185e+02 2.876520624299443440e+01
1.007858499999999964e+02 2.466396100000000047e+01 1.346588388287640896e+02 2.825394281457907297e+01
1.293536799999999971e+02 7.147846000000000366e+00 1.217929034888713176e+02 8.011117780559240398e-01
1.215634399999999999e+02 8.080892999999999660e+00 1.018224166296662929e+02 2.480284148654718024e+01
1.344940300000000093e+02 7.012902999999999665e+00 1.011737127064782555e+02 4.280753063228055488e+00
1.221657000000000011e+02 3.453664999999999985e+00 1.257369147639337115e+02 2.557441952377904926e+01
1.175967899999999986e+02 3.310830700000000348e+01 9.894252243379618506e+01 2.312627549927178450e+01
1.140009500000000031e+02 2.463463799999999893e+01 9.853481315244202676e+01 1.949425810083972266e+01
1.371154999999999973e+02 4.333319999999999950e-01 1.376986121989105527e+02 3.286975763409590456e+01
1.111686299999999932e+02 3.224828000000000117e+01 1.151304533007958497e+02 5.435213998674629288e+00
1.365897199999999998e+02 8.289113999999999649e+00 1.212356963829337246e+02 3.086671478987879169e+01
1.148805399999999963e+02 1.808004999999999995e+01 1.087580280664963368e+02 2.974886510387504757e+01
1.211231700000000018e+02 5.250886000000000386e+00 1.312432544942026880e+02 1.807112542141543443e+01
1.291559399999999869e+02 1.352395500000000084e+01 1.282413814794635130e+02 2.323767221042011499e+01
1.175621500000000026e+02 1.813804400000000072e+01 1.232040963359896892e+02 1.158327007829277377e+01
1.130173300000000012e+02 1.738992299999999958e+01 1.010696950607861595e+02 9.530032063783465901e+00
1.272875200000000007e+02 3.735890000000000044e-01 1.157912813621472878e+02 4.819601378314385620e+00
1.068052100000000024e+02 1.683014100000000113e+01 9.891656354279754737e+01 3.713269867084958875e+00
1.023049299999999988e+02 2.800608000000000075e+01 1.254071959011356228e+02 2.936921196760338404e+01
1.093003099999999961e+02 1.012630000000000058e-01 1.281186438929437941e+02 3.330061312201572576e+01
1.067997500000000031e+02 2.827483199999999997e+01 9.954028584990206241e+01 8.805190325471272672e+00
1.130060650000000066e+02 2.550459999999999994e+01 1.008989673964279490e+02 6.692194706554806416e+00
1.063444439999999958e+02 3.975452000000000208e+00 1.139791056975973902e+02 3.140125139409956745e+01
9.312736999999999910e+01 1.080105299999999957e+01 1.031366589526145248e+02 2.075694863117852407e+01
1.349924800000000005e+02 2.427803000000000111e+01 1.189428086815629939e+02 3.284681473263123053e+01
1.183520900000000040e+02 1.158915299999999959e+01 1.017461095398726627e+02 2.415983615716793409e+01
1.148343050000000005e+02 2.582363300000000095e+01 1.379965600555377705e+02 1.937171608946765744e+01
1.004048300000000040e+02 2.599754000000000076e+01 1.220494371399790197e+02 5.343040921493313888e-01
1.078730850000000032e+02 3.194168000000000163e+01 1.092446435522338106e+02 7.331668078553113865e+00
1.002700300000000055e+02 1.703686300000000031e+01 1.303486536723536346e+02 2.003240459843854460e+00
1.076719200000000001e+02 1.886546900000000093e+01 9.244683048079782850e+01 1.548437531195300920e+00
1.090715200000000067e+02 1.751669499999999857e+01 1.319689651303103517e+02 2.040828003835152060e+01
1.064903999999999940e+02 1.390643999999999991e+00 1.363828051484816797e+02 2.138834406616285122e+01
1.179312000000000040e+02 9.954869000000000412e+00 1.284043981189030319e+02 2.846397573596499697e+01
1.014903900000000050e+02 3.396592700000000065e+01 1.188854838162674241e+02 3.335009834839761567e+01
1.287667099999999891e+02 1.207068300000000072e+01 1.280431332622045204e+02 3.094710333089143006e+01
1.100269849999999963e+02 1.782430499999999896e+01 1.224663864154849620e+02 3.450091784518026117e+01
1.066582599999999985e+02 2.877814700000000059e+01 9.960515441520179536e+01 1.048587264634914007e+01
1.205819099999999935e+02 1.267323900000000059e+01 1.267596776362082664e+02 2.406052414698134356e+00
1.193644560000000041e+02 2.596516599999999997e+01 1.134586397601068484e+02 1.372675107557943086e+00
9.713448999999999955e+01 2.390841500000000153e+01 1.088487627308742987e+02 4.542849728640707241e+00
1.172729949999999945e+02 2.140795900000000174e+01 1.336357281199675526e+02 3.439642770684295670e+01
1.327581000000000131e+02 3.298633999999999844e+00 1.273814279850365381e+02 3.266967716626438545e+01
1.036124999999999972e+02 3.156100700000000003e+01 1.190478457470116354e+02 2.457622088142490391e+00
9.954652400000000512e+01 2.725922600000000173e+01 1.370997766119735388e+02 1.532760450442961186e+01
1.369361299999999915e+02 1.332057299999999955e+01 1.313671762928657927e+02 1.944255448942869435e+01
1.065282440000000008e+02 1.715186000000000099e+00 1.005379078441035006e+02 1.630984658675581622e+00
9.822338000000000591e+01 1.748736399999999946e+01 1.238182886559123403e+02 6.006619196951997530e+00
1.006795400000000029e+02 2.482919000000000054e+01 9.489005526357168208e+01 5.027618116162373418e+00
1.102168700000000001e+02 2.640597199999999845e+01 1.356244131143335210e+02 3.167834146064652145e+01
1.024364300000000014e+02 2.697588299999999961e+01 1.304224136478427738e+02 1.526010501239154493e+01
9.844208500000000583e+01 2.976761600000000030e+01 9.820633196294642175e+01 2.318133285285117040e+01
1.291601900000000001e+02 1.209166300000000049e+01 9.234068733866567413e+01 1.075759273127256677e+01
1.159256900000000030e+02 2.697432299999999827e+01 1.138067093148291491e+02 2.479234205153992932e+01
1.221725399999999979e+02 1.971065000000000067e+00 1.078006490959507175e+02 2.406600995629651152e+01
1.360886000000000138e+02 1.322069300000000069e+01 1.080413922774267661e+02 1.175530892864799171e+01
1.373412800000000118e+02 7.320990000000000553e-01 1.049744423132735420e+02 2.738091720812208862e+01
1.108547200000000004e+02 1.948833799999999883e+01 9.237060916664427168e+01 2.379514741130489597e+01
1.056316000000000059e+02 1.004083999999999932e+01 1.207121242019872795e+02 2.652997033170282748e+01
1.248630500000000012e+02 1.255894400000000033e+01 1.135866857270792849e+02 1.205261790694993174e+00
1.017952350000000052e+02 1.828858599999999868e+01 1.350831677049513360e+02 2.138196336064599734e+01
1.069558300000000060e+02 3.322021000000000157e+01 1.213283012769425113e+02 3.043305475069251997e+01
1.123576999999999941e+02 3.279659999999999798e-01 1.358943713907014512e+02 8.938912245156704905e-01
1.019945450000000022e+02 1.624662599999999912e+01 1.129833492231139331e+02 3.267500414845724777e+01
1.370396700000000010e+02 1.252472000000000030e+00 9.888110939789976328e+01 2.126590199768475387e+01
1.084516140000000064e+02 7.152399999999999869e-01 1.009181048376352123e+02 1.554176330876524759e+01
1.190581049999999976e+02 2.063319200000000109e+01 9.344492438033819326e+01 2.275962727326766455e+01
1.063184499999999986e+02 2.189414199999999866e+01 1.307660096613480789e+02 2.173645619942412210e+01
1.293009299999999939e+02 1.654629999999999990e-01 1.087087205381449451e+02 2.326152449497020935e-02
9.395832000000000050e+01 5.743917999999999857e+00 1.293053711468232336e+02 1.750502148819092696e+01
1.376394999999999982e+02 1.949024400000000057e+01 1.330144039232170030e+02 3.297472603523977419e+00
1.112859399999999965e+02 7.286299999999999999e-01 1.300743410702895062e+02 3.060911865439280533e+01
1.297366499999999974e+02 1.097087800000000080e+01 1.377193164636631195e+02 2.282389887564696096e+01
1.268122939999999943e+02 2.672148999999999930e+01 1.044716457841428792e+02 1.203803811009824898e+01
9.715987400000000207e+01 1.592667499999999947e+01 1.263976062287515276e+02 2.482743321989344309e+01
1.213958800000000053e+02 1.269575000000000031e+01 9.718486216418064316e+01 1.282711592803041079e+01
1.197189560000000057e+02 1.547260600000000075e+01 1.058743306989647550e+02 3.074415530316628420e+01
1.370245700000000113e+02 1.147566899999999990e+01 1.242121990923687491e+02 6.689548501356939347e+00
1.252135240000000067e+02 1.563707699999999967e+01 1.003754902200410868e+02 2.295408654181436248e+00
1.229570539999999994e+02 1.920611999999999986e+00 1.285448548801099093e+02 1.236715310360414577e+01
1.358086700000000064e+02 1.854602399999999918e+01 1.067931182717539542e+02 9.508368984643658095e+00
1.083554599999999937e+02 1.583191200000000087e+01 1.268732712158089839e+02 2.503130352603743702e+01
9.890682999999999936e+01 1.802293200000000084e+01 1.143447559348929019e+02 2.943015069087740443e+01
1.360905899999999917e+02 1.229396599999999928e+01 1.119266316316502525e+02 8.812327755294852238e+00
1.230443949999999944e+02 4.896641999999999939e+00 1.001917240620013132e+02 2.896217196635257451e+00
1.138388060000000053e+02 1.427283199999999930e+01 1.155058500085511355e+02 2.061185890111786989e+01
1.121058799999999991e+02 5.483360000000000456e-01 9.393708304238309381e+01 3.147473408487137903e+01
1.208341900000000066e+02 1.204352800000000023e+01 1.195454871817762239e+02 2.088853102853924071e+01
1.201523200000000031e+02 2.317364500000000049e+01 1.235831959971453529e+02 8.652061766167340906e+00
1.290050699999999892e+02 1.324962900000000054e+01 1.190772249526948485e+02 2.813577074958083557e+01
1.152771500000000060e+02 4.479098999999999720e+00 9.795783905966175098e+01 4.030326800151271094e+00
1.142837099999999992e+02 1.745475199999999916e+01 1.040977839789224646e+02 7.428307542768025629e-01
1.034372900000000044e+02 1.659929699999999997e+01 1.243957575032731881e+02 5.686027718706847978e+00
1.233474350000000044e+02 2.519231399999999965e+01 1.005433592601877422e+02 1.094984086832793224e+01
1.122994499999999931e+02 1.439847999999999928e+01 9.885593025412822499e+01 2.100629581696388470e+01
1.159619799999999969e+02 3.274969500000000266e+01 1.281208494264808735e+02 1.604488382638703570e+01
1.165767299999999977e+02 1.286235699999999937e+01 1.338515707533451007e+02 3.117472831020712931e+01
9.953991000000000611e+01 1.765159200000000084e+01 1.108242365133196330e+02 2.916370645320206734e+00
1.344432400000000030e+02 7.931499999999999773e+00 1.085854346327032687e+02 1.248538639538328887e+01
9.723202000000000567e+01 2.960429800000000000e+01 1.284455902135446479e+02 2.565165360011010875e+01
1.039350500000000039e+02 2.735918399999999906e+01 1.283047384887356088e+02 2.634023782684309367e+01
1.218649499999999932e+02 3.051391999999999882e+01 1.054738636480076224e+02 8.902937730667293437e+00
1.219563600000000037e+02 4.037063999999999986e+00 1.227883991632059235e+02 3.198082327526195812e+01
1.212094600000000071e+02 1.131169599999999953e+01 9.483232500168186618e+01 2.879190847274638898e+01
1.063328249999999997e+02 1.094751899999999978e+01 1.094612316475203073e+02 3.185443167440887846e-01
1.172544599999999946e+02 4.492557999999999829e+00 9.511726335921169095e+01 1.093165437657265215e+01
1.118961000000000041e+02 1.561135900000000021e+01 1.340852099425602262e+02 3.330727067566321864e+01
1.134285899999999998e+02 1.815225999999999829e+01 9.982778772881233920e+01 2.789699166444648437e+00
9.491244500000000528e+01 6.986594000000000193e+00 1.022747627942623154e+02 3.051422334720749419e+01
1.204627899999999983e+02 7.529904000000000153e+00 1.335212779394420011e+02 1.253452475778790642e+01
1.309324000000000012e+02 9.878012000000000015e+00 1.127919067390529335e+02 2.847127708229229981e+01
1.182392499999999984e+02 2.503325500000000048e+01 1.040884279947060236e+02 3.124235576874630027e+01
9.689548999999999523e+01 3.139643900000000087e+01 9.670748741366703882e+01 2.322854941980653365e+01
1.229745099999999951e+02 1.295093400000000017e+01 1.107679490243099565e+02 2.465779733650864003e+00
9.974071999999999605e+01 1.632757600000000053e+01 1.370321487762509776e+02 1.652406560214615538e+01
1.021120999999999981e+02 2.292310000000000159e+01 9.390227516714982414e+01 9.260109896910629246e+00
9.987552999999999770e+01 8.232086999999999932e+00 1.080084596750637616e+02 3.121151063054150043e+01
1.009878700000000009e+02 1.558966700000000039e+01 9.242006109706005645e+01 2.493330076725626654e+01
9.908189000000000135e+01 3.429287999999999670e+01 1.228586005378890320e+02 3.221365143169320788e+01
9.786359400000000619e+01 2.648629000000000033e+01 1.201780316646855340e+02 2.286169174751616850e+01
1.028035200000000060e+02 2.750330200000000147e+01 9.714935803577800755e+01 1.166443192342997826e+01
1.360862600000000100e+02 1.322449800000000053e+01 1.321633887388400410e+02 2.944749680638163003e+00
9.482461499999999432e+01 7.552875000000000227e+00 1.003153121937085359e+02 3.390830257745820120e+01
1.124703750000000042e+02 1.702895499999999984e+01 1.354897454908801251e+02 1.871702983075629589e+01
1.355842399999999941e+02 3.165399999999999991e+01 1.359219930465852713e+02 2.914859171663307080e+01
1.377720300000000009e+02 1.174125100000000010e+01 1.274423102155232215e+02 2.125159155074217310e+01
1.079174000000000007e+02 2.103756999999999877e+01 9.794340379473658231e+01 9.129711735629877367e+00
9.922207000000000221e+01 4.366456999999999589e+00 9.911911619292733633e+01 1.006512463317559813e+01
1.286900599999999883e+02 1.486477799999999938e+01 1.245213219554057531e+02 2.478152108989545610e+01
1.202836599999999976e+02 1.236480500000000049e+01 9.317711968693869551e+01 2.085612139074638804e+01
1.291512099999999919e+02 1.286193699999999929e+01 1.205288452704845525e+02 6.404951770550601609e+00
1.002892999999999972e+02 2.375831000000000159e+01 1.255783994538280979e+02 2.214895250051674225e+01
1.039862200000000030e+02 2.419322400000000073e+01 9.640512653733296133e+01 1.924226658019420810e+01
1.358888900000000035e+02 4.520160999999999873e+00 1.018076771888239449e+02 2.195776255953778744e+01
1.349069200000000137e+02 4.621629999999999905e-01 1.289555118932860580e+02 5.927501133028439284e+00
1.294410000000000025e+02 2.921653200000000083e+01 1.014284942226694852e+02 3.373773603463703363e-01
1.030357699999999994e+02 2.493956400000000073e+01 1.212447236604344738e+02 2.326699764043771879e+01
1.131622399999999971e+02 1.624390599999999907e+01 1.160684933975334445e+02 2.087189355021987680e+01
1.299299300000000130e+02 1.610754400000000075e+01 1.031482844912034409e+02 3.009495317112987678e+01
9.793104999999999905e+01 2.979559499999999872e+01 1.142481523743682175e+02 2.317611868722887536e+01
1.056286400000000043e+02 2.796617300000000128e+01 1.081411656470176581e+02 3.327816872623718325e+01
1.206926299999999941e+02 6.446999999999999953e-02 1.349438666236319193e+02 2.396868826467785851e+01
1.346454300000000046e+02 1.258279899999999962e+01 1.365934131241420744e+02 2.950271272450110516e+01
9.897129999999999939e+01 1.955711399999999855e+01 1.286030766454471745e+02 1.460780178135180662e+01
1.101968499999999977e+02 2.375801699999999883e+01 1.185920480752862005e+02 2.137267120586311009e+01
1.328286300000000040e+02 1.854412800000000061e+01 1.358619641834141021e+02 3.077644695414134901e+01
1.364280100000000004e+02 4.255118000000000400e+00 9.813973811378967582e+01 9.869719559440195411e+00
1.302385099999999909e+02 7.992467999999999684e+00 1.002881136055685829e+02 1.168008754799887328e+01
1.015828300000000013e+02 3.012794999999999845e+01 9.499459440054108939e+01 1.413513393012502384e+01
1.048228900000000010e+02 3.249645600000000201e+01 1.038109822921231569e+02 2.692439545130161349e+01
1.138526399999999938e+02 2.842907299999999893e+01 1.233757915409705390e+02 8.344383294894544889e+00
1.031240300000000047e+02 2.424801599999999979e+01 1.042485708149341406e+02 2.295809518471944699e+01
1.006839099999999974e+02 4.718844999999999956e+00 1.015088118732462590e+02 3.408631969009081075e+01
1.012301199999999994e+02 1.617340499999999892e+01 1.199424880063703256e+02 4.688451006678789890e-01
1.074369499999999960e+02 2.925465799999999916e+01 1.234490458184598509e+02 2.396595519191892976e+01
1.251748699999999985e+02 2.681115199999999987e+01 1.022889670419919952e+02 2.054419621183483713e+01
1.290645299999999907e+02 1.239838499999999932e+01 1.018781811961403037e+02 3.680749597059591149e+00
1.162961800000000068e+02 2.799809799999999882e+01 1.162133175920005357e+02 1.990321400932341689e+01
1.072773499999999984e+02 2.767564799999999892e+01 1.314255364464054878e+02 2.846714250892116027e+01
1.214285699999999935e+02 6.701778000000000013e+00 1.327413630422415451e+02 1.012426585653718369e+01
1.058240600000000029e+02 1.711543800000000104e+01 9.662474235794039146e+01 3.041221458323877869e+01
1.294280699999999911e+02 7.853149000000000157e+00 1.069860686004699630e+02 1.063483783963629747e+01
9.234408600000000433e+01 1.566721100000000000e+01 1.132577417638564015e+02 4.950589008247337830e+00
1.158468500000000034e+02 2.654724699999999871e+01 9.272668382813461108e+01 2.274945462568774701e+01
1.085890660000000025e+02 5.622329999999999828e-01 1.184673088754597927e+02 1.178319504304654153e+00
9.410971999999999582e+01 1.075564600000000048e+01 1.312036752481483006e+02 1.503598666488193025e+01
1.032809749999999980e+02 1.728598600000000118e+01 1.099200381314412027e+02 8.936645301310434775e+00
9.954317000000000348e+01 2.821960599999999886e+01 1.111931690239046873e+02 1.368649783410855214e+01
1.279808500000000038e+02 1.237441800000000036e+01 1.106556363793757498e+02 3.081346389046494494e+01
1.259750059999999934e+02 8.296856999999999260e+00 1.362565149105332694e+02 8.969535396472720024e+00
1.050813700000000068e+02 4.424735000000000085e+00 1.266229591588492269e+02 1.132712349033368149e+01
1.153960299999999961e+02 3.187136999999999887e+01 1.151925256475833237e+02 6.298032087797075462e+00
1.323020500000000084e+02 3.039486999999999828e+00 1.341096872646489544e+02 2.867940666043968179e+01
1.141837539999999933e+02 2.640196200000000104e+01 1.217175440524950432e+02 1.174182520789998074e+00
1.007028959999999955e+02 2.068726699999999852e+01 1.016589505535747406e+02 2.258857355039976866e+01
1.255556260000000037e+02 1.372629099999999980e+01 9.996497508159305312e+01 2.273779877893869639e+01
1.194070700000000045e+02 1.974189399999999850e+01 1.314863408430165350e+02 2.793563767240811657e+01
1.174418639999999954e+02 1.991549499999999995e+01 1.374757463718935639e+02 3.034255138839390398e+01
1.324488800000000026e+02 9.132956999999999326e+00 1.070840854669511089e+02 3.443905042833967656e+01
1.307908799999999871e+02 1.009277999999999897e+00 1.124121255848637446e+02 2.319414191160309358e+01
1.042165799999999933e+02 2.347071499999999844e+01 9.334992693717411782e+01 2.538522381468633071e+00
1.227206500000000062e+02 2.926232000000000166e+00 1.118588862555865830e+02 2.818628048977959821e+01
1.274308900000000051e+02 1.213617600000000074e+01 1.026478442505480757e+02 2.938445730975694659e+01
1.126016500000000065e+02 1.711163499999999971e+01 1.179340877605379774e+02 6.267948471815310896e+00
1.195463639999999970e+02 2.841035700000000119e+01 1.014766665063042410e+02 2.033673469018500768e+01
1.013173800000000000e+02 1.780067999999999984e+01 1.156732151500132488e+02 1.096132793238986380e+01
9.982527000000000328e+01 2.515078700000000111e+01 1.292287579401902349e+02 3.499966018912783472e+00
1.132667699999999940e+02 2.412417599999999851e+01 1.327128919015214308e+02 8.724765160628129124e+00
1.134188099999999935e+02 1.023753300000000088e+01 9.353949396218757784e+01 4.484247368697098501e+00
1.201075060000000008e+02 6.985503999999999714e+00 9.388916854099761622e+01 1.595990528469269520e+01
1.325616899999999987e+02 2.183529300000000006e+01 1.064861101045829059e+02 6.181669532705391656e-01
1.055329299999999932e+02 8.244474999999999554e+00 1.257366757557180676e+02 3.480353726887447152e+01
1.345495300000000043e+02 6.859785999999999717e+00 1.305079480137108305e+02 5.727884952568007115e+00
1.284304700000000139e+02 1.899298699999999940e+01 1.306593270769353694e+02 1.660757071892503234e+01
1.034781339999999972e+02 1.418773999999999980e+01 1.371326954068352393e+02 8.410072279624776215e+00
1.008948800000000006e+02 1.652329800000000048e+01 9.485769785956458122e+01 2.020434382420900121e+01
1.364772499999999980e+02 2.120343999999999784e+00 1.206255145886346156e+02 1.849256532356619687e+01
1.164659599999999955e+02 1.853562499999999957e+01 1.207475731525808698e+02 1.945855843134991758e+01
1.176570099999999996e+02 2.176196300000000150e+01 1.139536167470150758e+02 1.757283171761707763e+01
1.245154399999999981e+02 9.428326000000000207e+00 1.309109887400566095e+02 3.143778071458699230e+01
9.911983499999999481e+01 3.033258400000000066e+01 1.240766138851486176e+02 3.490582382284566876e+01
1.233091349999999977e+02 7.443515999999999799e+00 1.339249649906911941e+02 9.633728015612591733e+00
1.081180899999999951e+02 3.227875000000000227e+01 9.886168526003196177e+01 1.353064920196054288e+01
1.246537699999999944e+02 1.549389700000000047e+01 1.099074400244443410e+02 1.790781169763614500e+01
9.999969000000000108e+01 2.509792300000000154e+01 1.025881673514588215e+02 2.189730578464629218e+01
1.374745599999999968e+02 3.138292099999999962e+01 9.452422285434919047e+01 1.208691811951364237e+01
