1.251776499999999999e+02 9.960960999999999288e+00 1.120563966267619662e+02 3.723466733808357354e+00
1.059683150000000040e+02 5.807024000000000186e+00 1.121389694864126341e+02 1.902979427260750356e+01
9.963335999999999615e+01 3.011660600000000088e+01 1.373715506849727035e+02 1.235756816312784778e+01
1.281656299999999931e+02 6.427754000000000190e+00 1.185119303617627509e+02 8.370856052421062898e+00
9.981171000000000504e+01 2.392927600000000155e+01 9.898856089427853533e+01 1.227965275336767625e+01
1.162993599999999930e+02 3.265582299999999805e+01 1.263611370367449354e+02 7.731086526322137331e+00
1.344940300000000093e+02 7.012902999999999665e+00 9.210085268094280764e+01 1.202075858808726583e-01
1.364280100000000004e+02 4.255118000000000400e+00 1.165299664262628312e+02 1.930805723134341534e+01
1.000717899999999929e+02 3.462064399999999864e+01 9.746792399822240327e+01 7.532777919852780002e+00
9.437286000000000286e+01 1.972123699999999857e+01 1.236760276551033400e+02 5.823146000280376988e+00
1.336111899999999935e+02 1.554583700000000057e+01 1.111575776694394051e+02 2.369073505916923228e+00
1.024698099999999954e+02 2.152501900000000035e+01 9.226225563871133772e+01 1.417109328753048558e+01
1.202229399999999941e+02 1.300534999999999997e+01 1.205112809565320333e+02 1.491832172911465548e+01
1.240121900000000039e+02 1.423227999999999938e+00 1.342972345126042342e+02 1.843555771077022287e+00
1.103286899999999946e+02 1.103283000000000014e+00 9.351935098142016045e+01 2.833919795437160616e+01
1.183328860000000020e+02 6.461452999999999669e+00 1.254950281440991944e+02 7.927765294930103401e+00
1.225821150000000017e+02 6.734340000000000437e+00 9.426249993432175245e+01 1.365707705426489227e+01
1.315446200000000090e+02 9.283360000000000056e+00 1.174996639192877268e+02 1.437811221540732731e+01
1.002380399999999980e+02 1.977633900000000011e+01 1.036433905527629378e+02 2.534188064633450210e+01
1.154087799999999930e+02 2.365899500000000089e+01 1.354153703720829185e+02 2.448354939709728839e+01
1.255558699999999988e+02 4.544313999999999965e+00 1.306663491960383681e+02 3.221212064579875545e+01
1.005446000000000026e+02 2.298269499999999965e+01 1.344277931297357327e+02 2.995971767474213010e+00
9.386674499999999455e+01 5.584399000000000335e+00 1.087704926752840038e+02 5.649673738468993456e+00
1.074497999999999962e+02 3.299112699999999876e+01 1.179180950970008581e+02 1.403920485603182833e+01
9.278024999999999523e+01 2.806382800000000088e+01 1.184851221476276919e+02 1.844969986731042511e+01
9.786359400000000619e+01 2.648629000000000033e+01 1.230970833380787894e+02 1.508969516425002055e+01
1.215970149999999990e+02 1.290440800000000010e+01 1.316729425541947194e+02 8.397869992667747141e+00
1.196812299999999993e+02 2.088022600000000040e+01 1.241998682762174013e+02 1.745662209243747487e+00
1.117162550000000039e+02 2.099041700000000077e+01 9.536667897426379170e+01 5.383442636197167452e+00
1.086584299999999956e+02 1.116496899999999926e+01 1.330174472488164952e+02 1.014066980486548353e+01
1.098299099999999981e+02 2.569585199999999858e+01 1.146160828465384327e+02 3.367235236070955295e+01
1.118421859999999981e+02 1.936338999999999899e+01 1.336382823274991267e+02 1.988122569582211341e+01
1.096788600000000002e+02 1.849008999999999903e+00 1.369462470860174221e+02 2.609147950553611039e+01
1.095981400000000008e+02 2.946638300000000044e+01 1.152345902160561906e+02 2.756608049897062784e+01
9.319089999999999918e+01 1.835962900000000175e+01 1.312635687912759863e+02 2.131628707265817013e+01
1.121307599999999951e+02 2.552255800000000008e+01 9.516305144681646766e+01 2.173246484732849737e+01
1.040388099999999980e+02 2.273069800000000029e+01 1.304797239707536392e+02 9.580476222656907126e+00
1.308280000000000030e+02 1.675008999999999970e+00 1.378323932498224735e+02 2.552899012488468067e+00
1.234977099999999979e+02 1.764413300000000007e+01 9.765793346707511091e+01 1.629701674283073842e+01
1.360389700000000062e+02 1.223838999999999899e+00 1.274045466083266405e+02 3.688057802980704736e+00
1.032475400000000008e+02 1.298222999999999949e+01 1.204760045422017498e+02 1.514200691395502041e+01
1.102383499999999970e+02 1.642134899999999931e+01 1.182082645272867438e+02 3.379381686424101616e+01
1.270514139999999941e+02 1.592723100000000080e+01 1.325974950225718203e+02 3.020170508225809236e+00
9.713448999999999955e+01 2.390841500000000153e+01 1.238065246517679583e+02 1.745620592166260820e+01
1.233387599999999935e+02 2.847430000000000128e+00 1.124440433591907436e+02 2.175726132528088641e+01
1.289606799999999964e+02 1.261729300000000009e+01 9.701220816403429126e+01 1.411231732764376190e+01
1.193644560000000041e+02 2.596516599999999997e+01 1.216319281020253129e+02 1.802636034052587988e+01
1.098771440000000013e+02 2.681062700000000021e+01 1.272738528186348219e+02 2.433202071044035719e+01
1.281946399999999926e+02 1.151056699999999999e+01 1.313655903737429185e+02 8.332562165527946263e+00
1.212168499999999938e+02 5.970590000000000064e-01 1.184164313318700579e+02 9.230023610065794415e+00
1.226557159999999982e+02 2.243978999999999946e+00 1.180328996674035835e+02 2.256329805014813772e+01
1.081480499999999978e+02 2.939423800000000142e+01 1.032390988687830884e+02 2.340891036875607867e+01
1.358086700000000064e+02 1.854602399999999918e+01 1.341606332097661038e+02 3.262157959147769759e+01
1.376184800000000052e+02 1.351674500000000023e+01 1.116950697332032405e+02 1.149755438909322613e+01
9.760130999999999801e+01 1.960865599999999986e+01 1.099398455221446369e+02 2.059950240444124248e+01
1.365625000000000000e+02 4.542181000000000246e+00 1.301370992326241662e+02 2.517929123431907712e+01
1.001488999999999976e+02 1.622813000000000017e+01 1.365929592273350863e+02 2.195853369124386134e+01
1.071597500000000025e+02 4.558792000000000399e+00 1.212586480705989374e+02 3.189503269763675597e+00
1.130678500000000071e+02 1.070391300000000001e+01 1.279542022717754151e+02 1.649542042771498984e+01
1.358911999999999978e+02 3.048414999999999875e+00 9.367227129378096606e+01 2.119127192859897590e+01
1.148494900000000030e+02 2.243533899999999903e+01 9.977519339542361365e+01 1.399487481890911589e+01
9.941035999999999717e+01 1.626425400000000110e+01 1.007521895856861960e+02 3.071149531068244798e+01
9.954317000000000348e+01 2.821960599999999886e+01 1.272030556274148694e+02 2.637744568934074962e+01
1.216711800000000068e+02 9.723228000000000648e+00 1.301951442756964639e+02 2.573652175763330163e+01
9.369768000000000541e+01 1.855701600000000084e+01 1.223181780799641132e+02 1.681123644105360526e+01
1.167711800000000011e+02 1.044548600000000071e+01 1.229439867466017091e+02 3.802778465530667784e+00
1.081513700000000000e+02 3.198137499999999989e+01 1.009036447377768013e+02 3.468403158623075910e+01
1.124240099999999956e+02 2.294134899999999888e+01 1.076409095767093618e+02 9.178158649248254974e+00
1.206874899999999968e+02 1.248476800000000075e+01 1.377464403193491762e+02 2.454254446689564162e+01
1.275943299999999994e+02 9.779089000000000809e+00 1.184828396092541141e+02 3.372788325555605127e+01
1.077520999999999987e+02 2.914027000000000100e+01 1.371350211365549399e+02 2.135830905945644531e+01
1.219884500000000003e+02 2.734084500000000162e+01 9.692196675062130851e+01 6.342151066242704083e+00
9.665582999999999458e+01 3.197328999999999866e+01 9.338753562909309380e+01 2.454088758260241754e+00
1.041328660000000070e+02 2.457218200000000152e+01 9.665627752181123356e+01 2.152275417570464100e+01
1.147472199999999987e+02 3.243150700000000342e+01 1.012894780348177335e+02 4.414922092782108898e+00
1.033311999999999955e+02 8.036189999999999500e+00 1.276875280628263738e+02 2.563997183536954338e+01
1.295547799999999938e+02 1.619976000000000127e+01 1.137426036451394253e+02 1.483565868859207271e+01
1.042875439999999969e+02 1.675788000000000011e+01 9.986505481358439340e+01 2.239861914681371147e+01
1.231785699999999935e+02 1.163075599999999987e+01 9.464378853642270428e+01 1.043805961116913039e+01
1.180059100000000001e+02 1.182370000000000054e+01 1.283003352999323283e+02 1.376452931509780164e+01
1.168820599999999956e+02 1.923296399999999906e+01 1.109841180327641155e+02 4.549229344603789471e+00
1.200400099999999952e+02 2.610586400000000040e+01 1.194610996933689222e+02 1.658270986243129386e+01
1.378858799999999860e+02 1.247752499999999998e+01 1.173206188971001609e+02 1.066405903547610201e+01
1.007318700000000007e+02 2.756443600000000060e+01 9.814200440897279520e+01 2.017409602854564055e-01
1.150682749999999999e+02 1.918149599999999921e+01 1.263271536689642289e+02 2.269924751912634875e+01
1.086153699999999986e+02 2.599652100000000132e+01 9.828343871004406651e+01 3.283808904736239498e+01
9.848666000000000054e+01 1.054087299999999949e+01 1.069052744439229627e+02 6.292916334324273109e+00
1.158565700000000049e+02 3.633550000000000058e+00 1.276970864674039774e+02 3.093389512396397478e+01
1.063787499999999966e+02 2.825092300000000023e+01 1.046126165771460137e+02 3.351332522196614150e+01
1.130484199999999930e+02 2.044042800000000071e+01 1.170328372629264919e+02 2.458455093046411832e+01
1.015174399999999935e+02 2.652536600000000178e+01 1.156915324517332948e+02 2.763340896511437705e+01
1.004067459999999983e+02 1.560150900000000007e+01 1.375444966529771591e+02 9.563446744597884575e+00
1.020943999999999932e+02 1.659711000000000070e+01 1.129268193493401355e+02 3.365485908015716632e+01
1.101122799999999984e+02 3.367673500000000075e+01 1.158375602792965111e+02 1.289527036656374115e+01
1.226265700000000010e+02 6.337415000000000020e+00 9.481037739532752084e+01 1.136169850037364704e+01
1.067001900000000063e+02 1.305196199999999962e+01 1.338478202901423231e+02 1.154583935838685349e+01
1.066784899999999965e+02 8.027340000000000586e+00 1.008080107106719083e+02 3.183076315930423306e+01
1.366617899999999963e+02 1.230031400000000019e+01 9.239079593467997142e+01 1.467291157635398946e+01
1.295190699999999993e+02 1.326800999999999897e+00 1.134959378367990155e+02 4.957616469368382184e+00
1.310166999999999859e+02 1.584964599999999990e+01 9.310183154047467724e+01 2.999943002646819679e+01
1.247555499999999995e+02 1.558736700000000042e+01 9.956721732371124745e+01 2.029189610257089527e+01
1.264625999999999948e+02 7.166369999999999685e-01 1.026827783539520595e+02 3.397909312482909883e+01
9.229735599999999351e+01 1.949507300000000143e+01 1.260024574419857686e+02 1.188286350795350899e+01
1.227853800000000035e+02 1.303865900000000089e+01 1.334429153631162137e+02 2.327554970399955891e+01
1.291044799999999952e+02 8.533355000000000246e+00 1.199309167145083848e+02 1.345352828778380427e+01
1.220831000000000017e+02 5.744365000000000165e+00 1.025753460571347375e+02 1.419404376167737780e+01
1.244601700000000051e+02 2.153512000000000093e+00 1.087552039091619491e+02 1.018998373964166149e+01
9.893878999999999735e+01 2.680315399999999926e+01 1.071761175312232979e+02 5.916583585127927591e+00
1.004917399999999930e+02 3.001473800000000125e+01 1.298408881005614433e+02 7.349005391175265522e+00
1.178697700000000026e+02 2.086379200000000012e+01 1.148977486956320604e+02 1.540795278209800401e+01
1.031009399999999943e+02 2.897423699999999869e+01 1.172744236167597762e+02 1.292530680652451558e+01
1.011674349999999976e+02 1.631124499999999955e+01 1.131055589911977250e+02 1.264484599241357721e+01
1.012475900000000024e+02 3.300020200000000159e+01 1.332967998489703518e+02 3.421082810787903838e+01
1.302130600000000129e+02 1.211599499999999985e+01 1.157082688837963076e+02 1.065447059740655433e+01
1.190807700000000011e+02 3.056827399999999884e+01 9.728046258656267753e+01 2.901366286872573141e+01
1.060799499999999966e+02 9.110470000000000512e-01 1.325528054496815571e+02 4.009714113846285510e-01
1.221371100000000069e+02 3.243491000000000213e+01 1.343246543666594448e+02 7.604999210627234163e+00
1.212857800000000026e+02 1.172821099999999994e+01 1.364172676464882841e+02 1.848742153047580317e+01
1.179452600000000047e+02 3.413794299999999993e+01 1.128651008694827738e+02 2.623061085450067509e+01
1.194723599999999948e+02 1.724490399999999823e+01 9.872717815660929830e+01 1.835445178130287402e+01
1.066582599999999985e+02 2.877814700000000059e+01 1.175724971319434644e+02 3.051450884930514462e+01
9.548212999999999795e+01 1.554973200000000055e+01 9.281562929153577102e+01 7.284365972742474327e+00
1.285975599999999872e+02 1.229112600000000022e+01 1.288674911159991439e+02 2.572591270469022362e+01
1.089955800000000039e+02 1.639875599999999878e+01 1.236290305722895226e+02 1.036060240096664842e+01
1.233079199999999958e+02 7.494034000000000084e+00 1.287956745752733809e+02 1.489020288534387326e+01
1.169782000000000011e+02 4.263942000000000121e+00 9.274632087455007934e+01 4.798971474160457440e+00
9.569082000000000221e+01 2.712815700000000163e+01 1.036544262183570737e+02 3.177611529750074482e+01
1.309361900000000105e+02 8.523167000000000826e+00 1.275482921937916672e+02 2.152577482780705509e+01
1.193820400000000035e+02 7.351111999999999647e+00 1.231444880608074044e+02 5.034117505895471467e+00
1.085328200000000010e+02 2.570951300000000117e+01 1.230100234677506847e+02 1.039605891580536223e+01
1.291559399999999869e+02 1.352395500000000084e+01 1.116218630209414897e+02 2.200156491447927465e+00
1.034781339999999972e+02 1.418773999999999980e+01 1.022242798839141926e+02 2.207579778980230856e+01
1.125423660000000012e+02 2.072739999999999938e+01 1.073843365805226995e+02 7.173942544884375216e+00
1.068052100000000024e+02 1.683014100000000113e+01 1.212931936458373912e+02 3.087129798327217500e+01
1.118422850000000039e+02 1.812244600000000005e+01 1.052294065269687735e+02 3.447558629950797648e+00
1.265958100000000002e+02 2.633954999999999913e+01 1.289846124645208647e+02 4.877733636657160865e+00
1.167996100000000013e+02 2.692645800000000023e+01 1.234778708735725132e+02 3.153523304665863591e+01
1.317522700000000100e+02 7.439243000000000272e+00 1.369134618050850918e+02 2.873000939848619950e+01
1.143764000000000038e+02 1.332743100000000069e+01 1.285909173417541354e+02 2.872664053890186153e+01
1.290050699999999892e+02 1.324962900000000054e+01 1.235606071428726551e+02 1.498862263438670084e+01
1.054726639999999946e+02 1.292944400000000016e+01 9.302025979971388381e+01 1.041895370219789285e+01
1.010540500000000037e+02 1.139439199999999985e+01 1.323742514582142178e+02 1.025849899263083120e+00
9.805646500000000287e+01 1.719266899999999865e+01 1.075683804421120016e+02 1.552247139320436897e+00
1.090113900000000058e+02 1.594006100000000004e+01 1.193609885464450144e+02 3.090423786991453881e+01
1.352128999999999905e+02 5.011090000000000266e+00 1.016609438822791560e+02 2.453292020079392799e+01
1.208735300000000024e+02 1.530674199999999985e+01 1.348848705527418588e+02 1.215449982261576700e+01
9.718044000000000437e+01 3.527642000000000166e+00 1.235967627643755122e+02 2.233720876519228682e+01
1.188607300000000038e+02 2.157856400000000008e+01 9.911991203240958725e+01 2.026674739771021905e+01
1.085241099999999932e+02 2.678840999999999894e+01 9.356794291233488536e+01 2.385454472759204236e+01
1.355338099999999883e+02 1.610411799999999971e+01 1.030690142545740144e+02 1.762091660653739922e+01
1.009382860000000051e+02 1.326571500000000015e+01 1.194628844571736579e+02 1.957416226530312287e+01
9.989088999999999885e+01 2.683164999999999978e+01 1.098007101416426394e+02 1.906478052304185056e+01
1.271800499999999943e+02 1.194703699999999991e+01 9.926008677896794552e+01 8.556372568655849165e+00
1.360654100000000142e+02 3.072567999999999966e+00 1.146534230809160562e+02 2.067907014393808041e+01
1.094848860000000030e+02 1.771904200000000174e+01 1.210906364966935200e+02 2.098701617509268402e+01
1.034684749999999980e+02 1.936773900000000026e+01 1.168221455127168298e+02 7.045491655045300838e+00
1.194239649999999955e+02 2.519487000000000165e+01 1.376691860566294281e+02 3.465241444005275184e+01
1.274994999999999976e+02 1.387982399999999927e+01 1.273396988949403124e+02 2.663829090793440102e+01
1.297366499999999974e+02 1.097087800000000080e+01 1.334965338390054512e+02 2.454590990650986981e+01
1.265864399999999961e+02 1.194002500000000033e+01 1.146403181517398195e+02 1.380504936636840796e+01
1.205876159999999970e+02 1.334072899999999962e+01 1.193461739166289703e+02 1.497698516798993751e+01
1.130060650000000066e+02 2.550459999999999994e+01 9.388843280324489626e+01 5.816869894902873206e+00
1.245740399999999966e+02 7.411394999999999733e+00 1.055014542496127206e+02 5.024984171854448789e+00
1.095285400000000067e+02 9.065305000000000391e+00 9.534526044745210527e+01 1.193991044036383187e+01
1.196053399999999982e+02 1.343893199999999943e+01 1.163585275048693433e+02 2.328816462148287414e+00
1.193332599999999957e+02 1.780920400000000114e+01 1.097789204198311666e+02 1.323966748223756973e+01
1.352699100000000101e+02 1.797872999999999877e+01 1.322763523559306691e+02 3.034914491976518391e+01
1.017679899999999975e+02 1.656687200000000004e+01 1.008581470299442771e+02 3.234694011858993434e+01
1.122884899999999959e+02 2.932126999999999839e+01 9.802172532938928384e+01 2.117585508741476019e+01
1.348860200000000020e+02 1.754894600000000082e+01 1.096899017144320538e+02 2.129746428797223956e+01
1.222516099999999994e+02 1.195663700000000063e+01 1.048492755598255002e+02 2.968496758516418410e+01
1.355843000000000131e+02 4.260162000000000226e+00 1.203415671584488962e+02 1.830008205583330039e+01
1.198547059999999931e+02 7.232410999999999923e+00 1.297935698449250594e+02 1.386570435115684319e+01
1.003601900000000029e+02 6.202410999999999675e+00 1.134621804836100978e+02 2.059763959325386296e+01
1.027374400000000065e+02 1.609719000000000122e+01 1.220971179868990220e+02 3.030302196218140054e+01
1.013850300000000004e+02 5.791350000000000442e+00 1.266457141885217368e+02 2.334907549179265374e+01
1.014491600000000062e+02 2.277094299999999905e+01 1.022958728061537528e+02 3.133271311367279210e+01
1.171555249999999972e+02 2.330280700000000138e+01 1.066326116937911763e+02 2.680874270670357973e+01
1.237956499999999949e+02 7.412607999999999642e+00 1.049817492668204579e+02 1.904179152286384280e+01
9.425270999999999333e+01 2.257174099999999939e+01 1.027821784996195902e+02 2.078301083462148036e+00
1.273446660000000037e+02 1.365026600000000023e+01 9.250556358901737042e+01 8.737631051415915451e+00
1.063641049999999950e+02 2.387164500000000089e+01 1.120895829226900986e+02 2.165419689732402375e+01
1.130644759999999991e+02 5.041568999999999967e+00 1.338644224409890171e+02 6.625348819423076963e-01
1.322271299999999883e+02 3.772314000000000167e+00 1.112370688060516670e+02 9.256984041311135059e+00
1.089642400000000038e+02 3.056563799999999986e+01 9.961661820637280584e+01 2.762976929215583155e+01
1.236827799999999939e+02 7.704500000000000348e+00 1.232618293484191412e+02 3.348886769810117414e+01
1.304762699999999995e+02 3.101247199999999893e+01 1.031042811350575334e+02 5.180588742085946663e+00
1.104067299999999960e+02 8.316698000000000590e+00 1.342035101848703391e+02 1.945007374788048438e+01
1.262945699999999931e+02 1.275773399999999924e+01 1.202697037224158692e+02 1.966694094393340464e+01
1.086775200000000012e+02 1.074131200000000064e+01 1.192104674535115691e+02 1.260738674474603194e+01
1.286007500000000050e+02 8.765936999999999202e+00 1.036462998277585541e+02 3.073246554507717221e+01
1.205941300000000069e+02 1.647275499999999937e+01 9.531458035331462497e+01 2.858294732376607072e+01
1.340829600000000141e+02 1.444733800000000024e+01 1.190551705957989839e+02 3.362524375334180604e+01
1.022510599999999954e+02 1.265013899999999936e+01 1.160077895887642967e+02 2.427038695454150030e+01
1.121128999999999962e+02 1.959123999999999910e+01 9.724095752533456505e+01 1.106037131322774592e+00
1.007646940000000058e+02 2.517087599999999981e+01 1.023946386455567534e+02 2.466525677029277475e+01
1.114137300000000010e+02 5.589110000000000467e-01 1.176840121571155606e+02 3.398140108522326841e+01
1.207063399999999973e+02 1.393922799999999995e+01 1.023971630460374911e+02 3.099456439333992819e+01
1.100357360000000000e+02 2.855119900000000044e+01 9.716837769481350051e+01 1.855375816570684577e+01
1.224107740000000035e+02 7.443858999999999781e+00 1.169855308137758954e+02 2.751351724435560442e+01
1.079575040000000001e+02 1.263439100000000082e+01 1.161093837080017437e+02 9.499306460190302559e+00
1.053874359999999939e+02 2.219917999999999836e+01 1.088478579307082725e+02 3.078799924305178237e+01
1.159256900000000030e+02 2.697432299999999827e+01 1.057719619502789499e+02 1.253508462233268972e+01
1.346411899999999946e+02 1.026627900000000082e+01 1.107884228103584121e+02 1.859560188255338886e+01
9.784082999999999686e+01 2.707178299999999993e+01 1.267861178023468653e+02 1.281028033712781777e+01
9.425745999999999469e+01 2.258308800000000005e+01 1.135408495696497653e+02 1.246701107674928366e+00
1.158468500000000034e+02 2.654724699999999871e+01 1.354352781123995442e+02 1.260618480979931277e+01
1.246537699999999944e+02 1.549389700000000047e+01 1.324823760676624147e+02 9.297698831607337233e-01
1.075895799999999980e+02 1.972467400000000026e+01 1.080265462898060065e+02 1.084298271124202273e+01
1.146143200000000064e+02 2.004928200000000160e+01 1.230503956837614794e+02 7.298111997851529864e+00
1.294755900000000111e+02 2.914704899999999910e+01 1.037165109953490685e+02 2.527976338614467622e+01
1.024969600000000014e+02 3.116606700000000174e+01 1.175781785127861809e+02 2.209101569167665247e+01
1.020575599999999952e+02 3.032312399999999997e+01 9.529350448719920053e+01 3.384992164397412751e+01
1.285900699999999972e+02 2.147480600000000095e+01 9.804863963311613873e+01 1.125008044815633035e+01
1.202923300000000069e+02 1.427440499999999979e+01 1.105145786430113048e+02 1.056324735097023115e+01
1.063702300000000065e+02 3.500151999999999930e+00 9.742727417611042995e+01 3.483799479449400138e+01
1.311959400000000073e+02 1.344396599999999964e+01 1.112688818222428040e+02 2.317718632118988609e+01
1.055944099999999963e+02 1.730002199999999846e+01 1.111076604016527511e+02 3.042768663019684183e+01
1.146455700000000064e+02 2.811013399999999862e+01 1.024443662853394272e+02 1.033388226167068424e+01
1.269034099999999938e+02 1.216027200000000086e+01 1.355734998623080401e+02 1.766331633094244680e+01
1.202658899999999988e+02 5.060309000000000168e+00 1.271717591846470441e+02 2.008863467962844762e+00
1.279676800000000014e+02 9.560188000000000130e+00 1.093000070741255030e+02 7.860148335159562905e+00
1.065325299999999942e+02 7.733226000000000155e+00 1.305493630929791493e+02 9.352720529116243853e+00
1.149824200000000047e+02 3.944373000000000129e+00 1.055397651063741620e+02 3.191950394826361048e+01
1.175999999999999943e+02 1.023433799999999927e+01 1.235039185706966407e+02 3.082461568695354615e+01
1.335665099999999939e+02 1.182989399999999947e+01 9.843979008519441720e+01 3.201881031077639506e+01
1.002415799999999990e+02 2.393959399999999960e+01 1.012798593615776213e+02 3.470268266308584515e+01
1.232273500000000013e+02 4.342469000000000356e+00 1.168924512403184366e+02 3.359555351795672351e+01
1.272252660000000049e+02 1.188927600000000062e+01 1.290812644145063359e+02 1.354535940625937940e+01
1.369524999999999864e+02 1.756889699999999976e+01 9.270384487091874348e+01 2.692629104061660783e+01
1.149996699999999947e+02 3.686024000000000189e+00 1.210082243466181495e+02 4.485289313612245143e-01
1.114913899999999956e+02 3.495139999999999914e-01 1.251619910891292449e+02 2.015348229017148896e+01
1.076719200000000001e+02 1.886546900000000093e+01 9.460068431854195126e+01 2.669176980785132969e+01
1.294545999999999992e+02 9.188390999999999309e+00 9.455199063996977316e+01 1.067840308338541888e+01
1.205683899999999937e+02 1.373879100000000086e+01 1.197685301038681303e+02 2.870071709069644683e+01
9.981167000000000655e+01 2.547162799999999905e+01 1.290457894666522805e+02 1.951491522111878929e+00
1.204627899999999983e+02 7.529904000000000153e+00 9.340960364674783989e+01 2.027838427739085070e+00
1.061328350000000000e+02 2.596210900000000166e+01 1.358171256496476929e+02 7.229686988136804437e+00
1.188096199999999953e+02 2.054302399999999906e+01 1.193920638290770597e+02 2.958837330174903713e+01
1.221657000000000011e+02 3.453664999999999985e+00 9.522279769747332523e+01 1.080552993044834054e+01
1.101911099999999948e+02 1.101826999999999934e+01 1.322577806625753851e+02 2.739674968619058504e+01
1.029688699999999955e+02 1.518273899999999976e+01 1.293184750579769116e+02 2.821480797896766290e+01
1.064903999999999940e+02 1.390643999999999991e+00 9.722895160415153271e+01 6.890659936862506108e+00
1.219563600000000037e+02 4.037063999999999986e+00 9.388383657222735224e+01 3.099899892897254361e+01
1.111774900000000059e+02 5.641610000000000236e-01 9.438330181921611484e+01 5.248290876783866743e+00
1.306066700000000083e+02 3.339365399999999795e+01 1.066186983015076493e+02 3.019611191492763425e+01
1.306183200000000113e+02 1.195261499999999977e+01 9.624619834268521856e+01 1.495748855026735047e-01
9.649259000000000697e+01 3.411601999999999890e+01 9.954737613783461825e+01 2.997843539798564905e+01
1.220030500000000018e+02 1.467741900000000044e+01 1.008591860187818838e+02 3.048012714176988780e+01
1.194749450000000053e+02 3.442628000000000021e+00 1.129153673124591535e+02 2.856291285233140442e+01
9.446862000000000137e+01 4.517010000000000192e-01 9.820699661552175996e+01 3.197032925171360773e+01
1.075570799999999991e+02 3.114085800000000148e+01 1.096584469756288485e+02 4.371340664752366933e+00
1.304027600000000007e+02 8.559516999999999598e+00 1.204193207388940152e+02 2.296320127873145367e+01
1.297281600000000026e+02 1.556633399999999945e+01 1.108390971089881134e+02 2.160885354157507621e+01
1.006064200000000000e+02 2.769523600000000130e+01 1.221064021545010974e+02 2.957588363264997966e+01
1.019243799999999993e+02 1.454230699999999921e+01 1.132563041604477547e+02 4.440803593828476892e+00
1.170933699999999931e+02 1.631709499999999835e+01 1.161226202678736144e+02 2.564984494870515519e+01
1.190333899999999971e+02 1.967544600000000088e+01 1.079310108044985839e+02 2.173516196273712353e+01
9.820441999999999894e+01 1.853960000000000008e+01 9.263924010589593649e+01 6.046511343988296261e+00
1.134832399999999950e+02 1.777810300000000154e+01 1.364702469101576128e+02 1.004882063602451936e+01
1.123576999999999941e+02 3.279659999999999798e-01 1.377465000152166112e+02 2.132668376300904711e+01
1.228186299999999989e+02 2.599601699999999838e+01 1.344277146101156006e+02 1.295674947381336928e+01
1.068494100000000060e+02 1.800854100000000102e+01 1.057319299405018427e+02 1.209622829508948172e+01
1.196052549999999997e+02 1.820967900000000128e+01 1.371288402327818972e+02 1.554562664562738483e+01
1.090837899999999934e+02 1.109345000000000026e+00 1.293929829332396935e+02 1.235019470030626110e+01
9.723202000000000567e+01 2.960429800000000000e+01 1.035259231427248494e+02 1.459640096182181601e+01
1.321259300000000110e+02 1.547546799999999934e+01 9.770021342366253236e+01 7.451126255124590259e+00
1.148343050000000005e+02 2.582363300000000095e+01 1.365641704807879648e+02 5.792336338760400771e+00
1.219842399999999998e+02 1.118587100000000056e+01 1.258727990856001497e+02 1.369882106949007117e+01
1.066743699999999961e+02 3.105507700000000071e+01 1.213411278449089394e+02 3.321486976461600449e+01
1.372800799999999981e+02 2.309875100000000003e+01 1.012375473945554631e+02 3.038026803470183523e+01
9.493827000000000282e+01 1.907245999999999952e+01 1.317208521968824755e+02 1.828976687210418461e+01
1.207382000000000062e+02 1.915753600000000034e+01 1.227703308077842763e+02 3.008746990895062723e+01
1.064715499999999935e+02 3.050993000000000066e+00 9.741827215129987394e+01 9.527311549314266159e+00
9.492020999999999731e+01 2.098355700000000112e+01 1.045924555743266637e+02 2.815584474622337297e+01
1.221774099999999947e+02 4.068751999999999924e+00 9.849618826436514496e+01 2.391344753580611737e+01
1.068477500000000049e+02 3.346115999999999957e+01 1.350492018600896813e+02 1.242530564387657321e+01
1.377753099999999904e+02 1.232100499999999954e+01 1.344521827916162238e+02 2.134810548731897839e+01
1.235559099999999972e+02 1.940806999999999949e+00 1.046765180301884044e+02 9.913394897299813380e+00
1.105369000000000028e+02 2.902299999999999880e-01 1.155120623027319766e+02 1.293180018603026937e+01
1.165654899999999969e+02 2.752542100000000147e+01 1.332435284703722687e+02 2.545611975395419790e+01
1.081945400000000035e+02 1.628570200000000057e+01 9.708347845132456655e+01 8.188448170925921588e+00
1.118345640000000003e+02 2.392749999999999877e-01 1.100405651834239222e+02 3.241150335003537997e+00
1.004969799999999935e+02 2.176606200000000158e+01 1.104014877170882301e+02 1.373675094129433560e+00
9.588267000000000451e+01 2.653397000000000006e+01 1.232417476284962987e+02 1.917921638285937291e+01
1.307908799999999871e+02 1.009277999999999897e+00 1.049639432447290517e+02 1.772840160817995070e+01
1.237802499999999952e+02 7.976399999999999935e+00 1.038505005692100696e+02 1.305719589066327568e+00
1.355079499999999939e+02 1.208543799999999990e+01 1.210481426638625635e+02 2.527912420049676001e+01
9.288236999999999455e+01 2.260556000000000054e+01 1.345719304853827225e+02 3.145058542661697132e+01
1.227775699999999972e+02 3.331928000000000001e+00 1.006032286971756093e+02 1.641361177352412826e+00
1.117843550000000050e+02 3.318811999999999784e+01 9.701165581008065431e+01 1.366656207896768560e+00
9.488523999999999603e+01 3.360560600000000164e+01 1.017370343719967991e+02 2.674531482235680357e+01
1.151904700000000048e+02 8.768988999999999479e+00 1.100260923161936120e+02 3.169131287882962056e+01
1.020971899999999977e+02 2.676877800000000107e+01 1.317011753407688275e+02 3.480708084599044838e+01
1.117770399999999995e+02 2.602037199999999828e+01 1.228472526888277230e+02 1.879643727972877087e+01
1.054974749999999943e+02 1.932288700000000148e+01 1.287424495289521644e+02 2.470285132849661558e+00
1.114765500000000031e+02 2.000540499999999966e+01 1.099779591841635806e+02 2.750462425687727119e+01
1.358929100000000005e+02 1.341391800000000067e+01 1.062201621703307524e+02 2.784651233626108535e+01
1.096529100000000057e+02 2.872749299999999906e+01 1.339135380328751239e+02 2.965848611062528661e+01
1.057207899999999938e+02 6.388937000000000310e+00 9.375787448502444477e+01 1.909288478577340697e+01
9.343214000000000397e+01 1.265039200000000008e+01 1.208930354601186252e+02 2.319206153117867331e+01
1.164583360000000027e+02 2.065202999999999989e+01 1.179682087250138522e+02 2.208922130837464692e+01
1.373412800000000118e+02 7.320990000000000553e-01 1.150588411215872782e+02 6.345651510221424374e+00
1.189220300000000066e+02 1.942037399999999892e+01 9.228331098022292167e+01 2.697022121573543529e+01
9.691039999999999566e+01 1.556583599999999912e+01 1.031411977555707011e+02 1.354708777278511356e+01
1.307676400000000001e+02 9.199001000000000872e+00 1.256350856600909083e+02 3.084152195981045708e+01
9.486673000000000400e+01 1.936950699999999870e+01 1.176316896007316188e+02 1.838536330575745126e+01
1.180546499999999952e+02 5.906247999999999720e+00 9.756115715626889084e+01 1.427006190019978504e+01
1.343265800000000070e+02 3.472433000000000192e+01 1.042452115960458912e+02 2.429360722622028845e+00
1.228618239999999986e+02 3.672254999999999825e+00 1.222503623584397303e+02 8.954041439185156381e-02
1.306637699999999995e+02 1.285029600000000016e+01 1.118836437155114396e+02 3.364688893130586678e+01
1.223558649999999943e+02 2.753307300000000168e+01 1.166221477425420687e+02 3.417879323286054927e+01
1.025581399999999945e+02 2.460176999999999836e+01 1.374386378820306049e+02 3.017255073590019521e+01
1.265415600000000040e+02 2.948997500000000116e+01 1.209055835199347939e+02 1.567535549547061535e+00
1.072066800000000057e+02 2.882234800000000163e+01 1.120321681129226761e+02 2.881661020131490503e+01
1.234273799999999994e+02 2.926879100000000022e+01 1.165654051205057442e+02 3.070065021307532760e+01
1.227206500000000062e+02 2.926232000000000166e+00 1.180612237221375125e+02 2.779109053870591595e+01
1.302385099999999909e+02 7.992467999999999684e+00 1.038623650560996197e+02 1.615797778188898803e+01
1.222376000000000005e+02 3.524550000000000183e-01 1.251758368564849064e+02 5.938839840946759097e+00
1.320423000000000116e+02 1.426623200000000047e+01 1.171230795328151544e+02 5.795233416764514978e+00
1.272462900000000019e+02 1.223733999999999966e+01 1.061980777749250251e+02 1.982092265700991973e+01
1.006839099999999974e+02 4.718844999999999956e+00 1.043632678278282100e+02 3.002689468419451657e+01
1.171641500000000065e+02 3.398652599999999779e+01 9.527857893487585272e+01 2.149885717690226627e+01
1.074754400000000061e+02 1.089594899999999988e+01 1.325633193573889912e+02 2.472249593734787698e-01
1.281042500000000075e+02 1.263489599999999946e+01 9.592265171697242465e+01 1.667169262904463167e+01
1.204013400000000047e+02 1.923368599999999873e+01 1.328993256865072681e+02 2.834917987945818396e+01
1.077555200000000042e+02 9.456590000000000273e-01 1.308409879891538594e+02 2.719933262435333177e+01
1.374745599999999968e+02 3.138292099999999962e+01 1.016545681252363948e+02 1.962255214430393124e+01
1.198410400000000067e+02 1.864373600000000053e+01 1.222616410122139143e+02 2.544538819483794612e+01
1.290396100000000104e+02 2.231170000000000098e-01 1.358736796357387107e+02 3.903466644268632768e-01
1.092710799999999978e+02 1.336278599999999983e+01 1.258150404792836525e+02 2.748769606745341321e+01
1.286229600000000062e+02 3.030732499999999874e+01 1.269466635413526063e+02 1.119870341887741105e+01
1.297718999999999880e+02 1.096346999999999916e+01 1.009306205577711779e+02 3.319173303158606814e+01
1.291512099999999919e+02 1.286193699999999929e+01 1.037744558517812834e+02 1.986472958594353599e+01
1.077591400000000021e+02 1.810984399999999894e+01 1.103280066004784459e+02 1.585723043783339214e+01
1.199698300000000017e+02 1.242413400000000046e+01 1.215431793392993711e+02 5.113944197547345638e+00
9.977344999999999686e+01 2.670044899999999899e+01 1.271953178563219922e+02 2.357814559503212237e+01
1.245715799999999973e+02 1.563613699999999973e+01 1.366447140139594580e+02 3.234384773125722745e+01
1.340732099999999889e+02 2.924155999999999977e+00 1.049364451015463544e+02 1.038448378912103820e+01
9.702769499999999425e+01 1.544913900000000062e+01 1.095765795809088559e+02 1.381400397094562393e+01
1.001120700000000028e+02 3.238637500000000102e+01 1.211641478765863269e+02 2.569825638719608563e+01
1.039070399999999950e+02 1.300106500000000054e+01 1.246434731304747316e+02 1.001295372587319044e+01
1.205464199999999977e+02 1.931105200000000011e+01 1.133749613175892534e+02 2.630083476790543440e+00
9.363790000000000191e+01 1.419008299999999956e+01 1.226082575464091349e+02 2.621399932923498355e+01
1.114736800000000017e+02 2.004428000000000054e+01 1.086711458591097852e+02 5.603729449999431012e+00
1.175428899999999999e+02 5.199050999999999867e+00 9.787421166774987569e+01 4.649896591871399032e+00
1.175501100000000037e+02 2.228393600000000063e+01 9.315733857646939953e+01 1.471368172725320278e+01
