1.357358399999999961e+02 2.665312000000000126e+01 1.211335015892585716e+02 1.855831603568747212e+01
1.037621000000000038e+02 2.184923600000000121e+01 9.563747028707460629e+01 2.039951727874649734e+01
9.707139599999999291e+01 1.526043899999999987e+01 1.009040615457233372e+02 1.228715235644427040e+01
1.082715000000000032e+02 2.813152000000000097e+00 1.294354286656199520e+02 3.440954111437559249e+01
1.339474800000000130e+02 3.226451000000000136e+01 1.349247256068012462e+02 3.449772053089202473e+01
1.195534399999999948e+02 1.762483999999999895e+01 1.367087585818244406e+02 3.434772917899266531e+01
1.130554599999999965e+02 3.403092999999999790e+01 1.289298043253380683e+02 2.005422511789877404e+01
1.038147050000000036e+02 2.523268900000000059e+01 9.320441396717099281e+01 7.458404808622420390e+00
9.302315500000000270e+01 3.179107300000000080e+01 9.484267490818864133e+01 3.503019192052991393e+00
1.202216399999999936e+02 8.172212000000000032e+00 1.296478176861718907e+02 2.010903233118385458e+01
1.037896899999999931e+02 1.278374299999999941e+01 1.178349452761022178e+02 1.880388621771383839e+01
1.083606500000000068e+02 1.503555000000000064e+01 1.286216829884961044e+02 2.506428351507919317e+01
1.183000300000000067e+02 2.883506799999999970e+01 1.228773385711232322e+02 3.322919979222061215e+01
9.681099000000000387e+01 2.923914699999999911e+01 1.294819787598688379e+02 2.010272853903479628e+01
1.045976299999999952e+02 3.483096700000000112e+01 1.137584990424828675e+02 3.103551940652741692e+01
1.080991000000000071e+02 2.938798099999999991e+01 9.731946776028485147e+01 1.959513704081155083e+01
1.073794999999999931e+02 1.664744200000000163e+01 1.187063885625493782e+02 1.696171491918680729e+01
1.315680800000000090e+02 9.606626000000000332e+00 1.122467886408830680e+02 2.810668412589911469e+01
1.076321700000000021e+02 2.834407799999999966e+01 1.036730142780583179e+02 2.515954747812616432e+01
1.328107899999999972e+02 1.825598099999999846e+01 1.311640747160487308e+02 1.392764434652436201e+01
1.145929950000000019e+02 2.434299000000000035e+01 9.754519576352933541e+01 2.302288893398416469e+00
1.128552300000000059e+02 1.631040799999999891e+01 1.368256061790203546e+02 1.352942007780621836e+01
1.090132449999999977e+02 3.312825999999999738e+01 9.887544039961701969e+01 3.132343263465181549e-01
1.210480900000000020e+02 1.224116800000000005e+01 1.175393749656741420e+02 2.892056156039556569e+01
1.333160000000000025e+02 7.957829000000000264e+00 1.224678933675212704e+02 8.861727258782774896e+00
1.320494799999999884e+02 1.042328400000000066e+01 1.178294404769037840e+02 7.879707243289900909e+00
1.181592600000000033e+02 1.231726300000000052e+01 1.033463355072115064e+02 1.857466493001185981e+01
9.415348000000000184e+01 6.037201999999999735e+00 1.136756845840977803e+02 2.149364080812096844e+01
1.219603000000000037e+02 9.262333999999999179e+00 1.301598520316004510e+02 4.127736255416584399e+00
1.247964860000000016e+02 7.292786000000000435e+00 1.278135519646913281e+02 3.175939270115901181e+01
1.302397899999999993e+02 1.143625800000000048e+01 1.064271736628919314e+02 9.738754578674406304e+00
1.039118200000000058e+02 3.331466000000000349e+01 1.335190597091853135e+02 1.018296259104995194e+01
1.349841000000000122e+02 8.650358000000000658e+00 1.127669415353108491e+02 2.380719227294028428e+01
1.171390700000000038e+02 1.843836399999999998e+01 1.182234484998993622e+02 2.246657413850177676e+01
9.608951600000000326e+01 2.695202600000000004e+01 1.243054651746194139e+02 2.436699066186402618e+01
1.320584299999999871e+02 1.215698300000000032e+01 1.170777957857672220e+02 1.109268704129008576e+01
1.379254300000000057e+02 2.807678000000000118e+00 1.022642457902859547e+02 3.345368415557110353e+01
1.042525600000000026e+02 1.067856800000000028e+01 1.335899360021599023e+02 3.439151989314604663e+01
1.143322799999999972e+02 2.444830999999999932e+01 9.817720320032468351e+01 3.449414151426413611e+01
1.203134500000000031e+02 1.435539400000000043e+01 1.029440469990973099e+02 2.773858095811140601e+01
1.005364600000000053e+02 1.950319500000000161e+01 1.159109383404098423e+02 3.958261731382286985e+00
1.287267200000000003e+02 3.320849199999999968e+01 1.360966412723715564e+02 1.465008299763700705e+01
1.291792299999999898e+02 2.852098300000000108e+01 9.576652593746366904e+01 1.094734531696025215e+01
1.039401900000000012e+02 3.480512999999999835e+01 1.291114644151667221e+02 1.316045820804811939e+01
1.041502459999999957e+02 1.403871400000000058e+01 9.717053823064652818e+01 4.233129137776262318e+00
1.030629600000000039e+02 3.328576999999999941e+01 9.821473299537957757e+01 1.713098422212363303e+01
1.036477359999999948e+02 2.566054300000000055e+01 1.368579935490625417e+02 8.413282161654148439e+00
1.168364799999999946e+02 1.399938000000000038e+01 1.080805257154352574e+02 1.975957314711857649e+01
1.099774000000000029e+02 2.502114900000000119e+01 1.249264231101634977e+02 1.905059671038054248e+01
9.618444999999999823e+01 1.567444599999999966e+01 1.182459406291685724e+02 2.794509547093808166e+01
9.991926999999999737e+01 9.577919999999999767e-01 1.050928166587924721e+02 3.314049926689040859e+01
1.209074600000000004e+02 1.249939299999999953e+01 9.384732690871415173e+01 1.873688260725096555e+01
1.313555900000000065e+02 3.122533800000000070e+01 1.302727079892196684e+02 2.374991904111350038e+01
1.199500599999999935e+02 1.557360800000000012e+01 9.976199931592491055e+01 2.344789872317446822e+01
1.162907940000000053e+02 2.443213000000000079e+01 1.310277493995710358e+02 7.030114431903627725e+00
1.295093099999999993e+02 1.853495600000000110e+01 9.478366176884819083e+01 2.127998190484083807e+01
1.227696899999999971e+02 1.209612599999999993e+01 1.036091160562911568e+02 2.781616850206234304e+01
1.275773700000000019e+02 1.055586300000000044e+01 1.322705964488337713e+02 8.415587742348174416e+00
9.742389000000000010e+01 1.510973100000000002e+01 1.157190979856233923e+02 3.133017774643348829e+01
1.196430000000000007e+02 2.039557299999999884e+01 1.147626273303819175e+02 4.979345974894838989e+00
1.070384140000000031e+02 1.737320100000000167e+01 1.175639445373808627e+02 2.796871383960633395e+01
1.347451499999999953e+02 5.961221000000000103e+00 1.047304153448126129e+02 1.644703214844241757e+01
1.191355599999999981e+02 2.152571899999999872e+01 1.126542860943159781e+02 2.614520824180175396e+00
1.220412100000000066e+02 6.286381000000000441e+00 1.141555423091410972e+02 2.303484153863079342e+01
9.801115400000000477e+01 1.085079499999999975e+01 1.286018636554590273e+02 1.469888854486292651e+01
1.374753599999999949e+02 3.163461099999999959e+01 1.255962868209765588e+02 1.985085185288001242e+01
1.138875000000000028e+02 2.546468499999999935e+01 1.280184228635814350e+02 1.049349119324002366e+01
1.113884050000000059e+02 3.144134999999999991e+01 1.142531681737678326e+02 2.359839226770952081e+01
1.335265200000000050e+02 1.976415000000000033e+00 1.139489743308894276e+02 2.442917780527782412e+01
1.056923450000000031e+02 2.302737399999999823e+01 1.078492909376011113e+02 1.795524814957362381e+01
1.241827399999999955e+02 2.183183000000000007e+01 9.391981853433993876e+01 2.937552626271280687e+01
9.252279000000000053e+01 1.415975899999999932e+01 1.347065296208249094e+02 2.981639404751117439e+01
1.139028399999999976e+02 4.323833999999999733e+00 1.336216616344667614e+02 1.548024317901626468e+01
1.224646400000000028e+02 9.642804999999999183e+00 1.317979914907255932e+02 2.579149840193427856e+00
1.028446299999999951e+02 1.033540400000000048e+01 9.497352121632741273e+01 2.461554748063846532e+01
1.126078700000000055e+02 3.151124000000000080e+01 9.698105246490949582e+01 1.925180657674608398e+01
9.268125999999999465e+01 1.688070000000000093e+01 1.319215668604603025e+02 1.851300700689954581e+01
1.214133450000000067e+02 3.485758000000000134e+00 1.276254058987106674e+02 2.706165650612352991e+01
9.612053000000000225e+01 3.103788600000000031e+01 9.433621162805077631e+01 2.615539247273878765e+00
1.230655399999999986e+02 2.521284899999999851e+01 1.369955562791605246e+02 1.903106224402070623e+01
1.222619550000000004e+02 2.135798000000000130e+01 1.329996147867102820e+02 2.160393228149694167e+01
1.165007860000000051e+02 2.736060300000000112e+01 1.204296963849322424e+02 2.366033638405198758e+01
1.212401399999999967e+02 1.428038600000000002e+01 1.357581494468597612e+02 2.219333653968438114e+01
9.770518500000000017e+01 3.484497000000000355e+01 9.690450228156601042e+01 2.678765814144263047e+01
1.317383900000000096e+02 6.257507999999999626e+00 1.323641456454369632e+02 1.151055330295385737e+01
1.356061599999999885e+02 1.941837299999999900e+01 9.430948236180371680e+01 1.949324750075113855e+01
1.110399249999999967e+02 1.059377199999999952e+01 9.751787328474925687e+01 1.738952762046782041e+01
1.064503200000000049e+02 2.138168999999999986e+00 1.120678806278334179e+02 2.915209532031867568e+01
9.400064999999999316e+01 2.394970500000000158e+01 1.210336204262937514e+02 1.331341673081406718e+01
1.174181700000000035e+02 1.143222199999999944e+01 1.087653887466236000e+02 4.736070750367085580e+00
1.297214199999999948e+02 7.448338999999999821e+00 9.409508506593977017e+01 3.268420162413230656e+01
1.172068249999999949e+02 6.385032999999999959e+00 1.008016696567900254e+02 2.896685020197853078e+01
1.069605799999999931e+02 1.799179499999999976e+01 1.056044998844953540e+02 4.637655595092194716e+00
1.091116999999999990e+02 2.845718000000000103e+01 1.169449853560884662e+02 2.012681107595378194e+01
1.237078249999999997e+02 7.798529000000000266e+00 1.375498152386535367e+02 9.854906081443609578e-01
9.265118999999999971e+01 1.753208700000000064e+01 1.365195056909647917e+02 2.241940295558071838e+01
1.148044050000000027e+02 2.743908000000000058e+01 1.302090770824175081e+02 2.118373723663850328e+01
1.013317260000000033e+02 1.842222999999999900e+01 1.088587052240797561e+02 1.453160454515867883e+01
1.145903799999999961e+02 1.911351799999999912e+01 1.299628960239395497e+02 1.477639704134180931e+01
1.298546800000000019e+02 8.738175000000000026e+00 1.266641995082643888e+02 1.159057665613680399e+01
1.036176449999999960e+02 1.433724199999999982e+01 9.960255094048383739e+01 1.664702844205501009e+01
1.214522400000000033e+02 1.084968499999999914e+01 1.101040258492014345e+02 1.386335626396205711e+01
1.163812900000000070e+02 2.506874999999999964e+00 1.185082170966533965e+02 2.404184649413752695e+01
1.144120800000000031e+02 2.333881200000000078e+01 1.009914111119830693e+02 2.802239840898468515e+01
1.318211699999999951e+02 1.096493000000000073e+01 9.388990740293117199e+01 1.112193309403567731e+01
1.331114800000000002e+02 5.043605999999999590e+00 9.566417073160158679e+01 3.256955723389316404e+01
1.151436800000000034e+02 2.047480000000000133e-01 1.065275567450093490e+02 1.497405286216162779e+01
1.112000400000000013e+02 2.714986599999999939e+01 9.641126572342582790e+01 8.307945464762498844e+00
1.132446699999999993e+02 9.736542999999999282e+00 1.310465745180784154e+02 2.505981064187718488e+01
1.007576140000000038e+02 1.667331000000000074e+01 1.302604122627746506e+02 2.945266456016477630e+00
1.149349500000000006e+02 2.219013400000000047e+01 1.344264650768799925e+02 3.276083798407544379e+01
1.019888839999999988e+02 1.587198500000000045e+01 1.276767538451763073e+02 3.052102564055464384e+01
1.010629200000000054e+02 2.672322799999999887e+01 1.364743071529309191e+02 1.465280339885818961e+00
1.224572699999999941e+02 1.081719000000000008e+01 1.237585257081346839e+02 2.611985659586176567e+01
9.308939999999999770e+01 1.052907199999999932e+01 9.719137820153095220e+01 3.105261851841707710e+01
1.203492099999999994e+02 7.029768999999999934e+00 1.281372465645812326e+02 1.107899014615408184e+01
9.484570999999999685e+01 1.035792700000000011e+01 9.576856585162981617e+01 1.016667918680808924e+01
1.283103299999999933e+02 3.441694600000000293e+01 1.267526303876922213e+02 1.692383723530944906e+01
1.254385999999999939e+02 9.791565999999999548e+00 1.006806740324816047e+02 1.752622063520602325e+01
1.075792100000000033e+02 3.961824000000000012e+00 1.179725353697986918e+02 2.879154229535788545e+01
1.228820340000000044e+02 2.214886299999999864e+01 9.432884725188465325e+01 3.299222953174305673e+01
1.342324500000000000e+02 1.134225700000000003e+01 9.895535287513921219e+01 3.028888817441200132e+01
1.240915499999999980e+02 6.373681999999999626e+00 9.313535141071119483e+01 9.058391625161448246e+00
1.006942899999999952e+02 1.965247499999999903e+01 1.213636776112847713e+02 5.048787047213011192e+00
9.952290999999999599e+01 4.275259000000000142e+00 1.341942872664525908e+02 1.097130979847688792e+01
1.038102399999999932e+02 1.835134299999999996e+01 1.046272854901157672e+02 1.995808830889685970e+00
1.111496400000000051e+02 3.156037999999999855e+01 1.366098987373138414e+02 1.685480848103906482e+01
1.327718999999999880e+02 1.158683699999999916e+01 1.235145634482048536e+02 2.396913081162405135e+01
1.073030239999999935e+02 2.762692600000000098e+01 1.117648916606874820e+02 2.567489654947790001e+01
1.211101149999999933e+02 6.231560000000000432e-01 1.003089599939220875e+02 4.309716672553403072e+00
1.110454249999999945e+02 2.756227300000000113e+01 1.130571696261129944e+02 3.065628477636407112e+01
1.077299200000000070e+02 2.784376299999999915e+01 1.317131614782665281e+02 9.821785612810327137e+00
9.900115999999999872e+01 3.778934000000000015e+00 1.216932664744413586e+02 3.156805461255798306e+01
1.103475300000000061e+02 3.400617199999999940e+01 9.235631939295896586e+01 3.946427849483628680e+00
1.187682949999999948e+02 1.993644700000000114e+01 1.168867511707568951e+02 2.790069895574868042e+01
1.092788500000000056e+02 3.443901400000000024e+01 1.313045854246446709e+02 2.350032677860103547e+01
1.071369399999999956e+02 3.451839999999999975e+01 1.265145342327921014e+02 1.131243628247260524e+01
1.123603899999999953e+02 3.237021000000000015e+01 1.175026050216098383e+02 1.163865231692120616e+01
1.100753899999999987e+02 2.433948300000000131e+01 1.101281627818250115e+02 3.115606321369673637e+01
1.288748500000000092e+02 8.435026000000000579e+00 1.273404950178466777e+02 3.186591169777502586e+01
1.048761899999999940e+02 7.204839999999999911e+00 1.085609576111658896e+02 1.600681262878585187e+01
1.234735799999999983e+02 4.740940000000000154e-01 1.069593559637308147e+02 2.912508487146718394e+00
1.086496499999999941e+02 1.106175099999999922e+01 1.274364149719606019e+02 2.584309281770494238e+01
1.309030999999999949e+02 1.235075199999999995e+01 1.306959173190690535e+02 9.896729477694634625e+00
1.249822900000000061e+02 5.751892999999999923e+00 1.141037747643075733e+02 9.063899442588384758e+00
1.219534450000000021e+02 1.283245199999999997e+01 1.030283529779330252e+02 1.426296895443400814e+01
1.088141860000000065e+02 2.711238699999999824e+01 1.227419419193332288e+02 1.329370878415932111e+01
1.336124299999999891e+02 3.369663200000000103e+01 1.115237238987390498e+02 1.864567312775708885e+01
9.569414000000000442e+01 1.667584799999999845e+01 1.038334382982026085e+02 1.979054759415105735e+01
1.361025699999999858e+02 1.125332999999999917e+00 1.332368675574706458e+02 1.368768880644613972e+01
1.175979899999999958e+02 1.074947099999999978e+01 1.291299143741815101e+02 1.081161728891273555e+01
1.171137599999999992e+02 2.090845900000000057e+01 1.134022681444561300e+02 2.276729636593647399e+01
1.035901900000000069e+02 1.228295299999999912e+01 1.114576590743377125e+02 2.135244364518318250e+01
1.124133199999999988e+02 3.030061699999999902e+01 9.573459398588607883e+01 3.865319903026609882e+00
1.225042339999999967e+02 1.649009999999999920e-01 1.185310133678530917e+02 2.145408583145392711e+01
9.991494000000000142e+01 2.543089000000000155e+01 9.386273889299580730e+01 1.831456352811677135e+01
9.691064000000000078e+01 2.306198900000000052e+01 1.272013865962402122e+02 2.946306400311703655e+01
1.231124899999999940e+02 1.075348100000000073e+01 1.288722292992782172e+02 2.036598572061566692e+00
1.368382100000000037e+02 4.011357000000000284e+00 1.296124458488816344e+02 2.930260502358967400e+01
1.321549200000000042e+02 1.124238199999999921e+01 1.044194584931441057e+02 2.243607646165062253e+00
1.123174000000000063e+02 1.595027100000000075e+01 1.016730353128264426e+02 2.015719469374172945e+01
1.266205999999999960e+02 1.394368500000000033e+01 1.119695550126537427e+02 2.875897470990560478e+00
1.342389699999999948e+02 8.318027999999999977e+00 1.003155229977511453e+02 1.352869789171874970e+01
1.177702900000000028e+02 2.986139000000000099e+00 1.145179629179763481e+02 1.162430070090005607e+01
1.375819199999999967e+02 3.059993599999999958e+01 1.079061511016900283e+02 1.003530860655248702e+01
1.099073599999999971e+02 2.112512999999999863e+00 9.734775640528408758e+01 2.441508158844317222e+01
1.023002900000000039e+02 4.631369000000000291e+00 9.559242727540328133e+01 2.147866124531447696e+01
1.213653259999999960e+02 9.602226999999999180e+00 1.108637805725694392e+02 6.534380190515816089e+00
1.215699299999999994e+02 7.864619000000000248e+00 9.312932519326629688e+01 1.040866483847934454e+01
1.165264300000000048e+02 2.382463299999999862e+01 1.026465521055776833e+02 4.783391738497289047e-02
1.130892400000000038e+02 1.941198500000000138e+01 1.242535481647756797e+02 2.175616073223297064e+01
1.165651859999999971e+02 1.076720899999999936e+01 1.224291285501029733e+02 1.740194408029882212e+01
1.206611900000000048e+02 7.471366999999999869e+00 9.765579636225024274e+01 1.487703553820552216e+01
1.263983199999999982e+02 1.125375599999999920e+01 1.117486397587858420e+02 2.446098774721177449e+01
1.017067949999999996e+02 8.619863000000000497e+00 1.259779583167431696e+02 1.611067391850852459e+01
1.003840299999999957e+02 2.102543400000000062e+01 9.282925582989510360e+01 2.934612461403443007e+01
1.208881899999999945e+02 1.974024199999999851e+01 1.361870355746562211e+02 5.597889183622962506e+00
1.328224999999999909e+02 9.980590000000000295e-01 1.209054661982635821e+02 2.123113992629029667e+00
1.357116200000000106e+02 1.112729399999999913e+01 1.274185435891900653e+02 3.164470159391729354e+01
1.050856699999999933e+02 2.285925699999999949e+01 1.219108182593417382e+02 5.431583767423113329e+00
1.125414350000000070e+02 2.176712200000000053e+01 9.719013200932825214e+01 1.840613834258662962e+01
1.353367800000000045e+02 8.319254000000000815e+00 9.660544554142514073e+01 1.926324017498195929e+01
1.172197649999999953e+02 2.285182400000000058e+01 1.318596423815822902e+02 1.879952937461041884e+01
1.187104099999999960e+02 2.623511699999999891e+01 9.728861520402139718e+01 1.131247713696055257e+01
1.163919099999999958e+02 2.742319000000000173e+01 1.010163563243595917e+02 1.281163116646200706e+01
1.007426300000000055e+02 2.561184899999999942e+01 9.213281745963759306e+01 5.914421654664495875e+00
1.253180849999999964e+02 1.541035300000000063e+01 1.231946248674316422e+02 1.912421895895804980e+01
1.062188000000000017e+02 2.861942700000000173e+01 9.974127434483250454e+01 5.481560220750071544e+00
1.229605940000000004e+02 1.928572700000000140e+01 1.014056212983817176e+02 2.938043770188689408e+01
1.221617660000000001e+02 3.347937399999999997e+01 1.256758896050737349e+02 3.268765274024325151e+01
1.102720640000000003e+02 3.275916300000000092e+01 1.046781073979363725e+02 7.480039945668490731e+00
9.584724400000000344e+01 1.543606400000000001e+01 1.211827358174488296e+02 1.997632490692295093e+01
1.107793300000000016e+02 1.961186599999999913e+01 1.229346348027053750e+02 4.546266361916885934e+00
1.179738799999999941e+02 1.645899999999999963e+01 1.148924687683103656e+02 2.014943671215286614e+01
9.803163999999999589e+01 1.696888399999999919e+01 9.635283902547746493e+01 2.232601777448455138e+01
1.255024999999999977e+02 4.411996000000000251e+00 1.276691005982741558e+02 3.452494757972637984e+01
1.195829899999999952e+02 1.421259700000000059e+01 1.176153661632093588e+02 3.092671576388359256e+01
1.245537099999999953e+02 2.720849799999999874e+01 1.224397898944376948e+02 7.539347610685878109e+00
1.310541800000000023e+02 1.597392400000000023e+01 9.818196636229863827e+01 1.206703970990753660e+01
1.259158800000000014e+02 1.024210000000000065e+00 1.336878752929750647e+02 7.051865255456364778e+00
9.649267999999999290e+01 1.575152699999999939e+01 1.270130427129826671e+02 5.530172867993361052e+00
1.204040799999999933e+02 7.170599000000000167e+00 1.323798178595673107e+02 1.268745577709338601e+00
1.220434999999999945e+02 1.089619300000000024e+01 1.355877383379526862e+02 1.417573060061492196e+00
1.332356299999999862e+02 1.143084499999999970e+01 1.208922161299806817e+02 2.620146977325092053e+01
1.235289149999999978e+02 2.132064000000000181e+00 1.024401845738624246e+02 2.380001808129213714e+01
9.753552999999999429e+01 1.607771500000000131e+01 1.292238880891301847e+02 7.598698844293832799e+00
9.454595999999999378e+01 6.447612999999999595e+00 1.116264730946634671e+02 1.265129252043191244e+01
1.020626100000000065e+02 3.209988400000000297e+01 1.163068021235011997e+02 5.774134954646907403e+00
1.070970149999999990e+02 2.735115400000000108e+01 1.108286785616196681e+02 1.536664902797262400e+01
1.365443600000000117e+02 2.929215000000000124e+00 1.267482233671711924e+02 1.257300138304084136e+01
1.297311200000000042e+02 9.038204000000000349e+00 9.241775030701182914e+01 9.543135264955459718e+00
1.354983200000000068e+02 2.180336600000000047e+01 1.343651794975227460e+02 4.024356725440544125e+00
1.296772300000000087e+02 1.906320600000000098e+01 1.256319380293465855e+02 3.365995830491706897e+01
1.205720000000000027e+02 1.117058199999999957e+01 1.069270110183500009e+02 2.009710701814549694e+00
9.710142000000000451e+01 2.796984899999999996e+01 1.338227672402438486e+02 2.866545334973134729e+01
1.038878799999999956e+02 1.754072400000000087e+01 9.280405898195097336e+01 3.173596247921453006e+00
1.050178800000000052e+02 9.921666999999999348e+00 1.308698506999384676e+02 2.962234627970840251e+01
9.987669999999999959e+01 1.360892999999999908e+00 1.162412205419812778e+02 1.088207065331392087e+01
9.227406000000000574e+01 3.304460499999999712e+01 9.666969953311100028e+01 6.635526857886792307e+00
1.138607899999999944e+02 8.368828000000000600e+00 1.297652081941070037e+02 5.255635315759967341e+00
1.078153599999999983e+02 3.223337999999999681e+01 1.342722816101842227e+02 2.839763434059084801e+01
1.100793199999999956e+02 6.032047000000000381e+00 1.247030576130199933e+02 2.215235512348831293e+01
1.048521039999999971e+02 2.901823200000000114e+01 1.068707868754716515e+02 2.462475704793243381e+01
1.206707150000000013e+02 3.269973999999999847e+01 1.152780348279179918e+02 1.219202567142945171e+01
9.896905499999999734e+01 1.199011899999999997e+01 1.369706039591033573e+02 2.688235001371580069e+01
1.075850499999999954e+02 1.671870399999999890e+01 1.269658211409389281e+02 2.916578858589126000e+01
1.378439799999999877e+02 1.340997199999999978e+01 9.781309328981333806e+01 2.389866504184047002e+01
1.345722199999999873e+02 3.220261399999999696e+01 1.307924828267422015e+02 5.557320951755945204e-01
1.082932799999999958e+02 1.325382199999999955e+01 1.255387353597969167e+02 2.167779883322071655e+01
1.210912900000000008e+02 1.631785199999999847e+01 1.050869763422118410e+02 2.377343341629705620e+01
1.109394759999999991e+02 1.719481000000000037e+01 1.341201805416180548e+02 8.080448259122910315e+00
1.270400539999999978e+02 2.355510000000000104e-01 1.074005092180323118e+02 2.961807901794417930e+01
1.226098499999999945e+02 1.113299800000000062e+01 1.333360364433171128e+02 2.275671488974134959e+00
1.268131400000000042e+02 1.555625900000000073e+01 1.013304181336266652e+02 4.369611813261538913e+00
1.152442099999999954e+02 3.199915999999999983e+00 1.131176766224012624e+02 3.162660459654811618e+01
1.273139800000000008e+02 3.466552399999999778e+01 1.079545181783807948e+02 1.735541072224561532e+01
1.076755600000000044e+02 1.541291400000000067e+01 1.077535522046924541e+02 1.284788284046026874e+01
1.220534700000000043e+02 3.351500000000000312e-02 1.295201764096552211e+02 1.914077582902692853e+01
9.372405999999999437e+01 1.342323200000000050e+01 1.292265240112993183e+02 3.439134110088876639e+01
1.131166460000000029e+02 3.111196100000000087e+01 1.199786832447098561e+02 3.344428063243832838e+01
9.743256999999999834e+01 3.356452999999999776e+01 9.652836812794848242e+01 2.144634105769553045e+01
1.051251800000000003e+02 1.633457399999999993e+01 1.066259040360895511e+02 3.036652793700845265e+01
1.304991499999999860e+02 9.764561000000000490e+00 1.089946204810726584e+02 1.530549203308080486e+01
1.118665699999999958e+02 1.502594000000000030e+01 1.195495531061704781e+02 9.269412171756702179e+00
9.298394999999999300e+01 1.077677500000000066e+01 1.127443313225937800e+02 8.816366126876982179e+00
1.106189700000000045e+02 2.380443800000000110e+01 9.262500827425587602e+01 3.384467274018732041e+01
1.066256259999999969e+02 3.074654999999999916e+01 1.112811738913603250e+02 1.684793627999235355e+01
1.182205199999999934e+02 1.919569600000000165e+01 1.253330103582056552e+02 2.550382128581711072e+01
1.189328100000000035e+02 1.671509199999999851e+01 9.226424373537649615e+01 1.816884533006058078e+01
1.284646799999999871e+02 1.262046600000000041e+01 1.304503723833612980e+02 2.806395865827353120e+01
1.065686100000000067e+02 8.993849999999999900e-01 1.084550137304020012e+02 6.653950553126110279e+00
1.110158540000000045e+02 2.258027999999999835e+01 1.140476648166851135e+02 2.180503832579209345e+01
1.370409500000000094e+02 1.239135399999999976e+01 1.258256198240231072e+02 5.214315311012158283e+00
1.084404300000000063e+02 9.337649999999999562e-01 1.330313236739581555e+02 2.610412635457829822e+01
1.328586999999999989e+02 5.064274000000000164e+00 1.010195211591000657e+02 9.718978348218037411e+00
1.297546000000000106e+02 7.904257999999999562e+00 1.083502107718203575e+02 1.711371827246628641e+01
1.119815200000000033e+02 1.940709999999999980e+01 1.211198663110882450e+02 2.572377911366173819e+01
1.242653049999999979e+02 2.646184999999999832e+01 1.279447487650665209e+02 1.815970167854034045e+01
9.785734999999999673e+01 3.070888700000000071e+01 1.110705662904601070e+02 2.635492093720731077e+01
1.217649600000000021e+02 7.139611000000000374e+00 1.203723023345529697e+02 6.984024475183429281e+00
1.079937299999999993e+02 2.731428999999999974e+01 1.251988818090252096e+02 1.324517268438147433e+00
9.353091000000000577e+01 1.065246199999999988e+01 9.532991418860260069e+01 1.712771197627028741e+01
1.198467559999999992e+02 2.083139399999999952e+01 1.027077958897360617e+02 2.955676793083291543e+01
1.220406100000000009e+02 4.873859000000000385e+00 1.272748635483081898e+02 2.991152079962605725e+01
1.257477099999999979e+02 1.035598300000000016e+01 1.086161238704342793e+02 6.926010922490089428e+00
1.224595400000000041e+02 4.582263000000000197e+00 1.218549957605790866e+02 1.448423294290125396e+00
1.198152900000000045e+02 1.411073200000000050e+01 1.308750429538954165e+02 3.332034648358573747e+01
1.345996000000000095e+02 6.441431999999999825e+00 1.310509910975955279e+02 1.041344184827654296e+01
1.374690400000000068e+02 1.354197600000000001e+01 9.790423414656989110e+01 1.888038666339828708e+01
1.121182699999999954e+02 1.864989299999999872e+01 1.179064262832900738e+02 1.028036380508140724e+01
1.142452239999999932e+02 2.486015000000000086e+01 1.127880472276149533e+02 1.838490161628653752e+01
1.126465149999999937e+02 2.068020200000000131e+01 1.347341119610400710e+02 1.767238931163712934e+01
1.197174760000000049e+02 2.054833599999999905e+01 1.076239060187529191e+02 2.434336451780464472e+01
1.052837899999999962e+02 3.464686199999999872e+01 1.034382445702913600e+02 7.891165006719440100e+00
1.308256000000000085e+02 1.084387999999999908e+00 1.097514646188606804e+02 2.588169931950319747e+00
1.004856999999999942e+02 1.620279100000000128e+01 1.224896103485614844e+02 5.718225585920230891e+00
1.128614400000000018e+02 2.612512999999999863e+01 1.353229637959775005e+02 3.340414227520430757e+01
9.992820000000000391e+01 2.473804900000000018e+01 9.312467164934237474e+01 2.698447473674877273e+01
1.061159439999999989e+02 1.674496999999999858e+01 1.360268000308986416e+02 1.619196226263137817e+01
1.118784100000000024e+02 2.949702999999999964e+00 1.110485484571062784e+02 2.253126687323943500e+01
1.255881200000000035e+02 4.566726000000000063e+00 1.176326841790204014e+02 3.258611703071806431e+01
1.367025600000000054e+02 1.404088999999999920e+00 1.222516482100312203e+02 1.970403283853102394e+01
1.222971100000000035e+02 9.361152999999999835e+00 1.234561922608060627e+02 8.406608374549056961e+00
9.846553000000000111e+01 3.440836999999999790e+01 1.003898294628275352e+02 1.680523746235115112e+01
1.164534699999999958e+02 9.775989999999999958e-01 9.822326407479539512e+01 2.741986483324538071e+01
1.306004499999999950e+02 1.117657699999999998e+01 9.336166107582828033e+01 2.177744456920341420e+01
1.087235900000000015e+02 7.716159999999999686e-01 1.059118534613059381e+02 2.209889505886111039e+01
1.089160159999999991e+02 2.865912000000000148e+01 1.359846483576239393e+02 3.355802812189912032e+01
1.206372499999999945e+02 2.442647600000000097e+01 1.347641312016926634e+02 3.172032920308077664e+01
1.261388900000000035e+02 4.456902999999999615e+00 1.061860360120500530e+02 2.304268702028981153e+01
1.305930600000000084e+02 2.924645800000000051e+01 9.434020547859785211e+01 2.817078941237334888e+01
1.119211499999999972e+02 1.983385499999999979e+01 1.192871984177719753e+02 1.819272802666388245e+01
1.075390199999999936e+02 1.862147999999999914e+00 1.136134850341212115e+02 1.826965821379805277e+01
1.148455199999999934e+02 2.863700499999999849e+01 1.337215240536032468e+02 2.933439809644470486e+01
1.253778400000000062e+02 4.429683999999999955e+00 1.313251492675995848e+02 3.438696055897922577e+01
1.142393900000000002e+02 3.488391000000000020e+01 1.359747548033009537e+02 3.388763039647346886e+01
1.229825100000000049e+02 1.358826700000000010e+01 9.921570777411500330e+01 3.240089770176260942e+01
1.318492599999999868e+02 1.749036600000000163e+01 1.151519025183008580e+02 5.996809479924506192e+00
1.305445699999999931e+02 9.150195999999999330e+00 9.422629504358420149e+01 9.405271566272054073e+00
1.043827200000000062e+02 3.157143400000000000e+01 1.228956985413736618e+02 2.772729551821023719e+01
1.303028300000000002e+02 1.506479000000000035e+01 1.294254072717032216e+02 2.059282189299631227e+01
1.136386099999999999e+02 1.515404499999999999e+01 1.337764415303234387e+02 1.383884368203079873e+01
1.309557800000000043e+02 1.660201599999999900e+01 1.139745024510042271e+02 9.810803533046188463e+00
1.007784800000000018e+02 2.343388200000000055e+01 1.232442183043025494e+02 1.881987171086402100e+01
1.130088700000000017e+02 1.599236100000000071e+01 1.173744036248690321e+02 1.218288957588901589e+01
1.006111999999999966e+02 2.106609699999999918e+01 1.344400733338167981e+02 1.816115912614595729e+01
1.209906900000000007e+02 1.093795700000000082e+01 9.403723526794200893e+01 3.143006598424957332e+00
1.252670499999999976e+02 6.886218999999999646e+00 1.344755600406090252e+02 2.895969966139671925e+01
1.084109499999999997e+02 1.351767599999999980e+01 1.093874570263352268e+02 1.585148431505220046e+01
1.278658750000000026e+02 6.064771000000000356e+00 1.226607067118231100e+02 6.954935940452572574e+00
1.006697599999999966e+02 2.103485900000000086e+01 1.148353442194822804e+02 1.674133777248523103e+01
1.062101899999999972e+02 1.479064299999999932e+01 9.318474045165862663e+01 6.089057858676199864e+00
1.061343150000000009e+02 5.192463000000000051e+00 1.219952629360040390e+02 2.430291978971657940e+01
1.120317840000000018e+02 4.466455999999999982e+00 9.320515642893617780e+01 5.310706371184132024e+00
9.706560500000000502e+01 2.944556000000000040e+01 9.986496081843240802e+01 1.532197377985118436e+01
1.310762300000000096e+02 1.647752000000000105e+00 9.737760166501580272e+01 1.560252436409777488e+01
1.056270499999999970e+02 9.209861999999999327e+00 1.317042931905724004e+02 2.727834781650181384e+01
1.012995800000000060e+02 2.840870999999999924e+01 9.984482184801211702e+01 5.664725448125908613e+00
1.057006300000000039e+02 3.921124999999999972e+00 1.148588245019317782e+02 2.554893646629602344e+01
1.239660599999999988e+02 6.400801999999999659e+00 9.366481629089919636e+01 1.082766632424739406e+01
1.113187199999999990e+02 2.058988999999999958e+00 1.378921676595419399e+02 3.058144099445961928e+01
1.236198349999999948e+02 7.615292000000000172e+00 9.609909948149076797e+01 1.662946149544866081e+00
