5.305017000000000138e+01 4.153814299999999804e+01 5.148213049732503777e+01 5.229712796671910269e+01
7.985241999999999507e+01 6.584789999999999566e+01 7.878284205446681199e+01 6.617437295647891915e+01
7.573315999999999804e+01 6.136995300000000242e+01 8.287420194463575740e+01 6.711887945574920877e+01
6.776009999999999422e+01 5.478636600000000101e+01 8.822660367630828659e+01 5.633233284574997413e+01
6.126838000000000051e+01 5.511934699999999765e+01 7.334168535653445531e+01 6.840399117178091615e+01
6.447258999999999673e+01 5.464938000000000073e+01 7.029014371160494079e+01 6.180216230273178013e+01
5.344195599999999757e+01 4.986151000000000266e+01 8.848722323243796950e+01 5.541634132380016808e+01
8.453185999999999467e+01 6.820067000000000235e+01 9.097605532956400509e+01 5.903202249652643729e+01
7.505862399999999468e+01 5.216510999999999854e+01 7.466390131124182972e+01 4.907344595415524680e+01
4.887604999999999933e+01 3.863595000000000113e+01 6.511400216321345624e+01 3.732296939789979007e+01
8.764439000000000135e+01 6.861203999999999326e+01 6.955341055800954564e+01 5.207064002581515183e+01
8.235114000000000090e+01 5.166078000000000259e+01 7.809400609141452776e+01 5.655022290750122949e+01
6.415135999999999683e+01 3.866250999999999749e+01 7.918172414290680194e+01 5.377762127275723003e+01
5.794632699999999659e+01 6.301503799999999700e+01 8.004686478991797571e+01 5.800547159777062234e+01
6.422127500000000566e+01 4.568063399999999774e+01 5.321219898087152700e+01 5.177379668386640788e+01
8.506547000000000480e+01 4.564813000000000187e+01 7.075498494118014037e+01 4.085282105374496098e+01
8.611579000000000406e+01 4.760983300000000185e+01 8.501500909188015953e+01 6.281800282840033844e+01
6.294492699999999985e+01 4.066812999999999789e+01 8.619188562523839892e+01 4.125036830954859823e+01
6.764145999999999503e+01 6.062174600000000169e+01 4.693043327347810845e+01 5.304503804082972351e+01
5.374143000000000114e+01 3.982180999999999926e+01 8.093678933065336878e+01 6.202323192299726173e+01
7.364036600000000021e+01 6.134900300000000328e+01 8.919047022776030076e+01 4.905261456568543110e+01
5.862445400000000006e+01 5.596508999999999645e+01 8.991617913049495314e+01 4.981896138329128121e+01
5.309805000000000064e+01 5.300272799999999762e+01 6.772032548426986409e+01 3.909961178785061264e+01
5.374119000000000312e+01 4.639180000000000348e+01 6.748895736621319941e+01 6.973308015012857197e+01
7.772700000000000387e+01 5.865798999999999808e+01 6.128459828134064225e+01 3.531673828939460691e+01
8.420462999999999454e+01 4.485412000000000177e+01 8.808508084321707088e+01 5.616856808537436052e+01
8.465081999999999596e+01 3.538012299999999755e+01 7.688632551488404943e+01 3.507760183232525719e+01
8.331511000000000422e+01 6.782143000000000654e+01 5.363003907437531836e+01 5.230193854234003936e+01
5.013103000000000264e+01 6.887575499999999806e+01 5.637881869226598042e+01 4.449187918097014460e+01
8.047836999999999819e+01 6.027626800000000173e+01 5.338299234644873792e+01 5.469923782644698917e+01
5.034920999999999935e+01 4.825571999999999662e+01 4.834142235979012270e+01 5.668139539035450980e+01
6.161192299999999733e+01 6.054056500000000085e+01 7.338048452583626613e+01 4.938633426835694706e+01
7.478828000000000031e+01 6.263825599999999838e+01 6.068142357321505642e+01 6.888645047500870078e+01
6.929877000000000464e+01 6.521853000000000122e+01 4.772668230077184148e+01 4.133877697144979635e+01
5.665894000000000119e+01 5.510681499999999744e+01 7.066120166966973670e+01 5.408832710926363063e+01
6.224996999999999758e+01 4.277770600000000201e+01 6.521993117568574405e+01 6.314803587873790747e+01
4.748461499999999802e+01 5.477096000000000231e+01 8.805705973490212557e+01 5.216726112187168951e+01
8.950561999999999330e+01 5.976664699999999897e+01 8.324475005712575637e+01 4.991321900267681144e+01
7.458025000000000659e+01 6.582546999999999571e+01 8.717659689824017732e+01 5.004996683150172032e+01
5.271827300000000349e+01 6.766418000000000177e+01 8.346694466932076750e+01 4.843767200357038405e+01
6.798788500000000568e+01 6.130780800000000141e+01 7.127519369755930256e+01 5.364673348923381724e+01
5.668768000000000029e+01 4.350654999999999717e+01 7.480623787978751693e+01 6.283721061173380917e+01
5.661596300000000070e+01 3.583062699999999978e+01 8.073319935155178939e+01 5.941743312473313665e+01
8.214181499999999403e+01 6.417646999999999480e+01 5.198494862393496874e+01 3.788614973170836464e+01
7.905052000000000589e+01 6.661822499999999536e+01 8.773486836333452743e+01 5.507472794273935790e+01
5.924801999999999680e+01 5.023788499999999857e+01 8.395602540922425305e+01 4.336712365817518133e+01
5.418961999999999790e+01 6.313401999999999958e+01 8.399640674597978318e+01 5.155943038762727326e+01
6.237784599999999813e+01 5.728532799999999980e+01 7.106678216202193710e+01 4.257799528868087435e+01
5.359085499999999769e+01 3.621169700000000091e+01 5.233997861402844620e+01 6.124421916145352185e+01
5.645900300000000271e+01 4.368110999999999677e+01 8.086669945608223031e+01 6.131007977391409725e+01
5.901402000000000214e+01 6.788097999999999388e+01 8.700382364621857789e+01 6.091200383901377791e+01
4.744297799999999654e+01 3.727585599999999744e+01 6.743187886796229691e+01 6.591589472363862967e+01
5.402338400000000007e+01 6.433919500000000369e+01 7.834773231557646511e+01 3.857179759011776099e+01
4.924062700000000348e+01 4.024873699999999843e+01 7.851503745852272687e+01 6.784081156299370718e+01
7.927308999999999628e+01 5.708861999999999881e+01 7.071967816614989033e+01 3.808346032958143468e+01
6.628635400000000288e+01 4.737398000000000309e+01 8.935650813406536486e+01 6.991784341946100767e+01
8.384260000000000446e+01 5.953890599999999722e+01 8.013419391986033702e+01 4.992426951633602528e+01
5.077268200000000320e+01 4.583357600000000076e+01 6.347805883143565353e+01 6.422497832147293195e+01
6.748002999999999929e+01 4.879479599999999806e+01 7.007567422148017044e+01 3.922530719779368269e+01
4.996927000000000163e+01 4.622873700000000241e+01 8.390345670078535534e+01 3.753462720557625687e+01
7.679595000000000482e+01 6.136741599999999863e+01 8.317627568076315470e+01 6.578000504344200294e+01
7.969916499999999360e+01 6.212971000000000288e+01 5.184992288860198073e+01 3.527133232377509131e+01
5.232098400000000282e+01 6.462742000000000075e+01 7.204515419487346151e+01 4.499373862730628559e+01
7.354970600000000047e+01 5.472185999999999950e+01 4.755225973674722439e+01 6.490490661365093672e+01
8.608247000000000071e+01 6.910300999999999760e+01 9.126542635023713501e+01 3.759669931980116786e+01
8.441048999999999580e+01 5.335681000000000296e+01 8.156956662020260751e+01 3.807726271312294131e+01
8.516563999999999623e+01 5.181220199999999920e+01 8.746883159309857092e+01 6.071344684534048497e+01
5.989266599999999841e+01 6.311054200000000236e+01 9.015867151997881024e+01 6.927225031341743033e+01
6.432005999999999801e+01 3.908525499999999653e+01 8.397274642789849963e+01 5.337840829318200520e+01
5.048913999999999902e+01 5.473416000000000281e+01 7.089493047454584485e+01 6.245634564789993703e+01
5.279534499999999753e+01 5.905474499999999694e+01 7.855641636434427255e+01 4.284795311867390666e+01
9.049222600000000227e+01 3.828238999999999947e+01 6.281150111295011129e+01 6.224470375669168476e+01
6.688291999999999859e+01 6.435984999999999445e+01 6.972070687531564204e+01 4.052322514651533680e+01
9.158427000000000362e+01 3.939803299999999808e+01 4.632806744499372797e+01 6.713960299268936183e+01
9.074328599999999767e+01 4.679265999999999792e+01 8.932220882870093703e+01 3.761875786209408545e+01
7.180244999999999322e+01 4.128251999999999811e+01 6.010000063174359042e+01 4.381350864701403935e+01
5.154901999999999873e+01 5.376625400000000354e+01 7.451457221531184416e+01 6.012497845827519427e+01
6.827336999999999989e+01 5.747870000000000346e+01 9.038524845469194702e+01 4.459041423185244213e+01
5.683258399999999710e+01 5.499086400000000197e+01 8.959176660733706399e+01 5.463195147905212679e+01
5.184979200000000077e+01 4.887309599999999676e+01 4.991324061637614307e+01 5.903252854722650511e+01
8.018835400000000391e+01 4.510431700000000177e+01 8.414202739343002690e+01 6.967072063330880383e+01
8.306657400000000280e+01 5.840639500000000339e+01 5.968092036989477833e+01 3.683826182115106462e+01
5.007740400000000136e+01 4.188174000000000063e+01 4.610585561891984696e+01 6.209210618549445826e+01
8.805428999999999462e+01 4.193184000000000111e+01 8.924531288315351674e+01 6.281566774472072723e+01
7.874184999999999945e+01 6.692995500000000675e+01 7.064471543611539062e+01 6.540481207761145299e+01
7.978664000000000556e+01 4.954507399999999961e+01 7.081408972017007386e+01 6.325146168911779654e+01
4.678752999999999673e+01 6.777492499999999609e+01 7.198706961787742387e+01 4.524709099196796558e+01
8.340063000000000670e+01 6.787287999999999499e+01 4.629231952790382110e+01 5.539565643463878075e+01
8.657286999999999466e+01 5.218992599999999982e+01 5.595595619660268483e+01 6.850051166369397038e+01
5.466417299999999813e+01 4.702320999999999884e+01 7.401982659010329257e+01 6.448476118391604928e+01
6.528418999999999528e+01 6.896500000000000341e+01 5.093131267072386947e+01 3.910385656157184542e+01
6.975522999999999740e+01 6.965088000000000079e+01 4.683394919026580538e+01 6.667377877829117949e+01
5.391374199999999917e+01 5.092380500000000154e+01 9.126066940612579970e+01 6.023765659235286307e+01
8.070013000000000147e+01 4.690101200000000148e+01 8.604570990163216493e+01 4.882601166795385694e+01
7.196269999999999811e+01 4.666901000000000010e+01 6.256317320750132893e+01 3.956800870569168183e+01
8.279919999999999902e+01 4.378543499999999966e+01 6.765682990594930857e+01 3.505277488843654510e+01
7.711716499999999996e+01 6.473139000000000465e+01 7.183880641306100756e+01 4.891838322259707184e+01
8.073645000000000493e+01 4.887203999999999837e+01 9.062256821298720411e+01 5.149614675662787988e+01
9.172218999999999767e+01 3.829798999999999864e+01 8.538214731480610453e+01 4.705094684661528959e+01
8.781922000000000139e+01 6.856621599999999717e+01 7.404415044244697697e+01 5.399505919685083910e+01
5.206672999999999973e+01 4.825292199999999809e+01 5.464117286753538849e+01 5.933768166201221561e+01
7.314302000000000703e+01 6.156014299999999650e+01 8.057847646140112374e+01 5.473811428177933891e+01
8.625436999999999443e+01 4.580748400000000231e+01 7.064676628787867685e+01 5.242023113613815610e+01
5.996141399999999777e+01 6.199320199999999659e+01 7.698984951176714731e+01 3.732466366485137144e+01
5.138887799999999828e+01 4.857678200000000146e+01 5.649554724510295500e+01 5.400945045189558869e+01
8.960702999999999463e+01 4.957163599999999803e+01 4.701439264606985091e+01 4.178425172268195098e+01
8.487063600000000463e+01 5.758518600000000021e+01 8.004586381160413566e+01 5.780518597578287654e+01
4.640413699999999864e+01 5.025045999999999680e+01 5.427647303430060077e+01 5.934844860232207964e+01
7.395900000000000318e+01 4.834963599999999673e+01 7.651902980407436416e+01 6.287291793929438199e+01
5.044834000000000174e+01 5.477509299999999826e+01 4.679958829563434364e+01 3.687104853769320556e+01
5.638998000000000133e+01 6.468007000000000062e+01 5.812791233232177035e+01 4.432964700788463830e+01
5.268995699999999971e+01 5.014424999999999955e+01 5.134572175851640452e+01 3.619475361731747398e+01
7.862256999999999607e+01 4.716258599999999745e+01 8.238376111915951583e+01 5.429390967569004545e+01
5.646790299999999974e+01 6.924760399999999549e+01 8.662185251459999336e+01 6.985978964911291200e+01
5.389188399999999746e+01 6.621313999999999567e+01 5.839968447014734210e+01 4.590598926932946000e+01
7.984905999999999437e+01 5.992885199999999912e+01 5.862313001483104813e+01 6.055690713583047824e+01
8.646738999999999464e+01 5.858174000000000348e+01 8.072215551648369569e+01 5.546792426674747389e+01
5.318907500000000255e+01 3.791356999999999999e+01 5.904564778752412479e+01 3.618759901413643831e+01
6.566962999999999795e+01 6.886417400000000555e+01 5.102020536407121654e+01 4.893731396438494841e+01
8.765089399999999387e+01 3.607390000000000185e+01 6.380799941159739319e+01 6.139393788096079163e+01
6.606099000000000387e+01 4.350003399999999942e+01 5.203767867382627088e+01 5.368136930819790109e+01
5.692130699999999877e+01 5.506916400000000067e+01 7.832638819596874669e+01 5.853299033145842856e+01
7.289934999999999832e+01 4.391177700000000073e+01 8.889123736138841991e+01 5.713507194682254919e+01
7.452837999999999852e+01 6.624998499999999524e+01 4.720278551348462770e+01 5.537048909338500380e+01
6.843882000000000687e+01 4.786442000000000263e+01 6.772144619895928486e+01 5.016617602322980929e+01
6.988349999999999795e+01 6.695171000000000561e+01 8.582323553060528809e+01 6.595157475504333888e+01
6.714539999999999509e+01 6.498765600000000120e+01 8.455766357971700131e+01 5.064005059071278225e+01
6.761967500000000086e+01 4.882377999999999929e+01 4.806857305169877748e+01 4.554750291832474574e+01
9.104165000000000418e+01 4.083534199999999714e+01 8.305772454057171217e+01 4.884517008216493394e+01
5.449640999999999735e+01 4.942112000000000194e+01 9.109898820968831501e+01 6.876861003256495053e+01
6.427600999999999942e+01 4.590678400000000181e+01 8.117700887898766382e+01 3.979721055168332100e+01
7.694118000000000279e+01 5.652296400000000176e+01 6.210013167353687891e+01 5.897631398309147244e+01
4.913254500000000036e+01 6.403096999999999639e+01 8.603872707582414137e+01 6.132336901405007268e+01
7.242812000000000694e+01 4.422657999999999845e+01 6.679833349463312686e+01 5.554339512255305067e+01
6.137017000000000166e+01 5.194532800000000350e+01 6.832031666942359038e+01 5.885235101687812431e+01
4.953366499999999917e+01 4.777324300000000079e+01 9.118149305819439121e+01 5.857624174398422667e+01
6.303201299999999918e+01 5.208613600000000332e+01 7.139060662385841738e+01 6.376641674987576636e+01
9.070277400000000512e+01 3.969232600000000133e+01 7.560201560147802979e+01 5.498117409199817018e+01
8.110873399999999833e+01 5.629314800000000218e+01 8.704782349303117428e+01 3.868721953026796001e+01
4.851305800000000090e+01 6.343142300000000233e+01 7.503152566519064237e+01 6.084891334606579960e+01
5.539714399999999728e+01 4.881212200000000223e+01 5.187930077070566171e+01 6.192535711160648049e+01
8.587952400000000353e+01 4.769610999999999734e+01 8.842899170638641237e+01 5.968553937780118446e+01
6.347327400000000353e+01 5.964212400000000258e+01 8.028237084195352224e+01 6.234918337423937373e+01
5.632806800000000180e+01 4.022108000000000061e+01 8.727406460364611007e+01 4.134290281340691564e+01
6.220836299999999852e+01 4.429236999999999824e+01 8.246586294113902227e+01 3.985106474032798474e+01
9.083005500000000154e+01 4.455772400000000033e+01 7.641364757323165691e+01 4.837968099203248329e+01
7.454852999999999952e+01 4.745551700000000039e+01 7.788657327812904896e+01 4.805645125875187773e+01
8.072681400000000451e+01 4.517585400000000107e+01 8.853357309760036742e+01 6.511060770503937079e+01
4.885774599999999879e+01 3.917930599999999686e+01 7.137993920249259361e+01 6.980732809477724743e+01
5.295322800000000285e+01 6.223928999999999689e+01 7.271488942731483007e+01 4.125698372850508377e+01
5.755702200000000346e+01 6.344722999999999757e+01 5.561532109060790674e+01 4.258747189506080133e+01
8.392771999999999366e+01 3.602367799999999676e+01 6.523122871006711421e+01 5.341457057390557850e+01
5.502946000000000026e+01 4.775393300000000352e+01 6.497643142392142579e+01 5.639496730880826192e+01
6.306658000000000186e+01 3.962055600000000055e+01 7.462529894440187661e+01 6.556845430689588738e+01
8.220296999999999343e+01 4.861878600000000006e+01 7.322177581486164399e+01 5.540044661996721231e+01
6.405398999999999887e+01 6.305280700000000138e+01 9.151102056080358693e+01 5.359315162436143964e+01
5.213765000000000072e+01 5.117081499999999750e+01 7.077329245019686255e+01 3.706754103857423388e+01
7.927376599999999485e+01 4.073217400000000055e+01 7.074469049848383406e+01 5.890881376141027914e+01
6.573024999999999807e+01 6.035354199999999736e+01 8.173561976383855665e+01 6.162546926482123411e+01
4.723442000000000007e+01 5.503254299999999688e+01 7.138007953237608660e+01 6.365996832038368325e+01
4.869514999999999816e+01 4.860728000000000293e+01 8.161279527900020980e+01 3.681386948687282512e+01
9.132668999999999926e+01 5.272207600000000127e+01 6.524370392983139766e+01 5.423467232621604239e+01
9.064222999999999786e+01 5.993853399999999709e+01 5.656631414182144368e+01 4.209052859996161544e+01
8.357706000000000301e+01 3.775057199999999824e+01 7.811788330623301135e+01 5.378978734154767238e+01
7.897557999999999367e+01 4.946803299999999837e+01 6.616558375647132095e+01 5.777539419839496304e+01
8.311369000000000540e+01 5.060820799999999764e+01 8.987756389835486459e+01 3.721839084901837680e+01
8.978185999999999467e+01 5.066882300000000328e+01 7.939722832752427450e+01 4.242696674978034821e+01
6.949248500000000206e+01 6.353687299999999993e+01 7.254332688853131117e+01 4.307677101659767516e+01
8.057822000000000173e+01 4.518137000000000114e+01 5.156421221090121065e+01 5.725267040575788968e+01
6.968719000000000108e+01 6.459621400000000335e+01 5.723028881786267874e+01 6.302216891352063044e+01
7.372713500000000408e+01 6.475778999999999996e+01 7.536978990953181778e+01 6.998444778445130510e+01
8.518707999999999458e+01 6.897646000000000299e+01 9.124439779731073941e+01 4.340971493228872902e+01
7.268526500000000112e+01 5.891075500000000176e+01 7.195467313978072355e+01 4.618948319321967233e+01
5.020989600000000053e+01 5.711932000000000187e+01 7.814085516789647556e+01 4.275376626470135477e+01
5.345499000000000223e+01 6.179551299999999969e+01 8.993310834085346528e+01 4.525793918472626842e+01
8.891276600000000485e+01 4.335363999999999862e+01 8.546138036161721629e+01 3.898395109674074632e+01
9.199920000000000186e+01 3.570665400000000034e+01 8.746330387632247039e+01 6.775150498063096904e+01
6.986825000000000330e+01 4.775618999999999659e+01 5.532035874067585723e+01 3.850800427365117429e+01
7.189086000000000354e+01 6.926385000000000502e+01 4.667465871571804570e+01 4.843718466061013572e+01
8.153602999999999668e+01 6.901681000000000665e+01 6.735870912269837163e+01 6.780184826913992424e+01
6.017611300000000085e+01 6.678252999999999417e+01 8.324993502925192956e+01 5.316510898932362039e+01
4.745537999999999812e+01 5.017425999999999675e+01 5.107809337975086805e+01 5.682288724023813131e+01
4.866545500000000146e+01 3.849725000000000108e+01 8.103930532223637329e+01 4.114605696039564009e+01
5.078304700000000338e+01 5.255822799999999972e+01 8.824881651001035721e+01 5.802381808776349459e+01
7.838387000000000171e+01 5.576882599999999712e+01 7.115296321367753762e+01 5.367038932496853931e+01
8.684744000000000597e+01 3.684338400000000036e+01 8.778995637691070897e+01 6.673150208231442093e+01
5.791367999999999938e+01 6.431519000000000119e+01 5.957075238308888032e+01 6.556645471984391804e+01
8.649452999999999747e+01 4.501475500000000096e+01 7.733752336796301563e+01 6.557697067604304664e+01
4.677667199999999781e+01 6.658368000000000109e+01 7.968072480721046702e+01 5.055343632631947060e+01
8.140140999999999849e+01 3.597337999999999880e+01 7.558119182026707961e+01 4.308093899849828290e+01
5.957869999999999777e+01 5.718881600000000276e+01 7.124905125900335179e+01 6.266232319856665356e+01
4.856470000000000198e+01 5.133912300000000073e+01 8.239136151067435776e+01 5.747517898033584061e+01
9.165806600000000515e+01 4.823114000000000345e+01 6.985263279559818272e+01 4.565756953192015288e+01
5.969774999999999920e+01 6.170344500000000210e+01 8.962625268662347366e+01 4.782559169684547840e+01
5.119324000000000296e+01 4.253222699999999890e+01 6.563762025863454141e+01 4.353083288607248136e+01
6.538093999999999539e+01 5.368336999999999648e+01 8.282502234229194471e+01 6.438278955384595292e+01
7.705118600000000129e+01 5.366024999999999778e+01 4.728315434989404054e+01 4.717049738043040463e+01
7.182814000000000476e+01 6.104719999999999658e+01 6.137784310717484715e+01 4.182431793952921595e+01
6.401771999999999707e+01 4.260638999999999754e+01 6.239527714582727924e+01 6.609093874611977526e+01
5.481226699999999852e+01 4.766110199999999963e+01 6.798354199702512801e+01 6.604757030217162139e+01
8.879334000000000060e+01 3.759221300000000099e+01 4.936703846818250696e+01 5.355882709233691230e+01
7.294858600000000592e+01 6.175185400000000158e+01 8.059169002793220216e+01 4.453432616933860544e+01
6.627651000000000181e+01 5.597086300000000136e+01 7.254119761591161364e+01 5.073119797249754015e+01
9.060522000000000276e+01 4.415995999999999810e+01 4.924798175868778571e+01 5.531901402889237573e+01
8.839176000000000499e+01 6.633926400000000001e+01 5.443355324180438259e+01 5.400977861279504566e+01
8.521195000000000164e+01 4.662411000000000172e+01 7.986367829458720280e+01 5.933724844838242518e+01
6.735886399999999696e+01 4.966054499999999905e+01 9.196317017758818224e+01 3.688789515970934474e+01
4.812311600000000311e+01 4.917112000000000194e+01 7.306135834566514120e+01 5.376858378795330395e+01
5.433426999999999651e+01 6.578270999999999447e+01 8.016112575662020845e+01 5.887694670168976074e+01
5.056492000000000075e+01 5.201801999999999992e+01 8.295677416232197743e+01 3.763846348855198443e+01
5.268528400000000289e+01 4.427056999999999931e+01 8.197113637585275114e+01 6.119487515024587765e+01
6.602233999999999980e+01 4.627573799999999693e+01 8.553645010532267179e+01 4.140973445871573233e+01
7.475342999999999449e+01 6.207457399999999836e+01 6.332541361975165728e+01 4.026539906537168179e+01
9.033239000000000374e+01 4.621499599999999930e+01 5.601788731394570675e+01 4.422574003950733612e+01
5.516808000000000334e+01 5.075016999999999712e+01 8.469039746898366161e+01 4.544705015198086073e+01
5.547292000000000201e+01 6.495580999999999960e+01 5.889142354588107509e+01 5.317018287801553811e+01
5.082842600000000033e+01 3.554281999999999897e+01 7.651302934803496214e+01 3.817383641795628080e+01
6.891715999999999553e+01 4.626106599999999958e+01 5.144391655695608279e+01 5.112493407417274227e+01
4.738624000000000080e+01 4.631131700000000251e+01 7.052758593644094276e+01 3.972291402168784913e+01
5.341224700000000070e+01 3.630588000000000193e+01 7.676470427419712905e+01 5.989155866952349072e+01
7.821026999999999418e+01 6.356452000000000169e+01 8.463947238515859794e+01 6.843788440367066528e+01
6.401636999999999489e+01 6.405029999999999291e+01 7.381837263277286354e+01 4.129316206659739663e+01
8.156637000000000626e+01 6.152586699999999809e+01 5.474295208764776532e+01 6.423169004549701810e+01
5.416371999999999787e+01 4.704651599999999689e+01 8.916474034716320318e+01 3.582961278887247403e+01
7.444269599999999798e+01 5.966095399999999671e+01 5.563559137111867159e+01 6.349614979052999075e+01
4.744319000000000131e+01 4.139830800000000011e+01 6.081309985355942871e+01 6.875969193217972020e+01
5.552157199999999904e+01 5.564602299999999957e+01 7.817582776834672131e+01 3.558118087277640029e+01
4.900074800000000153e+01 4.018791199999999719e+01 8.387143088663901835e+01 5.765496346576991726e+01
6.658489000000000146e+01 6.964381000000000199e+01 5.742248519781645655e+01 3.920824142275417756e+01
6.537806999999999391e+01 6.286923999999999779e+01 8.788020764553780850e+01 4.809107864283627976e+01
5.199167299999999869e+01 4.681398800000000193e+01 8.184611067454193289e+01 6.080334798191493917e+01
8.391830400000000623e+01 3.529350999999999772e+01 4.901773021776104855e+01 4.797249490323356724e+01
5.561245699999999914e+01 5.420447999999999666e+01 6.639420995664299596e+01 5.226136528853542984e+01
7.555264999999999986e+01 3.952758999999999645e+01 7.214084609267106885e+01 6.768732515350609447e+01
6.439665999999999713e+01 4.585780700000000110e+01 9.152087795089899203e+01 5.427803555273663960e+01
5.382766300000000115e+01 5.108979000000000070e+01 5.445303806045987471e+01 3.705285139573257425e+01
6.100418499999999966e+01 5.386532600000000315e+01 6.974337787875592198e+01 5.486323171422557010e+01
5.316595499999999674e+01 6.121974000000000160e+01 6.461280782819584090e+01 4.375941868888246233e+01
8.967517999999999745e+01 3.723413500000000198e+01 5.882581507432390566e+01 5.622841501149701315e+01
4.791447999999999752e+01 6.421192999999999529e+01 5.431777211918606696e+01 4.186652295174966554e+01
6.966761999999999944e+01 6.209684800000000138e+01 5.262938132255725066e+01 4.014477374984725344e+01
5.805362300000000175e+01 5.035484999999999900e+01 6.323165200376608652e+01 3.698942899307905918e+01
8.554062000000000410e+01 4.467645999999999873e+01 6.236350430896321484e+01 6.129562816645534440e+01
8.556399500000000558e+01 5.727806000000000353e+01 8.363774241747525195e+01 4.988520223120805497e+01
6.868753999999999849e+01 4.856259000000000015e+01 7.759762488095063304e+01 6.859447280052535234e+01
5.084788000000000352e+01 3.520468499999999779e+01 8.102198298011836641e+01 6.756669996249797805e+01
6.130294800000000066e+01 4.052255199999999746e+01 7.490935360960122580e+01 6.960588286427916671e+01
5.415890499999999719e+01 4.907025500000000306e+01 6.554207154009927194e+01 5.991762589684605445e+01
5.667687600000000003e+01 4.695450199999999796e+01 6.439918022380192042e+01 5.077648428999967223e+01
7.732703999999999667e+01 4.144360700000000008e+01 8.836432710933638646e+01 5.894898208558442576e+01
8.999211999999999989e+01 3.576245500000000277e+01 7.284596852780087772e+01 5.459399663720797946e+01
8.429148000000000707e+01 6.803270999999999447e+01 8.965500156029888501e+01 3.576011353933815684e+01
