5.339472599999999858e+01 4.843246500000000054e+01 7.473634598693683984e+01 5.242875732706912828e+01
5.059978000000000264e+01 4.848636199999999974e+01 6.317534966038041944e+01 6.026665111938433483e+01
5.095468499999999779e+01 4.991022499999999695e+01 6.525423844595898970e+01 3.886926854941946630e+01
5.041930800000000090e+01 4.816576799999999992e+01 5.110359733404199289e+01 4.986272818656190964e+01
7.107115000000000293e+01 6.589466000000000179e+01 8.454657259850307582e+01 5.160202187477707980e+01
8.794929000000000485e+01 5.263289300000000281e+01 5.257681709082473986e+01 3.875469290283793811e+01
7.263335999999999615e+01 5.341016799999999876e+01 6.403677978076925115e+01 4.683959216387034985e+01
4.668860999999999706e+01 4.747027200000000136e+01 5.989505402577926674e+01 3.803578621661569059e+01
9.157546000000000674e+01 3.817257299999999987e+01 6.590038355018185712e+01 6.758689916013389620e+01
8.888190500000000327e+01 6.501682999999999879e+01 4.993948559477528448e+01 5.120133207867841918e+01
5.266975800000000163e+01 6.419378000000000384e+01 8.454199195093127628e+01 3.555888863958173118e+01
6.013470999999999833e+01 6.194715500000000219e+01 6.720159425024620248e+01 3.924836776539999050e+01
8.579904999999999404e+01 4.314995199999999897e+01 7.316583040148741190e+01 6.496268678930931628e+01
6.603270999999999447e+01 4.843106000000000222e+01 5.305667794433467321e+01 3.552477404261616556e+01
8.541925999999999419e+01 5.904115000000000180e+01 8.303719106140309236e+01 5.893276990047885988e+01
8.566745000000000232e+01 3.919830300000000278e+01 8.034261026611271461e+01 6.291827898224504168e+01
5.082100299999999748e+01 5.341089199999999693e+01 7.135391775399466496e+01 5.953045847546870561e+01
6.445869000000000426e+01 4.457287999999999784e+01 7.632766086040516029e+01 4.799986058238616948e+01
7.866755000000000564e+01 4.863276299999999708e+01 6.792213803808002126e+01 5.211569073615887504e+01
6.566634000000000526e+01 5.217611699999999786e+01 7.551414656748919185e+01 6.693605554861764517e+01
8.377309999999999945e+01 4.584633000000000180e+01 8.205474487735597222e+01 3.600816584550017296e+01
5.401715500000000247e+01 6.903106999999999971e+01 9.117832014510698002e+01 5.932427606904128936e+01
5.947172499999999928e+01 6.236372399999999772e+01 6.030206011493145013e+01 3.878806492552172358e+01
6.818075000000000330e+01 4.450585000000000235e+01 8.937421416253371831e+01 3.558107564629295183e+01
6.798403999999999314e+01 4.343795000000000073e+01 5.115953248996044778e+01 6.728793302298365120e+01
8.321550000000000580e+01 6.023682399999999859e+01 8.849207092620338244e+01 5.269649472494192111e+01
4.871417199999999781e+01 5.215393999999999863e+01 8.156586362861185080e+01 4.033226635236549384e+01
7.298297999999999774e+01 4.083252300000000190e+01 8.086669443389993717e+01 6.894850192480595297e+01
7.259849499999999978e+01 6.431005000000000393e+01 5.510272318482837051e+01 4.532922127060773221e+01
6.466946000000000083e+01 6.592837000000000103e+01 7.003912740181117158e+01 5.006665477421255162e+01
7.830513999999999442e+01 4.235037200000000013e+01 7.380467114583561283e+01 4.290075982114770170e+01
7.287445999999999913e+01 6.022084399999999960e+01 4.742943042631598871e+01 5.417375316576782041e+01
8.737730399999999520e+01 3.779402999999999935e+01 7.155044544231225245e+01 4.081220929918886497e+01
5.420673000000000030e+01 4.409905599999999737e+01 7.665932712448267239e+01 4.016285631437715864e+01
8.900530000000000541e+01 6.488566000000000145e+01 6.566446495635682368e+01 5.337937059214317514e+01
7.239538600000000201e+01 4.645192699999999775e+01 5.213423902489799389e+01 6.624274854406179713e+01
5.524476599999999848e+01 4.881630299999999778e+01 5.550085229073353332e+01 5.113104540227365646e+01
7.837744999999999607e+01 4.638136999999999688e+01 5.803373437986769545e+01 5.321072257874199352e+01
8.646653999999999485e+01 3.591403199999999885e+01 8.029870887735344809e+01 4.400005045035546658e+01
5.382907999999999760e+01 4.997805400000000020e+01 4.673332412100278788e+01 4.729925949477293301e+01
9.080723000000000411e+01 6.024409500000000151e+01 5.436688374272955571e+01 4.407789053949051095e+01
7.346666000000000452e+01 3.672303000000000139e+01 6.839837442516991928e+01 6.032692198530532579e+01
5.197639000000000209e+01 3.639404300000000347e+01 7.823257415355388389e+01 6.134041840520327327e+01
5.799405999999999750e+01 3.620833999999999975e+01 5.304666310616189406e+01 4.813141962042747934e+01
8.033863999999999805e+01 4.428102499999999964e+01 8.884928536706084401e+01 4.778425394373947910e+01
7.631790999999999769e+01 3.961659000000000219e+01 8.590757103092180103e+01 6.160635803526314902e+01
8.120416000000000167e+01 4.899734000000000123e+01 8.635149775402845762e+01 4.083242694765204561e+01
7.191074999999999307e+01 4.669075800000000243e+01 7.236879728219476249e+01 4.921807582092323230e+01
5.091275999999999868e+01 5.325766000000000133e+01 7.805159429523880021e+01 6.677621236452571907e+01
4.649254200000000026e+01 6.814005000000000223e+01 4.850967245339018064e+01 3.660719149129851502e+01
8.769969000000000392e+01 3.524662800000000118e+01 7.648148929129168039e+01 4.160927949865040887e+01
5.085712399999999889e+01 6.313688700000000154e+01 4.756554729465631226e+01 5.848761051091608465e+01
5.499804000000000315e+01 4.243280000000000030e+01 7.037969859769691539e+01 4.076093405659597124e+01
6.672189000000000192e+01 6.955124000000000706e+01 6.610927126098948747e+01 6.213672346249715162e+01
8.276556999999999675e+01 5.261307999999999652e+01 6.359046185403109064e+01 4.638014847428691922e+01
4.626442999999999728e+01 6.891633000000000209e+01 7.817084232317468206e+01 4.807643454070051803e+01
5.690683700000000300e+01 6.623102000000000089e+01 8.744685099775406911e+01 4.948941560354609237e+01
6.504828000000000543e+01 3.991565299999999894e+01 5.910333831825886364e+01 6.002616103752504273e+01
6.652794000000000096e+01 5.042596000000000345e+01 8.772548862177802675e+01 4.188947645382144458e+01
6.806695000000000562e+01 6.382922700000000304e+01 4.780210817694843684e+01 4.324396802128184447e+01
7.524506999999999834e+01 6.056795999999999935e+01 8.878351833452740038e+01 6.762568506377242272e+01
8.913616000000000383e+01 4.461311299999999846e+01 7.589692276817675065e+01 5.733883155657268560e+01
5.012537999999999982e+01 4.641937300000000022e+01 5.001315454384619841e+01 6.679156860173878840e+01
7.948291000000000395e+01 4.011860699999999724e+01 9.057502924682702883e+01 4.965196477663344865e+01
5.098018600000000333e+01 5.064710600000000085e+01 7.489841664968540158e+01 3.562544371474150751e+01
6.348202500000000015e+01 4.765538999999999703e+01 4.702027914546369658e+01 6.364121634270448169e+01
8.848830399999999941e+01 5.041868199999999689e+01 7.988836183782370881e+01 5.230936822288004606e+01
5.204355000000000331e+01 4.235336699999999865e+01 8.358859105718940441e+01 5.541853424324983024e+01
6.391082399999999808e+01 4.463239699999999743e+01 7.936091454678626178e+01 6.973201109649107821e+01
8.827138499999999510e+01 3.856925999999999988e+01 5.354491643375614274e+01 6.404329091097824289e+01
4.697312000000000154e+01 4.946396599999999921e+01 7.039563141803438384e+01 6.492910345480984802e+01
5.473273999999999972e+01 4.982398200000000088e+01 5.832230532050061811e+01 4.892608433161372261e+01
7.753709399999999619e+01 4.474616199999999822e+01 8.433163656058633251e+01 4.995892596544496200e+01
6.563290399999999636e+01 4.398559000000000196e+01 7.722531923232399720e+01 6.783605919835967768e+01
7.521670500000000459e+01 6.262372200000000078e+01 7.367559175955724982e+01 5.644942443712962188e+01
4.783639500000000311e+01 4.706979799999999869e+01 7.034417785748621554e+01 5.401583183377484687e+01
8.845811999999999387e+01 5.444677999999999685e+01 8.173190620690928654e+01 5.225005441371881432e+01
6.313300699999999921e+01 6.163922000000000168e+01 6.126947891635209231e+01 3.770157563444455917e+01
6.184803399999999840e+01 6.153417000000000314e+01 6.254577722166524723e+01 5.728707596206054831e+01
7.283692999999999529e+01 4.775851999999999720e+01 6.592704048789320836e+01 6.245573281482991490e+01
5.245084800000000058e+01 6.569777000000000555e+01 8.002388034154108709e+01 5.356798209269021527e+01
5.766705699999999979e+01 6.183834000000000231e+01 4.920650890187719995e+01 3.652883933001159988e+01
8.666244500000000528e+01 3.939806000000000097e+01 6.426308625308026024e+01 6.900738319740747784e+01
8.921657000000000437e+01 4.637635399999999919e+01 8.607590568567675859e+01 3.803345211750093569e+01
5.458554000000000173e+01 6.963743999999999801e+01 5.093849190496079871e+01 6.349221849996106926e+01
6.391317999999999699e+01 6.140981000000000023e+01 8.158339684552052518e+01 4.761453548605423691e+01
4.802621500000000054e+01 3.719132199999999955e+01 7.414492841956504776e+01 6.241901788480528523e+01
5.131146999999999991e+01 4.994921500000000236e+01 7.818627928004838168e+01 5.900480098260574380e+01
7.963566600000000051e+01 3.531603199999999987e+01 8.692489542398288904e+01 5.137777689350687638e+01
6.880131000000000085e+01 5.033566299999999671e+01 6.209587700687784206e+01 5.813598749295437074e+01
8.958286999999999978e+01 5.098296400000000261e+01 5.136842868239142490e+01 3.564264671181899757e+01
6.601675400000000593e+01 6.312010000000000076e+01 8.565581249356355897e+01 5.326285856460373935e+01
8.123556000000000665e+01 4.768356299999999948e+01 6.989704046575482721e+01 6.357262674184309503e+01
7.984104000000000667e+01 5.640539600000000320e+01 7.095087174836478994e+01 4.715178458819693219e+01
8.481204999999999927e+01 5.524993500000000068e+01 5.945953771728148496e+01 6.692700656541215665e+01
6.668859999999999388e+01 4.638750499999999732e+01 5.503524942993558966e+01 5.056609052685492856e+01
4.665939300000000145e+01 6.692338999999999771e+01 5.605603245190376072e+01 4.501828571478996821e+01
5.849872200000000078e+01 6.099105999999999739e+01 5.884160865837785792e+01 5.728664808392736774e+01
7.665773000000000081e+01 6.936590599999999540e+01 6.139989070757206946e+01 3.511729002391754051e+01
8.609228500000000395e+01 6.796366000000000440e+01 7.164236357976068348e+01 4.502377299445802805e+01
6.631451400000000262e+01 4.952810000000000201e+01 4.787143458081269642e+01 3.852140529236511668e+01
4.728903199999999885e+01 4.691311300000000273e+01 7.562251869483107214e+01 5.383305484368692362e+01
7.551214600000000132e+01 4.496627999999999759e+01 6.826807645521114409e+01 6.737840350527410749e+01
9.180121599999999660e+01 5.341402000000000072e+01 8.247238140555134578e+01 5.432358291111280835e+01
6.772455600000000686e+01 5.133700999999999937e+01 9.029955176643514392e+01 6.583483073953107123e+01
8.723273500000000524e+01 5.390442000000000178e+01 6.415411328604234598e+01 5.624356827246133861e+01
6.490261999999999887e+01 5.118035499999999871e+01 7.661790825435318197e+01 5.007524260618376388e+01
6.747915999999999315e+01 5.432144999999999868e+01 5.795917438519683174e+01 6.103346997040345912e+01
8.258649400000000185e+01 5.016890999999999678e+01 7.496444787245094687e+01 6.556017350585855752e+01
8.471607000000000198e+01 6.442885599999999613e+01 5.133966986761877394e+01 5.101216261265869889e+01
5.334155299999999755e+01 5.132151999999999958e+01 7.777152087505626810e+01 6.790452694021658431e+01
8.293120999999999299e+01 4.681194299999999942e+01 6.098065476924841022e+01 6.920857877728076346e+01
6.286952999999999747e+01 6.720318000000000325e+01 5.714111729248482163e+01 6.129956209150273594e+01
8.286624000000000478e+01 4.944687299999999652e+01 6.846831080581823414e+01 4.637463464880501363e+01
5.239362299999999806e+01 3.635574299999999681e+01 8.692993245154909232e+01 3.554612877829233497e+01
8.812180999999999642e+01 4.241441999999999979e+01 6.306875011958661048e+01 4.362346808657096631e+01
5.533939399999999864e+01 6.794396999999999309e+01 8.602800725749216326e+01 4.068213848936854760e+01
7.247733999999999810e+01 4.314022400000000346e+01 6.723170373508561681e+01 6.142185834335685257e+01
4.998027400000000142e+01 4.749081000000000330e+01 6.679221088675097917e+01 4.988268268701564523e+01
8.189770000000000039e+01 4.122007800000000088e+01 5.224750414911478913e+01 3.944915811356969471e+01
9.056928999999999519e+01 4.701064000000000220e+01 8.274089506320774490e+01 5.947477848629455366e+01
7.764466000000000179e+01 6.252563500000000118e+01 8.400178649715584811e+01 5.303858016127066577e+01
4.651361500000000149e+01 6.229066000000000258e+01 8.141492180414084601e+01 5.216882859923046567e+01
7.906695600000000468e+01 4.139362700000000217e+01 8.707944509944834977e+01 4.625338649991591922e+01
6.671490000000000009e+01 6.986909500000000151e+01 5.860198749861537948e+01 6.195473153087898766e+01
4.639938999999999680e+01 5.456745500000000249e+01 8.935475050281152676e+01 6.966495439189066019e+01
4.979946999999999946e+01 6.798882999999999299e+01 5.817836589315561469e+01 3.651637657587507846e+01
6.661320000000000618e+01 4.013583799999999968e+01 5.987756482721668760e+01 5.258852262754594165e+01
4.856337400000000315e+01 4.133356500000000011e+01 8.147240759459970150e+01 4.727325329914010155e+01
6.221198700000000059e+01 4.789804999999999779e+01 8.712402122846711450e+01 5.839373897313097928e+01
7.618737000000000137e+01 6.670519000000000176e+01 8.391584149185712249e+01 6.948852182466890781e+01
4.717793300000000301e+01 4.004792799999999886e+01 4.928615198860877911e+01 6.765719293460625750e+01
5.484533299999999656e+01 5.078520999999999930e+01 8.590361156088997063e+01 4.401106239464167658e+01
8.828189000000000419e+01 3.574349999999999739e+01 8.521663163239362859e+01 4.165979161658940200e+01
8.536466000000000065e+01 5.592024200000000178e+01 6.162509477903387278e+01 5.563037587794634931e+01
4.888419999999999987e+01 4.663178599999999818e+01 7.961714863293875055e+01 4.162804187628979946e+01
4.971061000000000263e+01 6.216103700000000032e+01 7.577134776104229275e+01 6.056876352232547589e+01
8.250363000000000113e+01 4.289631700000000336e+01 4.991929568551261553e+01 5.920630101727577710e+01
6.613873999999999853e+01 3.686851999999999663e+01 6.311798537694950539e+01 5.990718952419318555e+01
5.650281499999999824e+01 5.494033000000000300e+01 4.943739247125781588e+01 4.557150499308646374e+01
4.768558500000000322e+01 6.191801000000000244e+01 9.095694890477939509e+01 5.752211157856505963e+01
9.079948000000000263e+01 5.307261299999999693e+01 7.527412204738959645e+01 6.851684777298578410e+01
7.538616000000000383e+01 6.067442299999999733e+01 5.238150148826244390e+01 5.170494836126749760e+01
8.158118000000000336e+01 4.537104000000000070e+01 9.061119005633312895e+01 3.687054090553538543e+01
5.585394699999999801e+01 4.729959000000000202e+01 4.678677731956700825e+01 5.584610669505801184e+01
8.892359999999999332e+01 4.576102000000000203e+01 6.295414333268969642e+01 5.654905492459747052e+01
8.226415000000000077e+01 5.231490699999999805e+01 7.219543691870755708e+01 3.544508957309459873e+01
7.672278000000000020e+01 6.271726199999999807e+01 6.999210989097399249e+01 6.753916857599547541e+01
5.302091000000000065e+01 6.731531999999999982e+01 8.128373562773990102e+01 5.118612525131299407e+01
6.963021000000000527e+01 5.499002999999999730e+01 9.001207997417631645e+01 3.705192830251047553e+01
9.016819999999999879e+01 3.643844200000000200e+01 5.637755885473491446e+01 5.051929029980485097e+01
6.779561599999999544e+01 6.351429699999999912e+01 9.142675164908713725e+01 5.620208445676790632e+01
5.211693999999999960e+01 6.419521000000000299e+01 7.092746259733041825e+01 4.039544362587466253e+01
6.238897000000000048e+01 5.573573999999999984e+01 6.148090805460755348e+01 3.657538134826648957e+01
6.705492399999999975e+01 4.774103999999999814e+01 7.022367367112724423e+01 5.040217025708700049e+01
5.048276500000000055e+01 6.241528000000000276e+01 6.617175643130198637e+01 3.772271266563338088e+01
8.591270000000000095e+01 6.275947000000000031e+01 8.400840185997070364e+01 3.700231368963695644e+01
4.769919000000000153e+01 6.674508000000000152e+01 5.904414714245927343e+01 5.551104289456007734e+01
8.704536000000000229e+01 4.579198499999999683e+01 7.026459660466669277e+01 4.759928778246676728e+01
7.521860999999999819e+01 3.898195599999999672e+01 6.995690176891588408e+01 5.674079302128518520e+01
4.870430000000000348e+01 6.169306600000000174e+01 8.952263532269041946e+01 6.506804615264553604e+01
8.303042999999999552e+01 5.145228600000000085e+01 7.892790318397277360e+01 4.686323274501576464e+01
5.088598999999999961e+01 5.482999000000000223e+01 7.805427371314526397e+01 6.788367810745118902e+01
5.038355599999999868e+01 6.142294299999999652e+01 7.019465290515833544e+01 4.483253060463107431e+01
6.984507000000000687e+01 6.124012400000000156e+01 5.690287927266068380e+01 4.496963361793812908e+01
4.627082000000000050e+01 4.178964200000000062e+01 5.543652629745529481e+01 6.316457682497541271e+01
4.814629999999999654e+01 4.820965999999999951e+01 6.963902007092698909e+01 4.497577093409316262e+01
6.020823299999999989e+01 6.278655599999999737e+01 4.895494900798695426e+01 6.745286282247528220e+01
5.234025199999999955e+01 6.666849499999999296e+01 5.491666743576519849e+01 4.986043728359643978e+01
5.599020399999999853e+01 4.428195600000000098e+01 8.940645453317753777e+01 5.274102455522759669e+01
5.304635600000000295e+01 5.632189600000000240e+01 8.556274296528695800e+01 5.702383059553656608e+01
5.136236999999999853e+01 4.078260800000000330e+01 8.858297539705856138e+01 6.608792432076073453e+01
5.142757399999999990e+01 6.706785600000000613e+01 7.432422522910323437e+01 4.068349060664986183e+01
7.810428000000000281e+01 4.631424700000000172e+01 6.630296864179172189e+01 4.971772921045867832e+01
5.451947400000000243e+01 4.997598299999999938e+01 8.396494866737015172e+01 5.973111844375417689e+01
7.488580000000000325e+01 6.074363300000000265e+01 7.321801655351453064e+01 4.298608065281217705e+01
7.218268999999999380e+01 3.532869000000000170e+01 5.098125382836481378e+01 6.642107492876679942e+01
7.805759000000000469e+01 4.373719400000000235e+01 7.623733391803311576e+01 5.188791721469941365e+01
5.396303999999999945e+01 4.989849999999999852e+01 8.678179412007824567e+01 5.062951175552660743e+01
7.941346000000000060e+01 4.803658000000000072e+01 8.620633154663221376e+01 4.017314181636368176e+01
9.148412000000000432e+01 4.360678000000000054e+01 4.807621119481679273e+01 6.484408774422360011e+01
5.754832999999999998e+01 4.366849500000000006e+01 7.230432464370323942e+01 6.040860966840379831e+01
4.797958799999999968e+01 4.368990300000000104e+01 6.668154847431644328e+01 4.001530203375964589e+01
8.924674000000000262e+01 4.437624000000000279e+01 8.820503950922137903e+01 5.882217905934620461e+01
6.593037400000000048e+01 6.571241000000000554e+01 5.094634154469125065e+01 4.631848325805167121e+01
8.254558000000000106e+01 4.413940999999999804e+01 4.819372435642125652e+01 6.862253988290507323e+01
7.492908500000000060e+01 4.144767999999999830e+01 6.926946209825729284e+01 5.525270675793504438e+01
8.629645499999999458e+01 3.957482499999999703e+01 6.917628889876887399e+01 6.533412558055950115e+01
7.377876999999999441e+01 4.808458300000000207e+01 5.775399488768630363e+01 4.521817748303215012e+01
7.636217000000000610e+01 4.625157000000000096e+01 5.252919585248717738e+01 4.231183513311960809e+01
5.026535400000000209e+01 4.950337600000000293e+01 8.209356762549855091e+01 4.578736995587301095e+01
6.761986000000000274e+01 6.580026999999999759e+01 4.985594264428085154e+01 4.333140692068559474e+01
5.294897000000000276e+01 6.522754000000000474e+01 5.119286168746778287e+01 6.036855626675802711e+01
6.609180000000000632e+01 5.345123300000000199e+01 8.349076604552429615e+01 4.436328978506868737e+01
8.941614500000000021e+01 4.490939000000000192e+01 7.043444933299632282e+01 3.993256154913512290e+01
5.938226000000000226e+01 6.673771999999999593e+01 4.783761491822001233e+01 5.324472604605238502e+01
8.182177000000000078e+01 5.863260300000000314e+01 6.798903443933325264e+01 5.672089659524343119e+01
4.854181299999999766e+01 6.496733000000000402e+01 8.668076117158372540e+01 3.742944997252493522e+01
6.771877000000000635e+01 5.387136000000000280e+01 6.355981110266907308e+01 3.510224539785060927e+01
7.223666400000000465e+01 6.412923399999999674e+01 5.117782171369766075e+01 5.951726876190384274e+01
5.020857600000000076e+01 4.253743000000000052e+01 9.035489706951825895e+01 3.696499392909486659e+01
8.197140500000000429e+01 4.753764000000000323e+01 7.090298694866586970e+01 5.433749055664704031e+01
7.706990000000000407e+01 6.710917999999999495e+01 8.331008010821702214e+01 5.530517990199882661e+01
6.494226000000000454e+01 6.062156999999999840e+01 5.698434316947191292e+01 5.446943970327442486e+01
6.396671299999999860e+01 5.263047999999999860e+01 7.667582984536252866e+01 4.727727329414320678e+01
8.817103000000000179e+01 3.897117999999999682e+01 6.993827647704659967e+01 5.152699250762101002e+01
8.322929999999999495e+01 5.533429699999999940e+01 8.019831997788111266e+01 4.438282888158086337e+01
7.010299000000000547e+01 6.298281500000000221e+01 5.981039737295758130e+01 4.933207559372040407e+01
7.599401000000000295e+01 6.379987299999999806e+01 6.744543614398038756e+01 6.700396888142181240e+01
7.127795399999999404e+01 6.159145000000000181e+01 6.192355076678727954e+01 6.500010916445513942e+01
4.764224600000000009e+01 3.722836000000000212e+01 8.226168756621029843e+01 6.421951185039061727e+01
7.904353999999999303e+01 4.667101999999999862e+01 8.634927639905058072e+01 4.365141018531190298e+01
9.160120000000000573e+01 4.089896399999999943e+01 7.900255035835296269e+01 6.437544955828764159e+01
4.720137400000000127e+01 5.830328800000000200e+01 6.604358912167029416e+01 3.982826293387573457e+01
8.187815999999999406e+01 3.541604600000000147e+01 6.045713816918630101e+01 6.327693234249737486e+01
8.021844000000000108e+01 4.346537000000000006e+01 7.640165177568611909e+01 3.568007549626319275e+01
5.832942599999999800e+01 4.307312000000000296e+01 7.800647264491581723e+01 5.758394721075850953e+01
4.756330499999999972e+01 6.301571299999999809e+01 8.642791368976813260e+01 3.569723852608052539e+01
5.745396800000000326e+01 4.821063600000000093e+01 5.987576274939074494e+01 5.553972239794757115e+01
8.817055499999999313e+01 3.674307999999999907e+01 4.611267180412319533e+01 5.630780937002775488e+01
8.816485000000000127e+01 4.270190999999999804e+01 8.794854907823346934e+01 3.999119643064929619e+01
7.398699000000000581e+01 6.325536300000000267e+01 5.585247014952635425e+01 5.597856089431742532e+01
5.439920999999999651e+01 4.738344000000000023e+01 7.570206330494909253e+01 5.715716100876888817e+01
9.196247999999999934e+01 6.509338999999999942e+01 8.548812800349315921e+01 3.968092979515955676e+01
4.864542999999999751e+01 6.469620000000000459e+01 6.710659029414819088e+01 5.890049740648550625e+01
5.188555499999999654e+01 4.990686800000000289e+01 7.079193085900439542e+01 6.984270660450852120e+01
5.736075000000000301e+01 6.608280999999999494e+01 7.918847891536218242e+01 6.902920484262904210e+01
7.879462999999999795e+01 5.751350000000000051e+01 6.868802786929087745e+01 5.711224397602357783e+01
8.899352000000000373e+01 4.556183000000000050e+01 7.692808211114805772e+01 6.005623706729043931e+01
5.621383999999999759e+01 4.971320999999999657e+01 5.172878623393371811e+01 5.539821106286187558e+01
8.041629000000000360e+01 4.120745999999999754e+01 5.508310153344393711e+01 5.987891224822043057e+01
6.695087399999999889e+01 6.934870999999999697e+01 7.747779072463887928e+01 3.787381503676585481e+01
5.425970999999999833e+01 5.702098999999999762e+01 6.827661678077086549e+01 5.075715602255998959e+01
6.724599999999999511e+01 4.958888199999999813e+01 8.435157657466371006e+01 6.134822015196274947e+01
8.461827999999999861e+01 6.237893300000000352e+01 5.696458852114858473e+01 5.554526777927262060e+01
5.137774699999999939e+01 3.696650000000000347e+01 7.110808121814478966e+01 4.457560091478134723e+01
8.965967000000000553e+01 3.673283800000000099e+01 7.363054298671247011e+01 6.676078017267055031e+01
8.602796999999999628e+01 3.941754000000000246e+01 4.915409459136856896e+01 5.339159532484263337e+01
8.207909999999999684e+01 5.481877000000000066e+01 8.939929876037157896e+01 5.387005367595382666e+01
7.425484500000000310e+01 6.315915700000000044e+01 6.737255486781285185e+01 6.096885061761474844e+01
7.991513000000000488e+01 4.228584699999999685e+01 8.708031427212492304e+01 6.942393533798610861e+01
5.576731500000000352e+01 5.968650399999999934e+01 7.573878643022706569e+01 5.223712295451093723e+01
5.661113999999999891e+01 4.183441499999999991e+01 8.951704257730580139e+01 5.471025145496421516e+01
8.637086999999999648e+01 4.522610000000000241e+01 5.827297590016188877e+01 6.215101175059797356e+01
8.732873499999999467e+01 3.998366000000000042e+01 7.574413492057459507e+01 5.050027090837996724e+01
6.860488999999999749e+01 4.376841000000000292e+01 4.811075694852853246e+01 3.897843939295736959e+01
7.042789500000000658e+01 5.632869999999999777e+01 4.891968232417953999e+01 5.255955087625445543e+01
5.258948000000000178e+01 4.419971000000000316e+01 5.157781591411558964e+01 3.661665871344512624e+01
6.399151200000000017e+01 6.161315499999999901e+01 5.093911641163028037e+01 4.904382701402447253e+01
8.795213999999999999e+01 4.786865999999999843e+01 7.518574727654947765e+01 5.270188939115543292e+01
8.175827999999999918e+01 5.109350599999999787e+01 5.586948618391458865e+01 4.933690988543273193e+01
8.215968999999999767e+01 5.567588400000000348e+01 6.071321627037455215e+01 4.186001490559649341e+01
4.761069499999999977e+01 6.880450999999999340e+01 7.628937505958651855e+01 5.079790436631670048e+01
8.962099000000000615e+01 5.476816999999999780e+01 8.661616985661274271e+01 5.958309522448958973e+01
7.329581500000000460e+01 4.577711000000000041e+01 7.883930539327650422e+01 5.610773881357816606e+01
5.643560999999999694e+01 4.867862999999999829e+01 5.140950623610764580e+01 6.636689528375677583e+01
8.664508999999999617e+01 4.462040700000000015e+01 5.243863308351026831e+01 5.834768047110890166e+01
5.981524999999999892e+01 4.196849399999999974e+01 5.906352333772676388e+01 4.647237564778589558e+01
6.632752000000000692e+01 6.188658499999999663e+01 6.368742043956135035e+01 4.722474599386990946e+01
5.469368399999999752e+01 4.961209000000000202e+01 6.335438297145587683e+01 5.763108576427647733e+01
8.017831400000000031e+01 4.767863499999999988e+01 6.116345594171737332e+01 4.523744408823446861e+01
6.962798999999999694e+01 4.398559999999999803e+01 5.885751826114956486e+01 5.857772256685223056e+01
8.322939999999999827e+01 4.318152599999999808e+01 5.917907851621203008e+01 4.306421895639084596e+01
7.470798499999999365e+01 6.737736999999999910e+01 5.143236546521134045e+01 3.854650587941090123e+01
8.074791999999999348e+01 6.798675500000000227e+01 8.647764707935102990e+01 6.244483324951582404e+01
9.042018000000000200e+01 4.101169999999999760e+01 8.907052253621685622e+01 3.793461795574998519e+01
5.193275500000000022e+01 4.992132000000000147e+01 5.354811707473292159e+01 4.964156178932955044e+01
8.400097999999999843e+01 4.116015000000000157e+01 8.421662113572419628e+01 6.591308884445132321e+01
7.931108999999999298e+01 4.903417000000000314e+01 5.120634863823367766e+01 5.286365194081944452e+01
9.006872599999999807e+01 5.034328500000000162e+01 8.016044776255778004e+01 6.890124417294799741e+01
6.850477999999999668e+01 5.831031800000000231e+01 7.289394959084002323e+01 6.662829701827223516e+01
4.875379600000000124e+01 4.851680799999999749e+01 5.392618227627991701e+01 4.990920759005428664e+01
8.506985000000000241e+01 4.316980999999999824e+01 8.007416499810123867e+01 4.360560520207118884e+01
7.092996999999999730e+01 6.093551000000000073e+01 6.381638701796320845e+01 4.155280317732936624e+01
8.014539000000000613e+01 5.075311700000000315e+01 7.141674749137570188e+01 4.912389573391197928e+01
7.532222000000000151e+01 3.948201399999999950e+01 5.033269403160555555e+01 4.482164830059153360e+01
9.097839999999999350e+01 3.971259700000000237e+01 5.867907073720465405e+01 6.371410410080587639e+01
6.722362499999999841e+01 4.501188299999999742e+01 7.638001843452551043e+01 4.497045445180880563e+01
7.960962999999999568e+01 6.059699599999999720e+01 5.141651496296004353e+01 5.657319432345671828e+01
7.449060000000000059e+01 4.600823599999999658e+01 7.864701369181435098e+01 6.372643841751347793e+01
5.383241000000000298e+01 3.755842599999999720e+01 5.234995207163755282e+01 6.365087812726989114e+01
5.553701399999999921e+01 4.342808999999999742e+01 8.146176771585280108e+01 6.876374583207733338e+01
5.317640999999999707e+01 4.813754699999999787e+01 7.000803256583196799e+01 4.799208750926397471e+01
6.501417999999999608e+01 5.074206000000000216e+01 7.850577986871738290e+01 6.129173668704231659e+01
6.260779999999999745e+01 6.362525999999999726e+01 4.628256863122239650e+01 6.344006238412834620e+01
8.200321999999999889e+01 5.044960999999999984e+01 5.622793081229824708e+01 4.638889715221697685e+01
7.107487999999999317e+01 6.834610000000000696e+01 8.738809164972997223e+01 6.287005296845840263e+01
7.347992999999999597e+01 6.848823500000000308e+01 8.984295630278599276e+01 3.743517880508436946e+01
5.087962999999999880e+01 4.919207399999999808e+01 8.396189147818469678e+01 5.577978601480032950e+01
6.520471000000000572e+01 6.134134300000000195e+01 8.974230487055660888e+01 5.166016718824330667e+01
4.876284799999999819e+01 4.257084300000000354e+01 6.994927533159651034e+01 4.050308051186166125e+01
7.302604999999999791e+01 5.172755399999999781e+01 7.116627906768866296e+01 4.150967335549444925e+01
5.303701000000000221e+01 4.019458800000000309e+01 5.225602085635513561e+01 3.844369542240765725e+01
8.715931000000000495e+01 4.155713300000000032e+01 7.595809741303779106e+01 6.122296761390149555e+01
6.741200999999999510e+01 6.864571999999999719e+01 7.495976466281152284e+01 4.544412461388526481e+01
6.115521999999999991e+01 5.193583300000000236e+01 9.164493712929206026e+01 6.481597249306803121e+01
9.070893999999999835e+01 6.410837600000000691e+01 6.266501549880601374e+01 5.204976139790986167e+01
6.098150299999999646e+01 6.448563000000000045e+01 7.366735520900539314e+01 6.692594676427103195e+01
5.804612699999999847e+01 4.435545700000000124e+01 7.905401345907833388e+01 4.913391575295736402e+01
7.912906999999999869e+01 5.542962299999999942e+01 7.770754609034669613e+01 5.120987744636207850e+01
6.820277000000000100e+01 5.707104999999999961e+01 6.368773854071531559e+01 5.385796964619910909e+01
8.080441999999999325e+01 6.400343999999999767e+01 5.118629487088996655e+01 3.957163141248561544e+01
4.854117999999999711e+01 6.535394999999999754e+01 6.359960185830961876e+01 4.531255302723917566e+01
6.901860000000000639e+01 6.200596999999999781e+01 8.719029256628621738e+01 4.204733318294159261e+01
8.057143999999999551e+01 5.036995999999999896e+01 9.004873545717273942e+01 5.957405676451026011e+01
7.650074999999999648e+01 4.253406999999999982e+01 7.296615861779091006e+01 5.856128414591871945e+01
5.182235000000000014e+01 5.265465999999999980e+01 8.059400970746644077e+01 4.906485891282991929e+01
