1.349519999999999982e+02 1.169487200000000016e+01 1.326192370919432051e+02 5.362679558942690328e+00
1.011475200000000001e+02 2.924591300000000160e+01 1.228887895222314057e+02 2.186585045472024902e+01
9.339405999999999608e+01 1.624022300000000030e+01 1.137774388697804966e+02 1.007962658888472340e+01
1.227981199999999973e+02 3.281226699999999852e+01 1.129413451163514708e+02 1.129585575361772287e+00
1.085890660000000025e+02 5.622329999999999828e-01 1.251614524403956921e+02 1.110464970389986039e+00
1.292556600000000060e+02 1.137209400000000059e+01 1.151022243069254927e+02 2.125755229132846313e+00
1.167711800000000011e+02 1.044548600000000071e+01 1.043553760523621179e+02 2.728069241749169294e+01
9.569082000000000221e+01 2.712815700000000163e+01 1.190118498767088511e+02 4.167071326235295636e+00
1.211908499999999975e+02 1.480161999999999978e+01 1.339932209239315739e+02 3.336978557847892546e+01
1.272875200000000007e+02 3.735890000000000044e-01 1.371190392342994357e+02 1.008971558422823556e+01
1.088499999999999943e+02 2.839095999999999975e+01 9.429863735518188150e+01 5.719636330875661479e+00
9.699267600000000300e+01 3.332831000000000188e+01 1.010494241698723101e+02 2.778091919117945707e+01
1.314515000000000100e+02 1.002607700000000079e+01 9.921175832799760030e+01 7.997879202455704384e-02
1.212168499999999938e+02 5.970590000000000064e-01 1.319953884769111312e+02 3.042322971865508041e+00
1.089955800000000039e+02 1.639875599999999878e+01 1.178345017423579577e+02 1.577184862692031508e+00
1.364280100000000004e+02 4.255118000000000400e+00 9.605690173194344084e+01 1.656234899986221265e+01
1.194439849999999979e+02 3.088717700000000121e+01 1.058831345128054267e+02 3.045149816051092628e+01
1.123576999999999941e+02 3.279659999999999798e-01 1.096669326862201643e+02 3.441752254209687578e+01
1.359555699999999945e+02 2.916656499999999852e+01 1.209374774322340187e+02 1.277703095728416471e+01
9.823951999999999884e+01 1.669737599999999844e+01 1.280991792224404549e+02 1.302398402860704429e+01
1.235410839999999979e+02 6.541074000000000055e+00 9.863941257637696935e+01 2.901339678652552934e+01
1.066250150000000048e+02 2.543620000000000214e+00 9.491038418705524293e+01 3.348794611309730129e+01
1.110863800000000055e+02 2.956343499999999835e+01 9.939652519302353539e+01 1.179156240152000601e+00
9.899518999999999380e+01 3.035501000000000005e+01 1.127365363233568303e+02 3.311802138700730325e+01
1.154087799999999930e+02 2.365899500000000089e+01 9.226362614001604356e+01 1.204190881364971055e+01
1.130678500000000071e+02 1.070391300000000001e+01 1.206868506053992292e+02 1.183747642858461013e+01
1.109355999999999938e+02 1.694945099999999982e+01 1.060693467257343912e+02 6.156644136079950869e+00
1.162961800000000068e+02 2.799809799999999882e+01 1.116842285256503260e+02 1.408395475420250342e+00
1.041200560000000053e+02 2.495909899999999837e+01 1.289252769426607870e+02 1.871575158538041350e+01
1.019195560000000000e+02 2.802453799999999973e+01 1.257436695221528566e+02 1.560880124420544846e+01
1.303266000000000133e+02 5.151488999999999763e+00 1.174699896299891293e+02 1.076973575487252965e+01
1.325616899999999987e+02 2.183529300000000006e+01 1.064856184915831392e+02 2.851883213229463010e+01
1.039350500000000039e+02 2.735918399999999906e+01 1.255707142749532466e+02 2.580972930331626003e+01
1.370245700000000113e+02 1.147566899999999990e+01 1.316823914959462627e+02 2.695389308196362244e+00
1.045020300000000049e+02 3.012155500000000075e+01 1.161173172007481185e+02 3.299132293087664181e+01
1.165043500000000023e+02 1.716985000000000028e+01 1.373939750480816997e+02 4.945502437727111733e-01
1.327581000000000131e+02 3.298633999999999844e+00 1.018733066376119893e+02 2.811574999977328204e+01
1.030680899999999980e+02 2.392125499999999860e+01 1.310406314926392781e+02 1.570022506944859675e+00
1.020971899999999977e+02 2.676877800000000107e+01 1.312771611370554012e+02 5.765774503393315875e+00
1.179312000000000040e+02 9.954869000000000412e+00 1.000283612195910479e+02 1.171328840336864197e+01
1.283993499999999983e+02 1.234091600000000000e+01 1.245725827749895842e+02 2.276237541968711042e+01
1.020575599999999952e+02 3.032312399999999997e+01 1.240738893008967096e+02 1.863020865446921448e+01
1.039862200000000030e+02 2.419322400000000073e+01 1.231840918651711263e+02 1.115648842283648889e+01
1.215120100000000036e+02 3.517780999999999825e+00 1.292671465712730310e+02 6.142730730227556002e+00
1.055970499999999959e+02 6.590237000000000123e+00 1.021395371718046192e+02 1.843508205859673765e+01
1.270486300000000028e+02 1.419520600000000066e+01 1.347827566581971155e+02 2.040242060063279439e+01
1.002700300000000055e+02 1.703686300000000031e+01 9.751426926589131483e+01 2.914478818632231238e+01
1.307676400000000001e+02 9.199001000000000872e+00 1.212728274963463377e+02 1.988235487644884714e+01
1.204627899999999983e+02 7.529904000000000153e+00 1.349092424089330393e+02 1.876828875767451876e+01
1.221146700000000038e+02 7.678874999999999673e+00 1.276374631062765275e+02 2.033443348685722185e+00
1.114765500000000031e+02 2.000540499999999966e+01 1.168015711789271478e+02 1.882371250758239611e+01
1.134832399999999950e+02 1.777810300000000154e+01 1.124337874515323676e+02 2.774473942678753602e+01
1.073838200000000001e+02 2.117361000000000004e+01 1.036193101771422107e+02 1.111609672781175107e+01
9.805646500000000287e+01 1.719266899999999865e+01 1.151698751121519138e+02 1.329327241990178043e+00
1.239427000000000021e+02 2.807401000000000035e+00 1.364734970344406406e+02 2.439326323761547854e+01
1.008948800000000006e+02 1.652329800000000048e+01 9.831395721502687479e+01 6.710668828418731913e+00
1.255835950000000025e+02 1.142485399999999984e+01 1.249153633838931796e+02 8.740805767671204762e+00
1.031737439999999992e+02 5.745917000000000385e+00 9.707947560071545468e+01 2.933992346445741362e+01
1.210716900000000038e+02 6.892971000000000181e+00 9.432527661468029123e+01 1.497663422158768931e+01
1.159256900000000030e+02 2.697432299999999827e+01 9.776959577305063931e+01 2.623238834564481436e+01
1.305616899999999987e+02 5.040212999999999610e+00 9.239627147121591122e+01 1.713834100008433392e+00
1.090832599999999957e+02 1.999703000000000008e+00 1.283953177999316893e+02 2.354705267569469740e+01
1.082674300000000045e+02 2.621295500000000089e+01 9.574126946805836269e+01 2.923610091272493605e+01
1.287667099999999891e+02 1.207068300000000072e+01 1.200130183816566927e+02 1.574350295412410006e+01
1.010747149999999976e+02 1.745857799999999926e+01 9.670053426443730871e+01 2.080050418070964824e+01
1.344037299999999959e+02 3.264661399999999958e+01 1.247557560352722987e+02 2.543656432203509254e+01
1.006227399999999932e+02 1.954385600000000167e+01 1.060830229242263556e+02 3.402996163444317546e+01
1.133417740000000009e+02 1.599369000000000085e+01 1.055618800751242219e+02 1.932890472324516296e+01
9.977344999999999686e+01 2.670044899999999899e+01 1.307555796059257034e+02 1.654002254363932778e+01
1.034781339999999972e+02 1.418773999999999980e+01 1.034258214279010133e+02 5.003340099810226427e+00
1.006064200000000000e+02 2.769523600000000130e+01 9.586609597580688558e+01 1.509375146856372751e+01
1.042165799999999933e+02 2.347071499999999844e+01 1.322157205353145173e+02 4.312674156419589622e+00
1.083680499999999967e+02 2.084225800000000106e+01 1.058072430513397251e+02 1.820358893712866077e+01
1.250700149999999979e+02 1.553383900000000040e+01 1.080982948138557873e+02 2.032138272521941502e+01
1.061745300000000043e+02 2.465655100000000033e+01 1.299187409996870315e+02 2.489644123170886303e+01
1.067997500000000031e+02 2.827483199999999997e+01 1.208959448151899068e+02 4.436015621253207364e+00
1.117577739999999977e+02 2.046753999999999962e+01 1.166922546473863065e+02 3.201992450499070486e+01
1.135468599999999952e+02 1.324376900000000035e+01 1.307341167590400062e+02 1.805630913614534983e+00
1.224107740000000035e+02 7.443858999999999781e+00 1.216483766117979712e+02 2.191682781457538454e+01
1.219990200000000016e+02 5.213186999999999571e+00 1.347384510887253839e+02 1.072561052033618179e+00
1.063787499999999966e+02 2.825092300000000023e+01 9.906070274451553814e+01 1.954648012262142842e+01
1.213342499999999973e+02 2.617049000000000181e+00 1.222263020163200054e+02 1.995664042441117658e+01
1.156589100000000059e+02 2.078124199999999888e+01 1.283460938990191380e+02 1.429226037883250378e+01
1.205678249999999991e+02 2.621988100000000088e+01 1.065496375294982698e+02 2.390913018312146310e-01
1.298188600000000008e+02 9.076064999999999827e+00 1.252751457540863669e+02 2.668316898422508032e+01
1.224132840000000044e+02 1.063505699999999976e+01 1.378441386084878104e+02 1.485680937187286510e+01
9.890682999999999936e+01 1.802293200000000084e+01 1.290678966506642098e+02 3.322777187512806485e+00
1.061328350000000000e+02 2.596210900000000166e+01 1.167460414809556681e+02 2.439885861339652351e-01
1.291512099999999919e+02 1.286193699999999929e+01 9.556889733852209190e+01 1.353395314251485537e+01
1.346454300000000046e+02 1.258279899999999962e+01 1.271798097604538782e+02 2.263097730286780873e+01
1.021120999999999981e+02 2.292310000000000159e+01 9.201054096267756677e+01 1.570252073209133670e+01
1.120762000000000000e+02 7.865459999999999674e-01 1.342673491253641771e+02 2.006331177579635749e+01
9.999969000000000108e+01 2.509792300000000154e+01 9.682026642460097321e+01 1.236770544662731020e+01
1.093003099999999961e+02 1.012630000000000058e-01 1.199752284916395979e+02 2.936763137944080881e+01
1.013173800000000000e+02 1.780067999999999984e+01 1.125457911909643087e+02 1.310198196084456335e+01
1.259232559999999950e+02 4.161654000000000408e+00 1.266893903787080404e+02 1.201462312829456103e+01
1.215274660000000040e+02 9.855489999999999640e+00 1.082422921233990252e+02 1.674342265330133372e+01
1.327039000000000044e+02 1.584810399999999930e+01 9.957789450963670674e+01 2.166032997815212369e+01
1.065032039999999967e+02 4.921710000000000251e-01 1.293337549819626986e+02 1.826337377179255839e+01
1.360886000000000138e+02 1.322069300000000069e+01 1.040882077212430801e+02 2.951763814401876118e+01
1.197064500000000038e+02 1.762339400000000111e+01 1.286695451014753075e+02 1.386989607380467326e+01
1.127789899999999932e+02 1.603903199999999885e+01 1.330878303770194009e+02 5.927433118415880386e+00
1.000685000000000002e+02 2.550993300000000019e+01 1.267932605710597187e+02 3.124048559383781765e+01
1.221697539999999975e+02 5.261603000000000030e+00 1.296132478356068134e+02 1.177798624816553819e+01
1.130644759999999991e+02 5.041568999999999967e+00 1.141855858497111598e+02 1.929071623789767642e+01
1.306562800000000095e+02 2.621539999999999981e-01 1.054117815958405231e+02 2.742827509915452566e+01
1.140832999999999942e+02 2.683112699999999862e+01 1.332553506174184861e+02 6.554712548263671223e+00
1.299299300000000130e+02 1.610754400000000075e+01 1.167018862223694100e+02 1.459926109687466678e+01
1.004711900000000071e+02 2.451955200000000090e+01 1.289499004205780182e+02 2.964868441446441594e+01
9.989088999999999885e+01 2.683164999999999978e+01 1.119289998427598647e+02 3.402906269004236606e+01
1.222981000000000051e+02 3.382558000000000220e+01 1.258391231495792226e+02 4.815821858369043085e+00
1.078804999999999978e+02 1.347900000000000098e+00 1.093957186944701618e+02 3.728668757702715109e+00
1.210836500000000058e+02 1.404887100000000011e+01 9.371932184567357638e+01 3.136791273034170935e+00
9.588267000000000451e+01 2.653397000000000006e+01 1.354034161343407447e+02 3.028897962286902157e+01
1.064823149999999998e+02 3.252676000000000123e+00 1.357431757173359870e+02 2.433990397317962362e+01
1.284304700000000139e+02 1.899298699999999940e+01 1.131657118064622267e+02 2.929410984976868804e+01
1.084516140000000064e+02 7.152399999999999869e-01 1.305677236168453987e+02 1.286762518862264848e+01
1.255556260000000037e+02 1.372629099999999980e+01 1.255487675684670705e+02 2.578144955055415721e+01
1.074301300000000055e+02 3.293291500000000127e+01 1.152837040947466534e+02 1.736871364739783630e+01
1.174418639999999954e+02 1.991549499999999995e+01 1.065774049970975312e+02 3.577885293244359666e+00
1.206880299999999977e+02 9.057698999999999501e+00 1.198951523277658282e+02 1.337536675566778577e+01
1.074241999999999990e+02 2.922848300000000066e+01 1.368212970820727890e+02 1.172672550981633677e+01
1.129178600000000046e+02 2.190700100000000106e+01 1.345661008113499975e+02 2.736166110699119969e+01
1.150682749999999999e+02 1.918149599999999921e+01 9.619552869200911971e+01 6.077279230872089322e+00
1.252770199999999932e+02 1.020389400000000002e+01 1.258761063085770644e+02 1.718555279639941347e+01
1.215634399999999999e+02 8.080892999999999660e+00 9.237537639815595014e+01 7.705578128717896824e+00
1.222233659999999986e+02 2.248752000000000084e+00 1.272208770364287886e+02 2.854248081169310325e+01
1.368218999999999994e+02 9.378269999999999662e-01 9.878224916449038062e+01 2.381278827736627335e+01
1.212147099999999966e+02 1.824274799999999885e+01 1.014028299856649369e+02 2.942503892447428981e+01
1.024364300000000014e+02 2.697588299999999961e+01 9.441795782316796704e+01 8.333989494441793155e+00
1.029471499999999935e+02 1.203110299999999988e+01 9.735500804050931833e+01 1.729868550451223186e+01
1.087185099999999949e+02 1.082315200000000033e+01 1.019948919791044233e+02 3.324582372006641151e+01
1.325118699999999876e+02 7.074665000000000425e+00 1.097973555719315470e+02 3.130743416195917561e+01
1.221295800000000042e+02 8.650660999999999490e+00 1.218125904464816642e+02 5.425440832293368487e+00
1.034372900000000044e+02 1.659929699999999997e+01 1.245107916326754207e+02 1.109555273601370118e+01
1.067377000000000038e+02 2.727607499999999874e+01 1.057450354975147917e+02 1.714373277088585823e+01
1.358888900000000035e+02 4.520160999999999873e+00 1.105583307958072226e+02 1.578992328690278946e+01
1.279676800000000014e+02 9.560188000000000130e+00 1.151156026814369255e+02 5.812294167272334278e+00
1.350492700000000070e+02 1.381308300000000067e+01 1.262128012673294108e+02 8.295454991758218100e+00
1.064971539999999948e+02 2.229241000000000028e+01 1.051521692661361556e+02 2.892918902997009667e+01
9.515203999999999951e+01 1.569428800000000024e+01 9.997034597633380315e+01 3.335822667590756652e+01
1.220304600000000050e+02 5.662862999999999758e+00 1.265361327687521680e+02 2.559051711419164121e+01
1.007646940000000058e+02 2.517087599999999981e+01 1.208460315562927860e+02 2.913367994883873635e+01
1.294916100000000085e+02 2.620026999999999884e+00 1.338498580042586923e+02 3.144590258625679979e+01
1.201523200000000031e+02 2.317364500000000049e+01 1.266588292699606768e+02 1.785130536909070642e+01
1.199054399999999987e+02 1.518948900000000002e+01 1.238312971690773452e+02 1.119898520077313364e+01
1.195463639999999970e+02 2.841035700000000119e+01 1.314806410248450845e+02 1.733286119609229559e+01
1.235097959999999944e+02 2.681490999999999847e+00 1.062919906883176395e+02 1.332367067046219411e+01
1.332452999999999861e+02 2.728622999999999799e+00 1.305682925660545664e+02 2.816453072705061444e+01
1.366617899999999963e+02 1.230031400000000019e+01 1.231036600206644778e+02 2.149045149983670022e+00
1.216335140000000052e+02 1.368565999999999949e+00 1.103460315576283506e+02 3.101734986766999658e+00
9.423632999999999527e+01 1.031035299999999921e+01 1.021912498701299796e+02 1.540056964477057377e+01
1.158584060000000022e+02 1.987986000000000075e+01 1.027806191902904800e+02 9.424695268033039142e+00
1.232222500000000025e+02 1.022940900000000042e+01 1.129655500802697077e+02 1.954967273423793372e+01
1.121128999999999962e+02 1.959123999999999910e+01 1.167954566404743559e+02 2.146208773827652294e+01
1.148044000000000011e+02 2.044948799999999878e+01 1.144738505662549812e+02 4.117115149694082987e+00
9.397973000000000354e+01 1.450080900000000028e+01 1.280700798803940188e+02 1.879964823875308966e+01
1.130037300000000045e+02 2.547221800000000158e+01 9.318000086162129492e+01 3.191051069046947930e+01
1.331978300000000104e+02 1.207540099999999939e+01 1.331032382705590749e+02 3.370526374316941798e+01
1.092677800000000019e+02 3.181741999999999848e+00 1.304237918190929122e+02 1.149820702159241748e+01
1.130844799999999992e+02 1.852679300000000140e+01 9.788003660695379438e+01 6.415331417897737865e+00
1.164115599999999944e+02 1.850963399999999837e+01 1.090819611476914304e+02 1.015865302584930063e+01
9.953991000000000611e+01 1.765159200000000084e+01 1.066776080871190402e+02 1.367245682737157075e+01
1.088684839999999951e+02 1.869618999999999920e+00 1.130865521235245126e+02 1.033079151415975616e+01
1.202229399999999941e+02 1.300534999999999997e+01 1.378542898029145647e+02 1.446474694795736049e+01
1.053509449999999958e+02 9.028912999999999300e+00 1.302082716214983122e+02 8.422431957199856711e+00
1.323020500000000084e+02 3.039486999999999828e+00 9.957030003721335731e+01 2.187277178204119465e+01
1.102168700000000001e+02 2.640597199999999845e+01 1.049807064244590720e+02 2.018625713741383265e+01
1.201075060000000008e+02 6.985503999999999714e+00 1.214075181266927359e+02 3.022280836558552508e+01
1.030200499999999977e+02 2.779550400000000110e+01 1.142298804753511803e+02 2.107194658619618366e+01
1.166539499999999947e+02 2.553005200000000130e+01 1.362511287665245163e+02 2.545101809819797722e+01
1.139247359999999958e+02 2.117171300000000045e+01 1.047748492754838168e+02 6.443525762994545270e-01
9.882135999999999854e+01 3.069462800000000158e+01 1.323113798850398553e+02 3.272537923641986168e+01
1.179488199999999978e+02 1.651808199999999971e+01 9.679457751976596569e+01 6.944584443561007348e+00
1.247720099999999945e+02 6.038419999999999899e-01 1.015908547519425582e+02 2.900409004752615161e+01
1.287243799999999965e+02 8.558763000000000787e+00 1.197747509758090416e+02 1.868881903175967096e+01
1.078730850000000032e+02 3.194168000000000163e+01 1.167123535529469791e+02 1.569218905882171633e+01
1.355842399999999941e+02 3.165399999999999991e+01 1.106606367012925318e+02 1.710597220525316331e+01
1.134846040000000045e+02 1.515536099999999919e+01 1.293571328190703298e+02 1.261433587827586322e+01
1.002797900000000055e+02 2.030880499999999955e+01 1.133407781955545772e+02 1.697434652973757707e+01
1.349924800000000005e+02 2.427803000000000111e+01 1.246170254538899940e+02 3.001030870543216977e+01
1.219563600000000037e+02 4.037063999999999986e+00 1.092131278894957518e+02 3.277344208181515484e+01
1.072066800000000057e+02 2.882234800000000163e+01 1.229061225877397305e+02 3.864505032576814880e+00
1.007823300000000017e+02 2.154664599999999908e+01 1.341993868453600669e+02 8.587359648144536450e+00
9.410971999999999582e+01 1.075564600000000048e+01 1.289643986641752633e+02 1.666027967246558461e+01
1.206234199999999959e+02 2.294290000000000163e+00 9.239406215848632087e+01 1.632927997993445501e+01
1.071924700000000001e+02 1.362108100000000022e+01 1.260561452444574115e+02 1.738541006465652217e+01
9.586464999999999748e+01 3.010379999999999967e+01 1.205444258688995376e+02 3.157385798929151832e+01
1.044074200000000019e+02 1.407581799999999994e+01 1.337015403030786445e+02 1.869637144439654719e+01
1.309361900000000105e+02 8.523167000000000826e+00 1.211839800331530910e+02 2.575821527082396756e+01
1.022638800000000003e+02 3.262707999999999942e+01 1.044425406034941517e+02 1.334007882382576859e+01
1.373412800000000118e+02 7.320990000000000553e-01 1.009920491393637718e+02 2.643266888198430919e+01
1.173357539999999943e+02 2.219921099999999825e+01 1.261479964381609449e+02 4.176533334478036430e+00
1.038123300000000029e+02 1.618331999999999837e+01 1.158025085690653100e+02 2.907406017623393524e+01
1.351008600000000115e+02 2.345284300000000144e+01 9.660733833851760721e+01 1.504419966992439228e+01
1.137167199999999951e+02 2.209496700000000047e+01 1.214678340945521597e+02 3.366784552626216254e+01
1.356580399999999997e+02 1.759958500000000114e+01 1.053218769312142626e+02 2.175098597025026237e+01
1.148343050000000005e+02 2.582363300000000095e+01 1.082880825848054940e+02 2.919950588010628323e+01
1.302130600000000129e+02 1.211599499999999985e+01 1.006677931664926433e+02 3.388353354736254630e+01
1.006839099999999974e+02 4.718844999999999956e+00 1.224705676451577716e+02 1.399388783322105034e+01
1.063896100000000047e+02 3.912881000000000054e+00 1.116306396769929847e+02 3.294962273370778405e+01
1.297366499999999974e+02 1.097087800000000080e+01 1.080859149983296845e+02 2.737700255629971835e+01
1.222376000000000005e+02 3.524550000000000183e-01 1.092348629302691450e+02 2.738185644627539972e+01
1.008322600000000051e+02 1.836909500000000151e+01 1.099124825388044258e+02 2.830684030870274626e+01
1.148470839999999953e+02 1.232656199999999913e+01 1.259244135284239974e+02 1.241057791216473305e+01
1.232273500000000013e+02 4.342469000000000356e+00 1.196211557913469363e+02 3.045611657401438244e+00
1.302385099999999909e+02 7.992467999999999684e+00 1.051602958901652869e+02 2.597616596031761560e+01
1.176738359999999943e+02 1.385884099999999997e+01 9.358330894980957737e+01 1.731159317909010298e+01
1.153614500000000049e+02 1.834740400000000093e+01 1.299851524341383993e+02 1.154920988295858209e+01
1.273446660000000037e+02 1.365026600000000023e+01 1.010604065668171785e+02 2.043031445759777398e+01
9.974796999999999514e+01 3.379717300000000080e+01 1.236707821406217818e+02 6.521676827670056298e+00
1.047877660000000049e+02 2.743140400000000056e+01 1.248166946045031409e+02 2.070521547397904172e+01
9.833840999999999610e+01 3.082450000000000045e+01 1.130435541994521458e+02 1.564381523744272151e+01
1.140755900000000054e+02 8.455011999999999972e+00 1.160926152300565661e+02 1.247598020767722282e+01
1.174997939999999943e+02 1.471192300000000053e+01 1.029270300543556544e+02 1.577841577804999318e+01
1.311990399999999966e+02 2.885759999999999881e+00 1.144848731998786633e+02 3.038726136181315951e+01
1.264986999999999995e+02 2.455890000000000128e+01 1.066408099911400029e+02 1.376648418546709252e+01
1.082378199999999993e+02 1.562821500000000086e+01 1.213304222462047051e+02 1.990192708684776601e+00
1.289106299999999976e+02 7.094847999999999821e+00 1.253755704694296469e+02 4.677773558948442378e+00
1.182392499999999984e+02 2.503325500000000048e+01 1.230966386755182640e+02 2.599603639187941440e+01
1.374745599999999968e+02 3.138292099999999962e+01 1.066387312919753469e+02 2.733903377428529957e+00
1.227775699999999972e+02 3.331928000000000001e+00 1.306418546381132728e+02 3.080856221461468092e+00
1.105762799999999970e+02 1.713849599999999995e+01 1.113443002663465506e+02 1.732959176481319474e+01
1.269099199999999996e+02 8.830450000000000799e+00 9.744306849890045896e+01 1.161237500771241038e+01
1.328286300000000040e+02 1.854412800000000061e+01 9.524997082907370327e+01 9.789226431012114205e+00
9.520380000000000109e+01 2.239091700000000174e+01 1.183831648700597299e+02 8.753132603915210197e+00
1.008899150000000020e+02 2.474351700000000065e+01 1.324934455949366452e+02 7.728168823522332254e+00
9.981171000000000504e+01 2.392927600000000155e+01 1.268106456172821197e+02 3.125892228817511764e+01
1.006795400000000029e+02 2.482919000000000054e+01 9.588535973041680904e+01 2.832441510589581668e+01
1.140301000000000045e+02 2.309675000000000011e+01 1.283104924742071660e+02 9.927028260681792560e+00
1.010540500000000037e+02 1.139439199999999985e+01 1.379363574492823545e+02 3.216194144333874050e+01
1.276204900000000038e+02 1.005807899999999933e+01 1.262172865527181216e+02 1.613315508779825791e+01
1.038327500000000043e+02 1.301466800000000035e+01 1.227295813319959450e+02 2.820083576210729603e+01
9.715987400000000207e+01 1.592667499999999947e+01 9.451709410188223615e+01 3.065391861999760081e+01
1.349317599999999970e+02 1.207422299999999993e+01 1.073076921308483662e+02 3.452768506685129779e+01
1.176956899999999990e+02 6.060266000000000375e+00 1.072569646141680124e+02 2.554861798373750403e+01
1.004917399999999930e+02 3.001473800000000125e+01 1.298407720970376431e+02 4.631637869785167005e+00
1.112859399999999965e+02 7.286299999999999999e-01 1.249274320662599678e+02 2.730317957486866831e+01
1.181114039999999932e+02 1.644512699999999938e+01 1.172460796155186813e+02 3.405510371574231954e+01
1.306637699999999995e+02 1.285029600000000016e+01 9.606821264443360064e+01 3.086295125888995727e+01
1.026750949999999989e+02 3.487172699999999992e+01 1.272355311224486627e+02 2.771840377432220137e+01
1.289265900000000045e+02 1.218157399999999946e+01 1.220126625993514011e+02 1.259428072354319283e+01
1.037949100000000016e+02 1.724506999999999834e+01 1.102170221066081695e+02 2.091437576773579465e+01
9.974071999999999605e+01 1.632757600000000053e+01 1.223066830149119966e+02 3.415652245973225121e+01
1.318405300000000011e+02 1.077468200000000031e+01 1.114580669399693846e+02 7.485138468279041390e+00
1.156852599999999995e+02 1.478857400000000055e+01 1.142505434399127466e+02 1.812441578933314545e+01
1.227206500000000062e+02 2.926232000000000166e+00 1.214407530134377708e+02 3.052293770765923142e+01
1.048228900000000010e+02 3.249645600000000201e+01 1.086241436737198853e+02 3.116444868519438671e+01
1.005045199999999994e+02 2.882197800000000143e+01 1.261943472083813589e+02 1.322667301576125443e+00
1.128090440000000001e+02 2.218561000000000050e+01 1.311287964763132834e+02 2.113165783002689224e+01
1.012301199999999994e+02 1.617340499999999892e+01 9.822657791515369752e+01 1.379561116344209459e+01
1.094431699999999950e+02 2.603854600000000019e+01 1.075950581677769122e+02 1.393819581723872147e+01
1.007858499999999964e+02 2.466396100000000047e+01 1.208518002287429738e+02 9.495506044145626490e+00
1.133071060000000045e+02 3.074285100000000170e+01 1.103028156718604862e+02 1.444273361021183977e+00
1.074369499999999960e+02 2.925465799999999916e+01 1.347043517348745070e+02 1.721450563255999455e+01
1.324696399999999983e+02 1.699832699999999974e+01 9.490487171154099144e+01 1.569635028495228646e+01
1.053674550000000067e+02 7.722144000000000119e+00 1.368327957471279888e+02 1.054426034112466048e+00
1.210841450000000066e+02 2.834050999999999831e+01 1.153756416837863696e+02 2.398109961000044876e+01
1.171882999999999981e+02 2.439474999999999838e+01 1.279202911696293796e+02 4.406080155630486495e+00
1.028493699999999933e+02 2.885465800000000058e+01 1.040075637908265946e+02 1.672016229423929801e+01
1.324488800000000026e+02 9.132956999999999326e+00 1.089166748095922514e+02 2.563461858298323648e+01
1.172729949999999945e+02 2.140795900000000174e+01 1.203787039761240862e+02 2.958158910557316190e+01
1.050813700000000068e+02 4.424735000000000085e+00 1.185746609684405541e+02 1.336427760181614133e+01
1.367545299999999884e+02 1.483705600000000047e+01 9.345434004209067780e+01 3.476295965663186394e+01
1.309324000000000012e+02 9.878012000000000015e+00 1.043521098472301105e+02 1.433234625091890990e+01
1.196812299999999993e+02 2.088022600000000040e+01 1.201226305683020854e+02 1.737313740365388881e+01
1.225421139999999980e+02 1.088495900000000027e+01 1.085946406533711581e+02 2.630354796436819953e+01
1.132784039999999948e+02 2.408719599999999872e+01 1.176381388549010012e+02 3.383211266179972654e+01
1.136618399999999980e+02 2.985846499999999892e+01 1.100645018464059035e+02 2.052538731413672224e+01
1.165112840000000034e+02 2.327571899999999872e+01 1.183864768624609809e+02 3.341353336561991227e+01
1.142837099999999992e+02 1.745475199999999916e+01 1.333853514008659715e+02 2.244891603976447669e+01
1.344405199999999923e+02 3.228481299999999976e+01 9.557542795580026507e+01 2.870081717302326307e+00
1.040049199999999985e+02 2.438359600000000071e+01 1.007693180545905989e+02 9.799412311529565045e+00
1.209411199999999980e+02 1.190699900000000078e+01 9.239042801446051101e+01 4.503945796646634747e+00
1.286229600000000062e+02 3.030732499999999874e+01 1.292866901829160042e+02 1.437768840599419917e+01
9.359354000000000440e+01 1.516930999999999941e+01 1.138224565723251942e+02 3.012722237452619112e+01
1.189220300000000066e+02 1.942037399999999892e+01 1.047008822578550280e+02 1.665674998659210004e+01
9.312736999999999910e+01 1.080105299999999957e+01 1.004382407032172040e+02 1.553694144572760827e+01
1.269610100000000017e+02 1.226305200000000006e+01 1.279494762361416065e+02 1.588227481722850243e+01
1.068959600000000023e+02 4.261408999999999558e+00 1.142459453152430910e+02 1.294687007465482154e+01
1.331729400000000112e+02 1.186766300000000030e+01 1.049681440099516010e+02 2.801175090447491556e+01
1.088749899999999968e+02 2.917879299999999887e+01 1.212029791980083644e+02 3.094631158678358318e+01
1.016832100000000025e+02 1.628771199999999908e+01 1.122488716100504007e+02 1.821402877927789277e+01
1.051916099999999972e+02 9.920849000000000473e+00 9.518673545343273190e+01 1.866336794002164012e+01
1.376394999999999982e+02 1.949024400000000057e+01 1.049161249802527465e+02 6.824572844634548829e+00
1.244601700000000051e+02 2.153512000000000093e+00 1.081001814351707111e+02 2.065605478015065088e+01
1.137061499999999938e+02 2.920176500000000175e+01 1.320501774026197666e+02 2.336161536563929531e+01
1.056316000000000059e+02 1.004083999999999932e+01 1.325136758046551790e+02 2.857887906556581825e+01
9.801369499999999846e+01 2.871176499999999976e+01 1.226308667643847059e+02 2.385837754801438848e+01
1.102496799999999979e+02 2.905307200000000023e+01 1.115862670482685814e+02 1.771174994099605771e-01
1.200522399999999976e+02 3.491102000000000061e+01 1.330042407180047803e+02 1.922972906722381081e+00
1.240100000000000051e+02 1.279410900000000062e+01 1.206388505416599912e+02 4.677075268731297975e+00
1.032657399999999939e+02 2.896160700000000077e+01 9.705530475125374323e+01 2.349615590020409783e+01
1.290050699999999892e+02 1.324962900000000054e+01 1.115616561410590322e+02 2.035031252621410758e+01
1.080707699999999960e+02 1.541756700000000002e+01 1.346182362433257822e+02 4.846381930534036542e+00
1.068052100000000024e+02 1.683014100000000113e+01 9.310161888767927962e+01 6.554614727110951833e+00
1.013219799999999964e+02 1.577685499999999941e+01 1.342152022990385376e+02 1.736611676089126632e+01
1.279808500000000038e+02 1.237441800000000036e+01 9.890621521755953438e+01 2.222663777528092410e+01
1.049673540000000003e+02 2.282041399999999953e+01 9.436636581449697303e+01 1.067550710619397591e+01
1.353151900000000012e+02 1.279140499999999925e+01 9.904643165230795887e+01 4.117740930298315227e+00
1.233474350000000044e+02 2.519231399999999965e+01 1.299996958305569592e+02 7.961704233323494861e+00
9.609209400000000301e+01 1.652753299999999825e+01 1.054821511277231423e+02 3.398151104849274162e+01
1.231192999999999955e+02 3.669859999999999900e+00 1.143712168157427413e+02 2.924101652274648089e+01
1.294755900000000111e+02 2.914704899999999910e+01 1.126118848511540875e+02 8.354176052202912928e+00
1.073123599999999982e+02 2.557497199999999893e+01 1.135541125202342556e+02 2.276902031886469402e+01
1.129410900000000026e+02 1.928609799999999908e+01 1.050454305394267749e+02 2.402580008276905588e+01
1.125423660000000012e+02 2.072739999999999938e+01 1.369788765816886382e+02 1.768435280473465099e+01
1.164321900000000056e+02 1.890602499999999964e+01 1.292083887031071185e+02 3.022408658095043421e+01
1.049325299999999999e+02 2.927804199999999923e+01 1.201637729070450575e+02 8.956249150829528105e+00
1.279924850000000021e+02 1.403315199999999940e+01 1.092741785159619923e+02 3.428434101755605923e+01
1.082274599999999936e+02 2.717001000000000133e+01 1.328092926136391725e+02 3.011926935265116256e+01
1.274308900000000051e+02 1.213617600000000074e+01 1.337924252569604562e+02 1.489369448299165555e+01
1.004048300000000040e+02 2.599754000000000076e+01 1.111014208149533431e+02 1.046870234159321633e+01
1.119646900000000045e+02 1.463188599999999973e+01 9.331448426084116932e+01 3.487849017110389838e+01
1.118345640000000003e+02 2.392749999999999877e-01 1.058805641517946157e+02 2.043504119773856331e+01
1.063328249999999997e+02 1.094751899999999978e+01 1.148641240510686714e+02 5.091434558396986887e+00
1.072773499999999984e+02 2.767564799999999892e+01 1.153758506597314408e+02 4.962230902526738596e+00
9.264901000000000408e+01 2.078608699999999843e+01 9.708679068360100928e+01 1.316758913335412551e+01
1.065750199999999950e+02 2.890432200000000051e+01 1.253818191612345601e+02 3.108967053934724234e+01
1.211230850000000032e+02 1.021513700000000036e+01 1.094771880943097386e+02 1.031980714269933053e+01
9.897588000000000363e+01 1.434022700000000050e+01 1.238986179183117002e+02 2.852740537211016303e+01
1.161196300000000008e+02 2.374014299999999977e+01 1.086015723939560758e+02 3.477021448898333489e+01
1.063444439999999958e+02 3.975452000000000208e+00 1.242990056550394229e+02 1.314645247810753581e+01
1.078554800000000000e+02 1.840535399999999910e+01 1.033750925108942056e+02 2.364590011835192840e+01
1.235973099999999931e+02 1.219101299999999988e+01 1.141351006267473878e+02 1.011303197769451856e+01
1.064764899999999983e+02 2.161875300000000166e+01 1.185827786644705952e+02 1.201162694249517315e+01
1.165767299999999977e+02 1.286235699999999937e+01 1.332656493842641510e+02 2.735391626713434476e+01
1.242736299999999972e+02 6.831006000000000355e+00 1.298146437958493777e+02 1.641845011970117341e+01
1.197646199999999936e+02 2.030460199999999915e+01 1.007507427818112689e+02 9.161036776998409792e+00
1.096788600000000002e+02 1.849008999999999903e+00 1.127780357015208210e+02 2.614166244126715810e+01
1.337603000000000009e+02 1.258384500000000017e+01 1.184478061829886855e+02 1.885604860532097149e+01
1.310166999999999859e+02 1.584964599999999990e+01 1.047715435544241842e+02 1.038495897848501315e+01
1.356722699999999975e+02 1.789586800000000011e+01 1.187845096525723250e+02 2.215007069980984511e+01
1.110467699999999951e+02 3.238026399999999683e+01 1.007899033406225442e+02 1.518209800670483611e+00
1.148769499999999937e+02 6.728119999999999656e-01 1.195233526993364563e+02 2.442564239581102470e+01
1.370959000000000003e+02 5.531164999999999665e+00 1.200310163389145401e+02 2.552598192970347668e+01
1.259789300000000054e+02 8.138935999999999282e+00 1.106561980387372301e+02 2.238498678687797039e+01
1.002892999999999972e+02 2.375831000000000159e+01 9.695630525633930574e+01 4.485846600440616783e+00
1.098809700000000049e+02 2.526983800000000002e+01 9.361659109558559066e+01 1.146697297191795784e+01
1.087034450000000021e+02 1.879413800000000023e+01 9.926900363413263051e+01 3.343341175742394711e+01
1.229745099999999951e+02 1.295093400000000017e+01 1.117486237669599376e+02 6.314081931752799193e+00
1.090837899999999934e+02 1.109345000000000026e+00 9.250223285479295043e+01 2.297873487302587137e+01
1.289122600000000034e+02 1.145462200000000053e+01 1.336897664532434078e+02 2.586508482814598864e+01
1.264625999999999948e+02 7.166369999999999685e-01 1.132928533215279003e+02 1.266394852009611327e+00
1.063184499999999986e+02 2.189414199999999866e+01 1.049360767703454229e+02 4.314766006622765104e+00
9.723202000000000567e+01 2.960429800000000000e+01 9.525676732764095789e+01 1.135689262880556605e+00
1.139231400000000036e+02 3.106367300000000142e+01 1.005323418431636924e+02 1.518997863533501658e+01
1.268122939999999943e+02 2.672148999999999930e+01 1.181106521459667960e+02 1.113399593478360927e+01
1.108547200000000004e+02 1.948833799999999883e+01 1.169515346287871012e+02 3.288701309057978861e+00
1.023049299999999988e+02 2.800608000000000075e+01 9.735080174202636272e+01 1.698756320956647414e+01
1.194723599999999948e+02 1.724490399999999823e+01 1.211547674266774663e+02 8.597529319726993080e+00
1.205876159999999970e+02 1.334072899999999962e+01 9.839876471746060815e+01 8.818598458646135896e+00
1.331578700000000026e+02 1.155118900000000082e+01 1.207119136340851071e+02 6.320903242559567481e+00
1.357005499999999927e+02 1.938025700000000029e+01 9.700654883536061845e+01 5.338721685328023936e-01
1.130387039999999956e+02 2.450758000000000081e+01 1.135506657731269513e+02 2.698785784145494659e+01
1.110126900000000063e+02 2.886413999999999902e+01 1.060815589730242436e+02 8.023982570325673080e+00
1.305980999999999881e+02 1.224686600000000070e+01 1.167771043133317477e+02 2.812450489902757766e+01
1.294016699999999958e+02 5.396980000000000111e-01 9.382595446189303345e+01 3.200868749964953253e+01
1.221287399999999934e+02 7.625099999999999767e+00 1.037162368510877997e+02 1.567346522461116543e+01
1.044894199999999955e+02 3.404343999999999681e+01 1.257355948720908998e+02 2.679106288908934630e+01
1.360862600000000100e+02 1.322449800000000053e+01 1.187204676522506475e+02 2.147190492374428672e+01
1.068714449999999943e+02 1.286970200000000020e+01 1.144911840026458663e+02 4.560268512523918183e+00
1.244378499999999974e+02 2.619258100000000056e+01 1.025144210678163859e+02 3.936556467147252825e+00
1.207063399999999973e+02 1.393922799999999995e+01 1.139460544577093231e+02 3.082154019055575489e+01
9.288236999999999455e+01 2.260556000000000054e+01 1.347171551878682294e+02 1.328249428413206701e+01
1.014903900000000050e+02 3.396592700000000065e+01 9.301021303821548258e+01 3.263447605292204656e+01
1.065502599999999944e+02 6.022739999999999760e+00 9.690482290647793207e+01 8.421494675069808977e+00
1.291559399999999869e+02 1.352395500000000084e+01 9.271580782921084563e+01 8.692465524124237675e+00
1.075895799999999980e+02 1.972467400000000026e+01 9.700054047952296798e+01 2.815454518873002598e+01
1.175621500000000026e+02 1.813804400000000072e+01 1.260407590002347717e+02 3.095581851114789629e+01
9.612255000000000393e+01 3.490480999999999767e+01 9.430070250975998647e+01 1.910185199356569541e+01
1.064903999999999940e+02 1.390643999999999991e+00 1.332318463718182215e+02 1.627447921665853414e+01
1.286007500000000050e+02 8.765936999999999202e+00 1.343673381325966147e+02 2.134247735592877149e+01
1.166653400000000005e+02 4.134577000000000169e+00 1.099439505982515755e+02 1.240647499433627310e+01
1.258230060000000066e+02 9.050392999999999688e+00 1.124720484005940193e+02 3.240949814702490528e+01
1.175999999999999943e+02 1.023433799999999927e+01 1.066052376119630907e+02 1.979672604603230468e+01
1.209112899999999939e+02 7.267337999999999631e+00 1.167892113169813513e+02 2.331167505456367195e+01
1.324894099999999924e+02 1.522223000000000104e+00 1.114703923490482964e+02 1.909145182114517780e+00
1.007028959999999955e+02 2.068726699999999852e+01 9.511218095907292991e+01 4.040199660364264922e+00
1.028629600000000011e+02 1.609947599999999923e+01 1.378391269441272016e+02 1.319718605412338519e+01
1.102149799999999971e+02 2.830182999999999893e+01 1.298601132598240326e+02 2.357561520910562081e+01
1.230936200000000014e+02 4.996221000000000245e+00 1.003941109046722744e+02 1.681116665676079691e+01
1.042143250000000023e+02 3.424630400000000208e+01 1.100136993336343920e+02 2.190778604815852759e+01
1.331191900000000032e+02 8.421360999999999208e+00 1.114821120942760899e+02 1.484534119913537076e+01
1.101911099999999948e+02 1.101826999999999934e+01 1.034525304504509933e+02 7.422685464748136397e+00
1.069558300000000060e+02 3.322021000000000157e+01 1.084133213240089475e+02 7.579810718565910932e+00
1.045286559999999980e+02 2.332880600000000015e+01 1.267319647181093671e+02 1.559294528778593403e+01
1.377720300000000009e+02 1.174125100000000010e+01 1.130322821005310061e+02 2.826912414259404116e+01
1.135055600000000027e+02 1.730492999999999881e+01 1.165651479833939277e+02 9.404583961915456314e+00
9.844208500000000583e+01 2.976761600000000030e+01 1.272855579049792851e+02 7.668224873780205897e+00
