8.403638499999999567e+01 3.503270299999999793e+01 5.797590039222237124e+01 6.617145617620732878e+01
6.426962000000000330e+01 5.232027999999999679e+01 6.979501809956332181e+01 4.745990694842367930e+01
8.729072600000000648e+01 4.302579500000000223e+01 7.399603458795104416e+01 6.815857488298378541e+01
6.632321000000000311e+01 4.732898699999999792e+01 8.530558508442533139e+01 6.192839439592408723e+01
5.442630400000000179e+01 4.484588000000000108e+01 7.570268095932917163e+01 3.622363335514171467e+01
6.497414999999999452e+01 4.849794399999999683e+01 6.257968386288197848e+01 3.740742247717166435e+01
9.114764399999999966e+01 4.278615599999999830e+01 4.662447613941095881e+01 6.328561093475300936e+01
9.128652999999999906e+01 3.925340700000000282e+01 6.842126415853530830e+01 4.250345251857282847e+01
6.902935999999999694e+01 4.476595999999999975e+01 5.423732093705501001e+01 5.250309084708106866e+01
6.880440500000000270e+01 5.972476000000000340e+01 6.674682218474791284e+01 6.733173397935451021e+01
7.759128599999999665e+01 6.280809399999999698e+01 5.181827842328622324e+01 6.973401365720002332e+01
5.817465200000000181e+01 4.617281700000000200e+01 5.423557480825824229e+01 5.514421311828917283e+01
7.564023600000000158e+01 6.259424200000000127e+01 4.698067597152235209e+01 4.628821122054017678e+01
8.180530000000000257e+01 4.721235000000000070e+01 8.500626708456820779e+01 6.110145048993275196e+01
6.354654699999999679e+01 5.160362200000000144e+01 7.329201506855778803e+01 4.170427280031468342e+01
5.286663999999999675e+01 5.036919000000000324e+01 4.688992936112974519e+01 5.620460685596476935e+01
4.934065600000000273e+01 6.204409400000000119e+01 8.261044572559956123e+01 5.711935636131615013e+01
4.858368300000000062e+01 4.659875000000000256e+01 6.095536880436920057e+01 6.538774769176262680e+01
8.514221000000000572e+01 4.660915399999999664e+01 4.835382925187667524e+01 5.050943714685719499e+01
8.155437000000000580e+01 4.750036999999999665e+01 7.826834939236812261e+01 5.050195514488054016e+01
8.030988999999999578e+01 6.101100999999999885e+01 7.233056200472702812e+01 3.710594398800054705e+01
6.258970000000000056e+01 5.024907000000000323e+01 5.940318750327752184e+01 5.133814794766307443e+01
5.566822400000000215e+01 5.443486999999999654e+01 5.434315123252107327e+01 5.432438662052167899e+01
6.020953399999999789e+01 4.516971999999999809e+01 7.925263079446460779e+01 6.577882058957814593e+01
6.911271000000000697e+01 6.574755000000000393e+01 8.245689197197370390e+01 4.538029183042323211e+01
4.935990499999999770e+01 5.605839499999999731e+01 6.746096263604815135e+01 6.713113391953484665e+01
7.000664999999999338e+01 6.614516000000000417e+01 5.816904196886164868e+01 3.586250190756147305e+01
5.852781300000000186e+01 3.578958500000000242e+01 6.891349192243694688e+01 5.321784862766347146e+01
5.538620000000000232e+01 4.611807600000000207e+01 8.064250246575701908e+01 5.062133769498600344e+01
7.341700000000000159e+01 6.530172000000000310e+01 5.370026883611841839e+01 6.724189913422233644e+01
5.100337999999999994e+01 5.035927199999999715e+01 8.349163792519699712e+01 3.590275572819963656e+01
8.897745500000000618e+01 3.735638000000000147e+01 8.173777237779619043e+01 5.679598488181012783e+01
5.144386699999999735e+01 5.034185399999999788e+01 5.150737709890324822e+01 5.539882702154545768e+01
6.481473499999999888e+01 4.456393400000000327e+01 8.419651510473229905e+01 5.366006351433216537e+01
6.506362000000000023e+01 4.932741999999999649e+01 5.103612631299047564e+01 5.822224632939339983e+01
7.410056000000000154e+01 6.981937999999999533e+01 6.226152796679718904e+01 5.202008430788021087e+01
8.813982000000000028e+01 3.677411299999999983e+01 6.685712456413148175e+01 6.292273220039247406e+01
4.962999299999999891e+01 4.012511400000000350e+01 7.165154043371146031e+01 6.152062022125222995e+01
6.629274999999999807e+01 6.353835699999999775e+01 4.794296763868284472e+01 3.676444495272399848e+01
5.556812000000000040e+01 6.750840999999999781e+01 5.350205421087125046e+01 6.148564165439256612e+01
7.047728999999999644e+01 4.958598299999999881e+01 8.831155367454962857e+01 4.030978071553143138e+01
8.943269999999999698e+01 6.962928999999999746e+01 8.055286187556018263e+01 4.522917548879575378e+01
6.587717999999999563e+01 6.489995600000000309e+01 7.051636982358866135e+01 6.814738945703828676e+01
7.179988000000000170e+01 6.876121500000000708e+01 6.398700345831210257e+01 5.657559051574808962e+01
5.076733399999999818e+01 3.719605599999999868e+01 4.721503820418292463e+01 4.485981130575966347e+01
9.102521500000000287e+01 5.774139000000000266e+01 7.346067601807013148e+01 4.795725516528115406e+01
5.354012000000000171e+01 4.833178699999999850e+01 6.098025617229122020e+01 3.705868491886324989e+01
8.190829499999999541e+01 6.691291999999999973e+01 5.230583135620889834e+01 6.205098375164685365e+01
8.999599000000000615e+01 5.482777999999999707e+01 5.117694184516009415e+01 4.117784659756283361e+01
5.304388399999999848e+01 4.427125000000000199e+01 5.972210982035962701e+01 4.567783048718284533e+01
8.571304000000000656e+01 4.713117600000000351e+01 8.556806158691797748e+01 6.175623229840559247e+01
8.675363000000000113e+01 4.346631599999999906e+01 8.815335740597613778e+01 5.756799099275127674e+01
5.421309999999999718e+01 5.728742199999999940e+01 8.007429031985992651e+01 4.942987387926672227e+01
7.229880500000000154e+01 6.385471299999999673e+01 5.991750969225486756e+01 5.637442524222069551e+01
5.933621000000000123e+01 6.236477299999999957e+01 6.848952778616626347e+01 4.523127679018352865e+01
7.513997999999999422e+01 6.129621000000000208e+01 7.904773587690955594e+01 5.409596553580161782e+01
6.469078000000000372e+01 6.458218999999999710e+01 6.054331256832184494e+01 6.083062998414690981e+01
6.783283000000000129e+01 6.381229799999999841e+01 5.318181340716687089e+01 3.962264558376705992e+01
8.686418999999999357e+01 4.387660999999999945e+01 5.521669894902820630e+01 4.169866476507719710e+01
5.059288999999999703e+01 3.766018700000000052e+01 5.271377801318197953e+01 5.021115255579952219e+01
6.487651999999999930e+01 6.894028000000000134e+01 8.834231855851601267e+01 4.750338140416843657e+01
5.257021999999999906e+01 3.671679699999999968e+01 8.910881252126250729e+01 5.467451299749698990e+01
6.537446599999999819e+01 6.323434400000000011e+01 6.585251396248705191e+01 4.873474268518982200e+01
8.003162399999999366e+01 4.691811799999999977e+01 8.211356938921780113e+01 6.630204262040845720e+01
4.865258000000000038e+01 4.363104200000000077e+01 7.219078699431761947e+01 5.780346713269915426e+01
4.956040600000000040e+01 4.586153399999999891e+01 8.204371409811423632e+01 4.180988696657970394e+01
5.844738999999999862e+01 6.888080999999999676e+01 7.411787678191598161e+01 5.614134086770599197e+01
7.686307499999999493e+01 4.832139999999999702e+01 7.860185684726712907e+01 6.162300216677869003e+01
6.478409600000000523e+01 6.453046000000000504e+01 7.798927539607210235e+01 4.986925829802653709e+01
7.208037600000000111e+01 6.865512999999999977e+01 4.642420158537451158e+01 6.020349314655973672e+01
6.098011000000000337e+01 5.633001300000000100e+01 8.651894625792087368e+01 5.010790669612429582e+01
7.644329000000000462e+01 4.657066300000000325e+01 5.681325212403599068e+01 3.644342890010540259e+01
8.107201399999999580e+01 4.085110999999999848e+01 5.472113774150685117e+01 4.708969420642682024e+01
5.273010299999999972e+01 5.304892000000000252e+01 6.729147396116516688e+01 5.535403603577583453e+01
6.516343999999999426e+01 5.234572000000000003e+01 6.252632811782970634e+01 6.835361512526969818e+01
8.947472999999999388e+01 5.233020799999999895e+01 5.967524080091719441e+01 4.036530445970807079e+01
5.134787000000000035e+01 5.054391499999999837e+01 8.217835437446450442e+01 6.795295235234813447e+01
6.587040000000000362e+01 5.346339400000000097e+01 5.629501353515150441e+01 5.712389900084029648e+01
8.476594500000000210e+01 4.658230199999999854e+01 8.091735557362677866e+01 5.662254379010524019e+01
5.423397400000000346e+01 3.584526400000000024e+01 8.403159304546933583e+01 4.790196259104058640e+01
7.031310000000000571e+01 5.214257400000000331e+01 7.084935751549949146e+01 6.535272791294748629e+01
5.561010000000000275e+01 5.018833999999999662e+01 7.256267535576465377e+01 3.735983114855785203e+01
5.209573000000000320e+01 6.484472999999999843e+01 8.425925542025672144e+01 4.231510686703752100e+01
5.177651600000000087e+01 4.928925000000000267e+01 7.032433391171670678e+01 5.015265527623333952e+01
4.983039500000000288e+01 5.025559599999999705e+01 5.366916844961637878e+01 5.042005580671185783e+01
5.828899400000000242e+01 5.992299700000000229e+01 6.042063760188928967e+01 6.362687079484355479e+01
8.433438999999999908e+01 3.928714000000000084e+01 5.040861380036670170e+01 3.993117685385977467e+01
5.401004799999999761e+01 4.541924000000000206e+01 5.207394820171621319e+01 4.031671270802482354e+01
6.672182499999999550e+01 4.916881599999999963e+01 8.448696868941127036e+01 5.951748623784754955e+01
4.735890200000000050e+01 6.803895599999999888e+01 5.436299408446606662e+01 5.716299860195565685e+01
8.485718500000000120e+01 6.800350000000000250e+01 6.485417937641757646e+01 5.244620488901244215e+01
7.405304999999999893e+01 4.455815499999999929e+01 7.008627787805970399e+01 4.649188399244744119e+01
9.003839000000000681e+01 5.072025000000000006e+01 5.796527597385274788e+01 4.754752432046257837e+01
5.364372600000000091e+01 4.968298699999999712e+01 7.601003981570258361e+01 6.903273693136725342e+01
5.192617800000000017e+01 5.019215799999999916e+01 5.050825734013354662e+01 6.471610219052071500e+01
6.322707700000000131e+01 6.364811999999999870e+01 9.152251336693318251e+01 5.354829410287515401e+01
7.866431400000000451e+01 4.014864000000000033e+01 6.545971713487895727e+01 5.195299114324195244e+01
8.478618000000000166e+01 4.751883300000000077e+01 5.881542593005552533e+01 5.208747856855257652e+01
6.844832999999999856e+01 5.730413399999999768e+01 4.914068418656034964e+01 4.728316740127280582e+01
7.907899999999999352e+01 5.651028000000000162e+01 6.838525684949991046e+01 3.527766878958586005e+01
7.487864000000000431e+01 4.573896799999999985e+01 9.070755000478428087e+01 5.979594340209278869e+01
6.518153999999999826e+01 6.714570000000000505e+01 5.078487537903455262e+01 4.144934187972641126e+01
7.851379000000000019e+01 3.546386300000000347e+01 6.948366023780533851e+01 3.799198860845053360e+01
8.257880400000000520e+01 3.717007399999999961e+01 6.126470100814376707e+01 5.059909520758324675e+01
8.324456000000000699e+01 4.588488799999999657e+01 6.485296080497583660e+01 4.650835189938941028e+01
6.721398999999999546e+01 4.009886999999999802e+01 5.074185043015570784e+01 6.583200406686998463e+01
6.441042000000000201e+01 5.155160999999999660e+01 7.274499913516493166e+01 6.739286246355763410e+01
7.261503000000000441e+01 4.614807499999999862e+01 5.448472525562260671e+01 6.783874748554498524e+01
4.713255699999999848e+01 6.185589600000000132e+01 5.208037609782482491e+01 4.096424434376992707e+01
5.333182500000000203e+01 6.591305499999999995e+01 7.191620043672702423e+01 5.741893921978109461e+01
6.234524499999999847e+01 6.152044999999999675e+01 7.467224884106425975e+01 5.037342336112104135e+01
5.493115600000000143e+01 5.014291399999999754e+01 8.042188422955072724e+01 4.278821909858503147e+01
5.508444200000000279e+01 4.897662400000000105e+01 5.266234351658703616e+01 6.141925327801133960e+01
8.905092999999999392e+01 4.646264299999999992e+01 8.197304642391939922e+01 5.668601058443249485e+01
6.651388000000000034e+01 5.359824799999999811e+01 8.274903705964420908e+01 4.808332941440841068e+01
7.263534500000000094e+01 6.591482000000000596e+01 6.788643642146394086e+01 4.506241336738081316e+01
5.450867999999999824e+01 4.798115500000000111e+01 5.474481123442861730e+01 5.387258817083289841e+01
5.547576000000000107e+01 4.883494999999999919e+01 6.296858056626288658e+01 5.645687361282278971e+01
7.121519499999999425e+01 6.740169500000000369e+01 8.681765332578424932e+01 4.336561310480888665e+01
4.704746999999999701e+01 4.864985999999999677e+01 8.903881467241559733e+01 4.597273116015544758e+01
7.517798600000000420e+01 5.425798000000000343e+01 5.879424095244873172e+01 3.764412243210168185e+01
8.821962999999999511e+01 4.613478500000000082e+01 6.032554158514222564e+01 5.936337845568452565e+01
8.027527000000000612e+01 4.288470000000000226e+01 7.209817765703152759e+01 5.493524101172401686e+01
8.245322400000000584e+01 4.621737699999999904e+01 8.075196323415738675e+01 4.710906526844824072e+01
5.283331299999999686e+01 4.813033000000000072e+01 6.373303645181658794e+01 4.134358507545680084e+01
6.467489000000000487e+01 4.754215200000000152e+01 5.186418043643432441e+01 5.700688331057190794e+01
5.525240699999999805e+01 6.121945999999999799e+01 6.378044304738946835e+01 4.252199836059416072e+01
6.856942999999999699e+01 6.211330800000000352e+01 5.049110461527209281e+01 4.132642962669196862e+01
5.532318000000000069e+01 4.998246400000000023e+01 6.418128926910347332e+01 3.837168645104485876e+01
5.724761600000000072e+01 6.143712200000000223e+01 5.408698982827075952e+01 4.736693590364888706e+01
8.737299000000000149e+01 4.577764499999999970e+01 7.710254880084764295e+01 5.883089603011364943e+01
5.078484300000000218e+01 4.311047400000000351e+01 8.703978735735407213e+01 4.194969087366715144e+01
6.389004500000000064e+01 5.658246199999999959e+01 4.642278351603270892e+01 6.977856535589964437e+01
7.357657000000000380e+01 5.390614000000000061e+01 5.378929746587206751e+01 6.504842008288272837e+01
8.021922000000000708e+01 4.084998699999999872e+01 8.909709250677400405e+01 4.308421328270657114e+01
8.818219000000000563e+01 5.422068800000000266e+01 6.999034434205580624e+01 5.462441312943950322e+01
4.679430399999999679e+01 4.216695399999999694e+01 5.862473564246454316e+01 5.723594448861484807e+01
6.158970999999999663e+01 6.606143000000000143e+01 8.264833032209025987e+01 6.364217347238949429e+01
7.671775999999999840e+01 4.262098999999999904e+01 7.869140393609194462e+01 4.433630059749759766e+01
5.115114200000000011e+01 5.064909000000000106e+01 7.676350895358208959e+01 5.921688834906052534e+01
4.800569000000000131e+01 6.700045000000000073e+01 6.675019993772059479e+01 6.121957593993286650e+01
8.220014000000000465e+01 6.470933499999999583e+01 6.538660807251096685e+01 3.765141616780063316e+01
5.370739999999999981e+01 4.455100999999999800e+01 7.150160660936603563e+01 4.376710853547683655e+01
6.354970999999999748e+01 6.169022799999999762e+01 4.831451919227154690e+01 4.199010235717530293e+01
7.284009600000000262e+01 6.049586000000000041e+01 5.211425901742283884e+01 3.673576835063300194e+01
5.546585000000000321e+01 5.091448199999999957e+01 9.020431585248985584e+01 5.020723124536277737e+01
5.203767400000000265e+01 5.395211400000000168e+01 4.953625056672143501e+01 6.174027871226617492e+01
9.178313400000000399e+01 5.558882499999999993e+01 6.683714804477776283e+01 5.805977039776333726e+01
6.048337599999999981e+01 6.151382399999999961e+01 8.670579016429590524e+01 3.794248585711178379e+01
8.968140400000000056e+01 5.168910199999999833e+01 7.786107296948739531e+01 5.901270294895449098e+01
4.672376599999999769e+01 6.962304000000000315e+01 5.845044572349354439e+01 3.970429437798384242e+01
5.408736999999999995e+01 4.822462500000000318e+01 7.757870837739221770e+01 6.632006200269256624e+01
6.970458000000000709e+01 6.621998999999999569e+01 5.371192410599213929e+01 6.870898502467052538e+01
6.008419800000000066e+01 6.724903000000000475e+01 5.066069145063371337e+01 6.761709031758579158e+01
7.891028000000000020e+01 6.298868000000000222e+01 7.839333713830129113e+01 4.098790323130085511e+01
5.200366600000000261e+01 5.103144000000000347e+01 5.977438454278093616e+01 5.299426673903067808e+01
8.658387999999999352e+01 4.637970700000000335e+01 5.673715445708854332e+01 6.110834277648599056e+01
6.627116999999999791e+01 6.753251000000000204e+01 8.786923120537423415e+01 5.441219743796213493e+01
7.069325999999999510e+01 4.742500700000000080e+01 7.922774418616728553e+01 6.557476628550813302e+01
7.304407500000000653e+01 4.884670599999999752e+01 8.291167974614361924e+01 4.715234666797313423e+01
4.775068999999999875e+01 3.836014600000000030e+01 6.491300336262293058e+01 4.917478846060159725e+01
8.315384000000000242e+01 4.671061999999999870e+01 6.443465515734307303e+01 3.874107710380858549e+01
9.175052999999999770e+01 4.081071500000000185e+01 4.940094401937950153e+01 4.081196271521667995e+01
7.273438000000000159e+01 5.694560599999999795e+01 5.733959664271701939e+01 3.928831674449200762e+01
6.643377999999999872e+01 4.740699999999999648e+01 9.106597227031167563e+01 4.891978366483900231e+01
8.957053000000000509e+01 4.948764800000000008e+01 6.056946987863614851e+01 3.739163717137851961e+01
5.690837499999999949e+01 5.480534999999999712e+01 4.892466128822280780e+01 6.675615831693519908e+01
6.360340999999999667e+01 4.678952000000000311e+01 8.694674276400162682e+01 3.796263943858121337e+01
7.581678999999999746e+01 4.425414700000000323e+01 4.702511550572350529e+01 4.014282943307926388e+01
6.310660000000000025e+01 4.440919000000000239e+01 5.940650959295416556e+01 6.487125323396008980e+01
7.081449000000000638e+01 6.198342999999999847e+01 6.458203762523937996e+01 6.210215766924557101e+01
5.653450999999999738e+01 6.000314000000000192e+01 8.789152276559423171e+01 4.004285937874162471e+01
5.662628600000000034e+01 5.514053299999999780e+01 6.539821672699162036e+01 6.220227874886352026e+01
8.373717499999999347e+01 4.802160299999999893e+01 6.712834031659163259e+01 4.180099384295549214e+01
8.259461000000000297e+01 4.808888999999999925e+01 5.202438200987185724e+01 4.341258823695529401e+01
5.724527400000000199e+01 4.383981699999999648e+01 6.273822797439606802e+01 6.741357752542472781e+01
8.201357000000000141e+01 5.219725799999999793e+01 4.802900221144493997e+01 5.917361784919263812e+01
6.146526300000000020e+01 6.553976000000000113e+01 5.063535318934836482e+01 5.702214309944540105e+01
5.835997799999999813e+01 5.780623599999999840e+01 4.689948077789780712e+01 4.510275255728051036e+01
5.432242999999999711e+01 4.623212000000000188e+01 8.503017633091693028e+01 4.007652934177235693e+01
8.275775000000000148e+01 5.044425600000000287e+01 8.228695242425297351e+01 6.799811941110861824e+01
5.318081000000000103e+01 4.412964000000000198e+01 8.595270175930899370e+01 4.203786768042856181e+01
7.532416999999999518e+01 4.011449999999999960e+01 8.856095683152520337e+01 3.562648441878375394e+01
6.193233000000000033e+01 4.601049400000000134e+01 7.921297213706007767e+01 6.983747952379960111e+01
4.902411000000000030e+01 6.334384500000000173e+01 5.461534869164376715e+01 5.221555481352345396e+01
4.796895599999999860e+01 4.215628000000000242e+01 5.573574442378895810e+01 6.450649900813726845e+01
7.569961000000000695e+01 4.516561000000000092e+01 7.377511900592702432e+01 6.456631527484225330e+01
8.650522599999999329e+01 4.590870699999999971e+01 6.482281147130589716e+01 4.264060887896604868e+01
5.246391700000000213e+01 4.780145600000000172e+01 8.505134224262305054e+01 3.664585044155514026e+01
5.400205600000000317e+01 6.589191399999999987e+01 7.944017174672340786e+01 6.354602421784449717e+01
8.186610400000000709e+01 4.375295299999999799e+01 6.406419623408665132e+01 5.587317341697335138e+01
6.002087000000000216e+01 4.535099400000000003e+01 4.647305762001096952e+01 6.423067117582334618e+01
5.062283299999999997e+01 6.234966699999999662e+01 6.422581897039708565e+01 5.836168685442434878e+01
7.929738600000000304e+01 5.334486799999999818e+01 6.810329394998302632e+01 4.656818750971611109e+01
7.889297000000000537e+01 6.234449800000000153e+01 7.898678509590153851e+01 5.732144254925087523e+01
6.867817999999999756e+01 4.609026999999999674e+01 6.930180943522981352e+01 3.760467132777656474e+01
7.200657999999999959e+01 4.162769300000000072e+01 7.876874321538635115e+01 5.456153190768526429e+01
8.553109999999999502e+01 4.418075999999999937e+01 7.647606898512529483e+01 5.435854568877169157e+01
6.463611600000000124e+01 5.428184499999999701e+01 5.445421739431996855e+01 4.694068710440516412e+01
7.637121000000000492e+01 6.265274000000000143e+01 5.671412927853284458e+01 4.833294296991634553e+01
5.694366000000000128e+01 5.793184000000000111e+01 8.701497021235110196e+01 6.223300032592585751e+01
5.509714999999999918e+01 5.106415599999999699e+01 7.235881908461621492e+01 4.583938687739154716e+01
6.837843999999999767e+01 4.865468200000000110e+01 5.609639717721346841e+01 4.637908307108764205e+01
6.023380300000000176e+01 5.545163999999999760e+01 8.845799752230641388e+01 4.612444583014050892e+01
5.734080999999999761e+01 5.535898199999999747e+01 7.239878073505460065e+01 3.982938006879122383e+01
6.066973000000000127e+01 5.684465399999999846e+01 6.874173005393744518e+01 6.815788503006136523e+01
6.588196000000000652e+01 4.998230699999999871e+01 5.605570588251678998e+01 6.409799992870976837e+01
5.082811699999999888e+01 4.560262699999999825e+01 5.985407724266225671e+01 5.423060389408117032e+01
6.599164000000000385e+01 6.924809000000000481e+01 8.676045943150253947e+01 5.922020321643048391e+01
5.413719999999999999e+01 6.657320400000000404e+01 5.499319318510213606e+01 5.534041970708302216e+01
4.866503999999999763e+01 4.614283999999999963e+01 4.809769049033801025e+01 5.849237031408374321e+01
7.263685999999999865e+01 6.816455000000000553e+01 5.712816220752999641e+01 3.935529614581082569e+01
7.803538500000000511e+01 6.149983600000000195e+01 6.806464509801469376e+01 6.034134155241209641e+01
5.979800000000000182e+01 4.706063999999999936e+01 5.923055106474198794e+01 6.220051406705465524e+01
5.350739000000000090e+01 4.829330999999999818e+01 5.883997474413929751e+01 3.945321602783757697e+01
8.198730000000000473e+01 4.021397400000000033e+01 5.422391970136948913e+01 6.797293547035928896e+01
5.240546400000000204e+01 5.145674499999999796e+01 5.728484133367099673e+01 6.807116029474340735e+01
7.806696999999999775e+01 5.320942300000000103e+01 5.489340418543844891e+01 4.357175151528491597e+01
8.980433999999999628e+01 5.100396299999999883e+01 8.002055768074549746e+01 3.534630643275227868e+01
8.742462999999999340e+01 3.743291500000000127e+01 6.485986237810080013e+01 4.546480126442747860e+01
7.989584000000000685e+01 3.905698000000000292e+01 7.126409095093254109e+01 4.401724779059858861e+01
8.831159999999999854e+01 3.731616999999999962e+01 6.450921336859227040e+01 4.379671113009085559e+01
8.352984999999999616e+01 6.076507999999999754e+01 5.630041871852183988e+01 3.635818785222066651e+01
7.841535000000000366e+01 5.517078399999999760e+01 8.198250901212566077e+01 4.610215743584532078e+01
8.942528000000000077e+01 4.575683200000000284e+01 5.044671515605901391e+01 5.233790211356065214e+01
5.286175000000000068e+01 5.095715299999999814e+01 7.157430433322684848e+01 4.344943192591617276e+01
8.338657999999999504e+01 4.855832300000000146e+01 5.938805903973935330e+01 5.646603032483377405e+01
7.331856999999999402e+01 6.896445500000000095e+01 4.810099741992396361e+01 6.209536391170156833e+01
5.748829700000000287e+01 5.595329300000000217e+01 4.655168966033951250e+01 3.542072573586781203e+01
6.766622999999999877e+01 4.396661000000000286e+01 4.794693880648556927e+01 4.716726396596403958e+01
5.080633000000000266e+01 6.933244999999999436e+01 7.129943681230744801e+01 6.038280344028651569e+01
8.906516999999999484e+01 5.928731499999999954e+01 6.015426369101631821e+01 5.578055259260828791e+01
8.813251499999999794e+01 3.577533999999999992e+01 4.796980235100991763e+01 6.971343146212714714e+01
5.430799499999999824e+01 4.715450299999999828e+01 4.809411483808905530e+01 3.900426149849083401e+01
8.852997600000000489e+01 3.797641399999999834e+01 7.929872955711937266e+01 5.685095621941502486e+01
5.009697299999999842e+01 3.689758299999999736e+01 6.302814225770578815e+01 3.851250429960926169e+01
4.819915000000000305e+01 4.407435199999999753e+01 6.668469459425759283e+01 6.694785369883048531e+01
7.183495000000000630e+01 4.117258999999999958e+01 5.080590442353069847e+01 3.980225217277732952e+01
8.975776000000000465e+01 4.615767999999999915e+01 7.687169761203284679e+01 4.761367503735441176e+01
8.152298999999999296e+01 5.028269199999999728e+01 8.724680544327264897e+01 5.044081396676170925e+01
5.181455199999999905e+01 4.689494299999999782e+01 6.059987002991711336e+01 4.057377859980536527e+01
8.953078999999999610e+01 5.023995000000000033e+01 4.778828490689323161e+01 5.522627927243729573e+01
5.363667999999999836e+01 4.819988599999999934e+01 8.221483386435228624e+01 5.464092200252579801e+01
6.779018399999999644e+01 6.306392699999999962e+01 6.886315738291492039e+01 4.264633087612538986e+01
4.771408000000000271e+01 5.153596000000000288e+01 6.663699440412054287e+01 6.179246743898815453e+01
7.346007000000000176e+01 5.386707700000000187e+01 9.184318632278476002e+01 6.050681987158922226e+01
8.212149999999999750e+01 6.805886999999999887e+01 8.908637948409833029e+01 5.412194052462296412e+01
8.295906999999999698e+01 5.851885000000000048e+01 7.395742022189406839e+01 4.016086853592049977e+01
8.258718000000000359e+01 6.446133399999999369e+01 9.018170171015923131e+01 4.517741607899017708e+01
6.425799600000000567e+01 5.414581299999999686e+01 5.720296270229539459e+01 3.916650004490605141e+01
6.978509999999999991e+01 6.200424000000000291e+01 8.871035429151459084e+01 3.882526044983930547e+01
7.996568999999999505e+01 6.779388400000000559e+01 5.086107364211979842e+01 3.654772870274851471e+01
6.583499999999999375e+01 6.410107399999999700e+01 8.779789691378141470e+01 6.340629905731783822e+01
4.902982999999999691e+01 4.861756499999999903e+01 5.399090160442988662e+01 6.583122974345494072e+01
8.325369999999999493e+01 3.672957000000000249e+01 5.005099087209622155e+01 6.870506967975811108e+01
5.338119499999999817e+01 4.540312000000000126e+01 6.187333188931475547e+01 4.020101643901184474e+01
8.765320599999999729e+01 4.874345000000000283e+01 8.569765314736112316e+01 6.531856524183072565e+01
6.421460000000000434e+01 4.855725000000000335e+01 6.130239967644975252e+01 4.647947235342962102e+01
7.830775500000000022e+01 5.541690400000000238e+01 8.295627565051805163e+01 4.569980099199919721e+01
8.910262000000000171e+01 4.467295000000000016e+01 6.627539707060805085e+01 4.973091822375157278e+01
5.521462199999999854e+01 4.818930399999999992e+01 9.156745538962792352e+01 6.593059520104208104e+01
8.582438999999999396e+01 4.352882000000000318e+01 6.092837103138691646e+01 5.493710705294758156e+01
6.471316500000000360e+01 5.324251000000000289e+01 7.868543686042193031e+01 5.991317553707608567e+01
8.329030000000000200e+01 3.530860500000000002e+01 4.908350820059428798e+01 6.564448509231364426e+01
8.554076000000000590e+01 4.526500699999999711e+01 6.294593153394215790e+01 3.736546616863599724e+01
5.042892499999999956e+01 3.860004800000000103e+01 8.821093729138672757e+01 6.751692237904822491e+01
5.123778500000000236e+01 5.036023000000000138e+01 5.209070836071641963e+01 4.970815729231911462e+01
7.573591999999999302e+01 4.129615799999999837e+01 5.655423113982186578e+01 5.623653102594251152e+01
7.771747999999999479e+01 3.798879600000000067e+01 6.152571795288036327e+01 4.208143940460072940e+01
8.153354000000000212e+01 5.439672000000000196e+01 7.065167845244485534e+01 6.181270824359445726e+01
7.694122000000000128e+01 4.568415999999999855e+01 5.601578072748992554e+01 3.651315957524730749e+01
4.666504299999999716e+01 4.539951700000000301e+01 5.389149327690575575e+01 5.212935146628239380e+01
7.188934999999999320e+01 4.769791399999999726e+01 7.305134155352173764e+01 6.446904295978920629e+01
8.669639999999999702e+01 5.831256499999999932e+01 7.672198044713721288e+01 6.455594989835677211e+01
8.806625999999999976e+01 3.729690000000000083e+01 5.474525967618409794e+01 6.736726211418718435e+01
9.098907499999999970e+01 4.332945999999999742e+01 5.730274702112167517e+01 5.524967922453267022e+01
7.071802499999999725e+01 6.659735000000000582e+01 8.629176229769976203e+01 6.029567335356165358e+01
7.561017599999999561e+01 6.104643599999999992e+01 6.845918890379151378e+01 6.594298008776225117e+01
5.388501000000000118e+01 5.712486599999999726e+01 8.606904523195566981e+01 6.733893748856922912e+01
5.024912599999999685e+01 5.350117500000000348e+01 7.579784401323185250e+01 4.918261090336576302e+01
4.972973600000000260e+01 6.857572000000000401e+01 7.802636391451173381e+01 5.564632568747892805e+01
7.224148599999999476e+01 6.894777000000000555e+01 6.972696702606990016e+01 6.358977965727834913e+01
4.775593599999999839e+01 6.639164999999999850e+01 7.965042299905138634e+01 6.865683697593026125e+01
6.735670500000000516e+01 5.041149000000000058e+01 7.042276569434466182e+01 4.527186551388938085e+01
8.642296000000000333e+01 4.440330999999999761e+01 6.385072078392938977e+01 4.388352393312140975e+01
8.314601999999999293e+01 6.420999000000000478e+01 7.345062893986850838e+01 3.867973363014066024e+01
7.502486000000000388e+01 3.932047299999999979e+01 6.751552256126423401e+01 5.798690363440037743e+01
5.608556699999999751e+01 4.873567200000000099e+01 6.203726171418615820e+01 5.685290937399419420e+01
5.755927700000000158e+01 5.955747600000000119e+01 7.257061896653509336e+01 3.634237593100297659e+01
5.548542400000000185e+01 5.831977499999999992e+01 8.409850292062144206e+01 5.903926171453319682e+01
7.551157999999999504e+01 5.821988999999999947e+01 8.384516129954380403e+01 5.626508581059887604e+01
6.459828000000000259e+01 6.979175999999999647e+01 6.058577871270140491e+01 5.355563644300857362e+01
8.719392399999999554e+01 4.024371299999999962e+01 8.822970988212360055e+01 4.305229858083481531e+01
6.831180600000000425e+01 6.317746400000000051e+01 5.181192597662813171e+01 3.819692414104942202e+01
8.185470999999999719e+01 4.928301600000000349e+01 5.464644217613006560e+01 5.106216148126183896e+01
5.467820700000000045e+01 4.727673999999999666e+01 6.903397633457726101e+01 6.726726582761104112e+01
7.979953999999999326e+01 5.222890999999999906e+01 5.719384472503704586e+01 3.562695554415110877e+01
5.972766500000000178e+01 4.440487300000000204e+01 6.097344642183089292e+01 3.850311217519484330e+01
9.046371999999999503e+01 6.047626999999999953e+01 7.552310203043032288e+01 4.518188620807612921e+01
5.070465999999999696e+01 5.043927800000000161e+01 7.582412258047605746e+01 4.536931314434626472e+01
4.807733000000000345e+01 3.790756999999999977e+01 8.879386958637732619e+01 4.495963444852394275e+01
7.637748999999999455e+01 6.877970000000000539e+01 4.789718884036573598e+01 4.811951739399732730e+01
8.947969999999999402e+01 4.378523299999999807e+01 8.213489832742675389e+01 3.511378736369323406e+01
5.350283400000000000e+01 5.982513800000000259e+01 7.429623149282620886e+01 5.487977300015689508e+01
5.922205000000000297e+01 5.737902499999999861e+01 6.782939045220791741e+01 5.795109557025395475e+01
4.898817999999999984e+01 5.657592999999999961e+01 5.898478311902879767e+01 3.893785323939722787e+01
6.066823600000000027e+01 4.825421000000000049e+01 7.148691174829758666e+01 6.445469405840107413e+01
4.630128500000000003e+01 6.632629000000000019e+01 4.691878887324507019e+01 5.335005875561482469e+01
5.336617300000000341e+01 4.647099299999999999e+01 4.866024837711141515e+01 4.718258105480581577e+01
5.768971599999999711e+01 5.626144399999999735e+01 5.403259527513010596e+01 3.845396257802244122e+01
5.107068600000000202e+01 4.920833600000000274e+01 5.637232360482866511e+01 6.236519075682394941e+01
8.180244399999999416e+01 3.904393999999999920e+01 7.389346334509386338e+01 4.744155806776364415e+01
9.043658399999999631e+01 4.903705599999999976e+01 5.811692508066025908e+01 5.736342250835838286e+01
6.313089000000000084e+01 5.214475000000000193e+01 5.366547008502767113e+01 3.875963114762561190e+01
9.030997499999999434e+01 6.902100000000000080e+01 4.959780750337066735e+01 5.284499572984962867e+01
6.404304500000000644e+01 6.398645400000000194e+01 5.014737296661085253e+01 6.682911474655686845e+01
8.318834999999999980e+01 6.825494399999999473e+01 4.715500351323498052e+01 4.008547174792762746e+01
7.175524000000000058e+01 6.097810700000000139e+01 5.267178075634497958e+01 4.936622137290770951e+01
6.794607999999999493e+01 6.328188699999999756e+01 5.188793425752568567e+01 6.824045303397245732e+01
5.340807999999999822e+01 4.628913000000000011e+01 6.209796617129592278e+01 5.245199459819595944e+01
5.309535600000000244e+01 4.823342000000000240e+01 8.965611503204137023e+01 3.659761980272820381e+01
