1.306090199999999868e+02 3.541441999999999979e+01 1.109592147629548720e+02 6.093245895776830423e+01
1.107963699999999960e+02 5.634107000000000198e+01 9.358194451253491764e+01 5.302798780731885131e+01
1.015999149999999958e+02 6.594916499999999360e+01 1.090981260125280699e+02 5.111914066936148515e+01
1.214451499999999982e+02 5.842904000000000053e+01 9.276843399859468775e+01 4.103282769176399114e+01
9.569385499999999922e+01 6.916244000000000369e+01 1.348291006871497189e+02 3.926508648537169677e+01
9.481621599999999717e+01 3.920390299999999684e+01 1.142753297458829280e+02 6.173826225661418476e+01
1.348541600000000074e+02 5.558462500000000261e+01 9.997830009535717011e+01 5.608128762657180744e+01
9.620757999999999299e+01 3.554011500000000012e+01 1.315712193142832405e+02 4.379035220880707868e+01
1.278148960000000045e+02 5.850153000000000247e+01 9.316865421663274560e+01 5.975458459530847222e+01
1.106550100000000043e+02 6.345738599999999963e+01 1.342046031184672756e+02 6.663481671648648330e+01
1.241552400000000063e+02 6.208793000000000006e+01 1.106452449137515686e+02 5.759874437646373480e+01
1.296929000000000087e+02 4.231410999999999945e+01 9.810704641011295735e+01 4.075004560242462048e+01
1.122731299999999948e+02 5.138609000000000293e+01 1.135000873517355586e+02 6.185150781727180913e+01
9.277927400000000091e+01 3.962583000000000055e+01 1.201752929020342151e+02 6.323934057531083397e+01
1.331359300000000019e+02 3.727437199999999962e+01 1.244593616631846373e+02 4.890949977232959611e+01
1.154809199999999976e+02 6.258726000000000056e+01 1.339358341461616249e+02 3.997204729418263014e+01
1.287802299999999889e+02 6.903870999999999469e+01 1.343360892070988939e+02 6.647636439643929407e+01
1.120924399999999963e+02 4.896432500000000232e+01 1.080504687285165915e+02 4.944929991211103726e+01
1.378637400000000071e+02 4.308997999999999706e+01 1.164542971591253746e+02 3.511657165992053109e+01
1.111570600000000013e+02 5.712789000000000073e+01 1.079382034837029778e+02 4.211962067102842866e+01
1.062363399999999984e+02 4.558643699999999654e+01 1.007985688135634348e+02 4.570611236116366172e+01
1.351996599999999944e+02 4.736585000000000178e+01 1.115204754286924356e+02 5.366889774786608314e+01
1.007642199999999946e+02 4.100175000000000125e+01 1.295155417138319649e+02 6.504688352122911965e+01
1.063761599999999987e+02 6.434953000000000145e+01 1.137694396222480293e+02 5.676902919972692985e+01
1.077574199999999962e+02 5.792213000000000278e+01 1.202597670722189207e+02 5.868672759963536123e+01
1.233552499999999981e+02 5.736090999999999696e+01 1.311161606260157271e+02 5.248409670815869532e+01
9.493519999999999470e+01 5.826012000000000057e+01 1.003516019269671347e+02 5.992399894455192566e+01
1.377467000000000041e+02 3.643155000000000143e+01 1.216803161033743379e+02 5.433657700534334367e+01
1.092616799999999984e+02 3.835334399999999988e+01 1.055774627046603626e+02 4.983721534446078749e+01
1.306594000000000051e+02 3.958785999999999916e+01 1.361751037077786179e+02 5.169293448100845012e+01
1.047271039999999971e+02 6.549576999999999316e+01 1.004186454197132150e+02 3.588361628689231964e+01
1.064856300000000005e+02 4.508525000000000205e+01 1.116456899734998842e+02 5.346450701896337421e+01
1.070290760000000034e+02 5.536934000000000111e+01 9.218287311754511393e+01 5.613148989941358025e+01
1.260731799999999936e+02 5.804720999999999975e+01 1.010357859994530685e+02 4.114479170381788009e+01
9.526812999999999931e+01 4.319290999999999769e+01 1.301990829970046661e+02 6.208440195952896090e+01
1.297479399999999998e+02 6.019642600000000243e+01 9.575215125470440114e+01 4.943175102719273895e+01
1.033585300000000018e+02 3.773286000000000229e+01 1.289545843638998690e+02 4.331495162978145430e+01
1.247314300000000031e+02 6.553212999999999511e+01 1.126245414261237272e+02 5.972808406430048223e+01
1.248777800000000013e+02 6.171072000000000202e+01 1.264653675953364029e+02 6.797626987801194787e+01
1.226020359999999982e+02 6.477951000000000192e+01 1.237384240085279430e+02 5.657475825862900365e+01
1.204738600000000019e+02 4.577850999999999715e+01 9.845824178648501857e+01 3.734473188667960386e+01
9.209501000000000204e+01 4.073973000000000155e+01 1.139717566924275189e+02 4.101584633109972344e+01
1.141523499999999984e+02 3.776093699999999842e+01 1.132699273743135819e+02 4.219957268784760629e+01
1.273402250000000038e+02 4.048130799999999851e+01 9.450304506673133176e+01 5.402447614308633206e+01
1.136940500000000043e+02 6.762308000000000163e+01 9.804236178297099968e+01 5.377634193428691134e+01
1.007944600000000008e+02 5.672884400000000227e+01 1.164032749038488106e+02 6.323102289085336736e+01
1.100191700000000026e+02 6.591160999999999603e+01 1.341177505320988530e+02 5.386390187680299846e+01
1.365149399999999957e+02 4.628622399999999715e+01 9.947115706621559639e+01 6.634202063072169153e+01
9.698628999999999678e+01 4.595006599999999963e+01 1.006984617965148914e+02 3.521994738875516617e+01
9.911844999999999573e+01 3.699900000000000233e+01 1.145810598924047952e+02 5.859912765164346382e+01
1.051679400000000015e+02 4.492616000000000298e+01 9.362688677768555578e+01 5.234947985176773955e+01
1.263459699999999941e+02 5.723924600000000140e+01 9.553425822576642190e+01 3.758059363390669461e+01
1.337762099999999919e+02 5.008275199999999927e+01 1.108755610786151209e+02 6.865111532896227686e+01
1.189991299999999939e+02 4.458548400000000100e+01 1.274411488987515639e+02 5.778188099178689896e+01
1.218907800000000066e+02 6.058512000000000342e+01 1.101478266147858704e+02 5.551447008660575477e+01
1.283248900000000106e+02 5.769391300000000200e+01 9.515648922345218352e+01 6.090811603789400408e+01
1.140110800000000069e+02 6.248358999999999952e+01 9.666886485613102309e+01 5.397586223649771142e+01
1.322157100000000014e+02 4.207831000000000188e+01 1.093727887962416361e+02 5.486762903957153981e+01
1.284106299999999976e+02 4.101401500000000055e+01 1.010821118256132962e+02 5.577159485400127892e+01
1.356413100000000043e+02 6.252799000000000262e+01 1.180282927205641386e+02 5.921678812439833450e+01
1.018065600000000046e+02 5.794847500000000196e+01 1.326775998390017435e+02 4.461499871855451715e+01
1.275243600000000015e+02 3.745123300000000199e+01 1.173456122206856094e+02 6.876551621854065388e+01
9.324991599999999892e+01 4.487876500000000135e+01 1.202419021614739307e+02 3.586198476404111091e+01
1.233238900000000058e+02 3.622424699999999831e+01 1.041470140727765141e+02 4.550614682363898567e+01
1.185045599999999979e+02 6.484065999999999974e+01 1.337736567409979500e+02 5.285982487598134583e+01
9.856878000000000384e+01 5.492711599999999805e+01 1.151724762709214644e+02 3.596126025483652455e+01
1.373332399999999893e+02 4.017019700000000171e+01 9.381053744148363194e+01 3.752962037700670805e+01
1.368933100000000138e+02 3.602746199999999988e+01 1.053299840799470104e+02 3.923717758532266942e+01
1.347378199999999993e+02 6.818597400000000164e+01 1.114247052942621110e+02 6.528871539648811506e+01
1.097365340000000060e+02 6.723676000000000386e+01 1.043550581232193366e+02 3.605002251072468056e+01
1.040613799999999998e+02 6.049796299999999860e+01 1.058173482514445993e+02 5.619825896878585070e+01
1.084354199999999935e+02 6.843886999999999432e+01 1.363564789515387190e+02 5.783724508243096807e+01
9.213737500000000580e+01 6.479161999999999466e+01 1.292165069281504373e+02 4.796384774375815851e+01
1.229670500000000004e+02 5.804166000000000025e+01 9.433568441529688187e+01 6.204530972944385780e+01
1.164859900000000010e+02 6.195959500000000020e+01 1.265213636575455780e+02 4.617888131971940169e+01
1.235853350000000006e+02 4.462692299999999790e+01 1.043652745265867878e+02 3.733138243040519200e+01
1.085410899999999970e+02 5.191076999999999941e+01 9.654034452120933452e+01 5.880848445977989059e+01
1.041059699999999992e+02 6.759010999999999569e+01 9.544610533616933878e+01 3.718234646368741636e+01
1.343005799999999965e+02 5.008973000000000297e+01 1.053532452209017976e+02 3.867120881277881494e+01
1.074293299999999931e+02 4.562702000000000169e+01 1.090486852046188346e+02 4.459063936908269454e+01
1.346708800000000110e+02 4.705125000000000313e+01 1.013722340854608177e+02 6.999896976951262673e+01
1.131740999999999957e+02 4.886526500000000084e+01 1.229619638920526086e+02 6.364116634421027641e+01
1.338027199999999937e+02 6.013310200000000094e+01 1.317550715734438711e+02 5.400412160859534083e+01
1.038725000000000023e+02 4.851848999999999990e+01 1.205542269546416208e+02 6.987661999390617495e+01
1.353420099999999877e+02 6.529930000000000234e+01 1.153937992479485928e+02 5.971798416606542048e+01
1.119305599999999998e+02 5.205868000000000251e+01 9.414793913645780776e+01 4.528446726958655688e+01
9.624669000000000096e+01 6.786842000000000041e+01 1.025983437512704199e+02 6.600859887726170427e+01
1.150016799999999932e+02 5.998031600000000196e+01 1.118612581066460905e+02 5.184093834158519343e+01
1.164234799999999979e+02 6.311826299999999890e+01 1.221083853019237324e+02 5.351420085451113096e+01
1.343366499999999917e+02 4.501083400000000267e+01 1.037947887298843028e+02 4.072834238571279286e+01
1.126751699999999943e+02 4.886647399999999664e+01 1.195234717370939848e+02 5.904417797281377034e+01
1.253158200000000022e+02 6.409675599999999918e+01 1.245951031780996914e+02 5.964632772331769672e+01
9.465070000000000050e+01 5.456568500000000199e+01 1.117263177601718525e+02 4.131626264780086899e+01
1.026996900000000039e+02 4.210877200000000187e+01 1.197307866531886589e+02 4.631414629286909701e+01
1.330698199999999929e+02 4.641217999999999932e+01 1.231013297276690821e+02 4.879452121252469965e+01
1.189340600000000023e+02 5.694390500000000088e+01 1.120487938772123044e+02 6.365956478058144796e+01
1.257847059999999999e+02 6.185704799999999892e+01 1.061611769166837007e+02 5.646887743979691265e+01
9.806736999999999682e+01 5.068809000000000253e+01 1.252936214747320207e+02 5.130764034705751442e+01
9.495183000000000106e+01 6.317466699999999946e+01 1.344391900824678032e+02 6.881814798015219026e+01
1.368031200000000069e+02 5.141456199999999654e+01 1.312842667622564932e+02 5.844893024082962540e+01
9.525037000000000376e+01 5.093585000000000207e+01 1.134854205371974132e+02 5.019095405155562162e+01
1.226312999999999960e+02 6.782847999999999900e+01 1.291356606637503432e+02 4.601520784898917071e+01
1.325956999999999937e+02 5.009526000000000323e+01 1.313962129282141689e+02 3.889798541805525645e+01
1.188862500000000040e+02 4.624365600000000143e+01 1.035789998344313290e+02 5.156571092048942262e+01
1.330081800000000101e+02 6.372323000000000093e+01 1.117076238940534552e+02 3.639821049351584037e+01
1.136318049999999999e+02 5.781356000000000250e+01 9.716133638162438046e+01 6.578311784775280557e+01
1.081348399999999970e+02 4.663883599999999774e+01 9.311080272040308614e+01 6.776466293764590887e+01
1.021053540000000055e+02 4.036707299999999776e+01 1.294874739490687716e+02 4.818164975373384351e+01
1.234647140000000007e+02 4.079735999999999763e+01 1.002553254592263272e+02 6.341493429870939735e+01
9.238161999999999807e+01 4.685940999999999690e+01 1.236224377870238129e+02 3.938099993336641091e+01
1.157259999999999991e+02 5.756257200000000296e+01 1.173000308052055516e+02 6.272781804972381536e+01
1.351673399999999958e+02 5.943258300000000105e+01 9.274680884291825578e+01 5.224618546708612143e+01
1.367846199999999897e+02 3.533767300000000233e+01 1.278666837597308330e+02 5.230208923843449043e+01
9.707605999999999824e+01 6.043931200000000104e+01 1.269098091254125222e+02 6.377730235534700398e+01
1.210040300000000002e+02 4.381646700000000294e+01 1.171277015027202566e+02 6.510449942781362154e+01
1.260278899999999993e+02 5.749642599999999959e+01 1.059111697056279411e+02 4.941871808967789548e+01
1.070039139999999946e+02 6.303882200000000324e+01 1.150489727894451164e+02 5.326163302240045994e+01
9.672338000000000591e+01 6.738236999999999455e+01 1.306560200047720457e+02 5.140981753863879078e+01
1.193664299999999940e+02 6.594503000000000270e+01 1.227468858101914577e+02 6.188180832707261914e+01
1.012004850000000005e+02 4.318016000000000076e+01 1.001335156520023446e+02 6.576752009228587781e+01
1.356307199999999966e+02 5.136963300000000032e+01 1.244659894547517922e+02 5.949626349520881519e+01
1.215311049999999966e+02 6.086510499999999979e+01 1.348830637387051468e+02 6.790049423348833102e+01
1.364176999999999964e+02 6.866760999999999626e+01 1.097963647911191174e+02 5.880904947931489346e+01
1.146630600000000015e+02 4.918905000000000172e+01 1.191936572339476186e+02 4.553811857738217839e+01
1.227152600000000007e+02 6.426040000000000418e+01 1.376729547999249519e+02 3.987651592373339327e+01
1.295121200000000101e+02 4.527902000000000271e+01 1.180869131378825330e+02 5.225855277654416398e+01
1.037078599999999966e+02 5.661120600000000280e+01 1.300058767428307078e+02 6.468437751484870546e+01
1.293159300000000087e+02 3.662954299999999819e+01 1.176256317584387716e+02 5.809023992607626496e+01
1.372683299999999917e+02 5.912542700000000195e+01 1.194852522471457519e+02 6.993303296726519136e+01
1.355762499999999875e+02 6.524819999999999709e+01 1.359227992106294494e+02 5.212397738371326028e+01
1.026455500000000001e+02 6.412498999999999683e+01 1.276101440916107492e+02 6.185940516569921499e+01
1.114721200000000039e+02 6.202857199999999693e+01 1.332827790956368119e+02 3.720268963749086311e+01
1.023862599999999929e+02 6.608481600000000356e+01 1.065407793616135166e+02 3.778312753359902132e+01
1.098362599999999958e+02 5.783707400000000121e+01 1.328147324183071021e+02 3.720526228888988385e+01
1.333379500000000064e+02 6.689455399999999941e+01 1.114475655923100703e+02 4.580078356414232132e+01
1.231624199999999973e+02 5.639403000000000077e+01 9.634797718327118332e+01 5.366310889724002209e+01
1.185681150000000059e+02 5.069962000000000302e+01 9.244311299917873725e+01 6.443296143294783462e+01
1.208447599999999937e+02 4.896385999999999683e+01 1.045013429767289779e+02 5.191692197039438383e+01
1.378483600000000138e+02 5.101471999999999696e+01 1.157599802646363969e+02 4.584817567819873574e+01
1.065212499999999949e+02 4.801573599999999686e+01 1.269886982878669670e+02 6.423206498840113454e+01
1.027853599999999972e+02 5.086054000000000030e+01 1.161838503097833808e+02 5.809345940428856636e+01
1.187232000000000056e+02 3.828542999999999807e+01 1.066081087193286407e+02 6.265931075012268536e+01
1.198037640000000010e+02 6.295774000000000115e+01 9.684066525182512919e+01 6.131828161081364215e+01
9.431417000000000428e+01 4.569948200000000327e+01 1.137923105776575028e+02 6.400629003548722551e+01
1.236176449999999960e+02 4.134354799999999841e+01 9.489976263334077089e+01 6.769865474673230210e+01
1.006880000000000024e+02 5.778568299999999880e+01 1.013717435032474583e+02 3.853816785373751941e+01
1.037407500000000056e+02 4.917862699999999876e+01 1.236945107717038468e+02 4.896582142201874888e+01
1.149318300000000050e+02 4.307403000000000048e+01 9.463826103084147690e+01 6.674620415348960023e+01
9.939714999999999634e+01 4.046298600000000079e+01 1.311025054987367184e+02 4.373583243124556930e+01
9.844664000000000215e+01 6.560905999999999949e+01 1.159710515896145893e+02 5.416232201846430883e+01
9.638931999999999789e+01 4.664872400000000141e+01 1.208001762082947721e+02 6.297818902942205455e+01
1.091933800000000048e+02 5.221484800000000348e+01 1.227512425896562576e+02 5.409046995637612554e+01
1.141533600000000064e+02 4.061460000000000292e+01 9.618864393582140337e+01 5.583960329331625871e+01
1.118402899999999960e+02 6.912057500000000232e+01 1.223445454947454891e+02 3.705165139232347116e+01
1.307075299999999913e+02 5.673199499999999773e+01 1.072938648688123919e+02 6.722393510403688310e+01
1.156852949999999964e+02 5.051370599999999911e+01 1.230626323728565978e+02 5.074734142148376748e+01
1.105666959999999932e+02 6.339222699999999833e+01 1.056236252095082477e+02 6.167976416547877250e+01
1.184775499999999937e+02 5.496212799999999987e+01 1.040419936099800680e+02 4.623849485814491089e+01
1.006911199999999980e+02 6.388932799999999901e+01 1.192590984721360599e+02 4.485001849223247916e+01
1.019693759999999969e+02 3.966786599999999652e+01 1.296421204123387554e+02 4.107608133842980180e+01
1.141460950000000025e+02 5.843473399999999884e+01 1.156859128086125139e+02 6.988983987581015356e+01
1.069606799999999964e+02 5.361368999999999829e+01 1.017047355240137847e+02 3.603637870876175242e+01
9.982609600000000682e+01 5.004249999999999687e+01 1.234999871393536068e+02 5.017042887333595758e+01
1.341809000000000083e+02 5.362561000000000178e+01 9.208755832755537085e+01 3.915575127872179451e+01
1.095942000000000007e+02 5.830548499999999734e+01 1.215210630587724410e+02 5.457690691522742554e+01
9.520232000000000028e+01 6.021568700000000263e+01 1.378507471848413672e+02 5.377963010630296026e+01
1.066647999999999996e+02 4.690390800000000127e+01 1.136667162846887322e+02 6.952185107869114233e+01
1.285295399999999972e+02 5.493441399999999675e+01 1.017542267341289204e+02 6.405187734287092383e+01
1.091557799999999929e+02 6.643088500000000352e+01 1.174343584376317153e+02 6.463527380361365715e+01
1.371459399999999960e+02 6.670136999999999716e+01 1.199780068095875265e+02 6.877409562506437624e+01
1.085478899999999953e+02 6.761072500000000218e+01 1.051728595759818461e+02 4.521537388124031054e+01
9.589624999999999488e+01 4.540874000000000166e+01 1.286650492816535234e+02 4.048469143814212856e+01
1.055859999999999985e+02 4.374244000000000199e+01 1.122523283689557729e+02 5.648686884714462053e+01
1.239748400000000004e+02 5.742487700000000217e+01 1.050573759301441044e+02 4.228166101194134541e+01
1.190468900000000048e+02 4.108363700000000307e+01 1.100264000479285329e+02 3.733258834769292633e+01
1.082746350000000035e+02 4.673366999999999649e+01 1.213801299862720668e+02 3.585089223733425712e+01
1.323359199999999873e+02 4.223495499999999936e+01 1.123832163411161673e+02 4.839768561927871815e+01
1.276399499999999989e+02 4.359067000000000291e+01 9.857475801287775141e+01 4.105489724576828792e+01
1.267813900000000018e+02 6.307345200000000318e+01 1.136485264785121103e+02 6.621313521349068765e+01
1.033991000000000042e+02 6.543868999999999403e+01 9.345442694145900475e+01 6.288387711172894967e+01
1.278491999999999962e+02 6.229797700000000304e+01 1.022615063108457036e+02 6.661686783731028072e+01
1.203109800000000007e+02 4.588696300000000150e+01 1.038275142092244323e+02 3.966150145551570461e+01
1.220744799999999941e+02 5.367751700000000170e+01 1.068135920952631892e+02 3.503627033539530089e+01
1.293166699999999878e+02 6.638636999999999944e+01 1.061291344266975898e+02 6.351331672156187835e+01
1.236915699999999987e+02 4.859848000000000212e+01 1.073641067810639242e+02 4.097929425973904216e+01
1.232669999999999959e+02 5.521932600000000235e+01 9.552195787028452401e+01 6.329167835682534360e+01
9.527467000000000041e+01 4.541340600000000194e+01 1.119241257049287270e+02 4.740875333579652562e+01
1.091523059999999958e+02 6.072717699999999752e+01 1.252477907393965637e+02 5.444851703768148354e+01
1.330759999999999934e+02 4.629179800000000000e+01 1.047243419227151264e+02 4.239840054106663558e+01
1.056607499999999931e+02 5.280317000000000149e+01 1.205129725966097851e+02 5.912880348271509234e+01
1.066777340000000009e+02 5.900209000000000259e+01 1.172479954385439669e+02 4.970783707211792546e+01
1.297895800000000008e+02 5.766158000000000072e+01 9.866820784308255554e+01 3.791058201468128885e+01
1.284141400000000033e+02 4.118229000000000184e+01 9.584613076144422905e+01 6.288263060481226319e+01
9.383820000000000050e+01 5.891158300000000025e+01 1.132470017359641048e+02 6.964575618561381987e+01
1.373203399999999874e+02 6.983962999999999965e+01 1.324471800420808734e+02 5.289818670032318693e+01
1.230925900000000013e+02 5.382784999999999798e+01 1.314465095619917747e+02 6.404140843016321583e+01
1.107214900000000029e+02 6.250643500000000330e+01 1.203652026076431270e+02 6.522604475502095056e+01
1.324401699999999948e+02 5.855866199999999822e+01 9.349313772043149129e+01 5.856643437239379324e+01
9.686402999999999963e+01 3.992714300000000094e+01 1.158305528250101446e+02 5.320848283511074328e+01
1.314834299999999985e+02 5.866523699999999764e+01 1.088787555867998549e+02 4.771363527402788662e+01
1.351166399999999896e+02 4.525079999999999814e+01 1.329234041409532097e+02 6.046763552407009001e+01
1.218459699999999941e+02 6.279185999999999979e+01 1.161075615643478613e+02 4.604297698453869714e+01
1.289000399999999900e+02 4.429560500000000189e+01 1.184196568820499635e+02 5.607183092331821683e+01
1.059762300000000010e+02 4.485241299999999853e+01 9.823400188555835655e+01 6.433206310321918409e+01
1.134150159999999943e+02 6.822314000000000078e+01 1.166440584730301566e+02 4.421955567196238235e+01
1.359813800000000015e+02 6.846658999999999651e+01 9.413859085474111055e+01 6.085176804375163329e+01
1.026653600000000068e+02 4.825075999999999965e+01 9.729225920761733448e+01 5.985759513597562886e+01
1.238619599999999963e+02 6.896387000000000000e+01 1.320054941066962044e+02 4.916651991596613414e+01
1.286841300000000103e+02 6.375997000000000270e+01 1.351076904759106867e+02 5.398633695355919571e+01
1.276217500000000058e+02 5.815567000000000064e+01 1.000716688578769435e+02 6.001586364165473242e+01
1.233985100000000017e+02 4.811843999999999966e+01 9.567783849367923210e+01 6.536192750389652417e+01
1.008273899999999941e+02 4.129272999999999882e+01 1.345897788742929038e+02 6.343990905882442632e+01
1.140609359999999981e+02 6.030183399999999949e+01 1.073205776389040977e+02 4.105499428410413998e+01
1.361330700000000036e+02 5.354596999999999696e+01 1.157704236177773112e+02 4.768116882617559327e+01
1.376324199999999962e+02 4.244178399999999840e+01 1.163720510469661349e+02 4.016851293138985568e+01
1.298264599999999973e+02 4.875956699999999699e+01 1.330292984163324661e+02 5.597061575520308452e+01
1.052442700000000002e+02 5.953064299999999776e+01 1.209556067046085843e+02 3.777604634309336973e+01
1.105033499999999975e+02 5.171349000000000018e+01 9.427233293591173435e+01 6.400036841313536229e+01
1.082517399999999981e+02 4.725910600000000272e+01 1.068520879998958151e+02 6.556430547368492512e+01
1.378383300000000133e+02 4.636522300000000030e+01 1.211297670774490740e+02 3.845297030902388968e+01
1.119819949999999977e+02 6.060598000000000241e+01 1.350140668583845240e+02 5.236933346281903567e+01
1.246482850000000013e+02 3.949035299999999893e+01 1.196046372249668224e+02 6.720268756174363034e+01
9.710795000000000243e+01 6.395506000000000313e+01 1.122633012454608945e+02 6.970407680233192593e+01
1.268415449999999964e+02 5.629915199999999942e+01 1.297932805199618542e+02 4.835889107001499099e+01
1.167841339999999946e+02 3.776747000000000298e+01 1.200973965676398763e+02 5.680331294086883531e+01
9.636706999999999823e+01 4.866378000000000270e+01 1.077853899371979338e+02 5.525178132102988116e+01
1.177838299999999947e+02 5.277649000000000257e+01 1.345506018391170073e+02 4.041674874362627889e+01
1.050267500000000069e+02 6.105164299999999855e+01 1.001959396589689533e+02 5.393448718938811481e+01
1.229782399999999996e+02 6.253080400000000338e+01 1.360478500792948466e+02 4.629444609236514196e+01
1.145626199999999955e+02 6.145170600000000150e+01 1.095638288468386179e+02 4.626887467603511084e+01
1.036561499999999967e+02 6.517113500000000670e+01 1.018397453983450021e+02 4.047704626502238767e+01
1.069991200000000049e+02 5.624827200000000005e+01 1.198194034926590632e+02 5.734547587352636810e+01
1.362959600000000080e+02 4.253269600000000139e+01 1.151443631104419296e+02 3.554286495491545139e+01
9.981673399999999674e+01 4.543990699999999805e+01 1.196938031604715604e+02 5.314023277464069395e+01
1.072648850000000067e+02 6.951449599999999407e+01 1.136350165249280053e+02 5.881206802212132345e+01
1.118709599999999966e+02 6.615093000000000245e+01 9.233660821347454828e+01 4.888259896545314120e+01
1.121540449999999964e+02 4.698385600000000295e+01 1.099098955711365306e+02 6.901429102344982880e+01
1.026101199999999949e+02 5.731443800000000266e+01 9.376267171739084461e+01 5.667548913829611479e+01
1.121065750000000065e+02 6.760827999999999349e+01 1.358252829633901229e+02 6.164750181411996266e+01
1.313948699999999974e+02 3.586773000000000167e+01 1.156924094363578348e+02 5.018056872601211182e+01
1.302298700000000053e+02 4.411104999999999876e+01 1.320623500443769558e+02 6.521865825416655582e+01
9.562781999999999982e+01 3.736223199999999878e+01 1.095034056569974723e+02 5.606275389744585169e+01
1.286389900000000068e+02 5.956557000000000102e+01 1.295019748524794068e+02 3.702273305878102150e+01
1.249292099999999976e+02 3.565120000000000289e+01 1.072847992330175657e+02 5.922516907111285889e+01
1.207486700000000042e+02 6.298458999999999719e+01 9.234570498176640285e+01 5.283106398636576273e+01
1.120970899999999943e+02 4.923708299999999838e+01 9.988135773721066357e+01 5.109670224945337225e+01
1.231062000000000012e+02 5.243079000000000178e+01 1.284952202707372351e+02 6.153434052544518806e+01
1.020203599999999966e+02 4.078491000000000355e+01 1.059371425139724181e+02 5.088099783933279241e+01
1.083012849999999929e+02 5.437543000000000148e+01 1.253811911703087958e+02 4.906295988155108034e+01
1.054679799999999972e+02 6.488631399999999871e+01 1.114486305472749592e+02 5.266169798321220696e+01
1.333200999999999965e+02 4.437782700000000347e+01 1.015301430727286629e+02 6.312659738928762465e+01
1.239343199999999996e+02 5.815125299999999697e+01 9.865299696361648785e+01 5.840479697578609830e+01
1.103336639999999989e+02 6.353291699999999764e+01 1.079057032953304684e+02 5.217078433592634923e+01
1.087247600000000034e+02 5.881990400000000108e+01 1.311153372632306571e+02 6.057699188786271094e+01
1.329525299999999959e+02 5.248914700000000266e+01 1.347087555701602923e+02 6.640088145805782460e+01
1.198207600000000070e+02 6.540080000000000382e+01 1.302576939445194455e+02 3.805557088884309280e+01
1.347739599999999882e+02 6.384909400000000090e+01 1.024727054089823071e+02 5.561083484278162814e+01
1.252902299999999940e+02 3.602056999999999931e+01 1.014778499917795926e+02 6.042198305080518139e+01
1.277053149999999988e+02 6.054426600000000036e+01 1.096671314467602656e+02 4.974121175331942624e+01
1.364731299999999976e+02 3.534309799999999768e+01 1.196596255915908245e+02 3.877118439588353738e+01
1.188877600000000001e+02 4.872822599999999937e+01 1.058424806795415236e+02 5.109462830087352359e+01
1.320416299999999978e+02 6.974830000000000041e+01 1.369441650207365342e+02 6.349106115891594015e+01
1.127115550000000042e+02 5.675468999999999653e+01 9.507479716500748168e+01 6.491423449394454792e+01
1.258064799999999934e+02 6.694222999999999502e+01 1.151192533367858744e+02 6.476932438280279314e+01
1.339502699999999891e+02 3.750827999999999918e+01 1.153235775518968467e+02 4.466881997011772398e+01
1.254578199999999981e+02 6.731475000000000364e+01 1.212349070121829300e+02 5.783556949056975327e+01
9.865367999999999427e+01 6.547084999999999866e+01 1.053284224403571585e+02 6.188608775614235924e+01
1.319497700000000009e+02 3.734958600000000217e+01 1.237438274058498564e+02 4.023863010383673355e+01
1.031321400000000068e+02 5.005382999999999782e+01 1.314043458304280421e+02 5.101868052087775141e+01
1.095725999999999942e+02 5.484429599999999994e+01 1.349681683018577303e+02 6.676055793215394374e+01
1.266717799999999983e+02 6.665990999999999644e+01 1.171101456425956542e+02 4.597980362012933853e+01
1.121085300000000018e+02 6.513195000000000334e+01 1.370763704578006639e+02 3.751873381114355510e+01
1.225464999999999947e+02 5.409246399999999966e+01 1.172861646528284325e+02 4.536707447045258590e+01
9.722106999999999744e+01 5.056562799999999669e+01 1.048605601127673737e+02 5.175300919953880907e+01
1.160879300000000001e+02 4.753222699999999890e+01 1.299866580254021926e+02 4.754396266455237452e+01
9.418828000000000600e+01 5.873288300000000106e+01 1.129182111437925471e+02 5.196767976736644812e+01
1.205571999999999946e+02 5.843093999999999966e+01 1.132565283884369762e+02 5.745950621794697355e+01
1.025857299999999981e+02 6.367561299999999846e+01 1.264030664697920372e+02 5.835128624776126571e+01
1.068678599999999932e+02 6.381319799999999987e+01 1.378933378394374643e+02 3.885419907906002379e+01
1.186272660000000059e+02 4.683688399999999774e+01 1.298761413716798643e+02 6.931816414234594959e+01
1.283170299999999884e+02 6.974074600000000146e+01 1.060097999728305638e+02 3.691804022482952519e+01
1.028007199999999983e+02 5.709722500000000167e+01 1.297421416145782302e+02 4.814018006735275890e+01
9.213756999999999664e+01 5.450085399999999680e+01 1.082108510631249203e+02 5.151707938929617114e+01
9.380387000000000342e+01 4.174504499999999751e+01 9.840984418977193116e+01 4.287864988946130040e+01
1.210394440000000031e+02 6.648418999999999812e+01 1.140918923803625518e+02 5.781562777800944275e+01
1.258006799999999998e+02 6.341799000000000319e+01 1.010036276703358027e+02 5.858625782277744065e+01
1.116045000000000016e+02 4.680906000000000233e+01 9.419104420347288453e+01 5.820191351214603515e+01
1.092954399999999993e+02 4.421690999999999860e+01 1.100934853188165903e+02 4.888030840752577433e+01
1.097516799999999932e+02 4.463506300000000238e+01 1.134475797415299496e+02 5.355989864546126000e+01
1.132183899999999994e+02 5.779283999999999821e+01 1.029577719868285186e+02 4.136754847320129613e+01
1.093788299999999936e+02 6.730993999999999744e+01 9.968063810395899793e+01 3.924783534380224381e+01
9.671662000000000603e+01 6.548481999999999914e+01 9.567143705966820733e+01 6.838954869134541070e+01
1.355887500000000045e+02 6.784150999999999954e+01 1.083312464270648832e+02 6.769097424269779140e+01
1.065605400000000031e+02 6.567464999999999975e+01 1.285001948423267208e+02 6.241771085984679246e+01
1.075179140000000046e+02 5.610474800000000073e+01 1.337161773340469608e+02 4.147664802769711656e+01
1.006820299999999975e+02 4.440463600000000355e+01 1.135025570532652637e+02 5.709416559595889140e+01
9.287044500000000369e+01 5.531581500000000062e+01 9.437317952710684210e+01 5.049409197119997117e+01
1.112591859999999997e+02 4.836675600000000230e+01 1.036049032188825265e+02 5.100430067516195720e+01
1.020660400000000010e+02 6.237307400000000257e+01 1.339061727949087981e+02 6.484269754583539225e+01
1.134251399999999990e+02 6.658665999999999485e+01 9.818789741264664883e+01 5.897541978469936907e+01
1.234111900000000048e+02 4.187895199999999818e+01 9.663687887993687298e+01 5.628610529567056631e+01
1.012638239999999996e+02 4.467660500000000212e+01 1.299555347266109493e+02 4.333887197150549042e+01
1.120809500000000014e+02 6.913670999999999367e+01 1.317872838441466001e+02 3.666753272603349245e+01
9.859493000000000507e+01 4.309593000000000274e+01 1.221635321894264337e+02 6.717729218182546447e+01
9.759901999999999589e+01 4.710473999999999961e+01 1.175704269251747291e+02 3.788900678189953197e+01
1.332942199999999957e+02 6.323472600000000199e+01 1.313447601535610545e+02 6.479237835031763382e+01
1.043039700000000067e+02 3.826391199999999770e+01 1.126110640170226560e+02 3.964560444353008961e+01
9.533126000000000033e+01 4.475791999999999859e+01 1.161046090157194044e+02 6.182515761983404445e+01
1.143102099999999979e+02 6.314543499999999909e+01 9.958506736198067699e+01 4.362924057692055158e+01
9.672650000000000148e+01 5.617989000000000033e+01 1.222551362357639704e+02 4.635511759542907839e+01
