1.195968249999999955e+02 1.992211299999999952e+01 9.540767800502143814e+01 1.198120412417812375e+01
1.091388699999999972e+02 1.284375499999999981e+01 1.039873205327584884e+02 1.356300440637018268e+00
9.989088999999999885e+01 2.683164999999999978e+01 1.225864957869673333e+02 1.229293421018920540e+01
1.133071060000000045e+02 3.074285100000000170e+01 9.839973680985896465e+01 1.555564248522504078e+00
1.227206500000000062e+02 2.926232000000000166e+00 1.374641271784141452e+02 9.776271198344904434e+00
1.090837899999999934e+02 1.109345000000000026e+00 9.804276621685410475e+01 3.920696189653489760e+00
1.221725399999999979e+02 1.971065000000000067e+00 1.067198223654508809e+02 3.075324390250823470e+01
1.087185099999999949e+02 1.082315200000000033e+01 9.399275501148794376e+01 2.434806376246880077e+01
1.213953300000000013e+02 5.272655000000000314e+00 1.120334560527077059e+02 3.690139817661933996e+00
1.364772499999999980e+02 2.120343999999999784e+00 1.128603431347447241e+02 1.951550116094703213e+01
1.110467699999999951e+02 3.238026399999999683e+01 1.193831952540819827e+02 2.567560402346735060e+01
1.291601900000000001e+02 1.209166300000000049e+01 1.271730402567774831e+02 3.045915432727655414e+00
9.981171000000000504e+01 2.392927600000000155e+01 1.040596020307300904e+02 6.400198620702307606e-01
1.090422400000000067e+02 3.257660000000000000e-01 1.027630751675049794e+02 3.234446599484918750e+01
9.369768000000000541e+01 1.855701600000000084e+01 9.497317720250541129e+01 3.181799080945067004e+01
1.307908799999999871e+02 1.009277999999999897e+00 9.464502096327942127e+01 1.951076320262467689e+01
1.123576999999999941e+02 3.279659999999999798e-01 1.082338220499478609e+02 2.298748494299188394e+01
1.174418639999999954e+02 1.991549499999999995e+01 9.552979254415858179e+01 1.641580139676221606e+01
1.293536799999999971e+02 7.147846000000000366e+00 1.021948388465125532e+02 7.078965896833248728e+00
9.965353399999999340e+01 2.953445800000000077e+01 1.251643961022640497e+02 3.162939657657561199e+01
1.350546699999999873e+02 1.248166299999999929e+01 9.785228480310158261e+01 2.826632569306601894e+01
1.020575599999999952e+02 3.032312399999999997e+01 1.240805851498850245e+02 2.091137610974272576e+01
9.586464999999999748e+01 3.010379999999999967e+01 1.066836915591745196e+02 1.187832025797168711e+01
1.205678249999999991e+02 2.621988100000000088e+01 1.278717982419042301e+02 6.151707491721051468e+00
1.032809749999999980e+02 1.728598600000000118e+01 1.153450798279399834e+02 1.442258416418897760e+01
1.222444500000000005e+02 8.908201999999999288e+00 1.349625859143836237e+02 3.718566397999745643e+00
1.344940300000000093e+02 7.012902999999999665e+00 1.229111519338336080e+02 2.727802757510719545e+01
1.047877660000000049e+02 2.743140400000000056e+01 1.300403083699117133e+02 4.567085400609503409e+00
9.689548999999999523e+01 3.139643900000000087e+01 1.326898755210263232e+02 7.232525198856389004e+00
1.002700300000000055e+02 1.703686300000000031e+01 9.826020764775962846e+01 2.680664484538340275e+01
1.079673540000000003e+02 1.237299100000000074e+01 9.893653264571544526e+01 1.301289177609734615e+01
1.078554800000000000e+02 1.840535399999999910e+01 1.132364879678950444e+02 3.436613493911476525e+01
1.117835000000000036e+02 4.146894999999999776e+00 1.291791259163605901e+02 3.019520614513988477e+01
1.072773499999999984e+02 2.767564799999999892e+01 1.237273932128182992e+02 2.821511976969629387e+01
1.197189560000000057e+02 1.547260600000000075e+01 1.040509772626631673e+02 6.948675017200372395e+00
9.755183399999999949e+01 3.184772999999999854e+01 9.836786911733850047e+01 2.507160481120208217e+01
1.302385099999999909e+02 7.992467999999999684e+00 1.329513325055218900e+02 3.374258057464491145e+01
1.140755900000000054e+02 8.455011999999999972e+00 1.332427938488751238e+02 2.008024805627046661e+01
1.121058799999999991e+02 5.483360000000000456e-01 1.167224280631643296e+02 4.580520951118857376e+00
1.148769499999999937e+02 6.728119999999999656e-01 1.263474845835884821e+02 3.256851056631778096e+00
1.093217539999999985e+02 1.300310099999999913e+01 1.306518810908609964e+02 4.361051284363018254e+00
9.410971999999999582e+01 1.075564600000000048e+01 1.157505633860303504e+02 1.341841457306738583e+01
1.073891449999999992e+02 2.746964799999999940e+01 9.564099293525973167e+01 6.529835578967962739e+00
1.231192999999999955e+02 3.669859999999999900e+00 1.260628696173649246e+02 7.038996728094898181e+00
1.376754999999999995e+02 1.454145600000000016e+01 1.095052673932681273e+02 3.042507039053480256e+01
1.055970499999999959e+02 6.590237000000000123e+00 1.315318282351283017e+02 1.934544987595140952e+01
1.357005499999999927e+02 1.938025700000000029e+01 1.136238130714571639e+02 2.262545590326063660e+01
1.140832999999999942e+02 2.683112699999999862e+01 1.313327580248697188e+02 4.062160277322846014e-01
1.006227399999999932e+02 1.954385600000000167e+01 1.103670703106502629e+02 2.604771352487774294e+01
1.217343299999999999e+02 1.486597700000000088e+01 1.186010789526224016e+02 3.746497254297850077e+00
1.135468599999999952e+02 1.324376900000000035e+01 1.194999117401588791e+02 1.413020796889699859e+01
1.023049299999999988e+02 2.800608000000000075e+01 1.092525514636274835e+02 2.722936101022416722e+01
1.195463639999999970e+02 2.841035700000000119e+01 1.329803019513230993e+02 2.668553305484730487e+01
1.117577739999999977e+02 2.046753999999999962e+01 1.029697699584298363e+02 2.133290715931437376e+01
9.963335999999999615e+01 3.011660600000000088e+01 1.052466210014926276e+02 1.568551576680905502e+00
1.172729949999999945e+02 2.140795900000000174e+01 1.344842539164229720e+02 2.107696045636153759e+00
1.081589000000000027e+02 1.194670699999999997e+01 1.038531124129134611e+02 1.289082341247350660e+00
1.007823300000000017e+02 2.154664599999999908e+01 1.265436043618467465e+02 2.083535535902684188e+01
1.227981199999999973e+02 3.281226699999999852e+01 1.002718631755483614e+02 1.102436916106211973e+00
1.164053499999999985e+02 1.685597999999999885e+01 1.359860700640666948e+02 2.734122016885048367e+01
1.094431699999999950e+02 2.603854600000000019e+01 1.203066396226617343e+02 6.750991641897191364e+00
1.248270700000000062e+02 4.432827999999999768e+00 1.024658800734422783e+02 1.481976309643179945e+01
1.264986999999999995e+02 2.455890000000000128e+01 1.138399299650207297e+02 3.443266428124838541e+01
1.004969799999999935e+02 2.176606200000000158e+01 9.787558672742518695e+01 1.102153791594318477e+01
1.159256900000000030e+02 2.697432299999999827e+01 9.338540226827123547e+01 2.960364050338101904e+01
1.041200560000000053e+02 2.495909899999999837e+01 1.026051194849431454e+02 1.975864939787159713e+01
1.363643999999999892e+02 1.274971000000000032e+01 1.316283027445913376e+02 2.027697452257949351e+01
1.102168700000000001e+02 2.640597199999999845e+01 1.319105845366639187e+02 2.640891040572449455e+01
1.129410900000000026e+02 1.928609799999999908e+01 1.298455290495921020e+02 1.392306658905217986e+01
1.006064200000000000e+02 2.769523600000000130e+01 1.342910129989047618e+02 1.275249378833467873e+01
9.605414600000000291e+01 3.418947000000000003e+01 9.237818874118755730e+01 4.882716892371078643e+00
1.014491600000000062e+02 2.277094299999999905e+01 1.314379066643755323e+02 3.311588471554020430e+01
1.091274599999999992e+02 2.936315300000000050e+01 1.374180990758646317e+02 3.544931724984953014e+00
1.006493899999999968e+02 1.672829600000000028e+01 1.040520956178131513e+02 2.044991202646228601e+01
1.306562800000000095e+02 2.621539999999999981e-01 1.372375246465484793e+02 2.126553698230255662e+01
1.370959000000000003e+02 5.531164999999999665e+00 9.368102050998143682e+01 2.189655870608929433e+01
9.703319000000000472e+01 2.983398400000000095e+01 9.591205593276575314e+01 1.156391944307312958e+00
1.209411199999999980e+02 1.190699900000000078e+01 1.294646251925716172e+02 3.326000190469827800e+01
1.019945450000000022e+02 1.624662599999999912e+01 1.196288537677571355e+02 5.911260293288297163e+00
1.356722699999999975e+02 1.789586800000000011e+01 1.269662854401583729e+02 2.977034237419765006e+01
9.492020999999999731e+01 2.098355700000000112e+01 1.175024077479446305e+02 2.995863144799845301e+01
1.303266000000000133e+02 5.151488999999999763e+00 1.013693276346033088e+02 7.101062711323028687e+00
1.286587700000000041e+02 1.192577099999999923e+01 1.037091202886407899e+02 4.906352826503625586e+00
1.020943999999999932e+02 1.659711000000000070e+01 1.279616598212992642e+02 1.896223160268655406e+01
1.253882700000000057e+02 1.252098200000000006e+01 1.097737527254792695e+02 1.382794258241221819e+00
9.446862000000000137e+01 4.517010000000000192e-01 1.121822714190529382e+02 2.628009838784183572e+01
1.231785699999999935e+02 1.163075599999999987e+01 9.509021825415955220e+01 8.637141993745993673e+00
1.370396700000000010e+02 1.252472000000000030e+00 9.225681836776186628e+01 2.267606509023632100e+01
1.073123599999999982e+02 2.557497199999999893e+01 1.055702804139714885e+02 6.400974666582837536e+00
1.141837539999999933e+02 2.640196200000000104e+01 9.643479492216974336e+01 3.367609554566242025e+01
1.064903999999999940e+02 1.390643999999999991e+00 1.187095632155490819e+02 3.228315495236717680e+01
1.286027200000000050e+02 8.726665000000000560e+00 1.304921262652463838e+02 2.496406743406419437e+01
1.212147099999999966e+02 1.824274799999999885e+01 1.227391603304283620e+02 2.536277864771191304e+01
1.252556299999999965e+02 7.355453999999999937e+00 1.101349746785646317e+02 2.820885315935468896e+01
1.028493699999999933e+02 2.885465800000000058e+01 1.152202642267974113e+02 1.922887633340953073e+01
1.260793199999999956e+02 1.507600200000000079e+01 1.308378231456123615e+02 1.520280159072318682e+01
1.221287399999999934e+02 7.625099999999999767e+00 1.008577236362996814e+02 2.646758801406580730e+01
1.241735800000000012e+02 1.073339700000000008e+01 1.130991084152061603e+02 2.217789836428497807e+00
9.699267600000000300e+01 3.332831000000000188e+01 1.054360597888870359e+02 2.571278145025921447e+00
1.297366499999999974e+02 1.097087800000000080e+01 1.144737807238708456e+02 3.390037124883520647e+01
1.061328350000000000e+02 2.596210900000000166e+01 1.336262004455835495e+02 1.556647101973742231e+01
1.303218400000000088e+02 8.996290000000000120e-01 1.145268908758937130e+02 9.887646831549572468e+00
1.284304700000000139e+02 1.899298699999999940e+01 1.137342840998786642e+02 1.299840836963889146e+01
1.122994499999999931e+02 1.439847999999999928e+01 1.199669316803258567e+02 1.346531081180356182e+01
1.105124739999999974e+02 2.767481799999999836e+01 1.069662620158558894e+02 2.163497489703518539e+01
1.194070700000000045e+02 1.974189399999999850e+01 1.196970783681176727e+02 2.648251719169955365e+01
1.225821150000000017e+02 6.734340000000000437e+00 9.570614349096594253e+01 2.008432623284193497e+01
1.074301300000000055e+02 3.293291500000000127e+01 1.031456433666415080e+02 2.790579949628067880e+01
1.038327500000000043e+02 1.301466800000000035e+01 9.786577624601568459e+01 1.478077622717311890e+01
1.137167199999999951e+02 2.209496700000000047e+01 1.000489728356847507e+02 1.238953800979493458e+01
1.294755900000000111e+02 2.914704899999999910e+01 9.862347558635224232e+01 1.964456843666417285e+01
1.289106299999999976e+02 7.094847999999999821e+00 1.339650613731047883e+02 2.594313511776039149e+01
1.214991760000000056e+02 1.366147199999999984e+01 1.272690106341598550e+02 1.786346278831516798e+01
1.216805700000000030e+02 2.875600000000000031e-02 1.315091915125507285e+02 1.651799328757832086e+00
1.213336639999999989e+02 1.455452499999999993e+01 1.355970771343303056e+02 2.207551399876822629e+01
1.331729400000000112e+02 1.186766300000000030e+01 1.184900416107744405e+02 3.413323670708231106e+01
1.039350500000000039e+02 2.735918399999999906e+01 1.358441096065707256e+02 1.788952292168610825e+01
1.194439849999999979e+02 3.088717700000000121e+01 1.173796897693013221e+02 1.208190893728975368e+01
1.182972699999999975e+02 1.483025899999999986e+01 1.162269252689201977e+02 2.328224026436037652e-01
1.162961800000000068e+02 2.799809799999999882e+01 1.191374978189891323e+02 3.348557341639915030e+00
1.189220300000000066e+02 1.942037399999999892e+01 1.333515325626743788e+02 3.750761302630457372e+00
1.087034450000000021e+02 1.879413800000000023e+01 1.030752611882047773e+02 5.731018440290834626e+00
1.258230060000000066e+02 9.050392999999999688e+00 1.252905074334366020e+02 2.955461129445738067e+01
1.100269849999999963e+02 1.782430499999999896e+01 1.222882333775316397e+02 1.928358492673978120e+01
1.053158899999999960e+02 1.049280700000000088e+01 1.314829733245923649e+02 3.148913678651030779e+01
1.324488800000000026e+02 9.132956999999999326e+00 1.200013823618924675e+02 2.449910109880951126e+01
1.360862600000000100e+02 1.322449800000000053e+01 1.358604043015121761e+02 2.226648953010246235e-01
1.034781339999999972e+02 1.418773999999999980e+01 1.248489439992493288e+02 1.186000051500234242e+01
1.366617899999999963e+02 1.230031400000000019e+01 9.515402552492082577e+01 4.026077024931661974e+00
1.218649499999999932e+02 3.051391999999999882e+01 1.136055060678398689e+02 1.905691419579860479e+01
1.287149499999999875e+02 8.613853000000000648e+00 1.064871354262306795e+02 2.649683175851080108e+01
1.053674550000000067e+02 7.722144000000000119e+00 1.354016183413723127e+02 2.871795273703819262e+01
1.215111540000000048e+02 9.026956999999999454e+00 1.012763864662157118e+02 1.791024489135098463e+01
1.118345640000000003e+02 2.392749999999999877e-01 1.306222634859491336e+02 8.699567796145498022e+00
1.084680560000000042e+02 1.681018399999999957e+01 9.837166146571129843e+01 1.445500372178953263e+01
1.222486099999999993e+02 1.220074699999999979e+01 1.342522648125197691e+02 7.719611260242846384e+00
1.178697700000000026e+02 2.086379200000000012e+01 1.228304978347516538e+02 5.166592936733178654e+00
9.515203999999999951e+01 1.569428800000000024e+01 1.022597837414476487e+02 2.843876439654555455e+01
9.918323499999999626e+01 1.574674699999999916e+01 1.000327436967180006e+02 3.295543410249583616e+01
1.065750199999999950e+02 2.890432200000000051e+01 1.284090534066814087e+02 9.356746237281830858e+00
1.286007500000000050e+02 8.765936999999999202e+00 1.332310487319389836e+02 3.173113592911221303e+01
1.182651900000000040e+02 1.205452299999999966e+01 1.113649211743871774e+02 1.386795883087040515e+01
1.331578700000000026e+02 1.155118900000000082e+01 9.608603959330638133e+01 3.259686802753405743e+01
1.106722100000000069e+02 2.715277999999999992e+01 1.046710862013139831e+02 2.399510882455933114e+01
1.130060650000000066e+02 2.550459999999999994e+01 1.078290775948273819e+02 2.922537507755629349e+01
1.216335140000000052e+02 1.368565999999999949e+00 1.220210380824782135e+02 6.537885252852674967e+00
1.134964499999999958e+02 2.987325299999999828e+01 1.082517016813418564e+02 4.037042974220039770e-01
1.232273500000000013e+02 4.342469000000000356e+00 9.312644008573279564e+01 9.407269483516468966e+00
1.356329700000000003e+02 5.475532000000000288e+00 1.377894117278444810e+02 1.487261010108180947e+01
1.012301199999999994e+02 1.617340499999999892e+01 1.309407879852913652e+02 8.604557714916889921e+00
1.066743699999999961e+02 3.105507700000000071e+01 1.006818983196474164e+02 8.950771180708444463e-01
1.064715499999999935e+02 3.050993000000000066e+00 1.291252509873509666e+02 1.102317350595694734e+01
1.181860400000000055e+02 2.456443600000000060e+01 1.041661210948960843e+02 3.370025756773350167e+01
1.262777600000000007e+02 1.555640400000000056e+01 1.375861168226719826e+02 2.314932221271352830e+01
1.290645299999999907e+02 1.239838499999999932e+01 1.284904541380430203e+02 6.390348512973020867e-01
1.124703750000000042e+02 1.702895499999999984e+01 9.812209348568870837e+01 1.334736993820302686e+01
1.208478199999999987e+02 2.691405000000000047e+00 9.863748029755704749e+01 2.654388867245602412e+01
1.042165799999999933e+02 2.347071499999999844e+01 1.252519671362660745e+02 5.654542753886237172e+00
1.371154999999999973e+02 4.333319999999999950e-01 1.137650762402664100e+02 1.146978479962921682e+01
1.151012699999999995e+02 2.510251999999999839e+01 9.474485688064115152e+01 2.776346560512797268e+01
1.130678500000000071e+02 1.070391300000000001e+01 1.197732910609908288e+02 2.728731966431751843e+01
1.148044000000000011e+02 2.044948799999999878e+01 1.145270728546248762e+02 2.214484321608876627e+01
9.765413999999999817e+01 2.677711499999999845e+01 1.149120185355796480e+02 1.274979866496443215e+01
1.132039199999999965e+02 1.668616300000000052e+01 9.757091304344311311e+01 1.963858737573978530e+01
1.004711900000000071e+02 2.451955200000000090e+01 1.286402171452015750e+02 2.909869796583359047e+01
1.055944099999999963e+02 1.730002199999999846e+01 1.023203820878448340e+02 2.870383333409633408e+01
1.024364300000000014e+02 2.697588299999999961e+01 1.378535112357716059e+02 1.835802726818399577e+01
1.349924800000000005e+02 2.427803000000000111e+01 1.193718523280378037e+02 1.873339433973435675e+01
1.110863800000000055e+02 2.956343499999999835e+01 1.235708196005710988e+02 9.236842751219409564e-01
1.286900599999999883e+02 1.486477799999999938e+01 1.376783928861696324e+02 1.692839566840866183e+01
1.320785700000000134e+02 1.136370800000000081e+01 9.809076608943655629e+01 3.252450845213478203e+01
1.058196200000000005e+02 1.893849399999999861e+01 1.163060536609347508e+02 3.317304643989609048e+01
1.020971899999999977e+02 2.676877800000000107e+01 9.258217464455310619e+01 1.679683853701844853e+01
1.109355999999999938e+02 1.694945099999999982e+01 1.222961861904950069e+02 3.496493689454579368e+01
1.202836599999999976e+02 1.236480500000000049e+01 1.000128828186745693e+02 1.829014498590359494e+01
1.259750059999999934e+02 8.296856999999999260e+00 1.037623625632263042e+02 1.684882947087568539e+01
1.090832599999999957e+02 1.999703000000000008e+00 1.310204235610330556e+02 7.195488895604503554e+00
1.166653400000000005e+02 4.134577000000000169e+00 1.026807892818123946e+02 1.290442230478690000e+00
9.264901000000000408e+01 2.078608699999999843e+01 1.092596089650807158e+02 6.143986767581093744e+00
9.713448999999999955e+01 2.390841500000000153e+01 1.116937554163881430e+02 1.466887831268744691e+01
1.198241399999999999e+02 4.847177000000000291e+00 1.289622710934361010e+02 1.699716642913104536e+01
1.132667699999999940e+02 2.412417599999999851e+01 1.269346072726717836e+02 2.871783241078868798e+01
1.279924850000000021e+02 1.403315199999999940e+01 9.961018847437036072e+01 2.267589626108665257e+01
9.982527000000000328e+01 2.515078700000000111e+01 1.347402070198357649e+02 1.041250778476965788e+00
9.882135999999999854e+01 3.069462800000000158e+01 1.214285013995897202e+02 1.328479272963524771e+01
1.028035200000000060e+02 2.750330200000000147e+01 1.296183577939464726e+02 3.118222375383142264e+01
9.954652400000000512e+01 2.725922600000000173e+01 1.291755026014703560e+02 5.667256246128454578e+00
1.277506199999999978e+02 9.857113000000000014e+00 9.600781219390474064e+01 9.163351017432061596e+00
9.588267000000000451e+01 2.653397000000000006e+01 1.066371722057835711e+02 1.888724176414607925e+01
1.301707000000000107e+02 5.522420000000000107e-01 1.272656938273506171e+02 1.945866173306117108e+00
1.173357539999999943e+02 2.219921099999999825e+01 1.202511865284673291e+02 2.254888576084737650e+01
1.071924700000000001e+02 1.362108100000000022e+01 9.656794149298008278e+01 2.468163243107647631e+01
1.285522300000000087e+02 3.419751999999999903e+00 1.360546959174288872e+02 1.007633245100927866e+01
1.181806899999999985e+02 1.782495300000000071e+01 1.187748019670085000e+02 1.007853445890664190e+01
1.327039000000000044e+02 1.584810399999999930e+01 1.245850206214597335e+02 1.968440664981482158e+01
1.092710799999999978e+02 1.336278599999999983e+01 1.288641352736080137e+02 1.650853299970264132e+01
1.114765500000000031e+02 2.000540499999999966e+01 1.257036242218076154e+02 2.931992411029393608e+01
1.053509449999999958e+02 9.028912999999999300e+00 9.755129483043970140e+01 2.999942311470539380e+01
1.030200499999999977e+02 2.779550400000000110e+01 9.777544884670625436e+01 1.976421062374063453e+01
1.250190400000000039e+02 1.223044999999999938e+01 9.319108090735932137e+01 4.767097757580750716e+00
1.130644759999999991e+02 5.041568999999999967e+00 1.333629339996532508e+02 2.681147013765999532e+01
1.309324000000000012e+02 9.878012000000000015e+00 1.019090062213079761e+02 5.776935775953239371e+00
1.193644560000000041e+02 2.596516599999999997e+01 1.308958158182248326e+02 1.611410595422905701e+01
1.074125099999999975e+02 6.090900000000000425e+00 1.277381498264247170e+02 7.572313323204419966e+00
1.179452600000000047e+02 3.413794299999999993e+01 1.038402996558647118e+02 1.671704221212729635e+01
1.044894199999999955e+02 3.404343999999999681e+01 1.093042315029137939e+02 1.035408660752752041e+01
9.227543000000000006e+01 1.832281700000000058e+01 1.366411094724578561e+02 2.337248298353564735e+01
1.262176500000000061e+02 1.077972399999999986e+01 1.306969990673208599e+02 2.338783375762105265e+01
1.355842399999999941e+02 3.165399999999999991e+01 1.014590453109191373e+02 1.004996255894264756e+01
1.111686299999999932e+02 3.224828000000000117e+01 1.053777170798868497e+02 3.297649685101214345e+01
1.030357699999999994e+02 2.493956400000000073e+01 9.949001968840212839e+01 1.957246086737765722e+01
1.147472199999999987e+02 3.243150700000000342e+01 1.042060884074878970e+02 2.191911193875518649e+01
1.067997500000000031e+02 2.827483199999999997e+01 1.374709259723019272e+02 1.296448581354303187e+01
1.063444439999999958e+02 3.975452000000000208e+00 1.209346562766776145e+02 3.121782719488691171e+01
1.281946399999999926e+02 1.151056699999999999e+01 1.124581642746859842e+02 3.474585837284308099e+01
1.331191900000000032e+02 8.421360999999999208e+00 1.363686125804869391e+02 2.611065072345074967e+01
1.030680899999999980e+02 2.392125499999999860e+01 1.127572948627045264e+02 2.606637796092139681e+01
1.217082599999999957e+02 1.563973999999999975e+01 9.839914337468037786e+01 2.176409691692400727e+01
1.276148699999999963e+02 1.206080700000000050e+01 9.578785288964813560e+01 1.878549319633808423e+01
1.156852599999999995e+02 1.478857400000000055e+01 1.013945996080277610e+02 1.187294404244936175e+01
1.167711800000000011e+02 1.044548600000000071e+01 9.583586598229041442e+01 1.762963591492255588e+01
9.491244500000000528e+01 6.986594000000000193e+00 9.798630544638881190e+01 1.524368827942947391e+01
9.462124000000000024e+01 2.250560199999999966e+01 1.305814902887285882e+02 9.574877083988807769e+00
1.175621500000000026e+02 1.813804400000000072e+01 1.352244749332344327e+02 3.022275151128559401e+01
1.148343050000000005e+02 2.582363300000000095e+01 1.151456050331207308e+02 3.187028914284079306e+01
1.353685499999999990e+02 1.775348299999999924e+01 1.278103946377902389e+02 2.409133428369392860e+01
9.911983499999999481e+01 3.033258400000000066e+01 9.813058334792380322e+01 1.649151427040142082e+01
1.056316000000000059e+02 1.004083999999999932e+01 1.125598795344558738e+02 2.253899560098625443e+01
1.003582999999999998e+02 2.007404500000000169e+01 9.667272014891496212e+01 1.848971024024406518e+01
1.324894099999999924e+02 1.522223000000000104e+00 1.195756542303161609e+02 2.295460698006030498e+01
1.088684839999999951e+02 1.869618999999999920e+00 1.009078984374398260e+02 1.499844161000227238e+01
1.206234199999999959e+02 2.294290000000000163e+00 9.940401978233022362e+01 1.023228370253343300e+01
1.067415100000000052e+02 2.775080900000000028e+01 9.351600910153270263e+01 2.675490926257309710e+01
9.805646500000000287e+01 1.719266899999999865e+01 1.008054721445537183e+02 2.683310178372347643e+00
1.123588600000000071e+02 5.283899999999999708e-02 9.869815672978774046e+01 8.145596465922044782e-01
1.154087799999999930e+02 2.365899500000000089e+01 9.434583374275926815e+01 1.283174400005493965e+01
9.548212999999999795e+01 1.554973200000000055e+01 9.802302053398963722e+01 1.038003933597442696e+00
1.126715200000000010e+02 1.748623999999999867e+01 1.016219585937270864e+02 1.923999374033130749e+01
1.213342499999999973e+02 2.617049000000000181e+00 1.318352760984894303e+02 3.542902069677860588e+00
1.220304600000000050e+02 5.662862999999999758e+00 1.182315216250673728e+02 5.465918875775085617e+00
1.270234300000000047e+02 5.967240000000000322e+00 1.077530856341944911e+02 1.821920254802628847e+01
1.236492400000000060e+02 8.307256999999999891e+00 9.747803480997814063e+01 3.010501783210691684e+01
1.165767299999999977e+02 1.286235699999999937e+01 1.192561259087635364e+02 2.467236532875562816e+01
1.102149799999999971e+02 2.830182999999999893e+01 1.320451325443013957e+02 2.399194426689143000e+01
1.035757499999999993e+02 1.086949599999999982e+01 1.070943524375466041e+02 3.165713539761004824e+01
1.127789899999999932e+02 1.603903199999999885e+01 9.828192942327925152e+01 1.681186356165146378e+01
9.953991000000000611e+01 1.765159200000000084e+01 1.344304447198572916e+02 3.204789668101215572e+00
1.359555699999999945e+02 2.916656499999999852e+01 1.107422498534429423e+02 2.190111270085308348e+01
1.176956899999999990e+02 6.060266000000000375e+00 1.019745193135044872e+02 2.464089386104398205e+00
1.022638800000000003e+02 3.262707999999999942e+01 1.352418410152436934e+02 3.155525535131659609e+01
1.067377000000000038e+02 2.727607499999999874e+01 1.190454621661599219e+02 3.231084217249474477e+01
9.897129999999999939e+01 1.955711399999999855e+01 1.060700020902714300e+02 3.355348195686153190e+01
9.999969000000000108e+01 2.509792300000000154e+01 1.362709106661936573e+02 2.618635142756046719e+01
1.305737499999999898e+02 2.831986999999999810e+00 1.168985834563144408e+02 1.847197172353686767e+01
1.358911999999999978e+02 3.048414999999999875e+00 1.225578040100769783e+02 1.250496342140224204e+00
1.138526399999999938e+02 2.842907299999999893e+01 9.407323609441195345e+01 3.114956573547117813e+01
1.310166999999999859e+02 1.584964599999999990e+01 1.241658246210029404e+02 9.000895938663799001e+00
1.080707699999999960e+02 1.541756700000000002e+01 1.145712229763555285e+02 2.952496213612300124e+01
1.221295800000000042e+02 8.650660999999999490e+00 1.128439706236623294e+02 9.860588087562025095e+00
1.346648600000000044e+02 1.416948599999999914e+01 1.367769737785309303e+02 2.865863517702118557e+01
1.073838200000000001e+02 2.117361000000000004e+01 1.141615653863160418e+02 9.632404742334648162e+00
1.349519999999999982e+02 1.169487200000000016e+01 9.507460720663765130e+01 1.299412171841191466e+01
9.363790000000000191e+01 1.419008299999999956e+01 1.084329696879548663e+02 9.596899556671967702e+00
1.165112840000000034e+02 2.327571899999999872e+01 1.056747265623734080e+02 1.331062678948701894e+01
1.302130600000000129e+02 1.211599499999999985e+01 1.074538646915859061e+02 1.410127698453050016e+01
1.208341900000000066e+02 1.204352800000000023e+01 1.197405474342101854e+02 1.599314936905276241e+01
9.312736999999999910e+01 1.080105299999999957e+01 9.564344023021109820e+01 3.292416869084178899e+01
1.061745300000000043e+02 2.465655100000000033e+01 1.285269620354567337e+02 8.489141833193277975e+00
1.171882999999999981e+02 2.439474999999999838e+01 1.353049990910326414e+02 6.507142901816398428e+00
9.288236999999999455e+01 2.260556000000000054e+01 1.329118941577540909e+02 2.510507914906109050e+01
1.262135240000000067e+02 1.085353699999999932e+01 1.126274007554433325e+02 2.049666025022183202e+00
1.008899150000000020e+02 2.474351700000000065e+01 1.318407112059720134e+02 1.769349647907553225e-01
1.235973099999999931e+02 1.219101299999999988e+01 1.040214307096445054e+02 2.476832850843188893e+01
1.039862200000000030e+02 2.419322400000000073e+01 1.138223357125561677e+02 9.312564377165438723e-01
1.343265800000000070e+02 3.472433000000000192e+01 1.253798630039960074e+02 1.670268709680023278e+01
1.134008259999999950e+02 2.899073999999999884e+01 1.169128540337738684e+02 8.514806753314807963e+00
1.245766100000000023e+02 8.309366000000000696e+00 1.374707597167218296e+02 5.971686659818466580e+00
1.066250150000000048e+02 2.543620000000000214e+00 9.702032526077458385e+01 3.021219648511325673e+01
1.291559399999999869e+02 1.352395500000000084e+01 1.160614623087034687e+02 3.693167172560603007e+00
1.098809700000000049e+02 2.526983800000000002e+01 1.026107481968960826e+02 5.406973413686609220e+00
9.786359400000000619e+01 2.648629000000000033e+01 1.375159353166108644e+02 1.920424755441886688e+01
1.137061499999999938e+02 2.920176500000000175e+01 1.254517856870664900e+02 3.300872668787475561e+01
1.222981000000000051e+02 3.382558000000000220e+01 1.266605646263683411e+02 2.073090507479860634e+01
1.303382699999999943e+02 1.019772700000000043e+01 1.083792649542190816e+02 5.674912384946136257e+00
1.034284499999999980e+02 2.847408899999999932e+01 9.725527866644314656e+01 1.544823823154628428e+01
1.129178600000000046e+02 2.190700100000000106e+01 1.312748429932596821e+02 2.736677019522468868e+01
1.013219799999999964e+02 1.577685499999999941e+01 1.103814987532918082e+02 9.113370688335061587e+00
1.083133540000000039e+02 2.792756299999999925e+01 9.643152390443525235e+01 1.987064924369775198e+01
1.006795400000000029e+02 2.482919000000000054e+01 1.155242492501083973e+02 5.279085371120433301e+00
1.050813700000000068e+02 4.424735000000000085e+00 9.549054066484208647e+01 2.651915286601409960e+01
1.148470839999999953e+02 1.232656199999999913e+01 1.344308747968053694e+02 3.416948951575714233e+01
1.199054399999999987e+02 1.518948900000000002e+01 1.123420848748597933e+02 3.118256454122535715e+01
1.279808500000000038e+02 1.237441800000000036e+01 1.111504060540892169e+02 8.207927749847470977e+00
1.224305650000000014e+02 1.482882700000000042e+01 1.268979883216769053e+02 2.334497771367299856e-01
9.868321000000000254e+01 2.970345299999999966e+01 9.241094601932341845e+01 1.399299143932286604e+00
1.228618239999999986e+02 3.672254999999999825e+00 1.310547977395482633e+02 1.863865920896306250e+01
1.105762799999999970e+02 1.713849599999999995e+01 1.229368836103086551e+02 2.549352871852606128e+01
1.318405300000000011e+02 1.077468200000000031e+01 1.219541598245292278e+02 2.446237417754600685e+01
1.161196300000000008e+02 2.374014299999999977e+01 9.555698761827736121e+01 1.292158994248711856e+01
1.126016500000000065e+02 1.711163499999999971e+01 1.095815339345834900e+02 2.753286817878943804e+00
1.286751700000000085e+02 8.353201000000000320e+00 9.666546707973616037e+01 5.506622436425116618e+00
1.086584299999999956e+02 1.116496899999999926e+01 1.257541081834713452e+02 1.558596447434117405e+00
1.140301000000000045e+02 2.309675000000000011e+01 9.886797267874251816e+01 1.075827039408946639e+01
1.237617400000000032e+02 2.570814499999999825e+01 9.935006235226464355e+01 3.388827765762004418e+01
1.200522399999999976e+02 3.491102000000000061e+01 1.258208878040849186e+02 3.352139139004169266e+01
1.235097959999999944e+02 2.681490999999999847e+00 9.213135541071204671e+01 9.833341449356368003e+00
9.897588000000000363e+01 1.434022700000000050e+01 1.285537697960810135e+02 1.416370688779701759e+01
1.134846040000000045e+02 1.515536099999999919e+01 1.044404544368041599e+02 5.039428905539815595e+00
1.212168499999999938e+02 5.970590000000000064e-01 9.700261944937859937e+01 2.515050882083031070e+00
1.171505300000000034e+02 2.386019699999999943e+01 1.291127116530860235e+02 2.822678550791196272e+01
1.094362699999999933e+02 8.352039999999999464e-01 1.236570223891427815e+02 1.581202539068945079e+01
1.133417740000000009e+02 1.599369000000000085e+01 1.043314194010216056e+02 1.811704366067668914e+01
1.134364199999999983e+02 3.037878600000000162e+01 1.031573863765658530e+02 1.668117286990964132e+01
9.448524500000000614e+01 1.358393900000000087e+01 1.091499712163633262e+02 3.408423515552915717e+01
9.908189000000000135e+01 3.429287999999999670e+01 1.179346140021853273e+02 1.689091206341869622e+01
1.138388060000000053e+02 1.427283199999999930e+01 1.144002946028217451e+02 1.822963519471017690e+01
1.015794000000000068e+02 7.872015000000000207e+00 1.061539517552998433e+02 1.319726497087525541e-01
1.120762000000000000e+02 7.865459999999999674e-01 1.373380190494818578e+02 2.679051159331812570e+01
1.083554599999999937e+02 1.583191200000000087e+01 1.250218657248801009e+02 4.305320172727946648e+00
1.239427000000000021e+02 2.807401000000000035e+00 1.231908096035802203e+02 2.983876195416605626e+01
9.715987400000000207e+01 1.592667499999999947e+01 1.290287211015843525e+02 3.290312195582099974e+01
1.038123300000000029e+02 1.618331999999999837e+01 1.162504400816573451e+02 4.949606219959275855e+00
1.197646199999999936e+02 2.030460199999999915e+01 1.016280055395288997e+02 9.247547388435815918e+00
1.079864000000000033e+02 3.225813699999999784e+01 9.489575659889732151e+01 7.345201967980949043e+00
1.255556260000000037e+02 1.372629099999999980e+01 1.260172186044351008e+02 2.083917856257788159e+01
1.136618399999999980e+02 2.985846499999999892e+01 1.215382557646943127e+02 1.326355042315713639e+01
1.139202300000000037e+02 1.739189000000000007e+01 1.297824620285480819e+02 2.766593126610865028e+01
1.262585600000000028e+02 1.632781999999999956e+00 1.140857947186776897e+02 2.740493654892859965e+01
1.080927049999999952e+02 1.663354700000000008e+01 1.292604425985141177e+02 1.081628943653129582e+01
1.190581049999999976e+02 2.063319200000000109e+01 1.249693200432334379e+02 2.391767860069666796e+01
1.306561399999999935e+02 2.535673000000000066e+00 1.141591099897863160e+02 9.732324124843087176e+00
1.221146700000000038e+02 7.678874999999999673e+00 1.313454430367793861e+02 2.674102309602347205e+01
1.337603000000000009e+02 1.258384500000000017e+01 1.294156995864855162e+02 3.438817221204908492e+01
1.078603300000000047e+02 3.205924000000000262e+01 1.192040917527532855e+02 2.996614850839295841e+01
1.325039999999999907e+02 4.645293999999999812e+00 1.123358994361545058e+02 2.628395634298701822e+01
1.233474350000000044e+02 2.519231399999999965e+01 1.045695427108920939e+02 2.336908422244145100e+01
1.276204900000000038e+02 1.005807899999999933e+01 1.227445859117145943e+02 4.577327713262434372e+00
1.242183150000000040e+02 2.629088000000000136e+01 1.286641123750184761e+02 2.790935205283510356e+01
1.060799499999999966e+02 9.110470000000000512e-01 1.067988378561963287e+02 1.698732394911309784e+00
1.085241099999999932e+02 2.678840999999999894e+01 1.266255826389097905e+02 1.715033844073179381e+01
1.369361299999999915e+02 1.332057299999999955e+01 1.370049179459163611e+02 2.052506125764589484e+01
1.128090440000000001e+02 2.218561000000000050e+01 9.240669777204328739e+01 3.180266737649340314e+01
1.287243799999999965e+02 8.558763000000000787e+00 1.137056960773582688e+02 3.306015564386426320e+01
1.049325299999999999e+02 2.927804199999999923e+01 1.093664878997821006e+02 2.163432845074559907e+01
1.251748699999999985e+02 2.681115199999999987e+01 9.225719488828551107e+01 1.803977586843653214e+01
1.324696399999999983e+02 1.699832699999999974e+01 1.076375692411702403e+02 8.283703734842850608e+00
1.007028959999999955e+02 2.068726699999999852e+01 1.146014791251949845e+02 2.782164068901995080e+01
1.172544599999999946e+02 4.492557999999999829e+00 1.252578136215363998e+02 9.330136723272183019e+00
1.040978850000000051e+02 1.695514100000000113e+01 9.610017618828871377e+01 1.963035985357274882e+01
1.114416300000000035e+02 1.862790100000000137e+01 1.275696757407769439e+02 1.142658901522593595e+01
1.000685000000000002e+02 2.550993300000000019e+01 1.297268090837580132e+02 1.326223828339790956e+01
1.119646900000000045e+02 1.463188599999999973e+01 1.339361471534194266e+02 1.263657871202602401e+01
1.289265900000000045e+02 1.218157399999999946e+01 1.312986010067985490e+02 2.884373109658789147e+01
1.299299300000000130e+02 1.610754400000000075e+01 1.031018327700552106e+02 3.496261039255465874e+01
1.090715200000000067e+02 1.751669499999999857e+01 1.023151924691286752e+02 1.270964431672468287e+01
9.848784999999999457e+01 2.775841000000000136e+01 9.443439902202730707e+01 3.469499738445419723e+01
1.082674300000000045e+02 2.621295500000000089e+01 1.260602416431202357e+02 3.250436220777148222e+00
1.268019900000000035e+02 6.239142000000000188e+00 9.353728708167489003e+01 5.510239860626791497e+00
1.153614500000000049e+02 1.834740400000000093e+01 1.296202591786840514e+02 1.222161206835475911e-01
1.191146099999999990e+02 1.880997299999999939e+01 9.485196780639010683e+01 3.079947529853181010e+01
1.333230000000000075e+02 1.215278799999999926e+01 1.026564954332836379e+02 3.482059955807793727e+01
1.231007100000000065e+02 2.744201500000000138e+01 1.108818378187087887e+02 1.671891200686875223e+01
1.187546099999999996e+02 1.839382399999999862e+01 1.095616022806770218e+02 2.776417014816010109e+01
1.288786599999999964e+02 1.183304700000000054e+01 1.085150279694946533e+02 2.879319119676743455e+01
1.102496799999999979e+02 2.905307200000000023e+01 1.049325952119350518e+02 5.453021826103658043e+00
9.319089999999999918e+01 1.835962900000000175e+01 1.175140745273342304e+02 1.902199869374808827e+01
1.281042500000000075e+02 1.263489599999999946e+01 1.117467900927005644e+02 3.484471222785460043e+01
1.130484199999999930e+02 2.044042800000000071e+01 1.278104857071379286e+02 3.417664071171898144e+01
1.109553400000000067e+02 1.066729000000000038e+00 1.367090697145817728e+02 2.272919646217888712e+01
1.222233659999999986e+02 2.248752000000000084e+00 9.893331302369522007e+01 9.989228719083468988e+00
9.339405999999999608e+01 1.624022300000000030e+01 1.039194316877527058e+02 3.470419807574955939e+01
1.063896100000000047e+02 3.912881000000000054e+00 1.103665749466006076e+02 3.433977935473682663e+01
1.219563600000000037e+02 4.037063999999999986e+00 1.295080919878375596e+02 3.230747280958831169e+01
1.325616899999999987e+02 2.183529300000000006e+01 1.145470175909516399e+02 1.857008843359656325e+01
1.123958300000000037e+02 1.957101600000000019e+01 1.195348625999252477e+02 2.443577698819504462e+01
1.118623300000000000e+02 1.493086300000000044e+01 1.281491374804951988e+02 3.499596337945166002e+00
1.204545700000000039e+02 7.107947000000000237e+00 1.028957506672854976e+02 9.040505184394259430e+00
1.068714449999999943e+02 1.286970200000000020e+01 9.940661771920152034e+01 2.859322635190087336e+00
1.287667099999999891e+02 1.207068300000000072e+01 1.073713047722455798e+02 1.088547973946711700e+01
1.176774800000000027e+02 2.114383099999999871e+01 1.032032029559690613e+02 3.188881577134646506e+01
1.140009500000000031e+02 2.463463799999999893e+01 1.160024272869648030e+02 6.872106397290467239e-01
1.211230850000000032e+02 1.021513700000000036e+01 1.370192938013223056e+02 9.252216673694700688e+00
1.216711800000000068e+02 9.723228000000000648e+00 1.244177296142096907e+02 2.050243738604011767e+01
1.045020300000000049e+02 3.012155500000000075e+01 1.148080663010232456e+02 2.724544458135070357e+01
1.033886799999999937e+02 2.024487500000000040e+01 1.165244183375594247e+02 2.041489919065862679e+01
1.353151900000000012e+02 1.279140499999999925e+01 1.114970096831155359e+02 2.616271527030611566e+01
1.240121900000000039e+02 1.423227999999999938e+00 9.546507906225173201e+01 1.118362629296328770e+01
1.344861300000000028e+02 1.449819800000000036e+01 1.261772457573411543e+02 3.103762609156060037e+01
1.148329200000000014e+02 2.281423799999999957e+01 1.284806441259534040e+02 3.047288200194599384e+01
