9.854899000000000342e+01 3.494611400000000145e+01 1.247535967716448368e+02 4.503549710612960943e+00
1.114913899999999956e+02 3.495139999999999914e-01 9.434824314591958228e+01 2.649887935296420238e+01
1.377912300000000130e+02 9.822943000000000424e+00 1.314345434308645792e+02 2.448680459933575548e+01
1.221421050000000008e+02 3.095749999999999780e+00 1.081781190958476770e+02 2.248312016705995120e+00
1.118421859999999981e+02 1.936338999999999899e+01 1.014159448392424139e+02 2.982845260404587151e+01
1.039138399999999933e+02 1.255168100000000031e+01 1.368933053435825400e+02 3.362350057353436483e+01
1.163839600000000019e+02 3.313588299999999975e+01 1.352600940852636882e+02 2.357704963289479849e+01
9.836787400000000048e+01 1.882612400000000008e+01 9.211867049650413719e+01 3.173839613625439071e+01
1.186736449999999934e+02 1.656894300000000086e+01 1.043689471874817372e+02 8.077962750440311979e+00
1.221094499999999954e+02 8.036469999999999558e+00 9.472856905791373094e+01 1.243611388315320454e+01
1.057339300000000009e+02 2.254277000000000086e+01 1.235802466580596644e+02 2.519615381166800105e+01
1.366002000000000010e+02 2.353372600000000148e+01 9.512246264190301304e+01 1.951607685029881267e+01
1.358383000000000038e+02 1.360819200000000073e+01 1.027359898492378392e+02 3.124180363277856287e+01
1.121061799999999948e+02 1.889255100000000098e+01 1.240775034039155855e+02 2.542017356831945563e+01
1.059587700000000012e+02 8.478775999999999868e+00 1.050565277608133670e+02 1.538785733443297943e+01
1.167996100000000013e+02 2.692645800000000023e+01 1.126537545137289413e+02 5.935663400506093090e+00
1.078628099999999961e+02 2.795533599999999907e+01 1.021306770879598673e+02 1.650332042789694853e+01
1.220807700000000011e+02 2.383238199999999907e+01 1.042433236552069928e+02 1.435607371900105278e+01
1.167885739999999970e+02 1.309459400000000073e+01 1.094817939250818597e+02 5.750203529710788075e+00
1.306066700000000083e+02 3.339365399999999795e+01 1.098058072442176893e+02 4.591651884487027324e+00
1.292091000000000065e+02 9.637442000000000064e+00 1.296827632795232716e+02 3.238557665408783492e+01
9.375951999999999487e+01 5.335786999999999836e+00 1.072666487199316236e+02 3.321539894244622815e+01
1.057738700000000023e+02 3.275798400000000044e+01 1.081389264776695711e+02 1.881372571254919634e+01
1.155358300000000042e+02 1.622392699999999977e+01 1.283221070424145580e+02 1.583238215291103224e+01
1.223558649999999943e+02 2.753307300000000168e+01 1.325284960147369588e+02 3.389427221599187856e+00
1.223116799999999955e+02 7.156254999999999811e+00 9.991253698780955972e+01 1.357631487102435663e+01
1.267007399999999961e+02 1.415362099999999934e+01 9.791205791173067041e+01 1.053357420055323601e+01
1.330418999999999983e+02 5.873175999999999952e+00 9.866051144204210743e+01 1.046531500928768210e+01
9.479399999999999693e+01 2.222920399999999930e+01 1.222896593021682037e+02 2.948054605556454932e-01
1.212039639999999991e+02 1.003314899999999987e+01 1.320649882882449049e+02 8.212960925031673298e+00
1.355880699999999877e+02 2.913927999999999852e+00 1.106678241067938870e+02 4.889548103633558185e+00
1.372935799999999915e+02 3.647539999999999782e+00 1.260791844889308493e+02 3.460398772760791530e+01
1.100357360000000000e+02 2.855119900000000044e+01 1.039884682563206013e+02 3.161362620462805850e+01
1.003601900000000029e+02 6.202410999999999675e+00 9.792462631816646024e+01 2.238889641243606832e+01
1.095199900000000071e+02 2.535725599999999957e+01 1.137353626722533164e+02 6.339033422871922951e+00
1.254562600000000003e+02 3.918108000000000146e+00 9.732516158426938091e+01 2.801880419295840596e+01
1.357525300000000072e+02 3.087321499999999830e+01 1.113376422543916817e+02 1.665909244274903500e+01
1.376184800000000052e+02 1.351674500000000023e+01 1.002330303404558265e+02 1.144074905135718190e+01
1.083074799999999982e+02 1.009775699999999965e+01 1.015601126306321191e+02 2.741919168808690799e+01
1.332002899999999954e+02 1.412760000000000127e-01 1.138373540878323240e+02 2.216048133005041976e+01
9.499912999999999386e+01 1.481619899999999923e+01 1.314665876962179993e+02 3.242255999480706663e+01
1.065015499999999946e+02 2.745592699999999908e+01 9.628546906215413514e+01 3.327769587817907393e+01
1.054974749999999943e+02 1.932288700000000148e+01 1.012436584262405717e+02 4.296054549350877494e+00
9.840043000000000006e+01 2.720805700000000016e+01 1.275711929450940829e+02 2.055185598789134005e+01
1.324983000000000004e+02 4.275179999999999758e+00 9.629328404729706392e+01 3.022934640032475073e+01
1.067373699999999985e+02 7.307849000000000039e+00 1.133559231986044011e+02 1.307473716813477793e+01
1.228186299999999989e+02 2.599601699999999838e+01 1.113838107024293009e+02 1.102294812894996845e+01
1.357156699999999887e+02 3.125895300000000177e+01 9.335399583618487895e+01 1.661722371748167149e+01
1.116914900000000017e+02 1.667273899999999998e+01 1.044287302645641660e+02 2.334529329646115059e+01
1.355708199999999977e+02 1.183108600000000088e+01 1.005399769736567350e+02 4.285079475015267647e+00
9.328924999999999557e+01 3.156033700000000053e+01 1.158001663521118019e+02 1.092859819865038240e+01
1.151589299999999980e+02 1.951465999999999923e+01 1.309846656530581583e+02 3.285157252202449918e+00
1.265415600000000040e+02 2.948997500000000116e+01 1.182518501742198396e+02 3.356445979163900972e+01
1.220831000000000017e+02 5.744365000000000165e+00 9.882279079363581786e+01 1.674033633289772283e+01
1.228410200000000003e+02 5.331567999999999863e+00 1.305569830919604897e+02 3.074348867402870766e+01
1.129113159999999993e+02 2.588991400000000098e+01 9.837815287635864081e+01 1.137331701135530615e+01
1.114736800000000017e+02 2.004428000000000054e+01 9.331919581164657984e+01 8.791733652938530597e+00
1.170113750000000010e+02 1.037751100000000015e+01 1.342974780425244887e+02 2.510514834606694023e+01
1.285425299999999993e+02 2.874658000000000158e+01 9.311968130705321300e+01 8.803887196877051124e+00
1.211944400000000002e+02 7.120269999999999655e+00 1.249434084963374829e+02 1.087610599985799897e-01
1.353658100000000104e+02 1.056605300000000014e+01 1.050200272703885958e+02 3.365927316472369313e+01
1.336111899999999935e+02 1.554583700000000057e+01 1.042944793301387989e+02 7.763355249954817516e-01
1.270216999999999956e+02 1.202432300000000076e+01 1.361788003289479718e+02 2.234296170711234453e+01
1.043324360000000013e+02 3.222833599999999876e+01 1.026391544964741058e+02 1.280612333817945725e+01
1.355432900000000132e+02 8.343788999999999234e+00 1.229688168506832397e+02 3.348049798884115802e+01
1.074754400000000061e+02 1.089594899999999988e+01 9.492753437209724154e+01 7.810503810883213660e+00
1.324309700000000021e+02 7.640058999999999934e+00 1.370433722179791403e+02 1.322599983629562992e+01
1.280408500000000060e+02 3.937300000000000244e-01 1.099295748104085533e+02 3.465908002450661485e+01
1.073996900000000068e+02 2.886654499999999857e+01 1.034617659274126424e+02 2.124304434775098116e+01
1.175521399999999943e+02 2.093461999999999890e+01 1.094768111094629717e+02 2.384387655537742035e+01
1.226265700000000010e+02 6.337415000000000020e+00 9.408362817188752558e+01 2.560119035073287819e+01
1.202024300000000068e+02 1.971341999999999928e+01 1.327719282119585387e+02 2.839011753984497233e+01
1.004608149999999966e+02 1.180514800000000086e+01 1.329892041809771399e+02 1.529022554348639673e+01
1.051628400000000028e+02 1.601568200000000175e+01 1.379500804069870696e+02 2.210954586425538793e+01
1.106396600000000063e+02 3.104340399999999889e+01 1.344950240462749775e+02 1.726305218350210335e-01
1.065664600000000064e+02 3.067689499999999825e+01 1.310264947815132359e+02 7.592657406387671948e+00
1.221371100000000069e+02 3.243491000000000213e+01 1.078231184222433967e+02 8.423917850427679710e+00
9.557426999999999850e+01 1.669002300000000005e+01 1.032508735183209012e+02 3.098139984000047775e+01
1.274280200000000036e+02 8.565103000000000577e+00 1.179121115452500845e+02 1.701653248477169589e-01
1.055823599999999942e+02 2.382420000000000115e+01 1.072002774035951091e+02 1.151565443255621979e+01
1.376953399999999874e+02 1.219486999999999988e+01 1.028509179890236567e+02 1.511189764554933745e+01
1.330899400000000128e+02 1.250860000000000083e+00 1.313976883279609922e+02 3.162906635620738172e+01
1.270311099999999982e+02 9.210869000000000639e+00 1.356203735054799040e+02 1.884049506789048678e+01
1.249652099999999990e+02 5.272286000000000250e+00 1.090748049754647298e+02 6.328828848283343689e+00
1.206282599999999974e+02 1.361213200000000079e+01 1.093260160061115300e+02 2.398466193737250052e+01
1.150612100000000027e+02 2.330619199999999935e+01 9.202810781036461663e+01 1.549351526921016031e+01
1.170046200000000027e+02 2.565857000000000099e+01 1.158547305636396203e+02 2.047772104791260972e+01
1.262086639999999989e+02 1.252762300000000018e+01 1.143344475620230156e+02 1.267934317596811056e+01
9.340278999999999598e+01 4.793091000000000435e+00 1.347157461232906996e+02 1.914048512728000162e+01
1.093180899999999980e+02 1.304350999999999949e+01 1.015627473613584755e+02 2.688329966070291022e+01
1.239226299999999981e+02 1.168934499999999943e+01 1.213864640301948583e+02 3.204775856717942162e+01
1.215028099999999966e+02 3.537071000000000076e+00 1.164103651049654502e+02 2.537036096143168251e+01
1.183045350000000013e+02 1.970592500000000058e+01 1.084198592784111099e+02 2.276161150049651383e+01
9.478686999999999330e+01 2.184519600000000139e+01 1.036887083822630444e+02 2.718217434466065541e+01
9.837326000000000192e+01 3.410959199999999925e+01 1.065025930919378396e+02 2.894039057962242367e+01
1.304119399999999871e+02 1.130974800000000080e+01 1.055015160698868186e+02 9.394902420384815045e+00
9.833321999999999719e+01 1.876556400000000124e+01 9.904493945702679980e+01 3.438044181691746104e+01
1.125811400000000049e+02 1.467424100000000031e+01 1.067463876865020893e+02 1.497982774855649524e+01
1.237802499999999952e+02 7.976399999999999935e+00 1.269290206860908654e+02 2.913021762038944829e+01
1.055615499999999969e+02 1.217980999999999980e+01 1.202840513160618627e+02 2.222540546705025477e+01
1.249493939999999981e+02 1.101958300000000079e+01 1.267746931027256494e+02 3.469663688532103407e+01
1.227520700000000033e+02 1.170782999999999907e+00 1.091014572384847554e+02 2.732375057927767159e+01
1.108996999999999957e+02 3.483259000000000327e+01 1.339439690143425423e+02 3.291692919641910464e+01
1.352432100000000048e+02 1.783892799999999923e+01 1.321615979437038675e+02 2.967763686097790909e+01
1.196967700000000008e+02 2.276027099999999947e+01 1.303675570976720337e+02 1.016121356150921606e+01
1.335680000000000121e+02 1.057251199999999969e+01 9.399720924300743263e+01 1.954409633605689223e+01
1.173642499999999984e+02 1.925955000000000084e+01 1.019023011867446797e+02 7.022546593989841490e+00
1.216377800000000065e+02 1.520599999999999952e+01 1.030962781421877565e+02 1.800369912492125479e+01
1.354256300000000124e+02 3.155119300000000138e+01 1.121589811031428212e+02 3.046637179561746578e+01
1.110726800000000054e+02 1.657695800000000119e+01 1.011268925272270565e+02 7.112590444060020722e+00
1.301593200000000081e+02 3.440213800000000077e+01 1.166544652031110587e+02 7.601877032286061819e+00
1.135080899999999957e+02 2.942609399999999908e+01 1.074049511733418711e+02 1.298685753286495448e+01
1.197753399999999999e+02 1.044808199999999943e+01 1.134737946699068090e+02 2.919459179178805641e+01
1.066058600000000069e+02 1.840644999999999953e+01 9.862710399581914089e+01 1.717040080351308973e+01
1.066784899999999965e+02 8.027340000000000586e+00 1.372292987859617028e+02 4.873478551847428619e+00
1.123661100000000062e+02 1.985620899999999978e+01 1.118888538523379310e+02 3.252081302393146700e+01
1.313619099999999946e+02 1.221780500000000025e+01 1.317089448448672897e+02 3.434454355252297830e+01
9.204438000000000386e+01 2.020230499999999907e+01 1.269794219022095945e+02 1.782937575902579397e+01
9.629608000000000345e+01 1.712132799999999833e+01 1.302061679486010348e+02 7.300106251593141415e+00
1.330253999999999905e+02 1.143711000000000055e+01 1.360291244843108700e+02 3.368419783561169112e+01
1.220030500000000018e+02 1.467741900000000044e+01 1.259797358402195044e+02 2.916280071896418846e+01
1.263779140000000041e+02 1.207870400000000011e+01 1.342983184607671205e+02 2.990459729973143510e+01
1.054755250000000046e+02 9.531067999999999429e+00 1.029201469752054408e+02 1.185902047258441394e+00
1.207227500000000049e+02 6.894565000000000055e+00 1.076794975225745361e+02 8.047201138457062086e+00
1.068336939999999942e+02 1.901988000000000056e+01 1.209111600151620252e+02 5.506595791712875609e+00
1.267472099999999955e+02 7.728730999999999796e+00 1.344589493248884082e+02 1.743099291725035016e+01
1.308280000000000030e+02 1.675008999999999970e+00 9.287515753526464835e+01 8.530288607133066137e+00
1.265143659999999954e+02 1.300008799999999987e+01 1.292965202833481726e+02 2.430267415328528813e+01
1.185020800000000065e+02 3.043984199999999873e+01 1.103431656959577651e+02 1.468502766075219590e+01
1.274986999999999995e+02 1.990880800000000050e+01 1.170105592344074523e+02 1.767704105759916189e+01
1.107922400000000067e+02 2.889390600000000120e+01 1.000954834450545405e+02 3.925439429883001541e+00
1.261208799999999997e+02 4.358299999999999674e-02 1.368794780714609374e+02 2.407217878871873040e+01
1.241904750000000064e+02 6.973640999999999757e+00 1.229864926006455619e+02 3.720297983016134680e+00
9.467365999999999815e+01 2.161741400000000013e+01 1.355639391163005030e+02 1.923095645549054922e+01
1.004126049999999992e+02 2.261345000000000027e+01 1.298440971675419746e+02 3.006350527840747588e+01
1.073292849999999987e+02 3.159566099999999977e+01 9.830230141499554009e+01 1.375884443250007649e+01
1.011063460000000021e+02 3.288495000000000346e+01 9.543217413276630623e+01 1.295484036573661335e+01
1.054726639999999946e+02 1.292944400000000016e+01 9.353504489072003025e+01 1.773625536145430104e+01
1.265932540000000017e+02 1.222334599999999938e+01 1.249947963321657483e+02 3.139139189879858094e+01
1.254603199999999958e+02 1.298301599999999922e+01 1.045016353027788654e+02 1.583379577210402012e+01
9.231682999999999595e+01 1.464926299999999948e+01 1.291727610049757118e+02 2.676950321932191201e+01
1.078147349999999989e+02 2.483155299999999954e+01 1.374523855236348879e+02 2.183851085999543784e+01
1.295547799999999938e+02 1.619976000000000127e+01 1.268720648735509542e+02 2.390348988021079535e+01
1.306742099999999880e+02 8.577165000000000816e+00 9.541898166965277994e+01 3.038358612148749316e+01
1.297281600000000026e+02 1.556633399999999945e+01 1.040549717512056702e+02 2.930524415753409784e+01
1.177526100000000042e+02 1.388057899999999911e+01 1.299431937381753528e+02 1.473195896511870906e+01
1.003017040000000009e+02 2.323865999999999943e+01 1.065898452763011619e+02 5.224448444367684630e+00
1.326187299999999993e+02 2.423593299999999928e+01 9.942409046564857533e+01 2.594176967521719490e+01
1.261324800000000010e+02 2.826121900000000053e+01 9.998690893004463476e+01 3.224633410995556204e+01
1.096028799999999990e+02 2.265409999999999968e+01 9.644351204313525727e+01 2.155213627435252022e+01
1.060830399999999969e+02 5.075204000000000271e+00 1.024667978526825038e+02 3.376824336564204287e+01
1.074296650000000000e+02 4.943573999999999913e+00 1.145535805345651568e+02 1.369554417112691347e+01
1.002415799999999990e+02 2.393959399999999960e+01 1.037340874125867174e+02 1.303919280575419215e+01
1.179520399999999967e+02 5.112171000000000021e+00 9.284029770629918232e+01 1.998373698529513476e+01
1.138190160000000049e+02 1.354168100000000052e+01 1.157544277349665265e+02 1.063040287345925350e+01
9.321605999999999881e+01 1.888607999999999976e+01 1.174514816381404927e+02 5.922142717330708628e+00
1.317752499999999998e+02 1.714565800000000095e+01 1.080472733671561656e+02 7.377475559594409482e+00
1.106384299999999996e+02 3.058228099999999827e+01 1.222336891104805261e+02 9.850676778768521658e+00
1.266665100000000024e+02 8.246174999999999145e+00 1.049638477968164096e+02 3.452485350663454966e+01
1.276514700000000033e+02 1.503062899999999935e+01 1.099368888300331548e+02 3.253598337022606302e+01
1.182681050000000056e+02 5.761924999999999741e+00 1.168934884849855393e+02 1.711232073010456745e+01
1.116215100000000007e+02 2.149703999999999837e+01 1.160328231965346220e+02 1.559157857152044180e+01
1.274859500000000025e+02 2.643822899999999976e+01 1.254636866083511535e+02 1.511784171301431456e+01
1.003025499999999965e+02 1.609912900000000135e+01 1.330003531740624680e+02 2.851108781941219661e+01
1.171391449999999992e+02 6.471200000000000563e-02 1.337499081825471023e+02 2.823310789717495695e+01
1.269034099999999938e+02 1.216027200000000086e+01 1.355839210981179690e+02 2.958206187185877667e+01
1.258002900000000039e+02 1.515819699999999948e+01 9.705354852072373717e+01 1.204747772111211290e+01
1.031805300000000045e+02 1.483915700000000015e+01 1.377082526866295495e+02 1.201668418230766733e+01
1.316590400000000045e+02 1.172049799999999919e+01 9.347415808746303867e+01 3.411112374164871852e+01
1.304027600000000007e+02 8.559516999999999598e+00 1.195302407234104578e+02 1.846008695691536516e+01
9.325641000000000247e+01 2.074531999999999954e+01 1.088918981891151105e+02 2.502750819419556549e+01
9.273024999999999807e+01 1.533211299999999966e+01 9.604045107568687456e+01 3.327010077362424312e+01
1.148494900000000030e+02 2.243533899999999903e+01 1.311394642240973383e+02 2.173308220953322945e+01
1.008354400000000055e+02 1.752425399999999911e+01 1.028565276559481845e+02 2.472029054042263496e+01
1.200400099999999952e+02 2.610586400000000040e+01 1.224637549242353032e+02 9.017498250557434147e+00
1.151904700000000048e+02 8.768988999999999479e+00 1.266194454659066650e+02 2.203608716787913835e+01
1.042875439999999969e+02 1.675788000000000011e+01 1.367432772679908624e+02 3.217109973735822592e+01
1.240638660000000044e+02 2.977226299999999881e+01 1.320098335438970878e+02 2.226013515912163498e+01
1.036258200000000045e+02 2.503497700000000137e+01 9.716461939235810519e+01 3.377385009101416102e+01
1.104307500000000033e+02 1.658255600000000030e+01 1.009038788171544496e+02 3.442904292490983664e+01
1.264931950000000001e+02 3.052376699999999943e+01 9.529318250272854129e+01 2.959187130028383450e+01
1.196052549999999997e+02 1.820967900000000128e+01 1.260270754440440726e+02 2.040999501010503092e+00
1.268699649999999934e+02 1.922492000000000090e+01 1.018610726769596226e+02 7.970154300510341017e+00
1.271800499999999943e+02 1.194703699999999991e+01 1.321792494555097619e+02 3.062078832143622620e+01
1.114088299999999947e+02 2.254265600000000092e+01 1.130426303128211885e+02 6.786157447382302976e+00
1.300095200000000091e+02 1.434867000000000026e+01 1.224121885176228517e+02 9.748377553496590409e+00
1.254233859999999936e+02 2.886179999999999968e+00 1.055631614479306393e+02 1.603007833996976217e+01
1.003903799999999933e+02 1.687093700000000140e+01 9.676819181764179234e+01 2.453130179378875564e+00
1.262763199999999983e+02 1.215531000000000006e+01 1.119211477487469040e+02 7.315876581435465376e+00
1.093420100000000019e+02 2.870751599999999826e+01 1.148298807858828354e+02 3.022130219310006538e+01
1.239506300000000039e+02 1.062640999999999991e+01 1.209787364624550321e+02 9.730007240771600507e+00
1.316262399999999957e+02 1.500643499999999975e+01 1.239128099626243937e+02 3.198395472304092380e+01
1.239288300000000049e+02 7.131028999999999840e+00 1.190706995473449581e+02 9.685367507620776806e+00
1.039746800000000064e+02 2.082602500000000134e+01 1.133535809775905534e+02 1.572564279081771765e+00
1.079575040000000001e+02 1.263439100000000082e+01 9.695549115490955217e+01 1.626432980694623609e+00
1.035432399999999973e+02 2.423743999999999943e+01 1.224944507155808679e+02 1.633365757915345284e+01
1.265864399999999961e+02 1.194002500000000033e+01 1.209655376618170806e+02 2.149164243523107487e+01
1.167539400000000001e+02 1.200967200000000012e+01 1.128618183387479945e+02 3.543394020027502478e+00
1.008096900000000034e+02 1.563741100000000017e+01 1.295595075019862747e+02 2.964616127489664166e+01
1.368379400000000032e+02 1.267808499999999938e+01 1.321667057017516811e+02 1.194128967284497911e+00
1.275640800000000041e+02 1.488677000000000028e+01 1.230249964699907821e+02 1.289263364477205576e-01
1.109616900000000044e+02 1.647451399999999921e+01 1.126212741159772293e+02 1.519829266222777697e+01
1.017679899999999975e+02 1.656687200000000004e+01 1.134034551542276716e+02 1.602191217591001760e+01
1.132756650000000036e+02 2.208142499999999941e+01 9.667771507487566396e+01 1.699812319474368394e+01
1.034334800000000030e+02 1.589862499999999912e+01 9.746559302918903711e+01 2.877462142912247955e+01
1.123523600000000044e+02 2.472185899999999847e+01 1.005771312032460258e+02 1.590036924965027021e-01
1.036701050000000066e+02 2.659670799999999957e+01 1.185553706245414247e+02 2.940418683652341869e+01
9.386674499999999455e+01 5.584399000000000335e+00 1.249319542434088532e+02 3.381981121341291896e+01
1.077314800000000048e+02 2.793261299999999991e+01 1.314029848424929128e+02 8.312126640033534741e+00
1.205477139999999991e+02 7.351634999999999920e+00 1.125053803040878364e+02 1.567914744824711093e+01
1.215047200000000061e+02 7.737731000000000137e+00 9.602037887392971527e+01 2.632328036894425516e+00
1.275956950000000063e+02 1.332109900000000025e+01 1.047614202217061745e+02 3.673581836205177531e+00
1.068513599999999997e+02 2.497554999999999836e+01 1.013522795825521854e+02 1.624183900321354557e+01
1.020793800000000005e+02 2.128403700000000143e+01 9.733742711332942577e+01 2.961150953889923798e+01
1.068015400000000028e+02 2.137270499999999984e+01 1.136948127446065655e+02 2.792053874950225989e+01
1.136669200000000046e+02 1.729149599999999865e+01 1.144998604997296496e+02 1.796086474888079376e+00
1.252612100000000055e+02 1.041665000000000063e+01 1.053185870027663640e+02 2.846087184207099163e+00
1.125651100000000042e+02 1.389909199999999956e+01 1.321195296080512946e+02 5.483765992203278650e+00
1.085017849999999981e+02 2.128969999999999985e+01 1.152583144367241204e+02 2.794020085558379662e+01
1.168420299999999941e+02 1.809422899999999856e+01 1.156837376186777391e+02 2.616881490246328923e+01
1.073785500000000042e+02 3.300144999999999840e+01 1.300143104844348443e+02 2.810334977767556097e+01
1.245328750000000042e+02 5.898450999999999667e+00 1.304711604474585158e+02 1.916966548630803757e+01
1.301203199999999924e+02 9.073128999999999778e+00 9.863017314072554598e+01 7.656269558603195691e+00
1.259025960000000026e+02 8.412031000000000702e+00 1.160934295767104345e+02 2.942922986739131552e+00
9.615071000000000367e+01 1.844079800000000091e+01 1.125469737310399410e+02 3.105336981386530937e+01
1.136198700000000059e+02 2.946215799999999874e+01 9.964249283427373882e+01 3.225758775015327728e+01
1.285662100000000123e+02 1.856218499999999949e+01 1.314252760840242615e+02 2.657452045730239831e+01
1.253308099999999996e+02 7.591994999999999827e+00 1.291365695477084614e+02 1.148894697894801276e+01
1.112436100000000039e+02 2.032483699999999871e+01 1.327552116707544769e+02 1.204012145642950848e+01
1.030134699999999981e+02 1.714922999999999931e+01 1.008872954789804481e+02 1.521567850023889790e+01
1.055583699999999965e+02 3.125904999999999845e+01 1.266659057998633386e+02 2.446882229664961272e+01
1.149821199999999948e+02 1.282922100000000043e+01 9.557982122545664083e+01 3.307676335586496208e+01
1.044115500000000054e+02 1.292953800000000086e+01 1.070205310211802470e+02 1.396382383560722751e+01
1.105369000000000028e+02 2.902299999999999880e-01 9.893184965246058482e+01 3.167989021274357242e+01
1.083700699999999983e+02 1.887853999999999921e+00 1.164231576706375506e+02 6.708174230866498000e+00
1.083531200000000041e+02 1.792666600000000088e+01 1.186277466594227974e+02 1.961755248659428830e+01
1.205801850000000002e+02 1.364764599999999994e+01 1.260911236258256878e+02 2.878306342445168475e+00
1.011390499999999975e+02 3.278504999999999825e+01 1.242204377948680758e+02 2.661623402436122987e+01
9.423469500000000210e+01 8.636367999999999157e+00 1.240640549055457171e+02 2.236475116170877797e+00
1.148437040000000025e+02 1.286086000000000062e+00 9.768185772264064326e+01 2.924761340601949478e+00
1.117798300000000040e+02 2.242299999999999827e+01 1.288303114825893374e+02 1.115737136713640254e+01
1.149692299999999960e+02 2.266322900000000118e+01 1.323739004270819919e+02 1.623832021787752922e+01
1.151021999999999963e+02 2.461723999999999890e+01 1.168654919352878778e+02 3.349837846924198459e+01
1.183328860000000020e+02 6.461452999999999669e+00 1.088731838999384536e+02 5.681671542434722610e+00
1.177268300000000067e+02 3.289130999999999716e+01 1.076818290743869113e+02 1.415971956779632990e+01
1.369482299999999952e+02 3.398439000000000210e+00 1.282553585926577000e+02 9.784895866207779846e+00
1.192735749999999939e+02 1.863693999999999917e+01 1.044516514079568168e+02 2.555187665410798914e+01
1.239082300000000032e+02 3.439435000000000020e+00 1.183875077441397110e+02 2.096955427907599301e+01
1.021893000000000029e+02 2.534525299999999959e+01 1.345766518379326726e+02 9.962553638082823682e+00
9.998476999999999748e+01 5.003547000000000189e+00 1.113466487805363840e+02 1.560479706895676877e+01
1.009080399999999997e+02 2.003603999999999985e+01 1.129057153621484986e+02 3.091542258585191405e+01
1.073580860000000001e+02 5.845627000000000351e+00 1.305443346487989800e+02 8.684937432114182343e+00
1.118422850000000039e+02 1.812244600000000005e+01 1.327917760020451396e+02 1.453774797836547528e+01
9.760130999999999801e+01 1.960865599999999986e+01 1.320329325210635432e+02 8.518941702893346957e+00
1.031009399999999943e+02 2.897423699999999869e+01 1.324156623611415284e+02 1.526477124529753127e+01
1.124594649999999945e+02 2.773611800000000116e+01 1.351967218293404471e+02 1.861044513149121471e+01
1.020150399999999991e+02 1.459681100000000065e+01 1.338288462332243398e+02 2.359901002157947403e+01
9.797517999999999461e+01 2.656917599999999879e+01 1.064389532093635040e+02 2.972796683268950702e+01
1.283254399999999862e+02 1.265509899999999988e+01 1.249324641199222583e+02 2.620373432980385076e+01
1.096538500000000056e+02 3.307865999999999929e+01 1.215534456297745862e+02 3.427583180860177237e+01
1.001488999999999976e+02 1.622813000000000017e+01 1.309148984182311324e+02 2.964337506680262635e+01
1.164583360000000027e+02 2.065202999999999989e+01 1.280647568150823759e+02 2.024485461173789247e+01
1.012475900000000024e+02 3.300020200000000159e+01 1.026442682959944506e+02 3.205501739525648475e+01
1.103286899999999946e+02 1.103283000000000014e+00 9.237424486841280213e+01 1.163317777013829613e+01
1.116475999999999971e+02 2.947777999999999921e+01 9.232247284731435855e+01 7.755167050644404370e+00
1.014060060000000050e+02 2.798674199999999956e+01 9.317032845387012685e+01 3.294741215487545816e+01
1.199050600000000060e+02 3.175273699999999977e+01 9.291160995036528902e+01 2.391075192506787772e+01
1.213383699999999976e+02 1.526827899999999971e+01 1.214384616073001553e+02 2.969350723240204815e+01
1.123611199999999997e+02 2.254460299999999862e+01 1.015339575755521935e+02 6.766327387685495687e+00
1.264865340000000060e+02 1.459183699999999995e+01 1.242851904899044939e+02 3.089792829576748545e+01
1.007992859999999951e+02 1.987467600000000090e+01 1.176690039971617523e+02 3.066885144727340418e+01
1.215895900000000012e+02 2.809661000000000186e+00 1.005812546939847323e+02 3.183993217174015733e+00
1.234103000000000065e+02 1.101651599999999931e+01 1.005692439435660646e+02 2.765644949211602466e+01
1.105670700000000011e+02 1.976796200000000070e+01 1.241020747840367449e+02 1.546817590333983894e+01
1.011674349999999976e+02 1.631124499999999955e+01 1.313844055228909724e+02 8.773286916991086315e+00
1.212077560000000034e+02 3.169395300000000049e+01 1.198808720323170860e+02 4.693486744149045542e+00
1.292956100000000106e+02 2.781921200000000027e+01 1.157682986174175994e+02 1.680902092392030411e+01
1.101364439999999973e+02 1.750603699999999918e+01 1.125542229516051691e+02 2.896827791303137900e+01
1.321269700000000000e+02 2.966490999999999989e+00 1.118530381818951867e+02 3.007425777463274663e+00
1.187323899999999952e+02 1.239340999999999937e+01 1.118675264247490873e+02 3.283542825724213543e+01
1.245430300000000017e+02 2.024064000000000085e+00 1.047348383645833394e+02 2.161489154380508992e+01
1.169037550000000039e+02 1.685146299999999897e+01 1.337471983830715487e+02 6.026477002821542861e+00
9.773923999999999523e+01 2.664898499999999970e+01 1.181364255493160442e+02 1.929902236722041664e+01
1.245429100000000062e+02 3.394839999999999947e+01 1.306743474397755449e+02 1.056584557899435595e+01
1.051010700000000071e+02 8.262510999999999939e+00 1.003632962703276377e+02 3.319660856456344078e+01
9.774904999999999688e+01 2.897119999999999962e+01 1.310189854672611318e+02 4.861230717151146408e+00
1.044513100000000065e+02 2.886278000000000077e+01 1.199743955954016457e+02 1.371102596405015106e+01
1.079270800000000037e+02 2.750382199999999955e+01 1.009942988059219573e+02 1.715635227063818036e+01
1.185999149999999958e+02 1.150301600000000057e+01 1.076197995696371379e+02 2.269148038013378255e+01
1.169213900000000024e+02 2.163608999999999938e+01 1.010540175859074168e+02 5.916200150155342952e-01
1.318686399999999992e+02 7.302616000000000440e+00 1.316482875968532085e+02 6.577301273839277762e+00
1.162993599999999930e+02 3.265582299999999805e+01 1.136358673377949913e+02 1.772906008464014249e+01
1.216979749999999996e+02 6.862764000000000308e+00 9.528929837953779725e+01 5.678967436460215623e+00
1.165399000000000029e+02 2.132931500000000113e+01 1.024951087505147882e+02 4.282750789205090669e+00
1.185405899999999946e+02 1.932002800000000065e+01 1.306562647240116064e+02 6.579287812249678069e+00
1.205683899999999937e+02 1.373879100000000086e+01 1.006736985911112754e+02 3.175138073560848540e+01
1.355338099999999883e+02 1.610411799999999971e+01 1.010530733841200401e+02 2.943553638493433056e+01
1.128123599999999982e+02 2.516570700000000116e+01 1.371304100479694341e+02 2.736699652588161413e+01
1.170933699999999931e+02 1.631709499999999835e+01 9.335664797694433048e+01 1.767656901457613117e+01
9.698529000000000622e+01 2.906835600000000142e+01 1.175478211077469126e+02 3.220551920821663572e+01
1.377753099999999904e+02 1.232100499999999954e+01 1.347387548779600479e+02 7.430879614188356186e+00
1.049807359999999932e+02 3.378130699999999820e+01 1.054175007269948736e+02 2.903110546634101397e+01
1.330287299999999959e+02 2.371058999999999806e+00 9.259057195797458917e+01 2.621604436608307509e+01
9.543803400000000181e+01 2.144368199999999902e+01 9.246326451286685710e+01 1.748048740611566032e+01
9.702769499999999425e+01 1.544913900000000062e+01 1.101244967709538685e+02 4.161072699957454546e+00
1.346167399999999930e+02 3.521285999999999916e+00 1.347484862397539302e+02 2.616621405415649093e+01
1.069824140000000057e+02 2.790228499999999912e+01 1.165922633314604298e+02 2.364103344982897070e+01
1.343044899999999870e+02 1.360846100000000014e+01 1.187669668610077593e+02 3.224772843442437420e+01
1.289606799999999964e+02 1.261729300000000009e+01 1.091716274565592073e+02 2.235587708173229871e+01
1.275717999999999961e+02 1.522483000000000075e+01 1.137235817438731829e+02 2.440669772618495159e+01
9.838697999999999411e+01 2.572221800000000158e+01 1.135614222207603206e+02 2.928321992674723617e+01
1.314637800000000141e+02 1.366797000000000040e+01 1.177051897935314031e+02 3.428204215360615592e+01
1.316337000000000046e+02 1.536777499999999996e+01 1.027131774713853360e+02 8.914725352369234912e+00
1.081554900000000004e+02 3.279561199999999843e+01 1.026930203821749217e+02 3.035909480834936502e+01
9.910432400000000541e+01 1.760354200000000091e+01 1.110948401213064614e+02 3.504867529825761441e-01
1.233786699999999996e+02 4.075228000000000073e+00 1.102639057043573700e+02 8.749139496828595597e+00
1.117229700000000037e+02 2.507940899999999829e+01 1.270053619728915635e+02 2.238335869396415134e+01
9.357684000000000424e+01 1.529489399999999932e+01 1.200429001000670439e+02 1.641822287342662889e+01
1.321534699999999987e+02 7.309249999999999581e+00 1.332347882955522778e+02 2.463209121758974618e+01
1.299863599999999906e+02 1.666687399999999997e+01 1.257704410490893565e+02 3.382715518598720195e+01
1.115443949999999944e+02 1.032299199999999928e+01 9.245896134893064300e+01 2.010466516828813610e+01
1.231597299999999962e+02 7.689467999999999748e+00 1.378259091555994189e+02 3.323475606767186008e+01
1.031585699999999974e+02 3.076735299999999995e+01 1.182958701010221034e+02 3.219225596416735868e+01
1.117416840000000064e+02 2.507232999999999823e+00 1.268022227583974484e+02 8.028731760582815014e+00
1.103507400000000018e+02 8.773649999999999505e-01 1.030192512626265255e+02 4.617227769330391141e+00
1.149134200000000021e+02 1.002270999999999912e+00 1.339566410338416631e+02 2.193469144242854085e+01
9.463783999999999708e+01 2.379528600000000083e+01 1.037579346640998779e+02 1.368882796948206426e+01
1.129650599999999940e+02 1.078936599999999935e+01 1.217349592200187089e+02 2.304029181829582384e+00
1.282913200000000131e+02 3.539490000000000136e-01 1.182774601383364939e+02 4.179862119625608052e+00
1.378613000000000000e+02 1.162365699999999968e+01 1.017724275561968028e+02 4.753998471227283140e-01
1.216506349999999941e+02 9.985416000000000736e+00 1.293378028490608358e+02 2.426963495380153191e+01
1.199593700000000069e+02 2.753562700000000163e+01 1.015443309111509507e+02 7.163418428895233170e+00
1.041709440000000058e+02 3.200216000000000349e+01 1.217864305691475266e+02 2.592796965814446253e+01
9.297975999999999885e+01 2.366921800000000076e+01 1.339647086616668332e+02 3.412933019320912820e+01
9.969432999999999367e+01 1.796410600000000102e+01 1.008551347634068662e+02 1.228613552280124743e+01
1.285900699999999972e+02 2.147480600000000095e+01 1.134520318864301913e+02 2.087796761428328196e+01
1.001482199999999949e+02 1.817409899999999823e+01 9.235123346174941616e+01 1.883655565256549025e+01
1.148955600000000032e+02 1.872133399999999881e+01 1.225723654998437837e+02 3.319883408406036551e+01
1.063181799999999981e+02 1.158888400000000019e+01 1.073924837643658634e+02 3.257648945026406295e+01
1.304762699999999995e+02 3.101247199999999893e+01 1.241229380418047015e+02 2.210132751184244526e+01
