1.033215500000000020e+02 1.091743999999999915e+01 1.274314521589463851e+02 2.929124283089887015e+01
1.183045350000000013e+02 1.970592500000000058e+01 1.275201072013612844e+02 1.549988096836888651e+01
1.252612100000000055e+02 1.041665000000000063e+01 1.311199038811152491e+02 2.528388565707762581e+01
1.306742099999999880e+02 8.577165000000000816e+00 1.329716059544095401e+02 1.830562188259790801e+01
1.196052549999999997e+02 1.820967900000000128e+01 9.717275252482069448e+01 3.230377820249213272e+01
1.178697700000000026e+02 2.086379200000000012e+01 9.637476199264253296e+01 9.029368679433575906e+00
1.144742360000000048e+02 2.767989000000000033e+01 1.106744708145817810e+02 2.682882988327347817e+01
1.218254000000000019e+02 4.371687999999999796e+00 9.832126624303701590e+01 3.223759347758162619e+01
1.031805300000000045e+02 1.483915700000000015e+01 1.208071563113901732e+02 8.711559459951761397e+00
9.918323499999999626e+01 1.574674699999999916e+01 1.055808625431617287e+02 3.266546412758154361e+01
1.270311099999999982e+02 9.210869000000000639e+00 1.106232486995601931e+02 2.658498587509281208e+01
1.066970400000000012e+02 2.854751200000000111e+01 1.166482582582418956e+02 6.636590795495653339e+00
9.543803400000000181e+01 2.144368199999999902e+01 1.236985794156118459e+02 3.430563966461043890e+01
1.057738700000000023e+02 3.275798400000000044e+01 1.162550018485378587e+02 1.083072339259953409e+01
1.036258200000000045e+02 2.503497700000000137e+01 9.406461474066163930e+01 2.569184797520849273e+00
1.078628099999999961e+02 2.795533599999999907e+01 9.900368799843413115e+01 1.583419081732636613e+01
1.268019900000000035e+02 6.239142000000000188e+00 1.187728251238958848e+02 3.373327375548615059e+00
1.117229700000000037e+02 2.507940899999999829e+01 1.089556286722373812e+02 2.519506503457668956e+01
1.340829600000000141e+02 1.444733800000000024e+01 9.735839373892072501e+01 6.800416215344234905e-01
1.101968499999999977e+02 2.375801699999999883e+01 1.156666701738129177e+02 5.077465488466964771e+00
1.135725199999999973e+02 1.487359700000000018e+01 1.196289827004183621e+02 1.977447865222313084e+01
9.922207000000000221e+01 4.366456999999999589e+00 1.142621775458228655e+02 2.640543933645648522e+01
1.270234300000000047e+02 5.967240000000000322e+00 1.367619311587586708e+02 1.513829636905242815e+01
1.054926999999999992e+02 8.352017999999999276e+00 1.149240948775691322e+02 4.574583180374169444e+00
1.066084100000000063e+02 3.491856800000000050e+01 1.217542965751309083e+02 3.444777154968027588e+01
1.304119399999999871e+02 1.130974800000000080e+01 1.301532919502326706e+02 3.138778834407836626e+01
1.104307500000000033e+02 1.658255600000000030e+01 1.298197186530183558e+02 2.187166649365911297e+01
1.141837539999999933e+02 2.640196200000000104e+01 1.101521654690828029e+02 2.076430806166726839e+01
1.132756650000000036e+02 2.208142499999999941e+01 1.118822886624753039e+02 3.441439194849360916e+01
1.304027600000000007e+02 8.559516999999999598e+00 1.355757559928926526e+02 1.059877546519610370e+01
1.320423000000000116e+02 1.426623200000000047e+01 1.302739000736185062e+02 3.478454256404132394e+01
1.275956950000000063e+02 1.332109900000000025e+01 1.374126274579290339e+02 1.411866157492960294e+00
1.047332300000000060e+02 2.698434299999999908e+01 1.052609894471536336e+02 1.885921473228774348e+00
1.086584299999999956e+02 1.116496899999999926e+01 1.136474549733167123e+02 1.837556332708063067e+01
1.116215100000000007e+02 2.149703999999999837e+01 1.057507600318697740e+02 2.877289535857340752e+01
1.275717999999999961e+02 1.522483000000000075e+01 9.694573140536799372e+01 1.640798763219007839e+01
1.252029399999999981e+02 8.083719000000000321e+00 1.226443257362328438e+02 1.716259523816798804e+01
1.205801850000000002e+02 1.364764599999999994e+01 1.185888324910921909e+02 1.987152296795125395e+01
1.245328750000000042e+02 5.898450999999999667e+00 1.126458258958569871e+02 8.033402646408884351e+00
1.355708199999999977e+02 1.183108600000000088e+01 1.367652439587929791e+02 2.926201853623774696e+01
1.090013050000000021e+02 2.906080000000000041e+01 1.188011014837563266e+02 3.003259637919093095e+01
1.134188099999999935e+02 1.023753300000000088e+01 1.333573504447149674e+02 1.683619817507475247e+01
9.877991500000000258e+01 1.703118500000000068e+01 1.162057370758370780e+02 2.137375961691587722e+00
1.183964100000000030e+02 2.882246400000000008e+01 1.353183296636955504e+02 3.264071307620878315e+01
1.155710700000000060e+02 2.116927000000000092e+01 1.304113538271569439e+02 1.573457377879643460e+01
1.128123599999999982e+02 2.516570700000000116e+01 1.013724607907489030e+02 3.129407909794333520e+01
1.148437040000000025e+02 1.286086000000000062e+00 9.316850470225691083e+01 1.637206209985383865e+01
1.063641049999999950e+02 2.387164500000000089e+01 9.374438977631675129e+01 3.224230502545832167e+01
1.042875439999999969e+02 1.675788000000000011e+01 9.254699023500360511e+01 2.563390315882545778e+01
1.105124739999999974e+02 2.767481799999999836e+01 1.089013669730973390e+02 1.745276902987987100e+01
1.151021999999999963e+02 2.461723999999999890e+01 1.068944468997087540e+02 3.051046016134898053e+01
9.963335999999999615e+01 3.011660600000000088e+01 9.882154444680836036e+01 1.492118235267848902e+01
1.265864399999999961e+02 1.194002500000000033e+01 1.135666317408564225e+02 2.042277164109076892e+01
1.234837399999999974e+02 2.555160000000000209e-01 1.000921566412181107e+02 1.191178920794007112e+01
1.288786599999999964e+02 1.183304700000000054e+01 1.159473670136546559e+02 2.942004221930741181e+01
1.372423000000000002e+02 1.840880000000000072e+00 1.360377193071592501e+02 9.973832465247511436e+00
1.281042500000000075e+02 1.263489599999999946e+01 1.160850995764751872e+02 4.909620829367726813e+00
1.200969999999999942e+02 1.983857199999999921e+01 1.192071807851797729e+02 1.337950088015554817e-01
1.263779140000000041e+02 1.207870400000000011e+01 1.294912901359571435e+02 2.605275524862766900e+01
1.056335140000000052e+02 2.491520699999999877e+01 9.231062935949503867e+01 2.493466327107615754e+01
9.689548999999999523e+01 3.139643900000000087e+01 9.737966482847711802e+01 2.246545779202721960e+01
1.209731299999999976e+02 2.012263300000000044e+01 1.377520406632326342e+02 1.307769065475451598e+01
1.015848000000000013e+02 2.689655000000000129e+01 1.324079405529111000e+02 3.181319157890344229e+01
1.276514700000000033e+02 1.503062899999999935e+01 1.044016055210726392e+02 1.287409357640576602e+01
1.128938299999999941e+02 1.716561099999999840e+01 1.025177422532309777e+02 1.422722897754319327e+01
1.153340400000000017e+02 2.080925399999999925e+01 1.347475133044287361e+02 1.404992632348077031e+01
1.067415100000000052e+02 2.775080900000000028e+01 9.654374022324834925e+01 3.088336786555958557e+00
1.352128999999999905e+02 5.011090000000000266e+00 1.158843433149752684e+02 2.154915097894619791e+01
1.149996699999999947e+02 3.686024000000000189e+00 1.177587014307809170e+02 2.271907639279692148e+01
9.981167000000000655e+01 2.547162799999999905e+01 1.143728947559665698e+02 3.214723652423707989e+01
1.246537699999999944e+02 1.549389700000000047e+01 1.099525067153408884e+02 2.545988933730965798e+01
1.103286899999999946e+02 1.103283000000000014e+00 1.379943578861122262e+02 7.125363737910900275e-01
1.218649499999999932e+02 3.051391999999999882e+01 1.337863813270529647e+02 2.597089574059550188e+01
1.357156699999999887e+02 3.125895300000000177e+01 1.358099297698600765e+02 6.062528175787614160e+00
1.292459900000000061e+02 4.137847999999999971e+00 1.030606633148066749e+02 1.736859935340359584e+01
1.073292849999999987e+02 3.159566099999999977e+01 9.263576152107822281e+01 2.333575649537003827e+01
1.234103000000000065e+02 1.101651599999999931e+01 1.254113764853101145e+02 4.856415311705843507e+00
1.197753399999999999e+02 1.044808199999999943e+01 9.434824698558597333e+01 1.833443266119646964e+01
9.908189000000000135e+01 3.429287999999999670e+01 1.348083992675743730e+02 3.181347722527306843e+01
1.129650599999999940e+02 1.078936599999999935e+01 1.225979715123933573e+02 2.830116679457037776e+01
1.066784899999999965e+02 8.027340000000000586e+00 1.092858790061756054e+02 1.187066329022782796e+01
9.897129999999999939e+01 1.955711399999999855e+01 1.158361018405497589e+02 2.378759001766206360e-01
1.331451700000000073e+02 1.564029200000000053e+01 1.044264506734686080e+02 2.265563551371044326e+01
1.345495300000000043e+02 6.859785999999999717e+00 9.464486124768808395e+01 1.882234108063685341e+01
1.285522300000000087e+02 3.419751999999999903e+00 1.078797846563027036e+02 1.893133136484287959e+01
1.124594649999999945e+02 2.773611800000000116e+01 1.027975931936343557e+02 2.428364520152475947e+01
1.118623300000000000e+02 1.493086300000000044e+01 1.076370822516096979e+02 3.229002730569845880e+01
1.168420299999999941e+02 1.809422899999999856e+01 1.007112569035917176e+02 2.944583505555184288e+01
1.118961000000000041e+02 1.561135900000000021e+01 1.044612244659584945e+02 1.171403879617041355e+01
1.261324800000000010e+02 2.826121900000000053e+01 1.012055482566126301e+02 2.831934360990445043e+01
1.123523600000000044e+02 2.472185899999999847e+01 1.017849366109147553e+02 9.690825841066777357e+00
1.064135899999999992e+02 2.078034999999999854e+01 9.972166214929893613e+01 6.986117466356317252e+00
1.254233859999999936e+02 2.886179999999999968e+00 1.320473277115845292e+02 1.242143685460537661e+01
1.008096900000000034e+02 1.563741100000000017e+01 1.168282766400111967e+02 7.530970983703607402e+00
1.362818499999999915e+02 1.441225500000000004e+01 1.055855942019877887e+02 8.547940412598953319e-01
1.182651900000000040e+02 1.205452299999999966e+01 1.245975156655794365e+02 2.758289988924329350e+01
1.116364200000000011e+02 1.941812900000000042e+01 1.179173484485137493e+02 1.202850344925578518e+01
1.153960299999999961e+02 3.187136999999999887e+01 1.323068652140557617e+02 8.491279475668086718e+00
1.039138399999999933e+02 1.255168100000000031e+01 9.926544264279255003e+01 2.750799608657130690e+01
1.213336639999999989e+02 1.455452499999999993e+01 1.038481494596248496e+02 1.686913859009957406e+01
1.034334800000000030e+02 1.589862499999999912e+01 1.143279609701422856e+02 1.012887279249349248e+01
1.285425299999999993e+02 2.874658000000000158e+01 9.836452889982321324e+01 7.425708010463888620e+00
1.202658899999999988e+02 5.060309000000000168e+00 1.279329564695014199e+02 2.855043902840335690e+01
1.335451400000000035e+02 1.390628799999999998e+01 1.358812302586886744e+02 2.769356473863554413e+01
1.048792499999999990e+02 1.661124399999999923e+01 1.002179368669097101e+02 6.611232274984303992e+00
1.231007100000000065e+02 2.744201500000000138e+01 1.238811860206677409e+02 3.056402776878522687e+01
1.161219250000000045e+02 1.121271899999999988e+01 1.008094576425369695e+02 1.512649140850187912e+01
1.148805399999999963e+02 1.808004999999999995e+01 1.123852512175475340e+02 1.955877728314687403e+01
1.125651100000000042e+02 1.389909199999999956e+01 1.343100670577360916e+02 1.719981907818592504e+01
1.041709440000000058e+02 3.200216000000000349e+01 1.180148517295166073e+02 1.331747053271023518e+01
1.020150399999999991e+02 1.459681100000000065e+01 1.293884736216883766e+02 1.769606504316175721e+00
1.290645299999999907e+02 1.239838499999999932e+01 1.174763885276295241e+02 3.150317624349351320e+01
1.138190160000000049e+02 1.354168100000000052e+01 1.001567724185566277e+02 2.175978252130630963e+01
1.262960360000000009e+02 2.761617000000000033e+01 1.074305472600008642e+02 2.850695859846905833e+01
1.051010700000000071e+02 8.262510999999999939e+00 1.327627205678653866e+02 3.184541853816280721e+01
1.055583699999999965e+02 3.125904999999999845e+01 1.021018548265248427e+02 1.683594570613795938e+01
1.148955600000000032e+02 1.872133399999999881e+01 1.379889494091284234e+02 2.251718654663971719e+01
9.488523999999999603e+01 3.360560600000000164e+01 1.316556722511525663e+02 1.160131357685864550e+01
1.252135240000000067e+02 1.563707699999999967e+01 1.248229760070088048e+02 1.438339281784587875e+01
1.146455700000000064e+02 2.811013399999999862e+01 1.272195897006046295e+02 2.553770009311213940e+01
1.126016500000000065e+02 1.711163499999999971e+01 1.137732628923925375e+02 2.564605688060240496e+01
9.395832000000000050e+01 5.743917999999999857e+00 1.146438101510894398e+02 1.664574362041276245e+01
1.248270700000000062e+02 4.432827999999999768e+00 1.008536851271729375e+02 5.375298024016135656e+00
1.233387599999999935e+02 2.847430000000000128e+00 1.332372615887105383e+02 2.156949984971434020e+01
1.009878700000000009e+02 1.558966700000000039e+01 9.549346400910273758e+01 3.241816037060166167e+01
9.511124399999999923e+01 2.042535200000000017e+01 1.220260039006584236e+02 3.364719728321145453e+01
1.118422850000000039e+02 1.812244600000000005e+01 1.177480604288626012e+02 9.996129865394218328e+00
1.062813639999999964e+02 9.905939000000000050e+00 1.362834414147101540e+02 3.169742415103197786e+01
1.090715200000000067e+02 1.751669499999999857e+01 1.298728565175856602e+02 2.596266903034661411e+01
1.074345600000000047e+02 3.142921400000000176e+01 9.823053165015859634e+01 1.789831552214173982e+01
1.272999200000000002e+02 3.150138899999999964e+01 1.328611736614265908e+02 1.797485555643406130e+01
1.080926400000000029e+02 3.690646999999999789e+00 1.299449564009787537e+02 1.970302643103289242e+01
1.325071299999999894e+02 3.182958000000000176e+00 9.391765540624216158e+01 6.652499625173694753e+00
1.080927049999999952e+02 1.663354700000000008e+01 1.216086362292765983e+02 2.037232141121825180e+01
1.004969799999999935e+02 2.176606200000000158e+01 1.205935744979599349e+02 2.892805482865051303e+01
1.312255999999999858e+02 1.041509199999999957e+01 1.054111360405755136e+02 2.653602977589672562e+01
1.043113299999999981e+02 9.546936000000000533e+00 1.124572878462767846e+02 1.181426725322185067e+00
1.181156600000000054e+02 2.807990600000000114e+01 9.291715600124277330e+01 2.331593722810790226e+01
1.185020800000000065e+02 3.043984199999999873e+01 1.319025335296187791e+02 5.749089247539592051e+00
1.339961700000000064e+02 3.438096600000000080e+01 1.274531986728961499e+02 1.759433116483610604e+01
1.250190400000000039e+02 1.223044999999999938e+01 1.119896461754814680e+02 3.220067622606376290e+01
1.054548599999999965e+02 9.613756999999999664e+00 9.491528034078540088e+01 1.566639760833180262e+01
9.868321000000000254e+01 2.970345299999999966e+01 1.340408175493143403e+02 7.061356949766409485e+00
1.281946399999999926e+02 1.151056699999999999e+01 1.239224833259426930e+02 1.407099057004889353e+01
1.226914500000000032e+02 9.774010000000000531e+00 1.004294951229846191e+02 7.493707136510144196e+00
1.124703750000000042e+02 1.702895499999999984e+01 1.116742990169650511e+02 1.705499675633634027e+01
1.301593200000000081e+02 3.440213800000000077e+01 1.173941388728451187e+02 2.665906616429774090e+01
1.185999149999999958e+02 1.150301600000000057e+01 1.378221112354664228e+02 1.519696979190410957e+01
1.233079199999999958e+02 7.494034000000000084e+00 1.230347646231922454e+02 2.481507908886381486e+01
1.199698300000000017e+02 1.242413400000000046e+01 1.233783620122838443e+02 2.073803085975448823e+00
9.954317000000000348e+01 2.821960599999999886e+01 1.379489138403312438e+02 2.165980052038653625e+01
1.182681050000000056e+02 5.761924999999999741e+00 1.220365987679491013e+02 3.361995829982675588e+01
1.179629500000000064e+02 1.794520599999999888e+01 1.137214854019170787e+02 1.625848691840406923e+00
9.277315000000000111e+01 1.838847499999999968e+01 9.461679015905379231e+01 3.478457254388331421e+01
1.370396700000000010e+02 1.252472000000000030e+00 1.069947949142505053e+02 2.526773758936817416e+01
1.208478199999999987e+02 2.691405000000000047e+00 1.343135261621169434e+02 2.205346778504049610e+01
1.262086639999999989e+02 1.252762300000000018e+01 1.271027955436693446e+02 2.874766055235053486e+01
1.019945450000000022e+02 1.624662599999999912e+01 9.922661422864328529e+01 2.440449372527573146e+01
1.344940300000000093e+02 7.012902999999999665e+00 1.142491020258580079e+02 1.883432098142226963e+01
1.092301300000000026e+02 1.388265000000000082e+00 1.196764136117081705e+02 9.314762439183834175e+00
1.244252599999999944e+02 5.176650000000000418e+00 1.155569520224370024e+02 2.364691868661225271e+01
1.366002000000000010e+02 2.353372600000000148e+01 1.252248081225370413e+02 3.182503813989241337e+01
1.066686859999999939e+02 3.609456000000000220e+00 1.122225562159376437e+02 3.190844632586570739e+01
1.254562600000000003e+02 3.918108000000000146e+00 1.222883082050373105e+02 2.867994290346584307e+01
1.024698099999999954e+02 2.152501900000000035e+01 1.298879892240719869e+02 2.165350072586478092e+01
1.158468500000000034e+02 2.654724699999999871e+01 1.061437035026889930e+02 6.526271934554798371e+00
1.221774099999999947e+02 4.068751999999999924e+00 1.170632472407630615e+02 8.866106636151975806e+00
1.190581049999999976e+02 2.063319200000000109e+01 1.231295012168335035e+02 3.317602460836891964e+01
1.216711800000000068e+02 9.723228000000000648e+00 1.218898425497513642e+02 2.282251649853773401e+01
1.313619099999999946e+02 1.221780500000000025e+01 9.287630774189651106e+01 2.469903827438975696e+01
1.067001900000000063e+02 1.305196199999999962e+01 1.176642481486569807e+02 2.006274305702676131e+01
1.259750059999999934e+02 8.296856999999999260e+00 1.327043956354138459e+02 2.399765596242800925e+01
1.085241099999999932e+02 2.678840999999999894e+01 9.893560044570600098e+01 3.169976687171043395e+01
1.246774400000000043e+02 1.209600299999999962e+01 1.160773258801622774e+02 3.393877103173891641e+01
1.091388699999999972e+02 1.284375499999999981e+01 9.563544998282525000e+01 3.353853393901243862e+01
1.265958100000000002e+02 2.633954999999999913e+01 1.050703790432867208e+02 2.122514844198909501e+01
1.378785100000000057e+02 1.122782400000000003e+01 1.286875384011794381e+02 2.251504873039264609e+01
1.259025960000000026e+02 8.412031000000000702e+00 1.316084325658881653e+02 1.968671111057460976e+01
1.308280000000000030e+02 1.675008999999999970e+00 9.799873552988296410e+01 2.797543389507004363e+01
1.265932540000000017e+02 1.222334599999999938e+01 1.113741675210953019e+02 1.233690730696972793e+01
1.228186299999999989e+02 2.599601699999999838e+01 1.377553207849314276e+02 2.110190197726536354e+01
1.297718999999999880e+02 1.096346999999999916e+01 1.257386774286986793e+02 2.369840480562521989e+01
1.335680000000000121e+02 1.057251199999999969e+01 1.060352337574560124e+02 1.545093747418911256e+01
1.204545700000000039e+02 7.107947000000000237e+00 1.124697108961279355e+02 4.760041772972027019e+00
1.324983000000000004e+02 4.275179999999999758e+00 1.126009929389680764e+02 1.879515545304613156e+01
1.310145699999999920e+02 1.227133000000000074e+01 1.076331118592281229e+02 2.029443555861931614e+01
1.167996100000000013e+02 2.692645800000000023e+01 1.287520101972860402e+02 8.705376246739527701e+00
1.230953449999999947e+02 4.679204000000000363e+00 1.118197984850525302e+02 2.527766090094662843e+01
9.423469500000000210e+01 8.636367999999999157e+00 1.105349030655262084e+02 1.261785575972968942e+01
1.103507400000000018e+02 8.773649999999999505e-01 1.331645023770871887e+02 1.859205321831224111e+01
1.252556299999999965e+02 7.355453999999999937e+00 1.312994332017713361e+02 2.825084728438594794e+01
1.251776499999999999e+02 9.960960999999999288e+00 1.304392407716992750e+02 2.774695810328640633e+01
1.179293399999999963e+02 2.794945999999999842e+01 1.273139515817173049e+02 1.909544563464487865e+01
1.297281600000000026e+02 1.556633399999999945e+01 1.130289641915489511e+02 1.272224094706559860e+01
1.193644560000000041e+02 2.596516599999999997e+01 1.261779312620353579e+02 4.363038184557571419e+00
9.760130999999999801e+01 1.960865599999999986e+01 9.916045867768903577e+01 2.481403517589305707e+01
1.291601900000000001e+02 1.209166300000000049e+01 9.887682874652431053e+01 8.571855636969887726e+00
1.172721250000000026e+02 1.818978299999999848e+01 9.882701847754294988e+01 2.077205106131668089e+01
1.191146099999999990e+02 1.880997299999999939e+01 1.061382784605519589e+02 5.919809585946751440e+00
1.316590400000000045e+02 1.172049799999999919e+01 1.019592551705669052e+02 2.169862741554373287e+01
1.283342100000000130e+02 2.203216400000000164e+01 1.321016845574116871e+02 2.573038467114030325e+01
1.241735800000000012e+02 1.073339700000000008e+01 1.167453865606311894e+02 1.153707715688568225e+00
1.274986999999999995e+02 1.990880800000000050e+01 9.480236209384925417e+01 6.444642241446064901e+00
1.286662800000000004e+02 5.189660000000000384e-01 1.144022687060720500e+02 1.652945637828987513e+00
1.195968249999999955e+02 1.992211299999999952e+01 1.134892467120737365e+02 1.639111420636249505e+01
1.061289500000000032e+02 1.904555099999999968e+01 1.312485368498299465e+02 1.304460064909961936e+01
1.355880699999999877e+02 2.913927999999999852e+00 9.489480177526714044e+01 8.663985703933484217e+00
1.121307599999999951e+02 2.552255800000000008e+01 1.057833182571820316e+02 1.276434365897573642e+01
1.209879799999999932e+02 1.243783900000000031e+01 1.311673314809857231e+02 3.496075055525569297e+01
1.200400099999999952e+02 2.610586400000000040e+01 1.183978036766317388e+02 1.281921287156057021e+00
1.283577600000000132e+02 3.503263000000000016e+00 1.333337870232353453e+02 2.783244865955279934e+01
1.239288300000000049e+02 7.131028999999999840e+00 1.275935053462629014e+02 2.708685156338360045e+01
1.369524999999999864e+02 1.756889699999999976e+01 1.212968350247730598e+02 4.161795735585690714e+00
1.271800499999999943e+02 1.194703699999999991e+01 1.063126979943386914e+02 3.392472554066017221e+00
1.274859500000000025e+02 2.643822899999999976e+01 1.335525071106282553e+02 1.541656998211115948e+01
1.007371399999999966e+02 2.470236600000000138e+01 1.081140845403358242e+02 1.500108791591485513e+01
1.098771440000000013e+02 2.681062700000000021e+01 1.158612853611232651e+02 6.609414677398808280e+00
1.081180899999999951e+02 3.227875000000000227e+01 1.226668733999885035e+02 1.111969291486274791e+01
1.245154399999999981e+02 9.428326000000000207e+00 1.074953269332842467e+02 1.833202682816534335e+01
1.353319700000000125e+02 1.899710500000000124e+01 1.012746115576496635e+02 2.610260635699284748e+01
1.221421050000000008e+02 3.095749999999999780e+00 1.187870882629977132e+02 1.773010873363775630e+01
1.239226299999999981e+02 1.168934499999999943e+01 9.760897618298704970e+01 6.177887702967479022e+00
1.150612100000000027e+02 2.330619199999999935e+01 1.252296124078767150e+02 1.158559327416952733e+01
1.352721099999999979e+02 9.163007999999999598e+00 1.008720208240857659e+02 2.178900290673523443e+01
1.377753099999999904e+02 1.232100499999999954e+01 1.278703072328392523e+02 7.703087025993515802e-01
1.096538500000000056e+02 3.307865999999999929e+01 1.161672930321389288e+02 1.237727424611528848e+00
1.004126049999999992e+02 2.261345000000000027e+01 9.442993517501176370e+01 2.075382063256451204e+01
1.175795600000000007e+02 5.611371000000000109e+00 1.370096847932596518e+02 2.416666046053199679e+01
1.216506349999999941e+02 9.985416000000000736e+00 1.365298701790803193e+02 3.694127301671036978e+00
1.081673300000000069e+02 3.137665000000000148e+01 1.035633382724496840e+02 3.361219457328841287e+01
1.233786699999999996e+02 4.075228000000000073e+00 1.335339950035973686e+02 1.670009944338767127e+01
1.191021599999999978e+02 1.562066500000000069e+01 1.138882147482073464e+02 2.267741509035220915e+01
1.046525000000000034e+02 2.365267400000000109e+01 1.302727822253369254e+02 2.695498200027984836e+01
1.254603199999999958e+02 1.298301599999999922e+01 9.766382333160123608e+01 1.289252925800735028e+00
1.203130950000000041e+02 1.544907599999999981e+01 1.257001197319766845e+02 1.548479016953542953e+01
1.202836599999999976e+02 1.236480500000000049e+01 1.364102285381514434e+02 3.342258155309334455e+00
1.299641100000000051e+02 1.389185499999999962e+01 1.003953445147492545e+02 2.286616077622734000e+00
1.028996700000000004e+02 1.578575000000000017e+01 1.130740697328863007e+02 2.680631896693353866e+01
1.234977099999999979e+02 1.764413300000000007e+01 1.275776872088489569e+02 3.436550607703503513e-01
1.020943999999999932e+02 1.659711000000000070e+01 1.293762352088346006e+02 1.956535333782284880e+01
1.059587700000000012e+02 8.478775999999999868e+00 1.231275589771377952e+02 2.989878872943674537e+01
1.211231700000000018e+02 5.250886000000000386e+00 9.464795357292518929e+01 4.844100443533535305e+00
1.003102300000000042e+02 2.285036500000000004e+01 1.156808514183980492e+02 2.012456003787908898e+01
1.265415600000000040e+02 2.948997500000000116e+01 1.005220779630359971e+02 5.933916174340135186e+00
1.066582599999999985e+02 2.877814700000000059e+01 1.116260365024492103e+02 1.328158004348634691e+01
9.655877999999999872e+01 1.599573400000000056e+01 1.378257237324161792e+02 2.919426194685225084e+01
1.079864000000000033e+02 3.225813699999999784e+01 1.017346679257576909e+02 1.311104554073627781e+01
1.060613900000000029e+02 3.150582100000000096e+01 1.148923426231136773e+02 3.413706871331206827e+01
1.343044899999999870e+02 1.360846100000000014e+01 1.327856476825792242e+02 2.420728309514063881e+01
1.066743699999999961e+02 3.105507700000000071e+01 1.216238930221803400e+02 1.548128688540545284e+01
1.135080899999999957e+02 2.942609399999999908e+01 1.160045069383915433e+02 1.120289718221172492e+01
1.116914900000000017e+02 1.667273899999999998e+01 1.210391673642544106e+02 2.155074930141952194e+01
1.077314800000000048e+02 2.793261299999999991e+01 1.108014046590317889e+02 1.452432711859149173e+01
1.078603300000000047e+02 3.205924000000000262e+01 1.253188911015418370e+02 2.427440690613155994e+01
1.208825700000000012e+02 1.676954800000000034e+01 1.300400196386893867e+02 2.723728561939093851e+01
1.049807359999999932e+02 3.378130699999999820e+01 1.079635915462871054e+02 4.761941850322521930e+00
1.056286400000000043e+02 2.796617300000000128e+01 1.001337744365489897e+02 1.736764710431840442e+01
1.314637800000000141e+02 1.366797000000000040e+01 1.233416394362142512e+02 3.187562876656852850e+01
1.100269849999999963e+02 1.782430499999999896e+01 1.162902007723521365e+02 2.997761250742900074e+01
1.179452600000000047e+02 3.413794299999999993e+01 1.297694597292309027e+02 1.660145391377887414e-01
1.109616900000000044e+02 1.647451399999999921e+01 9.719153555253592458e+01 3.323949487349136689e+01
1.057254400000000061e+02 1.247801699999999947e+01 1.108896303515335120e+02 1.883847564180715040e+01
1.057339300000000009e+02 2.254277000000000086e+01 9.550929336195584085e+01 9.004684109475332932e+00
1.324309700000000021e+02 7.640058999999999934e+00 1.166013484243457725e+02 7.706037391914732027e+00
1.134364199999999983e+02 3.037878600000000162e+01 1.065184815019732270e+02 5.247556508981776613e-01
1.347473899999999958e+02 1.456310399999999916e+01 1.131167680383996981e+02 3.144444444597904109e+01
1.268339900000000000e+02 8.518722999999999601e+00 1.232745263246550849e+02 2.543952304183879320e+01
1.092710799999999978e+02 1.336278599999999983e+01 1.137862108647925368e+02 2.605205942453044798e+01
1.375393200000000036e+02 1.340690000000000026e+01 9.500921637584842472e+01 3.356053464909714990e+01
1.130173300000000012e+02 1.738992299999999958e+01 9.618187109023435255e+01 2.810447410601874907e+01
1.217343299999999999e+02 1.486597700000000088e+01 1.099008998570902236e+02 2.097455963294528303e+01
1.330287299999999959e+02 2.371058999999999806e+00 1.201690341796547585e+02 2.671684963941365787e+00
1.055944099999999963e+02 1.730002199999999846e+01 9.370381064296995532e+01 5.385469820128474971e+00
1.206926299999999941e+02 6.446999999999999953e-02 1.064884675496947750e+02 2.691221072699779171e+01
1.228618239999999986e+02 3.672254999999999825e+00 1.180767355350086802e+02 1.043262504660396495e+01
1.149821199999999948e+02 1.282922100000000043e+01 1.330986082330805971e+02 1.601970271139884971e+01
1.149692299999999960e+02 2.266322900000000118e+01 1.198769618488690298e+02 2.511102918964768893e+00
1.129113159999999993e+02 2.588991400000000098e+01 1.021256177423038451e+02 1.839975012416866917e+01
1.205683899999999937e+02 1.373879100000000086e+01 1.052763941106322534e+02 2.485572432673438747e+00
1.180868300000000062e+02 8.296312000000000353e+00 9.913481107298483153e+01 9.805437218601499083e+00
1.355431199999999876e+02 2.001708199999999849e+01 1.169539802599454816e+02 5.558072548803560942e-01
1.180998459999999994e+02 1.284827399999999997e+01 1.356179377207985794e+02 2.778504581350416203e+01
1.247555499999999995e+02 1.558736700000000042e+01 9.511211247241374167e+01 9.589576049027607851e+00
1.023442150000000055e+02 1.525748100000000029e+01 1.139659821254407319e+02 2.783532847624540452e+01
1.066796700000000016e+02 7.535884000000000249e+00 1.125415868301857500e+02 2.540032175408386195e+01
1.231597299999999962e+02 7.689467999999999748e+00 9.671373753158400177e+01 1.037159422993577707e+01
1.286027200000000050e+02 8.726665000000000560e+00 9.841671904815200378e+01 8.304497296775883441e+00
1.003025499999999965e+02 1.609912900000000135e+01 1.018864723239844068e+02 5.329018429703130444e+00
1.274334099999999950e+02 7.574142000000000152e+00 1.201675241961461040e+02 2.701003063336917265e+01
1.248241299999999967e+02 2.644671599999999856e+01 1.149809385402096638e+02 2.321222716308421141e+01
1.198547059999999931e+02 7.232410999999999923e+00 1.093156954537700472e+02 5.452430738751333550e+00
1.260793199999999956e+02 1.507600200000000079e+01 1.168932491013616755e+02 7.867230852935006347e+00
1.318686399999999992e+02 7.302616000000000440e+00 1.261838512633617313e+02 1.056881632337623778e+01
1.081945400000000035e+02 1.628570200000000057e+01 9.524964981408496101e+01 1.920767018038690432e+00
1.227520700000000033e+02 1.170782999999999907e+00 1.075888380491397527e+02 3.192863368918825628e+01
1.338926400000000001e+02 1.374230400000000074e+01 1.331258538348693037e+02 1.848189031895265799e+01
1.223199099999999930e+02 8.781103999999999132e+00 1.272294266665691111e+02 2.955384091796810964e+01
1.349069200000000137e+02 4.621629999999999905e-01 1.241669967159082546e+02 1.622691560777456843e+01
9.492020999999999731e+01 2.098355700000000112e+01 1.216615943559723405e+02 1.266926952452396904e+01
1.108996999999999957e+02 3.483259000000000327e+01 1.213909086921298126e+02 2.802642154691342569e+01
1.106384299999999996e+02 3.058228099999999827e+01 1.162505280072758183e+02 6.150368112763332284e+00
1.275640800000000041e+02 1.488677000000000028e+01 1.216263521643597727e+02 7.746015577166254218e-02
1.363225999999999942e+02 2.142673699999999926e+01 1.238505852058892316e+02 3.089058842264848792e+01
1.106924300000000017e+02 8.721729999999999761e-01 1.232569784770346359e+02 1.817941666540279400e+01
1.177268300000000067e+02 3.289130999999999716e+01 1.239746605452540251e+02 1.201594898920424015e+01
9.774904999999999688e+01 2.897119999999999962e+01 1.277390808727595299e+02 3.220054130845564799e+01
1.355432900000000132e+02 8.343788999999999234e+00 9.976954621844346605e+01 3.043143334436303959e+01
9.491244500000000528e+01 6.986594000000000193e+00 1.253966086207748845e+02 2.302498079985857871e+01
1.006953599999999938e+02 1.924044200000000160e+01 1.150118636465087292e+02 2.908102887686156990e+01
1.321269700000000000e+02 2.966490999999999989e+00 9.915210785479710864e+01 1.979766218414970691e+00
1.207911699999999939e+02 1.297105099999999922e+01 1.112364483102495996e+02 5.334244420222622907e+00
1.033311999999999955e+02 8.036189999999999500e+00 1.312435073949347952e+02 2.085563535276862268e+01
1.083700699999999983e+02 1.887853999999999921e+00 1.115129074684886774e+02 2.889820163542314901e+01
1.276148699999999963e+02 1.206080700000000050e+01 1.242697196728832409e+02 1.471222187056931041e+01
1.286331199999999910e+02 8.588366999999999862e+00 1.026642537772225126e+02 2.422177150872169094e+01
1.037843000000000018e+02 2.495760299999999887e+01 1.237953513106884600e+02 1.648689758127537708e+00
1.267007399999999961e+02 1.415362099999999934e+01 1.365181149547762516e+02 2.350533581946951855e+01
1.066365299999999934e+02 1.226323999999999970e+01 1.161566823136219710e+02 1.918603530854392147e+01
1.223116799999999955e+02 7.156254999999999811e+00 9.223846422698699143e+01 2.427214368648737519e+00
1.193820400000000035e+02 7.351111999999999647e+00 1.236972835446693040e+02 2.281963003483435770e+01
1.206544499999999971e+02 1.271279400000000059e+01 9.206878091858968105e+01 5.700527612778491182e+00
1.185986900000000048e+02 1.763774300000000039e+01 1.372253455538040043e+02 2.655337008078411998e+01
1.078109199999999959e+02 3.159997999999999863e+01 9.644183778640898197e+01 8.195340405709071518e+00
1.093420100000000019e+02 2.870751599999999826e+01 1.158875212142786353e+02 6.185282089991211762e+00
1.068336939999999942e+02 1.901988000000000056e+01 9.536273602822929263e+01 2.492065130650950522e+01
1.035987200000000001e+02 1.906737000000000037e+01 1.198751862616209394e+02 2.051564955220646524e+00
1.117770399999999995e+02 2.602037199999999828e+01 1.145190180922221828e+02 3.233899019038982203e+01
1.261416849999999954e+02 2.764416500000000099e+01 1.138948117455063027e+02 1.063819259070474743e+01
1.110726800000000054e+02 1.657695800000000119e+01 1.369147411061580044e+02 1.830242179367684230e+01
1.058240600000000029e+02 1.711543800000000104e+01 9.507512029910019180e+01 1.519317026959734562e+01
1.224160899999999970e+02 7.696626000000000190e+00 9.423014059151037713e+01 3.227219282345032525e+01
1.332002899999999954e+02 1.412760000000000127e-01 1.089955951350744243e+02 1.264821555163273636e+01
1.286751700000000085e+02 8.353201000000000320e+00 1.183737233400892990e+02 3.113156325666034974e+01
9.755183399999999949e+01 3.184772999999999854e+01 1.276525026094451079e+02 2.607318269045984493e+01
1.068015400000000028e+02 2.137270499999999984e+01 1.329062314240070179e+02 3.146759971165594472e+00
1.130484199999999930e+02 2.044042800000000071e+01 1.199942051053641308e+02 5.499911806992791696e+00
9.340278999999999598e+01 4.793091000000000435e+00 1.301813106668027160e+02 2.400957258622453594e+01
1.039038099999999929e+02 2.730013999999999896e+01 9.214791923690597741e+01 2.432791132323781724e+01
1.006261599999999987e+02 2.471593500000000176e+01 1.294676291760069944e+02 1.297150893798107330e+00
1.065015499999999946e+02 2.745592699999999908e+01 1.195041323802804243e+02 1.783387094792315608e+01
1.020639400000000023e+02 1.681472199999999972e+01 1.364983268333549518e+02 1.364519675894574391e+01
