8.828168999999999755e+01 3.561987299999999834e+01 4.980036436165334379e+01 4.823215185574910890e+01
4.866503999999999763e+01 4.614283999999999963e+01 8.266303171739522782e+01 5.393800132348925302e+01
8.780607999999999436e+01 3.907204000000000121e+01 8.645451002175940403e+01 5.235787515446854457e+01
8.818219000000000563e+01 5.422068800000000266e+01 8.843170520121867639e+01 5.352720773192785941e+01
7.561017599999999561e+01 6.104643599999999992e+01 5.748950427573137745e+01 3.520497468600899538e+01
7.487864000000000431e+01 4.573896799999999985e+01 8.571839548622494931e+01 4.296802116616027689e+01
5.330595799999999684e+01 4.996555299999999988e+01 6.344591307924536494e+01 3.696949175507014473e+01
7.085715000000000430e+01 6.628178400000000181e+01 5.917427841879668193e+01 6.777713846488089189e+01
6.598450499999999863e+01 5.182002299999999906e+01 8.804935638908794715e+01 5.817002231870536377e+01
5.339393199999999950e+01 4.658201600000000298e+01 5.362030196848611752e+01 4.490949111548267325e+01
7.841535000000000366e+01 5.517078399999999760e+01 5.527477161282853757e+01 6.587920817990193711e+01
5.107068600000000202e+01 4.920833600000000274e+01 9.134327570653326234e+01 4.840927057711327564e+01
5.509714999999999918e+01 5.106415599999999699e+01 5.502586344806741181e+01 6.881932783665070019e+01
8.061682999999999311e+01 5.918603000000000236e+01 5.764389259591079906e+01 5.148497847149057094e+01
8.317892999999999404e+01 5.511390999999999707e+01 7.213845470039056806e+01 4.973335534239561184e+01
8.212173500000000104e+01 4.029014200000000301e+01 9.195156612501149596e+01 6.585442148903521797e+01
7.354685000000000628e+01 6.983608999999999867e+01 4.724872968632637793e+01 5.143507482572100287e+01
8.573838999999999544e+01 6.890942400000000134e+01 6.056923276872122130e+01 3.549492251406913113e+01
5.363667999999999836e+01 4.819988599999999934e+01 8.746098218863485840e+01 4.888755412434011305e+01
7.590055999999999869e+01 4.194827999999999690e+01 8.690496283035005831e+01 5.585687460141731719e+01
5.144386699999999735e+01 5.034185399999999788e+01 8.867949468663624657e+01 4.435653701885681244e+01
5.370739999999999981e+01 4.455100999999999800e+01 6.179169239925883517e+01 6.752538959107113214e+01
7.183495000000000630e+01 4.117258999999999958e+01 7.260480960513464765e+01 5.884938238205027972e+01
5.130496600000000029e+01 5.294500699999999682e+01 4.730529604017997514e+01 5.613270877237294343e+01
7.797402999999999906e+01 3.943486000000000047e+01 9.028707285559269735e+01 6.393022121957980630e+01
5.364372600000000091e+01 4.968298699999999712e+01 7.716964487778309945e+01 6.914934923706908876e+01
6.404304500000000644e+01 6.398645400000000194e+01 6.838315806599496227e+01 5.508317863087241761e+01
6.978509999999999991e+01 6.200424000000000291e+01 5.658746634681747167e+01 6.032383699928119825e+01
4.865258000000000038e+01 4.363104200000000077e+01 7.800511096424742163e+01 3.985618337429703928e+01
7.948573000000000377e+01 4.482542399999999816e+01 8.113770386061869999e+01 3.800486107811531866e+01
6.481473499999999888e+01 4.456393400000000327e+01 8.192434466668407822e+01 6.247294998340551331e+01
7.263534500000000094e+01 6.591482000000000596e+01 8.219732093536484285e+01 6.279508655064572054e+01
9.178313400000000399e+01 5.558882499999999993e+01 6.945303687497249712e+01 4.088522820090551591e+01
6.294104999999999706e+01 4.766602699999999970e+01 6.434414922701458295e+01 6.049006275377152519e+01
5.637333000000000283e+01 5.604807300000000225e+01 5.087205634527845177e+01 6.465646807520056427e+01
8.514221000000000572e+01 4.660915399999999664e+01 5.590954410171261912e+01 6.050439889267026672e+01
5.046721300000000099e+01 5.091190699999999936e+01 4.954839235318618762e+01 5.009242510835693452e+01
6.579370000000000118e+01 5.309502400000000222e+01 6.179876912910839337e+01 4.597826253390768159e+01
9.030997499999999434e+01 6.902100000000000080e+01 7.731295256925768911e+01 4.998754618376358394e+01
5.388501000000000118e+01 5.712486599999999726e+01 6.064684341814803048e+01 6.685555954724058836e+01
8.943269999999999698e+01 6.962928999999999746e+01 9.123084054124200293e+01 5.971484262024387135e+01
8.512422999999999718e+01 4.689227999999999952e+01 5.854072305858213099e+01 4.621054047956255317e+01
8.813982000000000028e+01 3.677411299999999983e+01 8.839735814305912243e+01 4.835756476499170731e+01
5.401004799999999761e+01 4.541924000000000206e+01 7.779475916146172665e+01 4.324359905035668561e+01
7.759128599999999665e+01 6.280809399999999698e+01 8.840647509593603104e+01 6.927383067913464743e+01
5.076733399999999818e+01 3.719605599999999868e+01 5.606209393294107457e+01 4.320748900501754264e+01
5.413719999999999999e+01 6.657320400000000404e+01 6.041653425898810781e+01 5.947629584831355487e+01
6.354654699999999679e+01 5.160362200000000144e+01 7.696598718497664038e+01 4.711017338372199248e+01
4.666504299999999716e+01 4.539951700000000301e+01 6.205820231521441599e+01 4.449911747008610519e+01
6.234524499999999847e+01 6.152044999999999675e+01 8.184809644149572705e+01 6.251984149899446663e+01
6.354970999999999748e+01 6.169022799999999762e+01 7.225273647916102959e+01 5.691716040050417291e+01
8.212149999999999750e+01 6.805886999999999887e+01 8.400684094193471196e+01 4.201602609975624603e+01
7.332840000000000202e+01 4.723649600000000248e+01 8.818766152340876374e+01 6.704622506442527197e+01
8.226090999999999553e+01 4.668988999999999834e+01 5.014215307894082230e+01 4.801509944507485272e+01
5.548542400000000185e+01 5.831977499999999992e+01 6.432744292252347407e+01 5.352316795952711459e+01
7.976686999999999728e+01 5.359152999999999878e+01 4.692203009814217296e+01 6.719194563787485208e+01
4.954738600000000304e+01 3.824540700000000015e+01 7.932153716938054799e+01 5.153959510482927442e+01
4.764016999999999769e+01 4.024199300000000079e+01 6.721829407475205187e+01 4.668654656131104730e+01
6.417624999999999602e+01 5.623000700000000052e+01 5.490851064111908642e+01 6.706904068384906736e+01
6.627116999999999791e+01 6.753251000000000204e+01 6.270478120666813027e+01 4.512048047569066966e+01
5.408313400000000115e+01 6.638416999999999746e+01 7.220985235014356363e+01 4.416678417707385051e+01
7.551157999999999504e+01 5.821988999999999947e+01 4.902427609420594479e+01 5.202815047172564533e+01
7.830775500000000022e+01 5.541690400000000238e+01 9.047747068373791990e+01 6.202274226276182389e+01
7.856969999999999743e+01 5.500180000000000291e+01 6.109806382083412046e+01 5.345708037584829242e+01
7.803976000000000113e+01 6.198502700000000232e+01 8.402159817304269041e+01 6.258426915662510481e+01
8.403638499999999567e+01 3.503270299999999793e+01 8.723885964420270511e+01 6.144231473215754136e+01
8.957053000000000509e+01 4.948764800000000008e+01 5.433395535503127860e+01 5.494325652817733641e+01
6.158970999999999663e+01 6.606143000000000143e+01 8.056718284574944278e+01 5.931273358225951142e+01
5.694366000000000128e+01 5.793184000000000111e+01 8.714888930261297162e+01 6.590868602636652440e+01
8.582438999999999396e+01 4.352882000000000318e+01 5.929989785449991757e+01 4.680363617216899286e+01
5.841998699999999900e+01 3.671247499999999775e+01 8.230078964988410917e+01 3.822021795539048128e+01
6.617875999999999692e+01 5.376008999999999816e+01 6.325189626814183441e+01 6.409702625927222641e+01
5.167446499999999787e+01 5.289345600000000047e+01 7.300917768350851134e+01 5.108457540096598848e+01
5.134787000000000035e+01 5.054391499999999837e+01 5.688936347530892590e+01 5.340339524787331982e+01
8.942528000000000077e+01 4.575683200000000284e+01 7.974245068908521716e+01 3.943369676426213744e+01
8.637108999999999526e+01 3.969093999999999767e+01 4.980412428768943300e+01 5.476384433517015538e+01
5.123778500000000236e+01 5.036023000000000138e+01 6.863708056514579425e+01 6.349545944025773281e+01
5.363974799999999732e+01 5.208994299999999811e+01 5.262866912223938698e+01 5.183722921141294648e+01
9.175052999999999770e+01 4.081071500000000185e+01 4.943226726146085070e+01 4.208100571779674937e+01
6.518153999999999826e+01 6.714570000000000505e+01 5.898740546369560178e+01 6.162694308887597572e+01
8.180530000000000257e+01 4.721235000000000070e+01 7.135843131921137683e+01 4.518869644562724375e+01
7.261503000000000441e+01 4.614807499999999862e+01 7.128545768771851954e+01 4.218273021389359911e+01
6.795614999999999384e+01 4.871293000000000006e+01 7.068615862093339786e+01 4.224810492396200345e+01
4.760193000000000296e+01 4.378117999999999910e+01 4.685045310408887076e+01 3.820059526663770555e+01
7.166112499999999841e+01 6.507439399999999807e+01 8.383921513369884337e+01 4.551523127997632656e+01
8.897160999999999831e+01 4.373075999999999652e+01 8.938963706053063163e+01 3.960405791784416607e+01
5.972766500000000178e+01 4.440487300000000204e+01 7.326717276866637008e+01 6.566448058264302290e+01
8.363159000000000276e+01 5.257257500000000050e+01 8.527787103898168652e+01 6.515233740060543255e+01
7.961629999999999541e+01 6.026303999999999661e+01 5.585608479183807873e+01 4.870564588857346422e+01
5.253663300000000191e+01 3.601392400000000293e+01 5.946562385380602223e+01 6.162679653742075914e+01
6.509333999999999776e+01 6.226735999999999649e+01 5.255709558550509541e+01 6.015648967300761285e+01
4.902982999999999691e+01 4.861756499999999903e+01 7.097596599565127917e+01 5.225750214764128998e+01
5.450867999999999824e+01 4.798115500000000111e+01 5.740422184945980177e+01 5.596462775588275917e+01
6.697539999999999338e+01 6.363968700000000212e+01 4.672595191506425039e+01 5.265674151938789294e+01
5.009697299999999842e+01 3.689758299999999736e+01 6.666705881083098006e+01 4.314787814151603129e+01
8.968140400000000056e+01 5.168910199999999833e+01 6.829091978225325477e+01 6.949577413680209759e+01
8.133104000000000156e+01 4.018990699999999805e+01 4.874841558907420591e+01 4.499611828094107580e+01
6.002087000000000216e+01 4.535099400000000003e+01 8.650253048453510019e+01 3.642668619987613710e+01
9.102521500000000287e+01 5.774139000000000266e+01 8.481111736744780671e+01 5.332037533434528598e+01
6.066823600000000027e+01 4.825421000000000049e+01 6.021048719676821293e+01 4.385803207912919532e+01
7.671775999999999840e+01 4.262098999999999904e+01 6.856070733409920592e+01 3.736536815589201410e+01
6.594256000000000029e+01 5.268306400000000167e+01 8.026052900786758926e+01 6.951877064798401307e+01
8.186610400000000709e+01 4.375295299999999799e+01 5.036531507541663188e+01 6.256757260825636990e+01
7.347565500000000327e+01 6.350666799999999768e+01 5.352089661338121829e+01 5.835711936107977493e+01
5.567817000000000149e+01 4.392220999999999975e+01 8.942916852488731649e+01 5.099135442888812264e+01
5.240546400000000204e+01 5.145674499999999796e+01 5.928378867224256510e+01 4.569237591763418038e+01
5.288052700000000073e+01 4.685767400000000293e+01 8.192818359790231852e+01 3.933318592789826340e+01
7.273438000000000159e+01 5.694560599999999795e+01 5.902024704927098497e+01 3.807401526000618475e+01
4.682751499999999822e+01 6.578252000000000521e+01 4.739734567314538083e+01 5.335428805247941852e+01
8.554076000000000590e+01 4.526500699999999711e+01 5.370461942569890823e+01 4.036924700586776282e+01
5.963242300000000284e+01 4.400560399999999817e+01 4.977702776392882811e+01 6.373055668877380242e+01
6.139316600000000079e+01 4.326026499999999686e+01 9.080937073903089640e+01 3.770752160565714917e+01
8.726282500000000653e+01 4.679518999999999807e+01 8.200309609549063339e+01 4.770095368255652346e+01
6.521347000000000094e+01 6.587377999999999645e+01 6.285211840799466643e+01 5.028167013381702333e+01
7.866431400000000451e+01 4.014864000000000033e+01 5.887043401139882093e+01 6.552888125348829362e+01
7.581678999999999746e+01 4.425414700000000323e+01 8.822243201026935822e+01 6.652186281668170409e+01
8.947472999999999388e+01 5.233020799999999895e+01 6.732443735293408338e+01 4.176407254607550357e+01
8.897745500000000618e+01 3.735638000000000147e+01 8.797629944356043552e+01 6.107942872613925545e+01
8.994052000000000646e+01 3.632224699999999729e+01 5.257038355303902932e+01 5.757042392765498562e+01
7.405304999999999893e+01 4.455815499999999929e+01 9.044889657713453346e+01 4.481428449046129003e+01
7.200657999999999959e+01 4.162769300000000072e+01 5.653488564578923814e+01 5.313749752267194992e+01
8.147925999999999647e+01 6.052933000000000163e+01 8.508352905125728682e+01 5.413928274136888064e+01
8.590979000000000099e+01 3.523488600000000304e+01 7.269108714532802651e+01 3.838525648430052684e+01
5.408736999999999995e+01 4.822462500000000318e+01 5.709841127769573177e+01 4.952215395828973499e+01
5.697548299999999699e+01 4.251236999999999711e+01 5.222841032889864010e+01 5.526044903332692826e+01
8.794871500000000708e+01 4.199166000000000309e+01 7.968841437415656515e+01 4.151077624019811907e+01
8.027527000000000612e+01 4.288470000000000226e+01 6.129464553354044654e+01 4.968536916901911127e+01
5.922205000000000297e+01 5.737902499999999861e+01 5.898452687800872951e+01 6.120861183670814398e+01
4.670871700000000004e+01 6.377425999999999817e+01 8.600333164457828161e+01 3.738877800602909929e+01
7.031310000000000571e+01 5.214257400000000331e+01 8.655761975666359831e+01 3.741137565962704059e+01
8.152298999999999296e+01 5.028269199999999728e+01 6.796208321870422253e+01 3.767430909365940295e+01
7.306785000000000707e+01 6.972611000000000558e+01 7.264925353228156268e+01 4.237141753793062549e+01
7.782550000000000523e+01 3.707962400000000258e+01 9.115975669526065417e+01 4.332415375104093869e+01
7.885416999999999632e+01 3.529026000000000352e+01 5.882466332871371151e+01 3.716399171254041534e+01
7.865295999999999310e+01 6.845534499999999412e+01 6.582498427833047572e+01 3.993725867929403250e+01
8.906516999999999484e+01 5.928731499999999954e+01 6.761083989122062121e+01 4.477066040316435647e+01
5.403204000000000207e+01 5.116592800000000096e+01 5.509775662919611250e+01 5.271177310888266732e+01
7.563788999999999874e+01 4.249464799999999798e+01 5.650745063710569127e+01 6.650640349731911272e+01
8.956656999999999869e+01 4.467163999999999646e+01 5.386795680439827549e+01 6.334304691435532675e+01
7.179988000000000170e+01 6.876121500000000708e+01 9.015842260074271053e+01 6.418447946301463958e+01
8.540730000000000643e+01 3.939616000000000184e+01 5.750685526841935769e+01 5.122567669654837630e+01
7.686307499999999493e+01 4.832139999999999702e+01 8.311260361789754825e+01 6.358663571315126006e+01
4.669586999999999932e+01 6.332151799999999753e+01 8.742066368070953786e+01 3.596437754051112279e+01
5.653450999999999738e+01 6.000314000000000192e+01 8.469322200484171503e+01 5.515926098831548074e+01
4.775068999999999875e+01 3.836014600000000030e+01 7.372114931850774155e+01 5.122688103290292361e+01
5.968653499999999923e+01 5.329252199999999817e+01 7.316585191696287893e+01 6.474562903909217937e+01
5.748829700000000287e+01 5.595329300000000217e+01 9.069357456345346691e+01 5.145785560094753919e+01
6.023380300000000176e+01 5.545163999999999760e+01 6.736007225573672486e+01 5.528338571907170262e+01
8.275954000000000121e+01 4.590746699999999691e+01 6.992542356131679071e+01 6.833051677117590827e+01
5.333182500000000203e+01 6.591305499999999995e+01 7.799381217703957248e+01 3.843831111020191571e+01
6.098011000000000337e+01 5.633001300000000100e+01 7.769397195259483624e+01 5.496800366726336762e+01
4.799080299999999966e+01 6.598578999999999439e+01 7.112525517927869600e+01 4.434599646474232770e+01
4.735890200000000050e+01 6.803895599999999888e+01 5.069347249611503514e+01 3.570998614979063746e+01
6.250783500000000004e+01 5.303157800000000321e+01 8.181538351573530576e+01 5.304029349905742663e+01
5.169720499999999674e+01 4.989869000000000199e+01 8.234558033969008761e+01 5.326875857596883179e+01
8.980433999999999628e+01 5.100396299999999883e+01 7.827279348935375936e+01 3.891515376117063596e+01
8.859553999999999974e+01 4.171603000000000350e+01 6.915350161697183751e+01 5.857534601558752030e+01
6.588196000000000652e+01 4.998230699999999871e+01 5.492174001599305910e+01 4.289811345746829119e+01
5.317730999999999852e+01 4.503240999999999872e+01 7.094518688610305901e+01 6.210036454458618493e+01
8.831159999999999854e+01 3.731616999999999962e+01 6.370460330849177666e+01 4.944181775334328677e+01
7.891028000000000020e+01 6.298868000000000222e+01 6.637390214873379080e+01 5.779175776333710246e+01
4.771408000000000271e+01 5.153596000000000288e+01 9.147256113939522493e+01 5.969366727554888996e+01
6.478409600000000523e+01 6.453046000000000504e+01 5.451901926234651086e+01 3.983988339203957452e+01
4.924508000000000152e+01 4.573075999999999652e+01 6.771324452467945321e+01 6.889810894266398122e+01
5.283331299999999686e+01 4.813033000000000072e+01 7.154080415510814817e+01 4.643152405002417993e+01
6.629274999999999807e+01 6.353835699999999775e+01 5.367264518063931433e+01 4.653089194561414388e+01
5.105628999999999706e+01 3.829506700000000308e+01 8.318275222219895682e+01 4.546981548209951285e+01
8.153354000000000212e+01 5.439672000000000196e+01 7.448815267693981923e+01 4.299380037115514597e+01
5.350739000000000090e+01 4.829330999999999818e+01 6.599041925607528469e+01 5.626387196994627260e+01
5.209573000000000320e+01 6.484472999999999843e+01 5.166792700431621910e+01 6.933637988205327929e+01
7.564023600000000158e+01 6.259424200000000127e+01 4.945394900649025516e+01 4.471239560889177511e+01
8.258718000000000359e+01 6.446133399999999369e+01 6.354723493566319803e+01 6.021762183009437308e+01
6.608248000000000388e+01 5.590762300000000096e+01 4.629718820620720265e+01 3.759287746193948010e+01
8.295906999999999698e+01 5.851885000000000048e+01 5.826537932910926543e+01 6.441731798460871516e+01
7.163030999999999437e+01 6.121977600000000308e+01 5.757059795093889676e+01 5.941447221717027105e+01
5.309535600000000244e+01 4.823342000000000240e+01 5.889738504150336951e+01 4.226542990145885881e+01
5.203767400000000265e+01 5.395211400000000168e+01 7.673896863816774783e+01 6.123292474059918788e+01
7.996568999999999505e+01 6.779388400000000559e+01 6.028247891779472667e+01 5.384556344921722371e+01
5.556812000000000040e+01 6.750840999999999781e+01 5.106774096517963812e+01 4.452229505646678831e+01
6.372266799999999876e+01 4.694447999999999865e+01 6.630095004320290286e+01 5.479704542063614525e+01
5.293442000000000291e+01 5.253999699999999962e+01 4.815226937956120423e+01 4.655844932289488725e+01
8.813251499999999794e+01 3.577533999999999992e+01 6.923936500734674837e+01 6.278921374890182960e+01
4.985574299999999681e+01 4.845098000000000127e+01 5.504366102020789242e+01 6.182876280295324989e+01
7.224148599999999476e+01 6.894777000000000555e+01 5.842998363601431322e+01 6.188836148686157657e+01
8.729072600000000648e+01 4.302579500000000223e+01 9.145601229681378186e+01 5.510574067187533842e+01
5.828899400000000242e+01 5.992299700000000229e+01 7.115266434954601493e+01 6.192800160154772016e+01
5.547576000000000107e+01 4.883494999999999919e+01 9.124508664211654718e+01 6.626469539181100288e+01
6.837843999999999767e+01 4.865468200000000110e+01 4.999945902853834667e+01 5.720629838885557206e+01
5.844738999999999862e+01 6.888080999999999676e+01 9.142102466729757282e+01 6.415576499697013446e+01
5.284531400000000190e+01 4.512162800000000118e+01 8.058003417985790406e+01 6.375581700777625827e+01
8.107201399999999580e+01 4.085110999999999848e+01 8.761022552543516895e+01 3.587445554004958836e+01
6.202784299999999718e+01 4.203117799999999704e+01 6.293860822972128233e+01 5.478448090544858928e+01
7.771747999999999479e+01 3.798879600000000067e+01 6.336557215491946238e+01 5.619142687265861014e+01
7.974235500000000343e+01 4.118516000000000332e+01 6.713573240090391891e+01 4.092464623308936211e+01
5.286175000000000068e+01 5.095715299999999814e+01 5.897830753404550563e+01 6.558154049433740340e+01
6.199449500000000057e+01 4.123483000000000231e+01 7.125530777788213754e+01 4.577865565588813723e+01
4.957694599999999951e+01 4.986617999999999995e+01 5.709137576288777893e+01 5.308245415649474808e+01
7.071802499999999725e+01 6.659735000000000582e+01 6.985792320834627844e+01 4.489466166842324668e+01
7.445662000000000091e+01 6.045474600000000009e+01 6.410782235209529745e+01 3.766719158256360345e+01
5.508444200000000279e+01 4.897662400000000105e+01 8.659164465436930413e+01 5.514098226140684034e+01
4.983039500000000288e+01 5.025559599999999705e+01 7.105692877571300414e+01 5.510100601313810387e+01
7.447088999999999714e+01 6.278063199999999711e+01 8.347553145904853977e+01 4.059981072039372663e+01
5.080633000000000266e+01 6.933244999999999436e+01 7.330745315027716913e+01 6.277673379732378578e+01
9.184167999999999665e+01 3.517695599999999700e+01 7.377935472708924181e+01 4.114041139748561449e+01
5.233660499999999871e+01 4.819270000000000209e+01 6.074196012935354361e+01 3.900671446865759151e+01
7.331856999999999402e+01 6.896445500000000095e+01 7.741053851834520572e+01 6.263274183793741656e+01
6.066973000000000127e+01 5.684465399999999846e+01 8.828578973194726132e+01 6.303169144720196471e+01
5.408330999999999733e+01 6.939442400000000077e+01 4.893961340584196762e+01 6.882268876824859660e+01
8.765320599999999729e+01 4.874345000000000283e+01 6.055644904271476037e+01 4.580362961541607802e+01
7.769123999999999342e+01 6.373434000000000310e+01 6.250886579346025940e+01 5.800165326903897522e+01
6.612401599999999746e+01 6.489065999999999690e+01 5.487892280468660289e+01 4.435708746929188351e+01
7.462242000000000530e+01 4.588313300000000083e+01 5.353239571014495368e+01 5.687880356955633943e+01
5.319486200000000053e+01 4.890612999999999744e+01 8.439548206941327635e+01 4.480578514091968145e+01
6.048337599999999981e+01 6.151382399999999961e+01 8.816734060071929946e+01 6.804669048465042636e+01
5.228764699999999976e+01 4.831682200000000194e+01 8.609859059516243462e+01 5.965060829095985184e+01
4.746859700000000259e+01 6.730271000000000470e+01 6.059546635384722890e+01 5.080186170046580685e+01
7.905564999999999998e+01 4.071649599999999936e+01 7.364729246469794077e+01 4.088474238951422279e+01
8.377172000000000196e+01 3.864419999999999789e+01 6.715664659570303741e+01 3.653675474500542464e+01
6.880440500000000270e+01 5.972476000000000340e+01 9.171894334227631873e+01 6.463858415096400734e+01
6.500728999999999758e+01 4.928378000000000014e+01 7.705683970262884941e+01 5.343158171958894798e+01
7.979953999999999326e+01 5.222890999999999906e+01 7.306447562722382827e+01 6.904328219252707299e+01
5.768971599999999711e+01 5.626144399999999735e+01 5.806047302198466298e+01 3.819132688769637696e+01
8.874388000000000432e+01 3.593610400000000027e+01 5.984886320905944501e+01 3.557081559074265442e+01
7.489607999999999777e+01 6.228779999999999717e+01 8.203152818583825479e+01 4.686085367814310132e+01
8.275775000000000148e+01 5.044425600000000287e+01 8.488888090175149159e+01 5.222685589019020824e+01
5.104829000000000150e+01 4.921446199999999749e+01 8.483844789581726786e+01 4.662883161902520612e+01
5.354012000000000171e+01 4.833178699999999850e+01 6.817449814977538836e+01 4.591868916697099934e+01
6.463611600000000124e+01 5.428184499999999701e+01 8.067514860762798889e+01 5.474384604275863353e+01
6.735670500000000516e+01 5.041149000000000058e+01 6.303536251142318747e+01 6.904949917242393553e+01
7.081449000000000638e+01 6.198342999999999847e+01 7.867964696227454624e+01 5.961656611583998711e+01
8.368057000000000301e+01 4.545237999999999801e+01 6.452962309744509639e+01 5.002220281838117444e+01
7.513997999999999422e+01 6.129621000000000208e+01 9.096108850172421967e+01 6.182093341365759187e+01
7.941040999999999883e+01 5.451766200000000140e+01 6.720242704960915603e+01 4.672848664844802613e+01
8.338657999999999504e+01 4.855832300000000146e+01 6.776643898408012490e+01 4.303748688963360536e+01
7.265532000000000323e+01 6.310888700000000284e+01 4.691237167422730181e+01 6.601925755104491600e+01
4.841457400000000177e+01 6.508395000000000152e+01 5.918037516027021638e+01 6.653458479300462614e+01
8.476594500000000210e+01 4.658230199999999854e+01 5.533051086849705058e+01 4.453210990718642392e+01
8.257880400000000520e+01 3.717007399999999961e+01 8.948944545134690998e+01 6.179858895900723326e+01
5.532457999999999743e+01 5.113638999999999868e+01 6.212649224921371172e+01 6.413270687044672513e+01
9.003839000000000681e+01 5.072025000000000006e+01 5.141918740798697485e+01 3.935955097563758187e+01
8.485718500000000120e+01 6.800350000000000250e+01 8.663315953839816075e+01 6.111192725505966195e+01
5.855407699999999949e+01 6.542522999999999911e+01 4.687916084751043400e+01 4.800475438413783991e+01
5.246391700000000213e+01 4.780145600000000172e+01 9.140820063370649962e+01 6.466527803005529051e+01
6.632321000000000311e+01 4.732898699999999792e+01 7.006797064699510713e+01 6.106684016213316113e+01
7.947617999999999938e+01 3.611105700000000240e+01 8.360331264221092340e+01 6.972190785810590796e+01
7.569961000000000695e+01 4.516561000000000092e+01 8.658339701823319956e+01 5.213230675551395876e+01
8.806625999999999976e+01 3.729690000000000083e+01 8.936911829561174159e+01 4.879878960395142684e+01
4.902411000000000030e+01 6.334384500000000173e+01 8.025628660516031232e+01 6.951390153248686943e+01
6.673151400000000422e+01 6.244692200000000071e+01 6.078056474786750840e+01 4.394706569244204530e+01
8.198730000000000473e+01 4.021397400000000033e+01 9.072540257355026938e+01 6.785892751021350477e+01
5.538620000000000232e+01 4.611807600000000207e+01 8.282366321280106547e+01 5.342592524138640897e+01
5.513156000000000034e+01 6.075578000000000145e+01 7.468925728424679278e+01 6.749476328864017205e+01
6.441042000000000201e+01 5.155160999999999660e+01 8.645720545240391175e+01 4.927451237758281621e+01
5.200366600000000261e+01 5.103144000000000347e+01 8.291882393385621697e+01 5.775997231298164536e+01
6.539163999999999533e+01 6.597992000000000701e+01 4.649068723388229785e+01 3.971851722181558131e+01
6.703991999999999507e+01 6.934390000000000498e+01 9.106673391174672361e+01 4.604732834255937490e+01
8.259461000000000297e+01 4.808888999999999925e+01 5.859424418904023923e+01 3.840804319820608725e+01
8.642296000000000333e+01 4.440330999999999761e+01 7.825968590307184058e+01 3.896866383889198460e+01
6.612999999999999545e+01 5.269389999999999930e+01 8.112566594234844786e+01 6.009996797293128168e+01
5.382874699999999990e+01 4.077295699999999812e+01 5.797178117677156450e+01 3.777815853900040111e+01
6.794607999999999493e+01 6.328188699999999756e+01 6.706434672352517623e+01 3.585697344019284571e+01
5.350283400000000000e+01 5.982513800000000259e+01 8.652646529179924073e+01 5.833633412229927728e+01
5.181455199999999905e+01 4.689494299999999782e+01 5.366080065901307705e+01 6.831665440036206860e+01
6.779018399999999644e+01 6.306392699999999962e+01 7.702297594313571949e+01 3.625702215845247167e+01
8.173636999999999375e+01 6.784996999999999900e+01 7.290177671782015523e+01 6.640659295432853071e+01
5.755927700000000158e+01 5.955747600000000119e+01 8.157038390354472313e+01 3.594029989139958303e+01
6.856942999999999699e+01 6.211330800000000352e+01 8.016990609831546521e+01 6.312099467814963560e+01
7.109244999999999948e+01 6.140245399999999876e+01 6.102685450885611118e+01 5.209358821282788199e+01
8.318834999999999980e+01 6.825494399999999473e+01 4.721410079909198743e+01 5.574455001833685230e+01
5.501939000000000135e+01 4.924535800000000307e+01 6.569176511174495658e+01 3.635684890752353482e+01
8.245322400000000584e+01 4.621737699999999904e+01 8.103758863341528240e+01 6.715323436203433971e+01
8.910262000000000171e+01 4.467295000000000016e+01 8.238666357478049918e+01 5.751504123070834851e+01
5.669382499999999681e+01 4.055266600000000210e+01 7.127564300537756026e+01 4.772617135675330502e+01
6.008419800000000066e+01 6.724903000000000475e+01 5.085091147166858150e+01 4.234745462824890438e+01
4.858368300000000062e+01 4.659875000000000256e+01 6.069012790362625509e+01 3.624272796816165965e+01
6.313089000000000084e+01 5.214475000000000193e+01 9.171625642512796617e+01 3.524148429113733982e+01
8.006259000000000015e+01 6.192871499999999685e+01 9.164677335141564640e+01 6.036755812050226666e+01
8.431788000000000238e+01 4.659002999999999872e+01 4.717763894304806627e+01 4.817929168011173857e+01
7.430379000000000644e+01 4.396401000000000181e+01 8.388004830979863868e+01 3.827134340083246400e+01
7.618917999999999324e+01 6.078967999999999705e+01 5.189280855051458019e+01 4.498481558932593316e+01
4.935990499999999770e+01 5.605839499999999731e+01 6.552157655933289959e+01 6.611441761934554506e+01
8.190829499999999541e+01 6.691291999999999973e+01 7.431873362091660340e+01 6.087200391453107784e+01
6.310660000000000025e+01 4.440919000000000239e+01 8.957065985086123305e+01 5.952677997190261294e+01
5.024912599999999685e+01 5.350117500000000348e+01 5.144705159980922105e+01 6.069662703256487646e+01
6.529474000000000444e+01 5.300702700000000078e+01 6.658486004428043259e+01 4.151403248310509042e+01
5.304388399999999848e+01 4.427125000000000199e+01 4.962582547110800135e+01 5.306452930463181161e+01
7.896323999999999899e+01 4.627617300000000000e+01 4.918151883186166629e+01 6.275844460745540232e+01
7.364605000000000246e+01 4.980917699999999826e+01 8.530987820769422569e+01 3.986160786134220047e+01
8.947969999999999402e+01 4.378523299999999807e+01 8.236314139907671006e+01 6.189177246819456002e+01
9.098907499999999970e+01 4.332945999999999742e+01 4.812702052831873090e+01 3.612518886631299608e+01
6.471316500000000360e+01 5.324251000000000289e+01 6.579510774764015935e+01 6.057967186741765886e+01
8.650522599999999329e+01 4.590870699999999971e+01 7.982701058670559746e+01 4.011886500032866820e+01
5.421309999999999718e+01 5.728742199999999940e+01 7.522544379239913326e+01 6.666242432397058337e+01
5.724527400000000199e+01 4.383981699999999648e+01 8.422545771918578339e+01 3.625555110066493114e+01
6.352276200000000017e+01 4.916449699999999723e+01 8.329492987608799126e+01 3.988050609983064732e+01
5.062283299999999997e+01 6.234966699999999662e+01 4.668653250627656348e+01 4.433327656632610569e+01
4.775593599999999839e+01 6.639164999999999850e+01 6.602139263017340909e+01 4.375834153351134148e+01
8.675363000000000113e+01 4.346631599999999906e+01 7.340631813976813191e+01 6.804419279823710554e+01
5.532318000000000069e+01 4.998246400000000023e+01 5.593141598339244069e+01 5.029415925937097853e+01
6.651388000000000034e+01 5.359824799999999811e+01 5.111807863050088940e+01 4.405274697810528295e+01
8.982984000000000435e+01 5.302496299999999962e+01 6.429554400947890258e+01 5.123744358800654197e+01
4.796895599999999860e+01 4.215628000000000242e+01 5.109567007038239694e+01 6.407052978043108737e+01
6.766622999999999877e+01 4.396661000000000286e+01 8.300092387149510387e+01 3.675536654193955854e+01
7.694061000000000661e+01 6.262098699999999951e+01 8.704575522454250347e+01 5.568281999631209800e+01
5.100337999999999994e+01 5.035927199999999715e+01 4.688717936504142614e+01 5.873224607646377393e+01
6.485940600000000700e+01 4.863174399999999764e+01 5.688516356805405394e+01 6.614625142856611717e+01
8.278986999999999341e+01 6.091132700000000000e+01 7.200322431017534086e+01 3.609877892783928388e+01
6.459828000000000259e+01 6.979175999999999647e+01 5.374515249554442420e+01 5.154955345051619986e+01
7.357657000000000380e+01 5.390614000000000061e+01 6.430559249079739459e+01 5.439749483923172590e+01
8.201357000000000141e+01 5.219725799999999793e+01 8.893505481457644635e+01 6.884264942099211737e+01
6.911271000000000697e+01 6.574755000000000393e+01 7.415613135642219333e+01 3.520484961689613357e+01
7.865703600000000506e+01 4.475950199999999768e+01 6.470223800240563605e+01 3.807976427699095723e+01
7.194462000000000046e+01 6.180628200000000305e+01 5.608850217840141994e+01 6.671393458768260132e+01
5.467820700000000045e+01 4.727673999999999666e+01 5.032082483001605056e+01 5.768724505063504893e+01
8.506038999999999817e+01 4.297482699999999767e+01 6.724448401944209763e+01 6.663978740838875581e+01
7.000664999999999338e+01 6.614516000000000417e+01 7.906199271504533499e+01 5.695247552995327567e+01
5.031473499999999888e+01 4.109745999999999810e+01 5.475224710135893247e+01 4.168877274763224250e+01
6.469078000000000372e+01 6.458218999999999710e+01 6.486022421157299789e+01 6.304097782120527427e+01
7.401948000000000150e+01 4.625668699999999944e+01 6.330870076301357585e+01 5.360752325076422409e+01
6.587963000000000591e+01 5.883500699999999739e+01 5.240933229255270476e+01 5.498186558081598463e+01
5.290209999999999724e+01 5.713993500000000125e+01 4.748643407981489162e+01 6.352080402096322587e+01
