1.030357699999999994e+02 2.493956400000000073e+01 1.001587189709802033e+02 2.181605441928663680e+01
9.593086999999999875e+01 1.661455199999999977e+01 1.009856323357280701e+02 1.910986490586179798e+01
1.314515000000000100e+02 1.002607700000000079e+01 1.027327832146957576e+02 3.045105438879328830e+01
1.376202000000000112e+02 4.332929999999999837e-01 1.124553227619345535e+02 7.174639485595739608e+00
1.176956899999999990e+02 6.060266000000000375e+00 1.160118893884776696e+02 2.855515687369230005e+00
1.358383000000000038e+02 1.360819200000000073e+01 1.004467025111558343e+02 4.524069222843577265e+00
1.003025499999999965e+02 1.609912900000000135e+01 1.287692894164532049e+02 1.715971188314417972e+01
1.258230060000000066e+02 9.050392999999999688e+00 9.955587440802899835e+01 4.550958236066363405e+00
1.177268300000000067e+02 3.289130999999999716e+01 1.131999805828248782e+02 2.870949443094515274e+01
9.363790000000000191e+01 1.419008299999999956e+01 1.186511154266284933e+02 3.895271907964659164e+00
1.103286899999999946e+02 1.103283000000000014e+00 1.190928811141696997e+02 1.636348074782418038e+01
9.493827000000000282e+01 1.907245999999999952e+01 1.167537695103423090e+02 1.913308475889703075e+01
1.330899400000000128e+02 1.250860000000000083e+00 1.276599597839359461e+02 2.033186786035452798e+01
1.170933699999999931e+02 1.631709499999999835e+01 1.212984101443227587e+02 2.934682721044532627e+01
1.295547799999999938e+02 1.619976000000000127e+01 1.360477799151295244e+02 2.480727526274359107e+01
1.004067459999999983e+02 1.560150900000000007e+01 1.178934205806803703e+02 7.026112641789683533e-01
9.823951999999999884e+01 1.669737599999999844e+01 1.122886399004675724e+02 2.143031463843454887e+00
1.009878700000000009e+02 1.558966700000000039e+01 1.069910148710978604e+02 1.104865474750948984e+01
1.240100000000000051e+02 1.279410900000000062e+01 1.073912822286986710e+02 2.061727795558158860e+01
9.397973000000000354e+01 1.450080900000000028e+01 1.256220201767337272e+02 3.801040784296930042e+00
1.275184249999999935e+02 3.174202500000000171e+01 1.094814992133345868e+02 2.467770726652763358e+01
1.255558699999999988e+02 4.544313999999999965e+00 1.096409110368171440e+02 2.743372171754300837e+01
1.277506199999999978e+02 9.857113000000000014e+00 1.321894591177587017e+02 2.081129479133209115e-01
1.054726639999999946e+02 1.292944400000000016e+01 1.151007875027479344e+02 1.470866458661823728e+01
1.074754400000000061e+02 1.089594899999999988e+01 1.200398897681147758e+02 3.308422484332560742e+01
1.106384299999999996e+02 3.058228099999999827e+01 1.034141084109057118e+02 7.685716144346683265e+00
1.048228900000000010e+02 3.249645600000000201e+01 1.345549530019266911e+02 6.824757844047971034e+00
1.377009099999999933e+02 1.744961199999999835e+01 1.054600265031297397e+02 2.786627773884987391e+01
1.027374400000000065e+02 1.609719000000000122e+01 1.357014717302491533e+02 2.212473940024504060e+01
1.015857799999999997e+02 1.553561999999999976e+01 1.280213804266753357e+02 3.080210064491601685e+01
1.148769499999999937e+02 6.728119999999999656e-01 1.326815658189372584e+02 5.158413036101533455e-01
1.200522399999999976e+02 3.491102000000000061e+01 1.003009537290137985e+02 2.943480859535288729e+01
1.270234300000000047e+02 5.967240000000000322e+00 1.268443543094861354e+02 3.856652058069248046e+00
9.897588000000000363e+01 1.434022700000000050e+01 1.287620355677560156e+02 3.352537711176604773e+01
1.130644759999999991e+02 5.041568999999999967e+00 1.260809366208536630e+02 2.206432865592397619e+01
1.288786599999999964e+02 1.183304700000000054e+01 1.220554466422001241e+02 9.702117955935566584e+00
1.010540500000000037e+02 1.139439199999999985e+01 1.242725801108252597e+02 4.086142627508761116e+00
9.357684000000000424e+01 1.529489399999999932e+01 1.213793267667347493e+02 2.035587484518540791e+01
1.202229399999999941e+02 1.300534999999999997e+01 1.180878929998349349e+02 5.211585293970014021e+00
1.114913899999999956e+02 3.495139999999999914e-01 1.024879146401485173e+02 2.417842946841291507e+01
1.273446660000000037e+02 1.365026600000000023e+01 1.197708958920907349e+02 1.254527488328092311e+01
1.229570539999999994e+02 1.920611999999999986e+00 1.178129580287454701e+02 2.554874431364049059e+01
9.371902000000000044e+01 2.542849500000000162e+01 1.220692057429028807e+02 2.843795851261993590e+01
1.294755900000000111e+02 2.914704899999999910e+01 9.893403208705190366e+01 2.967974054347022062e+01
1.055329299999999932e+02 8.244474999999999554e+00 1.364845384571628415e+02 3.779324236068019260e+00
1.349553200000000004e+02 1.906885099999999866e+01 1.286120126357562015e+02 1.968879201899385123e+01
1.251505659999999978e+02 9.431043000000000731e+00 1.364704619528936007e+02 1.002497662288246261e+01
1.316590400000000045e+02 1.172049799999999919e+01 9.877067643608357628e+01 3.220008748863531878e+01
1.324894099999999924e+02 1.522223000000000104e+00 1.107536204931113275e+02 2.948199264706148881e+01
1.231597299999999962e+02 7.689467999999999748e+00 1.070394785528175987e+02 1.638381118313014895e+01
1.004126049999999992e+02 2.261345000000000027e+01 1.140351952088172993e+02 1.299977158574486680e+01
1.155358300000000042e+02 1.622392699999999977e+01 1.132754282575434956e+02 2.612326017650799059e+01
1.317522700000000100e+02 7.439243000000000272e+00 1.169725505559324574e+02 9.165406972535583563e+00
1.237547799999999967e+02 1.402938000000000018e+00 1.152549873379681742e+02 2.404609549964125748e+01
1.022503200000000021e+02 1.647226099999999960e+01 1.238949642582115729e+02 2.627786661809683366e+01
9.655877999999999872e+01 1.599573400000000056e+01 1.348652348305595012e+02 2.090867634477288561e+01
1.002700300000000055e+02 1.703686300000000031e+01 9.405229047217599714e+01 8.302097247344597530e-01
1.066970400000000012e+02 2.854751200000000111e+01 9.783465707126102018e+01 3.472670539732638417e+01
1.148044000000000011e+02 2.044948799999999878e+01 1.099544690645604135e+02 1.440963947590817007e+01
1.011063460000000021e+02 3.288495000000000346e+01 1.191321524963842222e+02 2.057595463725699858e+01
1.349519999999999982e+02 1.169487200000000016e+01 1.019517443718542893e+02 3.183670388264428297e+01
1.042875439999999969e+02 1.675788000000000011e+01 9.289254329447061309e+01 2.962389433340009148e+01
9.442122000000000526e+01 2.540277000000000118e+00 1.080596848736228139e+02 7.617408473423515680e+00
1.266689800000000048e+02 1.227758900000000075e+01 1.306642798637030296e+02 1.468535008942239628e+01
1.270486300000000028e+02 1.419520600000000066e+01 1.146432556858750331e+02 2.576168346792579555e+01
1.218254000000000019e+02 4.371687999999999796e+00 1.268339011730750485e+02 2.906335284679314235e+00
1.096028799999999990e+02 2.265409999999999968e+01 9.723475991397580742e+01 2.343699494624546276e+01
9.910477000000000203e+01 2.538836900000000085e+01 9.238606166218478677e+01 2.228679968085849339e+01
1.285662100000000123e+02 1.856218499999999949e+01 1.267407168136654008e+02 2.572793434270883495e+01
1.374745599999999968e+02 3.138292099999999962e+01 1.210379944795200657e+02 5.727737926420861214e+00
1.185405899999999946e+02 1.932002800000000065e+01 1.079764569086978980e+02 1.237030473399352992e+01
9.801369499999999846e+01 2.871176499999999976e+01 1.293007183230778878e+02 2.509818819928574740e+01
1.013219799999999964e+02 1.577685499999999941e+01 1.379514403700100047e+02 3.115362028978248787e+01
1.367545299999999884e+02 1.483705600000000047e+01 9.719968933847157189e+01 5.876113649256958560e+00
1.358911999999999978e+02 3.048414999999999875e+00 1.364435542972121311e+02 1.605689677985957786e+01
9.911983499999999481e+01 3.033258400000000066e+01 9.861728164807450980e+01 2.084417665642751416e+01
9.963335999999999615e+01 3.011660600000000088e+01 1.124619551968188205e+02 2.717683634181539531e+01
1.123523600000000044e+02 2.472185899999999847e+01 1.336711192640684089e+02 3.374110740587496338e+01
1.345495300000000043e+02 6.859785999999999717e+00 1.181546366161575889e+02 7.122406628281258145e-01
9.987552999999999770e+01 8.232086999999999932e+00 1.247087554941252279e+02 2.222830984599763582e+01
9.605414600000000291e+01 3.418947000000000003e+01 9.500157277869709560e+01 1.945413550458497909e+01
1.059587700000000012e+02 8.478775999999999868e+00 1.354076759121014675e+02 1.440296632109999386e+01
1.000685000000000002e+02 2.550993300000000019e+01 1.138779771241160006e+02 7.386096357100267795e+00
1.029688699999999955e+02 1.518273899999999976e+01 1.362283020741567725e+02 1.772328403087421478e+01
1.221657000000000011e+02 3.453664999999999985e+00 1.262439932485204537e+02 3.445698070325503437e+01
1.281042500000000075e+02 1.263489599999999946e+01 1.149440642874130276e+02 2.512810019540805584e+01
1.049673540000000003e+02 2.282041399999999953e+01 1.252887161928305204e+02 1.801726405682148879e+01
1.006261599999999987e+02 2.471593500000000176e+01 1.126756668267291275e+02 2.114212652562007833e+01
1.231785699999999935e+02 1.163075599999999987e+01 1.039538592869430573e+02 1.955495819446025907e+00
1.221287399999999934e+02 7.625099999999999767e+00 1.022092481612993566e+02 2.092331442135396813e+01
1.192735749999999939e+02 1.863693999999999917e+01 1.158584870506716982e+02 2.674261716681310119e+01
1.132487100000000027e+02 2.224254600000000082e+01 1.170796373042093990e+02 9.973976315927444602e+00
1.050813700000000068e+02 4.424735000000000085e+00 9.849296013713737352e+01 3.394939128789904004e+00
1.003102300000000042e+02 2.285036500000000004e+01 9.834477716377415391e+01 8.333715391871482581e+00
1.329613999999999976e+02 9.990607000000000681e+00 1.371196924500734440e+02 2.458788004300988916e+01
1.084680560000000042e+02 1.681018399999999957e+01 1.315219514648317727e+02 2.061654365786058563e+01
1.082274599999999936e+02 2.717001000000000133e+01 1.030566171406734099e+02 1.040001947245627889e+01
1.228410200000000003e+02 5.331567999999999863e+00 1.258503468249636654e+02 2.776104124346884916e+00
9.715987400000000207e+01 1.592667499999999947e+01 1.198062573344580102e+02 2.263890219075545929e+01
1.034372900000000044e+02 1.659929699999999997e+01 1.100088107553026191e+02 3.467983801310081660e-01
1.331578700000000026e+02 1.155118900000000082e+01 1.000909440320511834e+02 3.279433860033760340e+01
1.142837099999999992e+02 1.745475199999999916e+01 1.150936508277651171e+02 2.096346517097395434e+01
9.273024999999999807e+01 1.533211299999999966e+01 1.132327495686338210e+02 2.363189467605138816e+01
1.252612100000000055e+02 1.041665000000000063e+01 1.369894450791803706e+02 1.525792379153976164e+01
1.244378499999999974e+02 2.619258100000000056e+01 9.268357267105065489e+01 8.978670028728652497e-03
1.264986999999999995e+02 2.455890000000000128e+01 1.141182654776873733e+02 2.994072302493547610e+01
1.096788600000000002e+02 1.849008999999999903e+00 1.359750485467654357e+02 1.321748634479978612e+01
1.332002899999999954e+02 1.412760000000000127e-01 1.075054549207435315e+02 1.191313781615225764e+01
1.003903799999999933e+02 1.687093700000000140e+01 9.448862108933874993e+01 2.148271091064408367e+01
9.808326999999999884e+01 2.820190200000000047e+01 1.094875061733202841e+02 3.184558080880112163e-01
1.335680000000000121e+02 1.057251199999999969e+01 1.372428255876872072e+02 1.509190866449454482e+01
1.141837539999999933e+02 2.640196200000000104e+01 1.298457208465170538e+02 3.050583123373458605e+01
1.090113900000000058e+02 1.594006100000000004e+01 1.069046239802340637e+02 1.331780666396294421e+01
1.074301300000000055e+02 3.293291500000000127e+01 1.066504071312118782e+02 2.906803738273818283e+01
9.723202000000000567e+01 2.960429800000000000e+01 1.319753882362944637e+02 3.249627605397394348e+01
1.139231400000000036e+02 3.106367300000000142e+01 1.222703499249296613e+02 2.662226106518793323e+00
1.136198700000000059e+02 2.946215799999999874e+01 1.319635371057696034e+02 1.554908780656839795e+01
1.066784899999999965e+02 8.027340000000000586e+00 1.056452351450012515e+02 3.418033023006093174e+01
9.490277000000000385e+01 2.671841999999999828e+01 1.010212584271456251e+02 3.359552932665837233e+01
1.294410000000000025e+02 2.921653200000000083e+01 1.294417717515514141e+02 1.181600300367968970e+01
1.083700699999999983e+02 1.887853999999999921e+00 1.182042174749821584e+02 1.756456689562754292e+01
9.321605999999999881e+01 1.888607999999999976e+01 1.124092424117658027e+02 2.445059294934961258e+01
1.051916099999999972e+02 9.920849000000000473e+00 9.308743855491067620e+01 3.171146281585086157e+01
1.224305650000000014e+02 1.482882700000000042e+01 1.147323422292548685e+02 3.204856290007941055e+01
9.672302000000000533e+01 1.161534400000000034e+01 1.167595410198788812e+02 1.825207856695408282e+01
1.037949100000000016e+02 1.724506999999999834e+01 1.298264643526592579e+02 1.549171342958084097e+01
1.266665100000000024e+02 8.246174999999999145e+00 1.043878297475780812e+02 1.578231344099924982e+01
1.117416840000000064e+02 2.507232999999999823e+00 1.331110528013520877e+02 7.103147557267536882e+00
1.164115599999999944e+02 1.850963399999999837e+01 1.044826069066690479e+02 2.752498042021236913e+01
1.093420100000000019e+02 2.870751599999999826e+01 1.224059760720213035e+02 3.133078809278768517e+01
9.893878999999999735e+01 2.680315399999999926e+01 1.308163439466643752e+02 7.922937981342767166e+00
9.689548999999999523e+01 3.139643900000000087e+01 9.244723688149521479e+01 4.042358455571005038e+00
1.262176500000000061e+02 1.077972399999999986e+01 1.199749011158520062e+02 1.222664073595495715e+01
1.205876159999999970e+02 1.334072899999999962e+01 1.198590601670679376e+02 2.023112255065371912e+01
1.009080399999999997e+02 2.003603999999999985e+01 1.133189605748539464e+02 2.171647503154785497e+01
1.291559399999999869e+02 1.352395500000000084e+01 1.295425639735640573e+02 2.095583502386802977e+01
9.297975999999999885e+01 2.366921800000000076e+01 1.251445920640794043e+02 8.061259058507506126e+00
1.194439849999999979e+02 3.088717700000000121e+01 9.484957120453493928e+01 1.748988212300552902e+00
1.076719200000000001e+02 1.886546900000000093e+01 1.228458135943454721e+02 2.831033742505325534e+01
1.128090440000000001e+02 2.218561000000000050e+01 1.123924685188045345e+02 3.424383604394027003e+01
1.167996100000000013e+02 2.692645800000000023e+01 1.319485480877049781e+02 2.152420096198220278e+01
1.009060400000000044e+02 2.837463199999999830e+01 1.016069390592638229e+02 2.349234581423764467e+01
1.140832999999999942e+02 2.683112699999999862e+01 1.284164289673908286e+02 2.445128295542889418e+01
1.371154999999999973e+02 4.333319999999999950e-01 1.053647924987716209e+02 1.440206542459243977e+01
1.006064200000000000e+02 2.769523600000000130e+01 1.044532485448545032e+02 1.653241941283044270e+01
1.220807700000000011e+02 2.383238199999999907e+01 9.971034056399805934e+01 2.740365423036400827e+01
1.078147349999999989e+02 2.483155299999999954e+01 1.349606076531882763e+02 1.862027943271033337e+01
1.222112300000000005e+02 1.084067199999999964e+01 1.087430673512790804e+02 2.614541853092463342e+01
1.047332300000000060e+02 2.698434299999999908e+01 1.161479078988467393e+02 2.920207141704925036e+01
9.557426999999999850e+01 1.669002300000000005e+01 1.376667232524581550e+02 2.479487157344546233e+01
1.140009500000000031e+02 2.463463799999999893e+01 1.330829791777932201e+02 2.636083587283026830e+01
1.289106299999999976e+02 7.094847999999999821e+00 9.521974454749646100e+01 1.455577400359406326e+01
1.086714099999999945e+02 1.278264599999999973e+01 9.790035561848860368e+01 2.152964296911825670e+01
1.105762799999999970e+02 1.713849599999999995e+01 1.246295451757651875e+02 2.651314292995369470e+01
9.854899000000000342e+01 3.494611400000000145e+01 9.993638815443293311e+01 1.194516783059768272e+01
1.094431699999999950e+02 2.603854600000000019e+01 9.314472354683168476e+01 2.381881140068443159e+01
1.020793800000000005e+02 2.128403700000000143e+01 1.098970862999549780e+02 2.488372782759749313e+01
1.306066700000000083e+02 3.339365399999999795e+01 1.118070170392522442e+02 6.650577817817183046e+00
9.996817000000000064e+01 2.509249700000000161e+01 1.303867307913092759e+02 2.366943467135189039e+01
1.276514700000000033e+02 1.503062899999999935e+01 9.233274309268932711e+01 2.549325271560012851e+01
1.110726800000000054e+02 1.657695800000000119e+01 1.245459894242816006e+02 1.300430523588205922e+01
1.206880299999999977e+02 9.057698999999999501e+00 9.445999434818682516e+01 2.863693360714903946e+01
1.154636600000000044e+02 6.711888000000000076e+00 1.333770049383720391e+02 2.894910990812672225e+01
1.346454300000000046e+02 1.258279899999999962e+01 1.365460126042374895e+02 3.288015901192882229e+00
9.499912999999999386e+01 1.481619899999999923e+01 1.331204078345607513e+02 1.235547208414509335e+01
9.774904999999999688e+01 2.897119999999999962e+01 1.275481361878332791e+02 1.692355350585014762e+01
1.216377800000000065e+02 1.520599999999999952e+01 9.913341397919202791e+01 1.466962740089868156e+01
9.492020999999999731e+01 2.098355700000000112e+01 1.095166496140591050e+02 1.861529185528354446e-01
1.125651100000000042e+02 1.389909199999999956e+01 1.358410002151220510e+02 1.477084841537157800e+01
1.225421139999999980e+02 1.088495900000000027e+01 1.261671972293810029e+02 2.858646398825445445e+01
1.220030500000000018e+02 1.467741900000000044e+01 1.334624124575633459e+02 1.157922225019388840e+01
1.190581049999999976e+02 2.063319200000000109e+01 1.281532944777273144e+02 6.193155154059152068e+00
1.167593700000000041e+02 2.162810899999999847e+01 1.028169448823572338e+02 1.640907445928817765e+01
1.376754999999999995e+02 1.454145600000000016e+01 1.327853568324384526e+02 3.472310425074550722e+01
1.066365299999999934e+02 1.226323999999999970e+01 1.078813522163364809e+02 3.187910811115454734e+01
1.221508800000000008e+02 1.807763900000000135e+01 1.341772189437893417e+02 9.484347500452784629e+00
1.054974749999999943e+02 1.932288700000000148e+01 1.131843893762648463e+02 2.374413531286040779e+01
1.215028099999999966e+02 3.537071000000000076e+00 1.130203184150530547e+02 2.518402250620132676e+01
1.370396700000000010e+02 1.252472000000000030e+00 1.303965831531293418e+02 1.902689890055581046e+01
1.232273500000000013e+02 4.342469000000000356e+00 9.818371553122167938e+01 1.938176314180735815e+01
1.149996699999999947e+02 3.686024000000000189e+00 1.277550310227007344e+02 2.476729127437923950e+01
1.172544599999999946e+02 4.492557999999999829e+00 9.265526329792486138e+01 2.953660233753065079e+00
1.091882499999999965e+02 1.309954999999999981e+00 1.253169410789198253e+02 2.369445714966094485e+01
1.082378199999999993e+02 1.562821500000000086e+01 1.366405868456985218e+02 1.243206986707112627e+01
1.008899150000000020e+02 2.474351700000000065e+01 1.018478913505738319e+02 3.206248467678323610e+00
1.262777600000000007e+02 1.555640400000000056e+01 1.220519608661280131e+02 1.827607596737135509e+01
1.044115500000000054e+02 1.292953800000000086e+01 1.061230805716962493e+02 1.085560957736990417e+01
9.615071000000000367e+01 1.844079800000000091e+01 1.142008301975268978e+02 2.645936021818993567e+01
1.223199099999999930e+02 8.781103999999999132e+00 1.213799748268739904e+02 3.496955673736241721e+01
1.101968499999999977e+02 2.375801699999999883e+01 1.030467827181282843e+02 2.382536796757452180e+01
1.069824140000000057e+02 2.790228499999999912e+01 1.065111517108897630e+02 1.271475159995028470e+01
1.023049299999999988e+02 2.800608000000000075e+01 1.299788526584844703e+02 2.351330569877880450e+01
1.265143659999999954e+02 1.300008799999999987e+01 1.164463969545029727e+02 4.886184021229404983e+00
1.230936200000000014e+02 4.996221000000000245e+00 1.110372645616412086e+02 3.013171616212763126e+01
1.003582999999999998e+02 2.007404500000000169e+01 1.046164257718668722e+02 3.330765086305027012e+01
1.131231460000000055e+02 2.764571000000000112e+00 1.212144298705620145e+02 3.072814589802518626e+01
1.211231700000000018e+02 5.250886000000000386e+00 1.296057515208358950e+02 2.103633148339519821e+01
1.093217539999999985e+02 1.300310099999999913e+01 1.147947686357686337e+02 3.170093304303890136e+00
1.020639400000000023e+02 1.681472199999999972e+01 9.853997928185258104e+01 1.805283695966694779e+01
9.448524500000000614e+01 1.358393900000000087e+01 9.575916025705201662e+01 1.667095895565434915e+01
1.222444500000000005e+02 8.908201999999999288e+00 1.179008504943811744e+02 2.138002971772982264e+01
1.112859399999999965e+02 7.286299999999999999e-01 1.205572670124146555e+02 3.434643031765760668e+01
1.078603300000000047e+02 3.205924000000000262e+01 1.134786075782108412e+02 7.287360785871284996e+00
1.311990399999999966e+02 2.885759999999999881e+00 9.618652431408752079e+01 1.844557782626247144e+00
9.786359400000000619e+01 2.648629000000000033e+01 9.995329985366898029e+01 1.316337443508298399e+01
9.927791600000000471e+01 1.773039400000000043e+01 1.124982480741913662e+02 8.700700167093200932e+00
1.098299099999999981e+02 2.569585199999999858e+01 1.228273815476105426e+02 3.755253223638159277e+00
1.110863800000000055e+02 2.956343499999999835e+01 1.061016957426995901e+02 1.243548450671421612e+01
1.221725399999999979e+02 1.971065000000000067e+00 1.365001245600658422e+02 3.461792092949048083e+01
1.066582599999999985e+02 2.877814700000000059e+01 1.377982377376197007e+02 2.505163610315253209e+01
1.156589100000000059e+02 2.078124199999999888e+01 1.203231551772869068e+02 9.847102779129814465e+00
1.063831100000000021e+02 8.929643999999999693e+00 1.192608700003471256e+02 1.367044871652413107e+01
1.062813639999999964e+02 9.905939000000000050e+00 1.162980554931703949e+02 7.685992127047291511e+00
1.201075060000000008e+02 6.985503999999999714e+00 1.250857755700615428e+02 2.829321489210784435e+01
1.364280100000000004e+02 4.255118000000000400e+00 1.017616742228764508e+02 3.302048813795616411e+01
1.287615499999999997e+02 1.689361399999999946e+01 1.312221138970275831e+02 9.620221031611736251e+00
1.203130950000000041e+02 1.544907599999999981e+01 1.006422035421532257e+02 5.767478644621864881e+00
1.318686399999999992e+02 7.302616000000000440e+00 1.355291900073229385e+02 7.521560945033133549e+00
1.068336939999999942e+02 1.901988000000000056e+01 1.204199823538024532e+02 1.669139740234538394e+01
9.977344999999999686e+01 2.670044899999999899e+01 1.117234209482982692e+02 7.255340502560752469e+00
1.338926400000000001e+02 1.374230400000000074e+01 1.332903581575875478e+02 2.944676946995431166e+01
9.998476999999999748e+01 5.003547000000000189e+00 9.951541179475475474e+01 3.367716666803713110e+01
1.103507400000000018e+02 8.773649999999999505e-01 1.080559977630685324e+02 4.817497738091952364e+00
1.212147099999999966e+02 1.824274799999999885e+01 1.352483548817873498e+02 6.647004910487555485e+00
1.292459900000000061e+02 4.137847999999999971e+00 9.333644745168672330e+01 1.883757682485915197e+01
1.199593700000000069e+02 2.753562700000000163e+01 1.283337280448570823e+02 2.050513928047853440e+01
1.090422400000000067e+02 3.257660000000000000e-01 1.282637396743747331e+02 2.114244566422873817e+01
9.479399999999999693e+01 2.222920399999999930e+01 1.204861251663106714e+02 2.969139107871544070e+01
1.083531200000000041e+02 1.792666600000000088e+01 1.003835991571426973e+02 2.947870714294902772e+00
1.132784039999999948e+02 2.408719599999999872e+01 1.186817478546155087e+02 2.999558812659099161e+01
1.120615540000000010e+02 2.049053999999999931e+01 1.283898517922180531e+02 3.218532383766650184e+01
1.344405199999999923e+02 3.228481299999999976e+01 9.503809246565644742e+01 7.071321981325018768e+00
1.006227399999999932e+02 1.954385600000000167e+01 9.799922059725680867e+01 2.352673810313537572e+01
1.175795600000000007e+02 5.611371000000000109e+00 1.295878689844764438e+02 3.621307761549341642e-02
1.154087799999999930e+02 2.365899500000000089e+01 1.323748372272850418e+02 3.094647069858627475e+01
1.176570099999999996e+02 2.176196300000000150e+01 1.068816499867008361e+02 2.627119060981487308e+01
1.180998459999999994e+02 1.284827399999999997e+01 1.251589674741305629e+02 1.736609752836630438e+00
1.349924800000000005e+02 2.427803000000000111e+01 1.028672511623785937e+02 2.159682848863404203e+01
1.349317599999999970e+02 1.207422299999999993e+01 9.528576675045562183e+01 1.272437890728779308e+01
1.049807359999999932e+02 3.378130699999999820e+01 1.019117164392031043e+02 2.309997494771527826e+01
1.068714449999999943e+02 1.286970200000000020e+01 1.286994022581690160e+02 5.262721609127620326e+00
1.055615499999999969e+02 1.217980999999999980e+01 1.157912952758361769e+02 3.787361387595083340e+00
1.038327500000000043e+02 1.301466800000000035e+01 1.020209931264262053e+02 1.434853277398505966e+01
1.366002000000000010e+02 2.353372600000000148e+01 9.402150856989719330e+01 3.370177042846836457e+01
1.148329200000000014e+02 2.281423799999999957e+01 9.542507743377221630e+01 1.580851368202786666e+01
1.179629500000000064e+02 1.794520599999999888e+01 9.861253425949109896e+01 1.838716899878633271e+01
1.210841450000000066e+02 2.834050999999999831e+01 1.221797211937691543e+02 7.135755529658381668e+00
1.252770199999999932e+02 1.020389400000000002e+01 1.141991960957924732e+02 2.348081460226180894e+01
1.031805300000000045e+02 1.483915700000000015e+01 1.208640299578628685e+02 1.267086253965487330e+01
1.133171600000000012e+02 1.842608800000000002e+01 1.267744862151378982e+02 2.749417949685441087e+01
1.235097959999999944e+02 2.681490999999999847e+00 9.986708084192444801e+01 1.704384102902747955e+01
1.197753399999999999e+02 1.044808199999999943e+01 1.269794266340302613e+02 1.643354181101947731e+01
1.130037300000000045e+02 2.547221800000000158e+01 1.174472274339919409e+02 7.254505071762398671e+00
1.066796700000000016e+02 7.535884000000000249e+00 1.119772525476180078e+02 2.559332586305964696e+01
9.805646500000000287e+01 1.719266899999999865e+01 1.206882291556630236e+02 3.415244397681536981e+01
1.340509999999999877e+02 2.624378400000000156e+01 9.575059298067323255e+01 1.633295935386198217e+00
1.323020500000000084e+02 3.039486999999999828e+00 1.085213320294711821e+02 1.404286832430885390e+01
9.836787400000000048e+01 1.882612400000000008e+01 1.357526556660662038e+02 1.318234610707866494e+01
1.355880699999999877e+02 2.913927999999999852e+00 1.313535996706899880e+02 2.675852357633868550e+01
1.007823300000000017e+02 2.154664599999999908e+01 1.211744064222939841e+02 1.611401155707997646e+01
9.277315000000000111e+01 1.838847499999999968e+01 1.061133475061896263e+02 2.359944095267278286e+01
1.118345640000000003e+02 2.392749999999999877e-01 1.087935301778937287e+02 1.037557752846716674e+01
1.123585199999999986e+02 2.633208799999999883e+01 1.236165532537297196e+02 7.200118206018884415e+00
1.197646199999999936e+02 2.030460199999999915e+01 1.254470241023562664e+02 2.322814866524807087e+01
1.180764159999999947e+02 1.789309899999999942e+01 1.375491608591294437e+02 1.247950509799652608e+01
1.303903999999999996e+02 2.805204999999999949e+00 9.546089675896996596e+01 2.746476228611156500e+01
1.196053399999999982e+02 1.343893199999999943e+01 1.134929917533068249e+02 8.234789050751647466e+00
1.169782000000000011e+02 4.263942000000000121e+00 1.217475081929796374e+02 2.514086216353114622e+01
1.205477139999999991e+02 7.351634999999999920e+00 1.018451482006469035e+02 5.825484579371466687e+00
1.295191499999999962e+02 3.220691300000000012e+01 9.885030053885986945e+01 2.918041953559899326e+01
1.061289500000000032e+02 1.904555099999999968e+01 1.120162950143057969e+02 2.073302909778670156e+01
1.065756499999999960e+02 1.578832599999999964e+01 1.093051333801199974e+02 3.054357325511395516e+01
1.073470499999999959e+02 1.714681799999999967e+01 1.358071767916876809e+02 4.210916667647365053e+00
1.269099199999999996e+02 8.830450000000000799e+00 1.225790188806275722e+02 2.407482826448847035e+01
1.006953599999999938e+02 1.924044200000000160e+01 1.091400694920106815e+02 7.069298827124083751e+00
9.954652400000000512e+01 2.725922600000000173e+01 1.046320609304327860e+02 2.723778890499825422e+01
1.221094499999999954e+02 8.036469999999999558e+00 1.223024611238221979e+02 2.471929483063192379e+00
1.119646900000000045e+02 1.463188599999999973e+01 1.375144228809066078e+02 7.008436938830006291e+00
1.281656299999999931e+02 6.427754000000000190e+00 1.178763378267809117e+02 1.084006912053803617e+01
1.225021299999999940e+02 2.699719199999999830e+01 1.268946694849592376e+02 1.537471019270042660e+01
1.265867599999999982e+02 2.725253899999999874e+01 1.278473366563506772e+02 2.794121735856413835e+01
1.074125099999999975e+02 6.090900000000000425e+00 1.154551325994894455e+02 4.948781735911436996e+00
1.261208799999999997e+02 4.358299999999999674e-02 1.091539538534017311e+02 2.297207382165420597e+01
1.056335140000000052e+02 2.491520699999999877e+01 1.325762770802352293e+02 3.077703070687167042e+01
1.196812299999999993e+02 2.088022600000000040e+01 1.146497451987041671e+02 1.355385674654496952e+01
1.116475999999999971e+02 2.947777999999999921e+01 1.215553121062284561e+02 2.528997281757283844e+01
1.245429100000000062e+02 3.394839999999999947e+01 1.341319574966050823e+02 1.706311954631463479e+01
1.274986999999999995e+02 1.990880800000000050e+01 1.151382866191263190e+02 2.674068436343782551e+01
9.793104999999999905e+01 2.979559499999999872e+01 1.175633212581258817e+02 1.383488022834718123e+01
1.205683899999999937e+02 1.373879100000000086e+01 1.034611656168860065e+02 3.964563022813691884e+00
1.064135899999999992e+02 2.078034999999999854e+01 1.276713799485409169e+02 2.345904013627608009e+01
1.196967700000000008e+02 2.276027099999999947e+01 1.224860809352822173e+02 2.531155431895663099e+01
1.176738359999999943e+02 1.385884099999999997e+01 1.120356995640759692e+02 2.466434168288480322e+01
1.286662800000000004e+02 5.189660000000000384e-01 9.916674420021169567e+01 1.019410496909163477e+01
1.151589299999999980e+02 1.951465999999999923e+01 1.050000405812214552e+02 2.631028893872623442e+01
9.694570000000000221e+01 1.687334399999999945e+01 1.070160144320035869e+02 1.584559356383632611e+01
1.137061499999999938e+02 2.920176500000000175e+01 1.299532315185688276e+02 9.609051767762711194e+00
1.007646940000000058e+02 2.517087599999999981e+01 1.250928690347638224e+02 2.020204431603553630e+01
1.325616899999999987e+02 2.183529300000000006e+01 1.012185255826928767e+02 2.252554416330776732e+01
1.290050699999999892e+02 1.324962900000000054e+01 1.056580368390103786e+02 1.884154309560563956e+00
1.206544499999999971e+02 1.271279400000000059e+01 1.221237289772387129e+02 6.094499106965614921e+00
1.085328200000000010e+02 2.570951300000000117e+01 1.333035708232174557e+02 1.294655257847049512e+01
1.120762000000000000e+02 7.865459999999999674e-01 1.357520406556078854e+02 1.659745131364253368e+01
1.364772499999999980e+02 2.120343999999999784e+00 1.210008046071734782e+02 7.898121780134194303e+00
1.182681050000000056e+02 5.761924999999999741e+00 1.105276226534461728e+02 8.472352309446566920e+00
1.081480499999999978e+02 2.939423800000000142e+01 1.272656101714015335e+02 3.145251277292722136e+01
1.233079199999999958e+02 7.494034000000000084e+00 1.109784886371975290e+02 3.473939851579604010e+01
1.229745099999999951e+02 1.295093400000000017e+01 1.151123836859306948e+02 3.912594776841015864e+00
1.331451700000000073e+02 1.564029200000000053e+01 9.491040588704635184e+01 2.945017311146351702e+01
1.176774800000000027e+02 2.114383099999999871e+01 1.060210125851266554e+02 2.844939457050120168e+01
1.252135240000000067e+02 1.563707699999999967e+01 1.235614691923814235e+02 2.705314543309802389e+01
1.367237700000000018e+02 5.390139999999999931e-01 1.351512638765442489e+02 8.119286761216830683e+00
9.765413999999999817e+01 2.677711499999999845e+01 9.379016899486700254e+01 1.849808419599499487e+01
1.158917540000000059e+02 1.912817799999999835e+01 1.143229527008760869e+02 2.889864084011533762e+01
1.031240300000000047e+02 2.424801599999999979e+01 1.229547884992388163e+02 1.744083751551445971e+01
1.001926700000000068e+02 2.105336399999999841e+01 1.218959326847957811e+02 8.716736710576961755e+00
9.773923999999999523e+01 2.664898499999999970e+01 9.223235988980644606e+01 3.298775665660396328e+01
9.467365999999999815e+01 2.161741400000000013e+01 1.175613106949268314e+02 3.353536445996272874e+01
1.114736800000000017e+02 2.004428000000000054e+01 1.244339465334081183e+02 4.141025074417825635e-03
1.067997500000000031e+02 2.827483199999999997e+01 1.004612329137620605e+02 2.297507817815271025e+01
1.250700149999999979e+02 1.553383900000000040e+01 9.656421193856031948e+01 9.799105416214525022e+00
1.065015499999999946e+02 2.745592699999999908e+01 1.335500781883729644e+02 7.359430545085283271e+00
1.303266000000000133e+02 5.151488999999999763e+00 9.691830986196795550e+01 3.413879658746699164e+01
1.063184499999999986e+02 2.189414199999999866e+01 1.204874221488913406e+02 1.022674713941876590e+01
1.136669200000000046e+02 1.729149599999999865e+01 1.081281003749707281e+02 1.754188001170390265e+01
9.910432400000000541e+01 1.760354200000000091e+01 1.096509837098739837e+02 1.992255335046390030e+01
1.331978300000000104e+02 1.207540099999999939e+01 9.503708395209669391e+01 3.139828774737010875e+01
1.208825700000000012e+02 1.676954800000000034e+01 1.233799071535766814e+02 2.799135732171924928e+01
1.003017040000000009e+02 2.323865999999999943e+01 9.348735638342726872e+01 2.182489983724551053e+01
1.093180899999999980e+02 1.304350999999999949e+01 1.214619527073863594e+02 3.120609343136753111e+01
1.159256900000000030e+02 2.697432299999999827e+01 1.259270200129974455e+02 3.304146063744207851e+01
1.008982799999999997e+02 1.920488399999999984e+01 1.193555690041524997e+02 3.200206817717392482e+01
1.236907599999999974e+02 2.655348599999999948e+01 1.084494083736220347e+02 2.215569584573201922e+01
1.063787499999999966e+02 2.825092300000000023e+01 1.200677917291108372e+02 8.813864709369922945e-01
1.073785500000000042e+02 3.300144999999999840e+01 1.096391545416253592e+02 2.071211853846317652e+01
1.209879799999999932e+02 1.243783900000000031e+01 1.202796178936730200e+02 3.187133342234272604e+01
1.218425699999999949e+02 1.623406200000000155e+01 1.170490742320089481e+02 1.757123407842696050e+00
1.077520999999999987e+02 2.914027000000000100e+01 1.274709164748135066e+02 8.224160515108064118e+00
1.325071299999999894e+02 3.182958000000000176e+00 1.046103188311133465e+02 2.602328024550422558e+00
1.167539400000000001e+02 1.200967200000000012e+01 1.015284720831967888e+02 3.279069357837396836e+01
1.078804999999999978e+02 1.347900000000000098e+00 9.653278477179102879e+01 2.826032719656673464e+01
1.062773360000000054e+02 3.356752000000000180e+01 1.188353771402675818e+02 2.170009514808933559e+01
1.270311099999999982e+02 9.210869000000000639e+00 9.898094426443402938e+01 1.615395490149707403e+00
1.007371399999999966e+02 2.470236600000000138e+01 1.353996452595683877e+02 1.406978878321402604e+01
1.055944099999999963e+02 1.730002199999999846e+01 1.329764492276749763e+02 9.555283237516006167e+00
1.378613000000000000e+02 1.162365699999999968e+01 9.976063688410037855e+01 1.057316382877281669e+01
1.193820400000000035e+02 7.351111999999999647e+00 9.203266136564488420e+01 2.829057353789947982e+01
1.312255999999999858e+02 1.041509199999999957e+01 1.274915367418561232e+02 5.779293987980210545e+00
1.297281600000000026e+02 1.556633399999999945e+01 9.627597595967861821e+01 3.167036437513989000e+01
1.310166999999999859e+02 1.584964599999999990e+01 1.287397531314988157e+02 3.487118181610804157e+01
1.286689599999999984e+02 1.164122899999999916e+01 1.056146403697136407e+02 1.376815230549036606e+01
1.251776499999999999e+02 9.960960999999999288e+00 1.030838205716908220e+02 1.294494433819774315e+01
1.125423660000000012e+02 2.072739999999999938e+01 1.048266477033528901e+02 8.328817821088142281e+00
1.220831000000000017e+02 5.744365000000000165e+00 1.168533151363238858e+02 2.302213590140619104e+01
1.046525000000000034e+02 2.365267400000000109e+01 1.051307920953045425e+02 1.372743293179085056e+00
9.543803400000000181e+01 2.144368199999999902e+01 9.723979789345875702e+01 1.002423649455335131e+00
1.134188099999999935e+02 1.023753300000000088e+01 1.035400901906370166e+02 2.089008659623042874e+01
1.008354400000000055e+02 1.752425399999999911e+01 1.234220246768455098e+02 2.203250976819023066e+01
1.310145699999999920e+02 1.227133000000000074e+01 1.368703913785653867e+02 2.219306694146427361e+01
1.083074799999999982e+02 1.009775699999999965e+01 1.007485205109768742e+02 9.384521120456003729e+00
1.001638200000000012e+02 3.052398099999999914e+01 1.137205851819331315e+02 2.853349122439019681e+01
9.713448999999999955e+01 2.390841500000000153e+01 1.162600466839515718e+02 2.809635623830930840e+01
1.039407649999999990e+02 1.002263800000000060e+01 1.201693613913541299e+02 1.706919602330819430e+01
1.008096900000000034e+02 1.563741100000000017e+01 1.055656009030006572e+02 7.599083023946479054e-01
