1.215274660000000040e+02 9.855489999999999640e+00 1.292785026805164250e+02 1.541872157251590281e+01
1.305158500000000004e+02 8.179097000000000506e+00 9.825653469868821333e+01 2.804463841082216646e+01
1.038123300000000029e+02 1.618331999999999837e+01 1.097690503543187504e+02 2.344905603823673701e+01
1.289122600000000034e+02 1.145462200000000053e+01 1.269588907610528139e+02 1.206188962318787006e+01
1.120762000000000000e+02 7.865459999999999674e-01 1.084232504129210781e+02 2.478833034405672464e+01
9.359354000000000440e+01 1.516930999999999941e+01 9.680613912107062902e+01 2.623750615848991785e+01
1.159256900000000030e+02 2.697432299999999827e+01 9.613943029516582328e+01 2.032670451152901592e+01
1.128090440000000001e+02 2.218561000000000050e+01 1.266304423981817138e+02 1.083587470225855576e+01
1.286751700000000085e+02 8.353201000000000320e+00 1.240468217781732960e+02 8.522696573994265279e+00
1.121058799999999991e+02 5.483360000000000456e-01 1.035221162093600071e+02 3.240670234290147889e+00
1.117835000000000036e+02 4.146894999999999776e+00 1.169574542734029876e+02 2.314557525603474275e+01
1.085890660000000025e+02 5.622329999999999828e-01 1.052895276417106771e+02 1.984466062116328544e+01
1.250700149999999979e+02 1.553383900000000040e+01 1.295780763195724319e+02 1.205187866625744597e+01
1.002797900000000055e+02 2.030880499999999955e+01 9.764121386402183589e+01 2.668912263862114997e+01
1.281042500000000075e+02 1.263489599999999946e+01 1.225852649100023370e+02 3.844568156307255791e+00
1.232273500000000013e+02 4.342469000000000356e+00 1.052630281294124615e+02 1.167898383188165212e+01
1.331578700000000026e+02 1.155118900000000082e+01 1.083265790493585428e+02 1.752152088910499828e+01
1.365897199999999998e+02 8.289113999999999649e+00 1.301693541725591956e+02 1.866349651217978334e+01
1.235097959999999944e+02 2.681490999999999847e+00 1.114076003073874830e+02 2.979423874103686032e+01
1.135725199999999973e+02 1.487359700000000018e+01 1.356460596465921071e+02 1.618109586128342769e+01
1.130037300000000045e+02 2.547221800000000158e+01 1.350117162590097450e+02 3.285144807158098956e+01
1.093217539999999985e+02 1.300310099999999913e+01 1.281612937024221992e+02 1.553528493679291778e+01
1.031737439999999992e+02 5.745917000000000385e+00 1.365115729007616778e+02 2.372634686340082766e+01
9.868321000000000254e+01 2.970345299999999966e+01 1.303435080446791119e+02 1.981022627695380578e+01
1.165043500000000023e+02 1.716985000000000028e+01 1.349353643228544968e+02 1.074138745769908532e+01
1.233091349999999977e+02 7.443515999999999799e+00 1.144554852419021813e+02 3.129786961884150998e+01
1.287118000000000109e+02 8.186422000000000310e+00 9.265167361983756678e+01 3.513570920592894442e+00
1.148343050000000005e+02 2.582363300000000095e+01 1.154406890771412435e+02 3.889865675839358161e+00
1.320785700000000134e+02 1.136370800000000081e+01 1.316875632085939856e+02 1.033477868672810729e+01
1.293635400000000004e+02 1.894171000000000049e+00 1.313608838491890936e+02 3.419220791317258090e+01
1.055970499999999959e+02 6.590237000000000123e+00 1.349017630957781932e+02 4.775394866488541723e+00
1.180108199999999954e+02 1.392753899999999945e+01 1.284378507360430035e+02 8.458261056382909260e+00
1.219884500000000003e+02 2.734084500000000162e+01 1.339942281292815096e+02 1.875527594040473289e+01
1.007858499999999964e+02 2.466396100000000047e+01 9.773786935037516344e+01 3.400789132468850617e+00
1.355842399999999941e+02 3.165399999999999991e+01 9.923430237029199930e+01 3.073923489586729474e+01
1.194070700000000045e+02 1.974189399999999850e+01 9.724042979904828599e+01 1.168619887421435877e+01
1.209411199999999980e+02 1.190699900000000078e+01 1.335267415570815501e+02 3.235313790431778358e+01
1.212094600000000071e+02 1.131169599999999953e+01 1.013591481531855152e+02 9.737167160609924821e+00
1.138526399999999938e+02 2.842907299999999893e+01 1.070996615317783380e+02 2.890708554931876506e+01
1.067377000000000038e+02 2.727607499999999874e+01 1.122594327704354384e+02 2.658453026530892416e+01
1.214991760000000056e+02 1.366147199999999984e+01 1.317128168352605542e+02 3.082958325886172446e+01
1.049673540000000003e+02 2.282041399999999953e+01 9.843849721879915649e+01 2.646665012892371394e+01
1.290645299999999907e+02 1.239838499999999932e+01 1.096165441652775314e+02 2.138098306436061691e+01
1.299641100000000051e+02 1.389185499999999962e+01 9.285838869026147790e+01 7.467697626243857911e+00
1.216335140000000052e+02 1.368565999999999949e+00 1.000495633897720325e+02 3.355585738551919661e+01
1.237547799999999967e+02 1.402938000000000018e+00 1.006825236625196993e+02 2.620440283255379654e+01
1.201075060000000008e+02 6.985503999999999714e+00 1.171793016934863232e+02 1.008270153067994102e+01
1.309324000000000012e+02 9.878012000000000015e+00 1.193063633676652415e+02 3.394916202045549625e+01
1.026750949999999989e+02 3.487172699999999992e+01 1.129186699190950236e+02 1.972973553967383253e+01
1.207382000000000062e+02 1.915753600000000034e+01 9.389040757955987715e+01 5.834492235985591080e+00
1.225343299999999971e+02 4.270537000000000027e+00 1.234933928119085351e+02 9.661525678838195574e+00
1.265867599999999982e+02 2.725253899999999874e+01 9.643989763452910324e+01 4.992233168731871729e+00
1.217082599999999957e+02 1.563973999999999975e+01 1.065839648673786400e+02 1.783594364336173044e+01
1.242736299999999972e+02 6.831006000000000355e+00 1.163793295765112532e+02 2.132858678241658978e+00
1.283993499999999983e+02 1.234091600000000000e+01 1.335383593953762613e+02 3.340948061199812003e+01
1.305723099999999874e+02 3.448748799999999903e+01 1.167616300513546008e+02 1.690802074949791134e+01
1.167711800000000011e+02 1.044548600000000071e+01 1.085530764834030037e+02 3.430254382252345380e+01
1.003582999999999998e+02 2.007404500000000169e+01 9.364267737797339919e+01 3.352197297866491787e+00
1.148044000000000011e+02 2.044948799999999878e+01 1.376040170902982425e+02 1.842264560799959838e+01
9.808326999999999884e+01 2.820190200000000047e+01 1.329856937552673344e+02 3.329712865472579608e+00
1.367545299999999884e+02 1.483705600000000047e+01 1.319382537863959328e+02 1.314532757158388776e+01
1.114416300000000035e+02 1.862790100000000137e+01 1.138077462183618564e+02 9.204143851237300833e-01
1.337603000000000009e+02 1.258384500000000017e+01 1.202442696772760655e+02 9.791750174824453978e-01
1.352699100000000101e+02 1.797872999999999877e+01 1.110968889168053693e+02 3.029701079143455544e+01
1.146143200000000064e+02 2.004928200000000160e+01 1.291363121256649436e+02 3.197311425410160624e+01
1.065750199999999950e+02 2.890432200000000051e+01 1.326152607415102125e+02 1.409878312042699733e+01
1.129410900000000026e+02 1.928609799999999908e+01 9.709724705763294139e+01 2.191940452440712761e+01
1.063184499999999986e+02 2.189414199999999866e+01 9.889364569568921581e+01 3.591285063290143409e+00
1.320423000000000116e+02 1.426623200000000047e+01 1.043299893936366374e+02 1.131616216613326031e+01
1.078554800000000000e+02 1.840535399999999910e+01 9.690633936175123608e+01 1.854234247897257859e+01
1.034284499999999980e+02 2.847408899999999932e+01 9.937418711450669662e+01 1.056378438601457503e+01
1.262585600000000028e+02 1.632781999999999956e+00 1.179823636328216736e+02 3.037517034573705033e+01
1.110863800000000055e+02 2.956343499999999835e+01 1.268511992391614456e+02 2.632348466808781495e+01
1.294016699999999958e+02 5.396980000000000111e-01 1.310631628703390277e+02 1.451328342272006822e+01
1.148470839999999953e+02 1.232656199999999913e+01 1.317216699794990973e+02 2.229096167411200824e+01
1.294755900000000111e+02 2.914704899999999910e+01 1.189389086373006421e+02 6.662298630365869556e+00
1.009060400000000044e+02 2.837463199999999830e+01 1.012678522740613261e+02 6.477278809296344697e+00
1.148805399999999963e+02 1.808004999999999995e+01 1.130154201887963268e+02 3.185361702453535671e+01
9.586464999999999748e+01 3.010379999999999967e+01 1.037248630539923511e+02 2.846437055904594615e+00
9.999969000000000108e+01 2.509792300000000154e+01 1.135937212116593003e+02 2.029408162068583010e+01
1.307908799999999871e+02 1.009277999999999897e+00 9.559995572048359236e+01 9.568686353995673244e+00
1.064715499999999935e+02 3.050993000000000066e+00 1.037011531119885461e+02 2.111236294874072428e+01
1.281656299999999931e+02 6.427754000000000190e+00 1.109870646437819204e+02 2.922660807700849972e+01
1.038327500000000043e+02 1.301466800000000035e+01 1.012107657633096665e+02 8.173383437484192271e+00
1.176956899999999990e+02 6.060266000000000375e+00 1.152893193875668487e+02 1.290552602208345867e+01
1.358888900000000035e+02 4.520160999999999873e+00 9.281458295913310508e+01 5.393318769633765442e+00
1.199054399999999987e+02 1.518948900000000002e+01 1.083863905083431121e+02 1.537646610933268576e+01
1.090832599999999957e+02 1.999703000000000008e+00 1.301225640413679514e+02 1.961117742167704492e+01
1.123958300000000037e+02 1.957101600000000019e+01 1.322041470153873775e+02 2.677258617071005631e+01
1.356722699999999975e+02 1.789586800000000011e+01 1.345307600874720606e+02 2.260593500644301201e+01
1.242183150000000040e+02 2.629088000000000136e+01 1.151161913771063752e+02 1.346687492112199536e+01
1.159619799999999969e+02 3.274969500000000266e+01 9.635186349073536860e+01 9.218940013247923559e+00
1.216805700000000030e+02 2.875600000000000031e-02 1.325181711451243700e+02 1.436308859273841421e+01
1.139231400000000036e+02 3.106367300000000142e+01 1.350602008185640841e+02 2.590684450039166364e+01
1.105762799999999970e+02 1.713849599999999995e+01 1.311379852875010101e+02 2.092154894381713248e+01
1.345495300000000043e+02 6.859785999999999717e+00 1.115470635840100186e+02 1.940868369148856587e+01
1.265958100000000002e+02 2.633954999999999913e+01 1.313375846421819233e+02 2.180487110567733922e+00
9.703319000000000472e+01 2.983398400000000095e+01 1.049567862868671284e+02 5.104634560565948220e+00
1.153960299999999961e+02 3.187136999999999887e+01 9.648768628458661567e+01 1.995126004250065321e+01
1.231007100000000065e+02 2.744201500000000138e+01 1.061731504101854000e+02 7.067476057589994198e+00
9.715987400000000207e+01 1.592667499999999947e+01 1.141594597881779691e+02 1.730040232924037724e+01
1.215111540000000048e+02 9.026956999999999454e+00 1.021692493775135375e+02 2.617922623224299272e+01
1.206880299999999977e+02 9.057698999999999501e+00 1.368868809786848146e+02 3.139258803527600961e+01
1.206234199999999959e+02 2.294290000000000163e+00 1.144364571261112786e+02 7.676186487475178843e+00
9.339405999999999608e+01 1.624022300000000030e+01 1.297023673632635621e+02 2.401154677097026280e+01
1.134364199999999983e+02 3.037878600000000162e+01 1.341038286714161814e+02 3.413516238582084128e+01
9.977344999999999686e+01 2.670044899999999899e+01 1.179820019090572885e+02 3.174235559244017324e+01
1.130484199999999930e+02 2.044042800000000071e+01 9.921416678173501680e+01 1.310476220421390892e+01
1.222112300000000005e+02 1.084067199999999964e+01 1.125362536912682003e+02 9.631630477392489453e+00
1.311990399999999966e+02 2.885759999999999881e+00 1.136259602016516368e+02 3.149486525301214357e+01
1.215634399999999999e+02 8.080892999999999660e+00 1.209163997521188207e+02 1.437375887307953271e+01
1.252135240000000067e+02 1.563707699999999967e+01 1.163079121215082097e+02 2.839642754602735408e+01
1.259750059999999934e+02 8.296856999999999260e+00 9.483720284572284243e+01 6.054215648793108251e+00
1.365753499999999860e+02 3.356936300000000273e+01 1.233173417244192791e+02 7.198237002178403676e-01
1.349069200000000137e+02 4.621629999999999905e-01 1.092213048406942164e+02 2.948671810326687748e+01
1.195463639999999970e+02 2.841035700000000119e+01 1.370085298890037961e+02 2.544360929986999054e+01
1.156852599999999995e+02 1.478857400000000055e+01 1.129414501168329821e+02 2.384563672243381660e+01
1.100269849999999963e+02 1.782430499999999896e+01 1.203235394793341584e+02 2.639647173478771336e+01
1.325039999999999907e+02 4.645293999999999812e+00 1.086645241628956029e+02 2.348862237059847047e+01
1.102149799999999971e+02 2.830182999999999893e+01 1.052930536894633917e+02 2.800792987976405080e+00
1.118961000000000041e+02 1.561135900000000021e+01 1.341383034467574475e+02 1.924719423032652443e+01
1.218649499999999932e+02 3.051391999999999882e+01 1.132337452649013301e+02 2.127882079695926976e+01
1.034781339999999972e+02 1.418773999999999980e+01 9.404181929714937382e+01 7.592957409642934863e+00
1.303266000000000133e+02 5.151488999999999763e+00 1.075752878380769744e+02 1.684627622541808378e+01
1.227206500000000062e+02 2.926232000000000166e+00 1.279552905975623247e+02 2.930598346395101572e+01
1.136618399999999980e+02 2.985846499999999892e+01 1.123562356876271764e+02 2.168451182131118316e+01
1.048792499999999990e+02 1.661124399999999923e+01 1.303485964613871033e+02 1.926868884085983780e+01
1.068052100000000024e+02 1.683014100000000113e+01 9.255771438608155677e+01 2.666279956871694168e+01
1.252556299999999965e+02 7.355453999999999937e+00 1.265325492355065364e+02 1.444159006802471445e+01
9.882135999999999854e+01 3.069462800000000158e+01 1.322971706708533475e+02 2.802821015793770698e+01
1.234977099999999979e+02 1.764413300000000007e+01 1.339790236216583708e+02 1.413353837809346203e+00
1.269099199999999996e+02 8.830450000000000799e+00 9.406477153039745076e+01 7.479255619234905339e+00
1.073838200000000001e+02 2.117361000000000004e+01 1.336866257886601659e+02 2.000339707203972850e+01
1.007028959999999955e+02 2.068726699999999852e+01 1.230738540632679445e+02 1.095657976895678409e+01
1.257966299999999933e+02 8.756054999999999922e+00 1.275716323253384417e+02 3.778762704658042537e+00
1.080927049999999952e+02 1.663354700000000008e+01 1.146748457716767291e+02 1.698050256895505328e+01
1.124703750000000042e+02 1.702895499999999984e+01 1.185212298701781890e+02 1.702460545610972531e+01
1.374745599999999968e+02 3.138292099999999962e+01 1.170601163070220565e+02 9.529509805105410791e+00
1.209112899999999939e+02 7.267337999999999631e+00 1.379268663159027710e+02 3.061154770872125752e+01
1.080707699999999960e+02 1.541756700000000002e+01 1.268259301439820206e+02 9.291695640623398589e+00
1.134964499999999958e+02 2.987325299999999828e+01 1.201985286169656035e+02 4.412269747677954879e-01
9.423632999999999527e+01 1.031035299999999921e+01 1.125921556163093413e+02 8.226852438032430825e+00
9.227543000000000006e+01 1.832281700000000058e+01 1.052155614637985508e+02 1.239275516325470150e+01
1.181114039999999932e+02 1.644512699999999938e+01 1.110735906376692697e+02 2.213439585164666212e+00
1.036124999999999972e+02 3.156100700000000003e+01 9.496179353243414312e+01 2.252917040566724083e+01
1.021120999999999981e+02 2.292310000000000159e+01 1.235299924832506520e+02 2.546239328991685014e+01
9.569082000000000221e+01 2.712815700000000163e+01 9.693583501947640002e+01 8.099248113643024993e+00
1.225421139999999980e+02 1.088495900000000027e+01 1.096302818811856241e+02 1.412862083127044421e+01
9.953991000000000611e+01 1.765159200000000084e+01 1.279852637356538025e+02 2.111202108343139727e+01
1.066582599999999985e+02 2.877814700000000059e+01 1.135580458941881403e+02 1.069215773748759535e+00
1.122994499999999931e+02 1.439847999999999928e+01 9.761091242217842989e+01 3.330542960467209923e+01
1.014491600000000062e+02 2.277094299999999905e+01 1.214462617339028441e+02 3.440009328794258892e+01
1.373412800000000118e+02 7.320990000000000553e-01 1.032453909411381403e+02 3.114326469067966485e+01
1.306561399999999935e+02 2.535673000000000066e+00 1.046294110960064927e+02 1.265928967252151516e+01
9.805646500000000287e+01 1.719266899999999865e+01 1.056201809889159193e+02 8.001299653043930649e-01
1.130678500000000071e+02 1.070391300000000001e+01 1.003356880103799114e+02 1.544241781685553594e+00
1.055329299999999932e+02 8.244474999999999554e+00 1.123453166357250979e+02 3.017476803340986891e+01
1.291512099999999919e+02 1.286193699999999929e+01 1.242142580852999174e+02 1.846390395249539651e+01
1.377720300000000009e+02 1.174125100000000010e+01 1.309108248479326164e+02 1.680209507940505276e+01
1.147472199999999987e+02 3.243150700000000342e+01 1.286318422967392792e+02 3.417996399232713856e+01
1.359555699999999945e+02 2.916656499999999852e+01 1.315921030133363843e+02 1.812339457902987050e+01
9.877991500000000258e+01 1.703118500000000068e+01 1.141288580177806864e+02 7.003758440021533360e+00
1.188802900000000022e+02 7.100107000000000390e+00 1.016284283241552231e+02 2.581105560224990469e+01
1.061745300000000043e+02 2.465655100000000033e+01 1.370999582491173783e+02 2.347065310825706419e+01
9.363790000000000191e+01 1.419008299999999956e+01 1.126819288879810870e+02 5.069726547319452159e+00
1.221697539999999975e+02 5.261603000000000030e+00 1.178747777916508142e+02 1.377358217162779397e+01
9.491244500000000528e+01 6.986594000000000193e+00 1.288643046914696129e+02 3.239414743116645923e+01
1.312442299999999875e+02 1.030026800000000087e+01 1.082299619864122349e+02 9.072561882619442741e+00
9.264901000000000408e+01 2.078608699999999843e+01 1.167041335867465079e+02 3.423154966022726953e+00
1.360862600000000100e+02 1.322449800000000053e+01 1.290785825249813570e+02 2.358254969954641922e+01
1.031240300000000047e+02 2.424801599999999979e+01 1.230973485733546227e+02 3.492111387579217308e+01
1.126016500000000065e+02 1.711163499999999971e+01 1.278581456742259519e+02 3.110456906960123646e+01
1.117577739999999977e+02 2.046753999999999962e+01 9.348350710106059580e+01 2.822058023299735652e+01
1.011475200000000001e+02 2.924591300000000160e+01 1.177174075626441550e+02 1.794329139079169977e+01
1.044074200000000019e+02 1.407581799999999994e+01 1.038906882483766054e+02 1.710410988228676654e+00
1.353319700000000125e+02 1.899710500000000124e+01 1.113122374283527307e+02 4.314813470402703466e+00
1.182392499999999984e+02 2.503325500000000048e+01 1.218071476881684134e+02 3.174000583674977705e+01
1.181860400000000055e+02 2.456443600000000060e+01 1.221264316657603786e+02 2.781820412664641395e+01
1.299299300000000130e+02 1.610754400000000075e+01 1.120827942009382241e+02 7.011293511722318961e+00
1.019945450000000022e+02 1.624662599999999912e+01 9.429868919735652355e+01 1.084551446831466848e+01
1.213342499999999973e+02 2.617049000000000181e+00 1.192139843647271960e+02 7.206689396337415232e+00
1.252770199999999932e+02 1.020389400000000002e+01 1.226874532669683191e+02 3.423628341907053851e+01
1.305737499999999898e+02 2.831986999999999810e+00 1.204461885898527242e+02 2.212548834067546366e+01
1.221295800000000042e+02 8.650660999999999490e+00 1.074462481407826715e+02 2.258591701876167335e+01
1.344037299999999959e+02 3.264661399999999958e+01 1.189511906808652100e+02 2.383893848790538073e+01
1.030680899999999980e+02 2.392125499999999860e+01 1.370884820770021406e+02 1.901979952085129932e+00
1.305980999999999881e+02 1.224686600000000070e+01 9.303564588753060605e+01 1.724005336196993809e+01
1.301707000000000107e+02 5.522420000000000107e-01 1.257804691725763178e+02 1.011823504634045179e+01
1.246537699999999944e+02 1.549389700000000047e+01 1.084275040408522841e+02 3.497508009687740582e+01
1.203130950000000041e+02 1.544907599999999981e+01 1.255759267361265472e+02 7.728543889087213792e+00
1.068494100000000060e+02 1.800854100000000102e+01 1.188439852343426537e+02 7.520673934142783068e+00
1.076719200000000001e+02 1.886546900000000093e+01 1.367579885439302814e+02 2.134201488346569064e+01
1.173357539999999943e+02 2.219921099999999825e+01 1.119962881483631776e+02 1.998812229757496084e+01
1.191146099999999990e+02 1.880997299999999939e+01 1.294986325852476341e+02 3.911028335967135394e+00
1.344432400000000030e+02 7.931499999999999773e+00 1.364932004386759843e+02 1.920427430491982790e+01
1.016832100000000025e+02 1.628771199999999908e+01 1.234471117274821950e+02 2.718624787918386332e+01
1.302385099999999909e+02 7.992467999999999684e+00 1.023254232379172208e+02 4.848904397537695310e+00
1.153614500000000049e+02 1.834740400000000093e+01 1.322696116267132993e+02 3.300658593262448193e+01
1.364772499999999980e+02 2.120343999999999784e+00 1.020160121526076864e+02 1.139222261416384363e+01
1.058240600000000029e+02 1.711543800000000104e+01 1.073493361141297697e+02 2.629215720924840127e+01
1.358911999999999978e+02 3.048414999999999875e+00 9.356296440636428713e+01 3.266075774043808622e+01
1.102496799999999979e+02 2.905307200000000023e+01 1.239262242956540803e+02 1.073681497443031674e+01
9.910477000000000203e+01 2.538836900000000085e+01 1.362702626288408965e+02 2.291522194197730400e+01
1.010540500000000037e+02 1.139439199999999985e+01 1.286471838424842247e+02 3.014727366143952381e+01
1.262135240000000067e+02 1.085353699999999932e+01 9.386743850745736495e+01 7.771573356678510791e+00
1.144742360000000048e+02 2.767989000000000033e+01 1.293463808159844461e+02 1.831241551525827305e+01
1.105124739999999974e+02 2.767481799999999836e+01 1.165999461354857942e+02 2.877643798477832604e+01
1.161196300000000008e+02 2.374014299999999977e+01 1.294478691376307893e+02 1.257177577990648132e+01
1.088749899999999968e+02 2.917879299999999887e+01 1.226401294266308071e+02 1.218376062217858724e+01
1.179488199999999978e+02 1.651808199999999971e+01 1.066079315990462106e+02 2.882756975684679190e+01
1.245306700000000006e+02 7.659853000000000023e+00 1.225672379167662029e+02 4.553796829540869062e+00
1.035757499999999993e+02 1.086949599999999982e+01 1.019540784406334808e+02 3.043719353456238252e+01
1.306562800000000095e+02 2.621539999999999981e-01 1.031281003893749784e+02 1.778508653072704604e+01
1.175967899999999986e+02 3.310830700000000348e+01 9.240270078727900227e+01 3.448375889088985957e+01
1.134008259999999950e+02 2.899073999999999884e+01 1.101479889950710316e+02 4.253762458498547616e+00
1.324894099999999924e+02 1.522223000000000104e+00 1.079727008805952124e+02 8.691625597202238040e+00
1.277506199999999978e+02 9.857113000000000014e+00 1.308142076378973115e+02 2.914712998493621399e+01
1.209513000000000034e+02 1.574554299999999962e+01 1.146913524190548657e+02 1.742303912380459963e+01
1.250190400000000039e+02 1.223044999999999938e+01 1.049330394695722504e+02 2.000606858736695415e+01
1.331729400000000112e+02 1.186766300000000030e+01 1.010263771776279498e+02 2.431260887955237848e+01
1.233474350000000044e+02 2.519231399999999965e+01 9.406483435525311165e+01 2.048308431161884258e+01
9.548212999999999795e+01 1.554973200000000055e+01 1.356997674511581522e+02 2.553459464708945248e+00
1.171555249999999972e+02 2.330280700000000138e+01 1.258641143765168238e+02 2.580355221578287672e+00
1.005264739999999932e+02 1.630819999999999936e+01 1.043741198895422428e+02 2.597628465063935366e+01
1.232222500000000025e+02 1.022940900000000042e+01 9.318831220738073284e+01 2.197107166797933431e+01
1.066250150000000048e+02 2.543620000000000214e+00 9.827755647146582874e+01 2.940169712232742683e+01
1.285522300000000087e+02 3.419751999999999903e+00 1.055891062862891943e+02 2.183368370260153313e+01
1.006978600000000057e+02 1.544444200000000045e+01 1.149786539009257496e+02 3.495042173124862472e+01
1.141837539999999933e+02 2.640196200000000104e+01 1.124938489484437980e+02 5.942037726913611095e+00
1.033414700000000011e+02 2.611897300000000044e+01 1.018647161694357237e+02 6.423904527091687910e+00
1.239107999999999947e+02 6.146923000000000137e+00 1.246117604859579444e+02 4.591239322831198955e+00
1.082674300000000045e+02 2.621295500000000089e+01 1.016449042347954190e+02 3.056802628415000456e+01
1.274613300000000038e+02 8.821358999999999284e+00 1.342152617435805269e+02 2.730082645171879108e+01
1.276204900000000038e+02 1.005807899999999933e+01 1.232319118451418944e+02 1.725575389310780849e+01
1.293536799999999971e+02 7.147846000000000366e+00 1.379907205167230302e+02 2.469078773894351642e+01
1.134846040000000045e+02 1.515536099999999919e+01 1.157480113553507977e+02 1.973189556177099746e+01
1.210716900000000038e+02 6.892971000000000181e+00 1.005784100173970188e+02 1.069307040029886657e+01
1.134188099999999935e+02 1.023753300000000088e+01 1.274281353424553629e+02 1.490958076188030645e+01
1.072066800000000057e+02 2.882234800000000163e+01 1.208775050933205080e+02 1.795199570494479602e+01
1.213953300000000013e+02 5.272655000000000314e+00 1.044651920259920814e+02 2.404888532050561523e+01
9.699267600000000300e+01 3.332831000000000188e+01 1.112546586366286760e+02 3.931474620868769421e+00
1.039350500000000039e+02 2.735918399999999906e+01 1.069221582912228712e+02 1.307144808301725725e+01
1.008948800000000006e+02 1.652329800000000048e+01 1.122404400488251213e+02 1.680584073546154578e+00
1.223199099999999930e+02 8.781103999999999132e+00 1.119458442401751768e+02 5.370356691843198860e+00
1.000685000000000002e+02 2.550993300000000019e+01 1.363204839713228012e+02 1.647998596122829440e+01
1.087034450000000021e+02 1.879413800000000023e+01 1.357289801140442762e+02 2.641305206791969340e+01
1.226914500000000032e+02 9.774010000000000531e+00 1.152076189875764385e+02 2.574267455183251130e+01
1.302130600000000129e+02 1.211599499999999985e+01 1.338485356198158911e+02 1.440181139332738525e+01
1.122847440000000034e+02 1.660995300000000086e+01 9.742335750581042930e+01 8.425448400052523823e+00
1.244601700000000051e+02 2.153512000000000093e+00 1.086839941728722181e+02 4.660247497358229296e+00
9.893878999999999735e+01 2.680315399999999926e+01 1.095006244376338174e+02 1.483021239109379863e+01
1.286229600000000062e+02 3.030732499999999874e+01 1.080121316408014707e+02 6.208035931894229087e-01
1.064823149999999998e+02 3.252676000000000123e+00 1.250581370330465631e+02 3.050862812032044147e+01
1.216560750000000013e+02 3.921428999999999832e+00 1.298393898214975479e+02 2.927431784222310895e+01
1.158468500000000034e+02 2.654724699999999871e+01 1.314549458434179314e+02 2.791285095173586583e+01
1.049325299999999999e+02 2.927804199999999923e+01 1.166544068086533343e+02 3.091961546646066950e+01
1.370959000000000003e+02 5.531164999999999665e+00 1.193086924530042126e+02 1.892536658713721209e+01
9.954317000000000348e+01 2.821960599999999886e+01 1.203408760919103884e+02 8.679652320638911789e+00
1.067415100000000052e+02 2.775080900000000028e+01 1.237759178589216447e+02 2.808643805102119728e+01
1.063705499999999944e+02 2.535100999999999871e+01 1.255060443474731358e+02 1.196588345944499210e+01
1.065282440000000008e+02 1.715186000000000099e+00 1.297574624634539759e+02 8.438036312539944461e+00
1.020575599999999952e+02 3.032312399999999997e+01 1.328684447542097189e+02 2.088863622505865081e+01
1.308442000000000007e+02 8.125244999999999607e+00 1.271954145295570981e+02 2.289690857868546647e+00
1.255835950000000025e+02 1.142485399999999984e+01 1.117830050393949080e+02 2.462371703570244108e+01
1.094362699999999933e+02 8.352039999999999464e-01 1.126868482853793694e+02 3.049825943973966247e+01
1.205678249999999991e+02 2.621988100000000088e+01 1.066494908944151803e+02 1.725423541038643815e+00
1.273446660000000037e+02 1.365026600000000023e+01 1.288274855048470897e+02 2.737144333994256229e+01
1.008322600000000051e+02 1.836909500000000151e+01 1.061692225399043821e+02 7.135959350993786643e+00
1.221725399999999979e+02 1.971065000000000067e+00 1.377212873443079957e+02 2.034430774108385265e+01
1.132039199999999965e+02 1.668616300000000052e+01 1.288734480235295337e+02 1.894302171309603011e+01
9.397973000000000354e+01 1.450080900000000028e+01 1.104948533923170686e+02 4.672755093574539664e+00
1.126715200000000010e+02 1.748623999999999867e+01 9.851078216998514847e+01 1.843382777858360022e-01
1.087293999999999983e+02 2.527930000000000010e+00 1.017116824576227998e+02 1.748994184291677456e+01
1.151012699999999995e+02 2.510251999999999839e+01 1.215806088142409749e+02 3.048852935005654885e+01
9.981171000000000504e+01 2.392927600000000155e+01 1.097363402984376677e+02 8.924781642892181566e+00
1.274308900000000051e+02 1.213617600000000074e+01 1.262609876852282866e+02 1.819368624530143563e+01
1.328286300000000040e+02 1.854412800000000061e+01 1.343081595038200931e+02 6.232625051262596472e+00
1.010747149999999976e+02 1.745857799999999926e+01 1.119593343639905640e+02 2.342713147532082019e+01
1.034372900000000044e+02 1.659929699999999997e+01 1.362710263860892042e+02 2.190651329292873228e+01
1.022638800000000003e+02 3.262707999999999942e+01 1.331049999460669540e+02 3.260255456056063394e+01
1.061328350000000000e+02 2.596210900000000166e+01 1.147853916778692422e+02 5.383747249370587795e+00
1.066970400000000012e+02 2.854751200000000111e+01 1.348371723575698979e+02 1.440333644448025252e+00
1.074241999999999990e+02 2.922848300000000066e+01 1.294683394694796164e+02 9.160653001655404637e+00
1.210836500000000058e+02 1.404887100000000011e+01 1.054196327913167863e+02 3.294401491202886234e+01
1.082274599999999936e+02 2.717001000000000133e+01 1.061582773992991378e+02 1.776190408389407338e+01
9.410971999999999582e+01 1.075564600000000048e+01 1.193906617171290350e+02 2.406510806551253268e+00
1.156589100000000059e+02 2.078124199999999888e+01 1.269203305409251783e+02 2.957410803506234487e+01
1.023049299999999988e+02 2.800608000000000075e+01 1.209435431655356297e+02 6.519825613718256641e+00
1.162218600000000066e+02 1.465482599999999991e+01 9.899046344113340012e+01 1.641922052159746670e+01
1.224107740000000035e+02 7.443858999999999781e+00 1.172498688874169233e+02 3.331070932594356826e+00
1.349417400000000100e+02 3.249795499999999748e+01 9.389447871476566831e+01 1.093533515264278755e+01
1.218254000000000019e+02 4.371687999999999796e+00 1.232581030881433719e+02 2.522262167675231481e+01
1.092710799999999978e+02 1.336278599999999983e+01 1.096751410952989403e+02 1.254300325175112718e+01
1.197189560000000057e+02 1.547260600000000075e+01 1.329228345281887869e+02 3.315520721139296256e+01
1.064764899999999983e+02 2.161875300000000166e+01 1.285739251952883251e+02 9.036731627396479283e+00
1.073123599999999982e+02 2.557497199999999893e+01 1.119187059992865443e+02 3.212900208243166134e+01
1.158584060000000022e+02 1.987986000000000075e+01 1.298075949695826807e+02 2.655693057392589651e+01
1.101968499999999977e+02 2.375801699999999883e+01 1.288993497362064886e+02 5.214499178059826434e+00
1.040978850000000051e+02 1.695514100000000113e+01 1.245471920707644529e+02 2.695990279056631422e+01
1.297366499999999974e+02 1.097087800000000080e+01 1.317745566263138812e+02 2.241738584068137641e+01
1.350546699999999873e+02 1.248166299999999929e+01 1.320378322845254218e+02 3.474725505330372499e+01
1.206926299999999941e+02 6.446999999999999953e-02 1.363117941952522187e+02 2.778381526674395641e+00
1.213958800000000053e+02 1.269575000000000031e+01 1.187016517693680555e+02 3.250857070224522971e+01
1.286587700000000041e+02 1.192577099999999923e+01 1.295010228093232740e+02 3.377892060997234580e+01
1.268122939999999943e+02 2.672148999999999930e+01 1.194685678197851928e+02 2.246550620526092956e+01
1.291559399999999869e+02 1.352395500000000084e+01 1.325066696611802683e+02 2.412993568718287563e+01
1.068714449999999943e+02 1.286970200000000020e+01 1.301345346482438003e+02 8.611221485416896471e+00
1.178697700000000026e+02 2.086379200000000012e+01 9.870329888085727532e+01 7.955313208744937192e+00
1.236492400000000060e+02 8.307256999999999891e+00 9.516551205618551990e+01 2.078644574441360504e+01
1.152771500000000060e+02 4.479098999999999720e+00 1.016972820449092580e+02 3.077006980298298444e+01
9.755183399999999949e+01 3.184772999999999854e+01 1.322837897453964331e+02 3.451965228063934887e+01
9.890682999999999936e+01 1.802293200000000084e+01 1.005623163543426131e+02 1.738008066161401644e+01
1.005045199999999994e+02 2.882197800000000143e+01 1.363168977591344628e+02 6.885770733580277358e+00
9.987552999999999770e+01 8.232086999999999932e+00 1.043993242981832452e+02 1.300007759104816607e+01
1.228618239999999986e+02 3.672254999999999825e+00 1.049374215465029181e+02 2.554302432105292198e+01
1.208341900000000066e+02 1.204352800000000023e+01 1.173074691237183345e+02 1.187094756160694864e+01
1.340509999999999877e+02 2.624378400000000156e+01 9.813738814329607862e+01 3.478289492145063999e+00
1.176738359999999943e+02 1.385884099999999997e+01 1.364787488463358898e+02 3.162702299297610509e+01
1.024364300000000014e+02 2.697588299999999961e+01 1.358961485217008374e+02 2.111621606116844774e+01
1.079864000000000033e+02 3.225813699999999784e+01 1.093338519299149425e+02 2.975879218320620012e+01
1.295191499999999962e+02 3.220691300000000012e+01 1.325862112954254144e+02 1.274553189611263981e+01
1.040049199999999985e+02 2.438359600000000071e+01 1.309994894870665121e+02 1.125661057484806271e+01
1.258230060000000066e+02 9.050392999999999688e+00 1.227100318120604499e+02 3.052087892617591791e+01
1.305616899999999987e+02 5.040212999999999610e+00 1.124672557639701722e+02 2.839342849581940342e+01
9.723202000000000567e+01 2.960429800000000000e+01 9.771929803333893005e+01 2.960814242803731844e+01
9.689548999999999523e+01 3.139643900000000087e+01 1.145654998851056661e+02 3.146810832303647132e+01
1.234565599999999961e+02 1.023036199999999951e+01 9.205029934237002465e+01 4.722446602183392628e+00
1.065032039999999967e+02 4.921710000000000251e-01 9.519923409114072399e+01 1.227033798229591355e+01
9.844208500000000583e+01 2.976761600000000030e+01 1.294900407059977852e+02 9.643853791304207945e+00
1.344861300000000028e+02 1.449819800000000036e+01 1.101632555026683065e+02 3.772189665183537599e+00
1.229570539999999994e+02 1.920611999999999986e+00 1.140394046796415068e+02 4.868605507360382667e+00
1.274334099999999950e+02 7.574142000000000152e+00 1.134996284015939096e+02 1.318958938224796640e+01
1.063896100000000047e+02 3.912881000000000054e+00 1.322946937635710754e+02 1.075498424642874795e+01
1.072773499999999984e+02 2.767564799999999892e+01 1.079659433277803373e+02 1.190633802625046123e+01
1.286900599999999883e+02 1.486477799999999938e+01 9.946764188195426470e+01 3.094272842989229844e+01
1.042143250000000023e+02 3.424630400000000208e+01 9.251960230310295685e+01 2.287473457117320308e+01
1.012301199999999994e+02 1.617340499999999892e+01 1.051653572871749276e+02 2.323958279020796880e+01
1.140832999999999942e+02 2.683112699999999862e+01 9.344501394937269367e+01 1.433672633397296536e+01
1.063831100000000021e+02 8.929643999999999693e+00 1.218511034013457106e+02 3.494077605751609639e+01
1.227981199999999973e+02 3.281226699999999852e+01 1.309926057328452771e+02 1.550065875434895801e+01
1.187546099999999996e+02 1.839382399999999862e+01 1.181194029959862917e+02 1.963309325626337198e+01
9.609209400000000301e+01 1.652753299999999825e+01 9.494022650505932859e+01 2.025088556386557315e+01
1.327039000000000044e+02 1.584810399999999930e+01 1.278776496658127968e+02 4.005070281705599200e+00
1.239427000000000021e+02 2.807401000000000035e+00 9.706616338525896026e+01 2.767791143786635644e+01
1.262143800000000056e+02 1.201316999999999968e+00 1.035305179529532325e+02 2.934533107105220040e+01
1.205876159999999970e+02 1.334072899999999962e+01 1.147575629677714062e+02 3.127334484634766909e+01
1.331451700000000073e+02 1.564029200000000053e+01 1.241038246890589392e+02 8.950313516823662496e+00
9.312736999999999910e+01 1.080105299999999957e+01 1.093877097777559584e+02 3.293987683071610828e+00
1.225821150000000017e+02 6.734340000000000437e+00 1.152326240746151029e+02 2.832061378486967484e+01
1.268019900000000035e+02 6.239142000000000188e+00 1.125200517410078760e+02 3.443039626723050972e+00
1.255556260000000037e+02 1.372629099999999980e+01 1.180193310677269665e+02 2.307962849043174103e+01
1.079673540000000003e+02 1.237299100000000074e+01 9.815820612133221346e+01 1.995394761757271596e+01
1.056316000000000059e+02 1.004083999999999932e+01 9.315109510850632546e+01 1.747479475324638187e+01
1.139202300000000037e+02 1.739189000000000007e+01 1.004039697711345553e+02 3.214665358972543174e+01
1.222190400000000068e+02 1.304349299999999978e+01 1.192707444344756453e+02 2.956978596138210236e+01
1.044894199999999955e+02 3.404343999999999681e+01 1.127613416814356242e+02 4.443463666205929918e+00
1.002700300000000055e+02 1.703686300000000031e+01 1.181276462277752728e+02 2.989571072436008947e+00
1.094431699999999950e+02 2.603854600000000019e+01 1.354325151784034915e+02 3.159048839983766399e+01
1.290050699999999892e+02 1.324962900000000054e+01 1.193022387478764159e+02 1.972862503082679630e+00
1.064971539999999948e+02 2.229241000000000028e+01 1.198213534066993020e+02 2.331564763274438334e+01
1.053674550000000067e+02 7.722144000000000119e+00 1.331627032318890258e+02 3.519645711454988390e+00
1.120615540000000010e+02 2.049053999999999931e+01 1.163457333671141782e+02 2.360553114068365232e+01
9.982527000000000328e+01 2.515078700000000111e+01 1.058009516086874129e+02 2.584914558492670977e+01
1.376754999999999995e+02 1.454145600000000016e+01 1.353587001822666878e+02 2.018642353062006123e+01
1.078603300000000047e+02 3.205924000000000262e+01 1.139749087336721800e+02 3.402050482106952245e+01
1.273195599999999956e+02 1.021326400000000056e+01 1.342478629926168310e+02 2.365993074556526565e+01
1.041200560000000053e+02 2.495909899999999837e+01 1.065361003145189898e+02 4.655379179985337679e+00
1.339961700000000064e+02 3.438096600000000080e+01 1.044267631687615392e+02 4.769152032234226013e+00
1.121307599999999951e+02 2.552255800000000008e+01 9.705499496185960595e+01 1.099777078020464494e+01
1.081589000000000027e+02 1.194670699999999997e+01 1.239910464374004988e+02 3.058798486628145952e+01
9.492020999999999731e+01 2.098355700000000112e+01 1.202603659551330395e+02 2.188717066997807592e+01
1.140755900000000054e+02 8.455011999999999972e+00 9.743870697306212492e+01 3.964367969088980370e+00
1.172544599999999946e+02 4.492557999999999829e+00 1.317203998177653261e+02 6.160458325326365170e+00
1.240121900000000039e+02 1.423227999999999938e+00 1.369971025802894928e+02 2.932674158272796916e+01
1.211230850000000032e+02 1.021513700000000036e+01 1.016023502767299220e+02 2.374302015417988088e+01
1.098299099999999981e+02 2.569585199999999858e+01 1.315991076296976985e+02 2.906123997031027884e+01
1.182651900000000040e+02 1.205452299999999966e+01 9.249611865554739154e+01 1.517834655515907194e+01
1.088499999999999943e+02 2.839095999999999975e+01 1.355868194899171897e+02 1.405042959388641322e+01
1.207063399999999973e+02 1.393922799999999995e+01 1.212017886629587053e+02 9.812175903701847446e+00
1.303382699999999943e+02 1.019772700000000043e+01 1.034931668825406206e+02 2.590958728153947632e+01
1.084680560000000042e+02 1.681018399999999957e+01 1.352258118511854832e+02 9.732647189034954849e+00
1.166653400000000005e+02 4.134577000000000169e+00 1.234278352006652000e+02 1.428595201571978102e+01
1.234837399999999974e+02 2.555160000000000209e-01 1.107413477913192139e+02 2.028453583715750597e+01
1.210699099999999930e+02 1.798126600000000153e+01 9.363391966523042242e+01 2.291553862110657036e+01
1.013173800000000000e+02 1.780067999999999984e+01 1.359471141181984422e+02 3.387897468255544453e+01
1.006493899999999968e+02 1.672829600000000028e+01 9.716285152357998811e+01 1.546698561036056319e+01
1.020943999999999932e+02 1.659711000000000070e+01 1.170707009388709992e+02 3.480696538690619946e+01
1.252029399999999981e+02 8.083719000000000321e+00 1.308571100019584605e+02 1.591810802875431463e+01
1.110467699999999951e+02 3.238026399999999683e+01 1.226311503163235272e+02 1.480049634572597483e+01
