4.395738999999999663e+01 6.639521000000000583e+01 2.818044927681877709e+01 5.929258555826443455e+01
4.050164399999999887e+01 6.437727999999999895e+01 1.412305954302404487e+01 4.421508208421792574e+01
3.686227800000000343e+01 3.918325000000000102e+01 1.771554478898518070e+01 4.411487965335011552e+01
1.850905399999999901e+01 4.941867400000000288e+01 1.525226173776284178e+01 4.385646120767885492e+01
1.402747199999999950e+01 5.472702400000000011e+01 4.422434116517707281e+01 6.195347111164058163e+01
3.723375699999999711e+01 4.605458500000000299e+01 7.852238782628706559e-02 5.684802831550382507e+01
3.755053000000000196e+01 4.706860999999999962e+01 1.690864421159847808e+01 6.318469265714214345e+01
1.794423899999999961e+01 3.598913600000000201e+01 8.287541717579909317e+00 4.729944366873006345e+01
1.467177799999999976e+01 5.773542799999999886e+01 2.821698477480222778e+01 4.568903271442778191e+01
3.440533999999999981e+00 6.347988999999999749e+01 2.960161721484055874e+01 6.002485762716308670e+01
1.141605700000000034e+01 6.056696300000000122e+01 1.291614494341891195e+01 5.810732406564049768e+01
3.829247699999999810e+01 4.202132999999999896e+01 1.534834981037100121e+01 6.081777036878399656e+01
2.802718399999999832e+01 4.850047699999999651e+01 2.384905565731100907e+01 3.617772927487240509e+01
5.806896000000000058e+00 5.836661999999999750e+01 3.618709986656877042e+00 6.367352549051459221e+01
1.885070999999999941e+01 3.843242300000000000e+01 1.561235692574610923e+00 4.573489375913540300e+01
2.608603499999999897e+01 5.371799500000000194e+01 2.282683849508559248e+01 4.754675437206647359e+01
2.327441599999999866e+01 6.096310799999999830e+01 3.129984603914041941e+01 6.582380755666679306e+01
4.172695499999999669e+01 5.496815000000000140e+01 2.641356846259864710e+01 4.882579678479517327e+01
4.413381600000000304e+01 4.091939500000000152e+01 2.201606969411595216e+01 4.736927966650983279e+01
3.627033200000000335e+01 6.874580000000000268e+01 2.287716397202017049e+01 6.472577684159884370e+01
2.205181100000000072e+01 3.523134999999999906e+01 2.541031735303594985e+01 5.108444897308140753e+01
3.592328599999999739e+01 6.328816599999999681e+01 2.765102940700305822e+01 3.782843069119952872e+01
1.361084800000000072e+01 5.798697299999999899e+01 3.800737550021561617e+01 5.341907751675104521e+01
2.435888900000000135e+01 4.030353499999999656e+01 4.106948336014664136e+00 6.173016619352252121e+01
1.374290700000000065e+01 3.531032600000000343e+01 1.447623925721414651e+01 5.803450655954615911e+01
1.857514400000000165e+01 5.021511999999999887e+01 2.255627560533611842e+01 5.000380657925120431e+01
1.555455000000000076e+01 5.569803999999999888e+01 8.780067769072193329e+00 5.591673082079407209e+01
4.928863999999999912e+00 3.607365800000000178e+01 4.474081007564078050e+01 3.645616011005529344e+01
3.270170000000000243e+01 3.922698199999999957e+01 1.893269685446215078e+01 5.978156354375745707e+01
1.695798999999999879e+01 5.944569400000000314e+01 2.047837036989471926e+01 4.949677456983908996e+01
3.776679999999999815e+00 6.761346399999999335e+01 3.537814692209084200e+01 4.438867829888363303e+01
1.840980499999999864e+01 6.314235999999999649e+01 4.330387663672946275e+01 6.032425822635599388e+01
1.041146900000000031e+01 6.011702300000000321e+01 2.295904625198394200e+01 4.035153948843586846e+01
4.435824999999999818e+01 6.275203700000000140e+01 2.759944618247497772e+01 6.619815424469663867e+01
6.941837999999999731e+00 5.484263599999999883e+01 5.219375769590104852e+00 3.541225254917061704e+01
4.226343500000000120e+01 5.597084999999999866e+01 1.335981431411118514e+01 4.078524525448703741e+01
6.800587000000000160e+00 4.302304500000000331e+01 2.517338713254846816e+00 4.392532710446434407e+01
1.382319799999999965e+01 4.889654999999999774e+01 4.051610878674139826e+00 3.549311857331492348e+01
1.589990000000000059e+01 4.083497599999999750e+01 3.889264362096172434e+00 4.108795946601698290e+01
1.090090900000000040e+01 3.807943000000000211e+01 4.031566212864979803e+01 3.567614457818015694e+01
1.771556700000000006e+01 5.204643599999999992e+01 2.725093891198368823e+01 3.786083347281150679e+01
1.744542300000000168e+01 5.826115999999999673e+01 3.580096136101864346e+01 4.860433949667145725e+01
1.454934199999999933e+01 5.151118000000000308e+01 3.744547193762701198e+01 6.419416438448305939e+01
6.144984000000000002e+00 6.894272999999999740e+01 3.218144169855283110e+01 4.548446791470999528e+01
4.067368299999999692e+01 4.512512999999999863e+01 5.577857108852665391e+00 6.172140027188950029e+01
2.065120100000000036e+01 5.022468599999999839e+01 1.197267087507506744e+01 3.923432845041536154e+01
2.412726800000000082e+01 6.435965000000000202e+01 1.585860496562330901e+01 3.702201516181804664e+01
1.266952000000000078e+00 5.349620000000000175e+01 2.903461045403244256e+01 6.371065591299975495e+01
4.599398399999999754e+01 5.064596000000000231e+01 2.176318973065338369e+01 4.086103300882553668e+01
1.688383899999999826e+01 6.872863999999999862e+01 1.905183932243944867e+01 4.663648070770257448e+01
8.302600999999999232e+00 5.731612400000000207e+01 5.146728217256304028e+00 6.500840462724389113e+01
1.969234700000000160e+01 5.636274300000000181e+01 9.271572441704666545e+00 5.979228303926780796e+01
1.064278000000000013e+01 3.593257499999999993e+01 1.565829926298314767e+01 3.684309454474296786e+01
1.717481199999999930e+01 4.939264699999999664e+01 4.866387937514112139e+00 5.175103373899726478e+01
1.078702499999999986e+01 5.680120999999999754e+01 1.074254770035746276e+01 6.759056840133389699e+01
2.702414100000000019e+01 5.420182400000000200e+01 1.298006599918740811e+01 3.620941658461416779e+01
4.526735699999999696e+01 4.896455000000000268e+01 2.549368088122697884e+01 6.411890173275712357e+01
5.472330000000000361e+00 5.335338600000000042e+01 8.123606828400020685e-01 3.778843862695921985e+01
1.468800399999999939e+01 5.225485599999999664e+01 1.853934211748048355e+01 5.085261063537546988e+01
1.920691499999999863e+01 5.303544999999999732e+01 9.361098037316322618e+00 6.252698394721987540e+01
2.510159099999999910e+01 5.985209300000000354e+01 1.751206896237963306e+01 3.775562399621245646e+01
3.888106000000000062e+00 5.048085400000000078e+01 3.351476071505833687e+01 5.974420891931112010e+01
2.364203300000000141e+01 5.437124599999999930e+01 6.328212116173560275e+00 3.822195356751213779e+01
3.931379299999999688e+01 4.527141000000000304e+01 3.508756555081551198e+01 3.512023981362209923e+01
1.888938900000000132e+01 5.165296000000000021e+01 2.954666680604567475e+01 5.288190798940898674e+01
2.159208900000000142e+01 6.456528500000000292e+01 1.648061295842513596e+00 5.871100363769561170e+01
3.484050799999999981e+01 5.297476999999999947e+01 2.288367640642188405e+01 3.752591561978235291e+01
1.119804800000000000e+01 3.719761299999999693e+01 1.084307409740108064e+01 3.869617565152648808e+01
8.035541999999999518e+00 5.824181399999999798e+01 1.940216451962657374e+01 6.709396996224410259e+01
1.831494100000000103e+01 5.697215700000000282e+01 3.124956691774297468e+01 4.048411453414029637e+01
5.017045999999999673e+00 6.124369399999999786e+01 4.414356954593633731e+01 6.541897882695458577e+01
4.311293799999999976e+01 6.226658199999999965e+01 4.202825472946239671e+01 4.533115234228318968e+01
1.603790000000000049e+01 5.111860300000000024e+01 1.097329906189977322e+01 4.226518400897032990e+01
9.780222999999999445e+00 6.434031000000000233e+01 3.321986338810323502e+01 6.203373482343329215e+01
4.091361000000000026e+00 4.878864699999999743e+01 9.698628381508669349e+00 5.713113869791553157e+01
2.030260000000000176e+01 4.154736700000000127e+01 1.988506128780839788e+01 4.690467824679492992e+01
3.976872300000000138e+01 4.182928499999999872e+01 8.903613079535084296e+00 3.990628431359271389e+01
1.709412199999999871e+01 3.846061300000000216e+01 3.357328483166246258e+01 3.612969186095905627e+01
2.223735599999999835e+01 5.425853000000000037e+01 1.486292406038752922e+01 4.087858714994552400e+01
1.129326499999999989e+01 5.664357400000000098e+01 1.444745643508191435e+01 5.295132584868331094e+01
3.692164600000000263e+01 5.673498000000000019e+01 1.969068269265472182e+01 6.710094766500719743e+01
2.789372300000000138e+01 5.365411000000000286e+01 4.545458561801936526e+00 3.785627251711120778e+01
1.183044499999999921e+01 4.587407699999999977e+01 2.088227243402606348e+00 5.628279626729592877e+01
5.118711000000000233e+00 4.684667199999999809e+01 3.024020982447201966e+00 5.077806984838691307e+01
2.863870000000000005e+01 5.514508399999999710e+01 4.186956444475465133e+01 3.627216482231700212e+01
3.767517500000000297e+01 5.193505499999999842e+01 2.177540001467502151e+01 4.296626298590329895e+01
3.591124999999999901e+00 5.467796299999999832e+01 2.453750063902653622e+01 4.554675920194353012e+01
2.770133799999999979e+01 4.904314000000000107e+01 3.608571531251366338e+01 5.167062106250195086e+01
2.578445999999999927e+01 5.026700199999999796e+01 2.313168505935180974e+01 6.698663182793607973e+01
3.773040999999999912e+01 4.127143999999999835e+01 5.993187505053460207e+00 3.564581048836050314e+01
1.577243900000000032e+01 4.070953800000000200e+01 2.474913331150296969e+01 5.485732787930213306e+01
1.942442700000000144e+01 4.250298699999999741e+01 2.639328287628222114e+01 4.807218820031944517e+01
2.085089999999999932e+01 3.981597500000000167e+01 3.181864687234764588e+01 5.531692765506437581e+01
3.114416999999999991e+00 5.429412500000000108e+01 1.648229847308190443e+01 5.267553989630526701e+01
4.529326999999999970e+01 4.384725999999999857e+01 2.195375071362555985e+01 5.890631140080965622e+01
4.265365599999999802e+01 5.176737599999999873e+01 3.214631697082617023e+01 5.876364497617744576e+01
1.933521800000000113e+01 3.957661399999999929e+01 4.580642449834485319e+01 3.694086722409767276e+01
3.236693999999999960e+00 6.044221000000000288e+01 2.899690835875334471e+01 6.886510385160377723e+01
4.264042299999999841e+01 6.011877400000000193e+01 3.800546910008964119e+01 3.817354980497200501e+01
2.818986000000000214e+00 5.387167000000000172e+01 3.973877250984794163e-01 6.729577356368523056e+01
2.251361299999999943e+01 5.361928000000000338e+01 1.862161825114946367e+01 5.805980692744188332e+01
1.667413000000000167e+01 4.867561700000000258e+01 1.965503562197787701e+01 5.360035479909070233e+01
1.630300000000000082e-01 4.799763999999999697e+01 4.180917569669076528e+01 6.399430525981305351e+01
1.461216399999999993e+01 5.635692000000000235e+01 1.509012852036414998e+01 6.715835663951382628e+01
7.881446999999999647e+00 6.411060000000000514e+01 5.900803434579623641e+00 4.631799970684868839e+01
2.537943299999999880e+01 4.336021000000000214e+01 3.469798895975963404e+01 6.268989101319466073e+01
1.566451000000000038e+00 5.864014000000000237e+01 6.007494360019782764e-01 5.920568546312674840e+01
4.109379200000000054e+01 6.426427999999999940e+01 3.031005159541873795e+01 4.714689882790877817e+01
4.176185199999999753e+01 5.891343700000000183e+01 1.037617246041664920e+01 4.165199351309436793e+01
2.534484000000000137e+01 5.093390999999999735e+01 4.060131100619972955e+00 5.173502045332395483e+01
3.117937299999999823e+01 4.084062999999999732e+01 3.237666078708056006e+01 4.761167268715357892e+01
1.624812899999999871e+01 4.119536999999999694e+01 3.148118039836923643e+01 4.081857687443743998e+01
7.094858999999999583e+00 6.739543000000000461e+01 5.385217081461217248e+00 5.937339397992613499e+01
4.423760200000000253e+01 4.108593799999999874e+01 3.508247479075185282e+01 5.920756366261399251e+01
1.802367200000000125e+01 5.439657600000000315e+01 3.120642712352408310e+01 3.789409014865928782e+01
1.418174100000000060e+01 6.849102999999999497e+01 2.854226413044350430e+00 4.148118921632434564e+01
1.564140800000000020e+01 4.788031399999999849e+01 2.818720817820683777e+01 5.448888711026164344e+01
7.799527999999999572e+00 5.902400000000000091e+01 2.339563224886648918e+00 4.108269480925010697e+01
2.457396500000000117e+01 5.788974999999999937e+01 7.476806605831813890e+00 5.886186310157181367e+01
4.051774199999999837e+01 4.839182699999999926e+01 2.842838206879338969e+01 4.747826644363737358e+01
3.915731999999999857e+01 5.536071799999999854e+01 3.824566597414241897e+01 5.425078273031558496e+01
1.439502099999999984e+01 5.550316600000000022e+01 4.042122836591612867e+01 5.797626297228377013e+01
1.025509899999999952e+01 4.798558799999999991e+01 3.054524175286386622e+01 6.803045381475484987e+01
4.535006299999999868e+01 5.176286699999999996e+01 1.367619209014650039e+01 4.984660643327818974e+01
2.215020000000000167e+01 5.683286700000000025e+01 3.249965799488880691e+01 6.821376469357791450e+01
4.336003999999999792e+01 3.513443399999999883e+01 1.422536767065188634e+01 5.366623152856043077e+01
3.736971299999999729e+01 5.806794699999999665e+01 2.227554642357220516e+01 4.129359774567812025e+01
4.561905699999999797e+01 6.370855000000000246e+01 3.081988967002697066e+01 4.477500604994501998e+01
9.793020000000000280e+00 5.871802000000000277e+01 3.510616961864285912e+01 5.652433106101319993e+01
1.615033299999999983e+01 3.847984300000000246e+01 2.593931051129502663e+01 6.620610412747709006e+01
4.562904699999999991e+01 4.221729299999999796e+01 3.886754095880667137e+01 5.112528056040333979e+01
4.274891300000000172e+01 4.299311999999999756e+01 2.630517671885057496e+01 5.084350847468825663e+01
1.715805999999999942e+00 6.770438400000000456e+01 9.305286993222745551e+00 5.765597281803586327e+01
2.303231999999999946e+00 4.791113000000000000e+01 2.933519042337054472e+01 6.719596415043518789e+01
1.590551999999999921e+01 4.373169699999999693e+01 9.965827587879363847e+00 5.195679050955669709e+01
1.360373200000000082e+01 4.181773799999999852e+01 2.781227007863277834e+01 6.436602816320271359e+01
2.466761999999999944e+01 6.107224300000000028e+01 1.030181889102244597e+01 5.468625731836630877e+01
1.375391999999999948e+00 5.524024000000000001e+01 4.377358590517835069e+01 5.724185548967892601e+01
4.456647000000000247e+01 4.323641200000000140e+01 2.321649290426589829e+01 6.381687288135999836e+01
9.009099999999999886e-01 5.879302599999999757e+01 3.115988581038890359e+01 6.035273805316669637e+01
2.656410999999999856e+00 5.552497499999999775e+01 1.088067523773969114e+01 5.849056080554471748e+01
1.591037299999999988e+01 6.378378000000000014e+01 3.948303971870566187e+01 5.312405853628654029e+01
3.424965000000000259e+01 3.962722800000000234e+01 4.457137148911952096e+01 6.178099078882712547e+01
2.601511800000000108e+01 5.185607999999999862e+01 1.372794169142753873e+01 6.340791234883258909e+01
2.260014699999999976e+01 6.234815199999999891e+01 1.079465432267443070e+01 5.070257116588760482e+01
6.375562000000000396e+00 4.790955999999999904e+01 4.073038117457240759e+00 5.459057338113713342e+01
2.616936899999999966e+01 5.007923999999999864e+01 1.850523161081996903e+01 4.357420392626175953e+01
2.015500000000000114e+01 6.507629400000000430e+01 3.988084468357837409e+01 3.593421231005469707e+01
4.455226499999999845e+01 4.338027999999999906e+01 6.903700834674138420e+00 3.734553615101894763e+01
3.117463700000000060e+01 5.064058699999999646e+01 1.335917035917365325e+01 5.717873201450358778e+01
1.496122800000000019e+01 3.650019499999999795e+01 3.461892213720972933e+01 4.229173575127985885e+01
1.873617399999999833e+01 4.071938000000000102e+01 1.814376680853706958e+01 3.674787224763409199e+01
1.861857200000000034e+01 4.571632000000000318e+01 2.756107685503607740e+01 6.209251324320891285e+01
6.818109999999999893e+00 5.640887000000000029e+01 1.274956475432624359e+01 5.739786600348266887e+01
2.756252100000000027e+01 4.873610299999999995e+01 3.869159815598767693e+01 4.067336116421780901e+01
6.145144000000000162e+00 6.301532699999999920e+01 3.659029603268794517e+01 5.182581019362636710e+01
2.027372599999999991e+01 6.482007600000000025e+01 1.860292454299910503e+01 4.226198528779702457e+01
1.703760099999999866e+01 4.841577999999999804e+01 2.753770888742504397e+01 6.067535445954781892e+01
1.779481499999999983e+01 5.507051500000000033e+01 3.227263024077917208e+01 5.826674825947814895e+01
1.339502700000000068e+01 5.466881999999999664e+01 1.384812478459734386e+01 6.113580993736165681e+01
9.452037000000000688e+00 3.558261499999999700e+01 1.545326631636471149e+01 6.925939253678656371e+01
3.908729999999999905e+01 4.950192599999999743e+01 1.319568578999178143e+01 4.675919448434201087e+01
4.444030999999999665e+01 4.677908999999999651e+01 3.146296417433433845e+01 3.784262569810820764e+01
2.514253000000000071e+00 6.442355999999999483e+01 3.739003948851367909e+01 4.049476362941874186e+01
2.480800199999999833e+01 4.395277000000000100e+01 1.657981289280769488e+01 6.540390999856161613e+01
9.458368000000000109e+00 5.678948599999999658e+01 7.805990652555993670e+00 5.246728574479379859e+01
1.811249000000000109e+01 4.680225000000000080e+01 3.266701264662874138e+01 5.160130199027631903e+01
3.484821000000000168e+01 5.335891999999999769e+01 3.780761322889012632e+01 6.166503118397572791e+01
4.143897199999999970e+01 4.557254999999999967e+01 1.562648513943034345e+01 6.014175184146290576e+01
2.905113800000000168e+01 4.526621000000000095e+01 2.127291613766032796e+01 5.062587580223778616e+01
4.930530000000000190e-01 6.244571700000000192e+01 2.522843116820863685e+01 3.617058084003477347e+01
2.036801300000000126e+01 6.939857499999999391e+01 1.556240528154055669e+00 4.935771283756272254e+01
3.475337600000000293e+01 6.024270599999999831e+01 2.419966605359791245e+01 5.017996181206881090e+01
3.645649999999999835e+01 6.856850000000000023e+01 3.019384918858330735e+01 6.867477870800738060e+01
2.595387000000000111e+00 5.622023800000000193e+01 1.038810231056835676e+01 5.634932098846394410e+01
1.418991600000000020e+01 5.726926799999999673e+01 1.871498616645396496e+01 6.870109524087465047e+01
3.367631000000000085e+01 4.416268500000000330e+01 1.349489992325097809e+01 4.449327746870920208e+01
1.331453699999999962e+01 5.853369000000000000e+01 8.772853060890536625e+00 4.895799660006328224e+01
8.620910999999999547e+00 6.208039000000000129e+01 2.637911173923849262e+01 5.414931983758507528e+01
1.528673000000000037e+01 4.877168700000000001e+01 2.757764849127163842e+01 3.777624753481569542e+01
2.082353000000000165e+01 5.152611999999999881e+01 3.210920660634029389e+01 4.439558827112952599e+01
2.974889800000000051e+01 5.763965000000000316e+01 5.852030404492542637e+00 6.088829176887973205e+01
1.053519200000000033e+01 4.703757999999999839e+01 2.951804253134769596e+01 5.814351555360934043e+01
1.736906799999999862e+01 5.937378700000000009e+01 6.220705644545556634e-01 4.349638016227422099e+01
1.604916800000000165e+01 4.650075499999999806e+01 1.461891509576395620e+01 3.667664803077363445e+01
6.345703999999999567e+00 6.314034699999999845e+01 4.492969226842371100e+00 6.962080356044930340e+01
1.853736999999999924e+01 5.868032000000000181e+01 7.942732747624339229e-01 6.306979188785041401e+01
3.905662000000000234e+01 5.662503399999999942e+01 1.970616613541071516e+01 4.993170134834675622e+01
2.644106899999999882e+01 4.648964300000000094e+01 1.116226884649408646e+01 5.230679331395354126e+01
1.399274899999999988e+01 3.622932399999999831e+01 3.359895778236830832e+00 6.515839675924461005e+01
2.720829000000000164e+00 4.362823999999999813e+01 5.761478159404239463e+00 6.312403825079496045e+01
4.185994999999999777e+01 6.663094999999999857e+01 4.408639811119005003e+01 6.009721524145110294e+01
1.751336299999999824e+01 6.296025499999999653e+01 2.742412187342926089e+01 4.216802999740425406e+01
1.076181899999999914e+01 5.881987399999999866e+01 3.976474710933131718e+01 4.584361794127178769e+01
2.653733300000000028e+01 5.552047000000000310e+01 2.957761655870935158e+01 4.025170897763990752e+01
1.728762400000000099e+01 5.463022200000000339e+01 4.078847537612318774e+01 5.749090945278538811e+01
1.427999800000000086e+01 6.355681599999999776e+01 2.930225647802929956e+01 4.247528848286121672e+01
8.186068999999999818e+00 5.864401199999999648e+01 1.448293812027881344e+01 5.218465080420578772e+01
3.185595999999999872e+00 3.884573699999999974e+01 1.466513616580156887e+00 5.330144812902477724e+01
1.154576999999999920e+01 5.723457700000000159e+01 3.606415852076658979e+01 5.957483264920901433e+01
2.843476700000000079e+01 6.544930999999999699e+01 1.378616295423224081e+01 5.170978567599873088e+01
3.337870000000000203e+01 6.814159399999999778e+01 3.983485572293204768e+01 3.510038426499937714e+01
3.649032199999999904e+01 5.640850999999999971e+01 9.650371008236348302e+00 6.396856077125175233e+01
1.651682000000000095e+00 5.896168999999999727e+01 1.064973341570892629e+01 4.917811768169284647e+01
2.343892699999999962e+01 5.418700400000000172e+01 3.345818936357294326e+00 3.577438849331431214e+01
1.699680899999999895e+01 3.706800499999999943e+01 1.653816336944986887e+01 4.613685376862623855e+01
4.174866000000000099e+01 3.548250000000000171e+01 2.191916114293163886e+01 5.416935971882976730e+01
1.306229599999999991e+01 4.826935000000000286e+01 2.594310310755741966e+01 6.442650755717451716e+01
4.127610800000000069e+01 5.088773299999999722e+01 3.649018760499500047e+01 5.853278315631097684e+01
3.021339199999999892e+01 5.408743299999999721e+01 1.090870517817537966e+01 4.005609877274365971e+01
2.210020300000000049e+01 5.495329999999999870e+01 4.583989571761054371e+00 6.350457100509677844e+01
2.945886199999999988e+01 4.503595700000000335e+01 4.496176295180379157e+01 5.519720556551810375e+01
2.037196199999999990e+01 6.943128000000000100e+01 5.895610143100207701e+00 6.820803220205894490e+01
4.177955599999999947e+01 4.792054399999999958e+01 2.194122223839693930e+01 6.718696216639229135e+01
5.820501000000000147e+00 5.850947000000000031e+01 1.463964450759245572e+01 3.971330108660799851e+01
1.550612500000000082e+01 4.782681699999999836e+01 3.600052795667652106e+01 6.209994486407981640e+01
3.980574800000000124e+01 3.505393000000000114e+01 7.732835557869158549e+00 4.801363553375213655e+01
1.460647200000000012e+01 5.690053000000000338e+01 9.604009591552891578e+00 6.214988023269714290e+01
2.605040400000000034e+01 3.586690999999999718e+01 7.682578678322131260e+00 6.982703047837574672e+01
3.140849000000000046e+01 4.062901699999999749e+01 4.418356961494807056e-01 5.908365541409308719e+01
1.992976000000000170e+01 5.954831699999999728e+01 2.943277180703291762e+01 4.789513706689692185e+01
2.292712999999999823e+01 6.559244499999999789e+01 2.668661501125389179e+01 5.533155867237579173e+01
2.199750900000000087e+01 6.024275000000000091e+01 3.883334110352527091e+01 3.938894116120570033e+01
1.307688699999999926e+01 6.822938999999999510e+01 3.357077951957539774e+00 3.523163714537557212e+01
1.017620199999999997e+01 5.810672399999999982e+01 1.649297173680772488e+01 5.512681800784643116e+01
1.129758499999999977e+01 3.747743599999999731e+01 8.186315772840400129e+00 5.590334614204724062e+01
3.003408200000000150e+01 4.147755999999999688e+01 1.135537752590759197e+01 6.851574029538855370e+01
1.351516100000000087e+01 5.386089299999999724e+01 3.407339869410625965e+01 6.073452733678686855e+01
2.864208800000000110e+01 3.548690400000000267e+01 2.958862651834401092e+01 6.633932321522189568e+01
2.911354000000000042e+01 5.733693699999999893e+01 1.823383289722886325e+00 6.489921632506721494e+01
7.114925999999999640e+00 6.285743300000000033e+01 3.273623214720407759e+01 4.086473383764107581e+01
1.444843700000000020e+01 4.999035299999999893e+01 8.874375492335877524e-01 4.247905414814077574e+01
4.236173200000000350e+01 6.305404699999999707e+01 8.704691094866341405e-01 6.337479130985167330e+01
2.389761000000000024e+00 5.166255000000000308e+01 2.732352083788214259e+01 4.748729294711303339e+01
2.807977500000000148e+01 5.387164700000000295e+01 2.358362115323721042e+01 4.953684130939461028e+01
2.545573800000000020e+01 3.504720300000000321e+01 8.898311104420900008e+00 5.841034940700541966e+01
2.509416600000000130e+01 4.282517599999999902e+01 3.339759031905515485e+01 4.998311460161853859e+01
2.166530799999999957e+01 4.966210999999999842e+01 3.654971469767139780e+01 4.647015948920604700e+01
1.985240599999999844e+01 5.428137999999999863e+01 2.107013090716211234e+00 5.495923297060092239e+01
2.224507699999999843e+01 5.435337400000000230e+01 8.279858001988969818e+00 4.980192591598610363e+01
1.610338799999999893e+01 5.343564200000000142e+01 6.967938837122695794e+00 4.896438145801937480e+01
3.801675999999999789e+01 6.314697000000000315e+01 2.266188906947149206e+01 4.069760831787714750e+01
2.112510999999999939e+01 4.041429999999999723e+01 5.948714199423441151e+00 5.684436501035214206e+01
4.504204999999999792e+00 5.053030400000000100e+01 3.249937907502339129e+01 4.742517716868967170e+01
2.913699300000000036e+01 3.577546300000000201e+01 3.457253838000691815e+01 6.628285350555023570e+01
1.459369500000000031e+01 5.050591000000000008e+01 2.902184460523977449e+01 3.854666486902378608e+01
3.649638000000000204e+01 4.375628700000000038e+01 2.675617210166858495e+00 6.129555682479063705e+01
1.444855399999999968e+01 3.674325999999999937e+01 3.700565310011448616e+01 4.844761708126237210e+01
4.919510000000000272e-01 3.859337000000000018e+01 3.919065673823157425e+01 4.095651943596671174e+01
2.557822000000000173e+01 5.195807599999999837e+01 2.956041043894064302e+01 5.654935070758239135e+01
1.728610799999999870e+01 6.920991999999999678e+01 4.308656657813385493e+01 6.730451136256286304e+01
4.064463400000000348e+01 3.748122000000000043e+01 3.627317929041839761e+01 4.171905950272421393e+01
3.549851999999999919e+01 4.136945000000000050e+01 1.885035772200928150e+01 6.893729151545706202e+01
6.329129000000000005e+00 3.680866600000000233e+01 2.712982355718744998e+01 4.656115550764870648e+01
3.937140999999999735e+01 5.414872400000000141e+01 3.497821871794718618e+01 4.073127438272824463e+01
7.587387999999999799e+00 5.985011699999999735e+01 7.340070339127625410e+00 6.493374330352598633e+01
3.714720499999999959e+01 4.364196400000000153e+01 2.905491014210589640e+01 6.588300173697393802e+01
1.887586399999999998e+01 6.385474800000000073e+01 3.073663377887202941e+01 5.143380043138569135e+01
8.628754999999999953e+00 5.842560199999999782e+01 9.037566044894969508e+00 6.353131726125948120e+01
2.173366700000000051e+01 5.972152299999999769e+01 4.179258259840553080e+01 6.942214029497165484e+01
1.707133500000000126e+01 5.666542400000000157e+01 2.972900509274347414e+01 6.374337959087644379e+01
3.769088399999999695e+01 5.436887000000000114e+01 3.090263110379053657e+01 6.658353955764658849e+01
4.040032999999999674e+01 4.593480000000000274e+01 3.319711487474761924e+01 6.039683939943142121e+01
2.043900500000000164e+01 4.086438799999999816e+01 3.552762238503932224e+01 3.857536860159339653e+01
2.603287699999999916e+01 5.626235599999999692e+01 2.903021019915534850e-01 6.179923821060286571e+01
2.277995500000000106e+01 4.458782000000000068e+01 4.157375766119937310e+01 5.910427184027373926e+01
3.658852799999999661e+01 5.794548999999999950e+01 3.577928266534031820e+01 4.375478236554435085e+01
5.548391999999999769e+00 4.565305000000000035e+01 3.694412056399112032e+01 6.959361320142571117e+01
1.518427600000000055e+01 3.650966300000000331e+01 3.150179860558978717e+01 6.306072831033729642e+01
5.743799000000000099e+00 6.508179499999999962e+01 2.659344400804231956e+00 5.449021903165115077e+01
2.601584199999999925e+01 5.164471999999999952e+01 1.082639719473968531e+00 5.046180657126654978e+01
4.380930699999999689e+01 4.967139000000000237e+01 2.561169515488124304e+01 4.172528244637391026e+01
4.027568399999999826e+01 5.346336000000000155e+01 5.480714496735354047e+00 6.942626935259644938e+01
4.223050299999999879e+01 4.824970600000000331e+01 8.613897912917147792e+00 4.647323805914933814e+01
1.948550399999999883e+01 6.497793599999999969e+01 2.739471754367367495e+01 5.714056983296651993e+01
1.279189099999999968e+01 4.548408500000000032e+01 2.816509200897090537e+01 6.949917538319570554e+01
4.223771299999999940e+01 4.053162999999999982e+01 3.364263565995868532e+01 3.790615023658332916e+01
3.123456200000000038e+01 6.854565999999999804e+01 4.308674334860879895e+01 3.918925127312223822e+01
