9.977344999999999686e+01 2.670044899999999899e+01 1.048489542908446026e+02 1.652377343798649179e+01
1.165112840000000034e+02 2.327571899999999872e+01 1.203443357305744144e+02 1.336871591653112112e+01
1.072066800000000057e+02 2.882234800000000163e+01 1.324601941213859675e+02 2.194181135154342499e+01
1.294916100000000085e+02 2.620026999999999884e+00 1.212059931726003867e+02 2.776180369094466016e+01
1.358888900000000035e+02 4.520160999999999873e+00 1.068954366435353762e+02 1.241634626248085738e+01
9.981171000000000504e+01 2.392927600000000155e+01 1.288894013850692204e+02 7.534837318283667429e+00
1.125423660000000012e+02 2.072739999999999938e+01 1.287743837132878184e+02 1.908084597558596229e+01
1.130678500000000071e+02 1.070391300000000001e+01 1.177014685208155242e+02 3.535270960272234309e+00
1.210841450000000066e+02 2.834050999999999831e+01 1.055458187673467307e+02 3.345197559821155409e+01
1.255835950000000025e+02 1.142485399999999984e+01 9.521950294798270420e+01 2.280889706780872661e+00
1.232273500000000013e+02 4.342469000000000356e+00 1.305752029289291727e+02 4.210425225849999009e+00
1.053297349999999994e+02 2.381371899999999897e+01 1.168670291418356868e+02 9.294847475598842834e+00
1.360862600000000100e+02 1.322449800000000053e+01 1.087536419882323884e+02 1.412365964272898999e+01
1.053674550000000067e+02 7.722144000000000119e+00 1.315558851837243424e+02 2.860346218780996708e+01
9.423632999999999527e+01 1.031035299999999921e+01 9.775234255825935747e+01 1.423975935851410135e+01
1.287243799999999965e+02 8.558763000000000787e+00 1.162360079530713506e+02 3.119316969412345486e+01
1.210836500000000058e+02 1.404887100000000011e+01 9.494700610910791738e+01 2.703030453781429898e+01
1.173357539999999943e+02 2.219921099999999825e+01 1.031274161588604557e+02 1.906972045443381347e+01
1.134846040000000045e+02 1.515536099999999919e+01 1.107402505024734864e+02 2.514398625768441775e+01
1.248630500000000012e+02 1.255894400000000033e+01 9.509243771138400803e+01 1.095778854067025776e+01
1.013219799999999964e+02 1.577685499999999941e+01 1.020508964480313523e+02 1.542374994846765013e+01
1.269610100000000017e+02 1.226305200000000006e+01 1.172182769888439395e+02 2.839957299030584181e+01
1.239427000000000021e+02 2.807401000000000035e+00 1.218136446368049803e+02 1.498198047526630816e+01
1.259232559999999950e+02 4.161654000000000408e+00 1.321850940938161330e+02 1.093933542237692613e+01
1.292556600000000060e+02 1.137209400000000059e+01 1.365172977599038120e+02 4.966413782313029657e+00
1.221697539999999975e+02 5.261603000000000030e+00 1.120539283568175364e+02 3.785512522473105657e-01
1.105762799999999970e+02 1.713849599999999995e+01 1.017493034458300656e+02 9.949557706417824221e+00
1.127789899999999932e+02 1.603903199999999885e+01 9.950051798534627778e+01 1.707452342503577114e+01
1.053509449999999958e+02 9.028912999999999300e+00 1.169804174754679451e+02 3.590962231792257597e+00
1.370959000000000003e+02 5.531164999999999665e+00 1.293714088983030592e+02 3.369151141045423259e+01
1.262143800000000056e+02 1.201316999999999968e+00 9.276335630103670837e+01 1.814405606043638386e+01
1.118345640000000003e+02 2.392749999999999877e-01 9.315776810007795916e+01 2.753348146318920442e+01
1.291512099999999919e+02 1.286193699999999929e+01 9.627639824836396087e+01 3.126019062193178755e+01
1.075895799999999980e+02 1.972467400000000026e+01 9.454981047503068226e+01 1.530051875721910903e+01
1.209411199999999980e+02 1.190699900000000078e+01 9.989461033164188564e+01 2.474802040721813867e+01
1.349519999999999982e+02 1.169487200000000016e+01 1.027797124808510887e+02 1.346213376789401295e+01
1.130844799999999992e+02 1.852679300000000140e+01 9.588317897872185824e+01 2.193893442446683650e+01
1.074241999999999990e+02 2.922848300000000066e+01 1.305607806396666319e+02 5.490648363150570255e+00
1.117577739999999977e+02 2.046753999999999962e+01 1.272707373185911308e+02 2.580931620237411650e+01
9.723202000000000567e+01 2.960429800000000000e+01 1.338932343341627416e+02 9.246973755662576622e+00
1.224107740000000035e+02 7.443858999999999781e+00 1.137470494377630388e+02 1.582934557018173471e+01
1.286229600000000062e+02 3.030732499999999874e+01 1.324504429470958087e+02 1.310587091821840566e+01
9.227543000000000006e+01 1.832281700000000058e+01 1.049447035433278899e+02 1.824287557572898422e+01
1.064971539999999948e+02 2.229241000000000028e+01 1.067711304343208951e+02 2.730464733872695504e+01
1.068714449999999943e+02 1.286970200000000020e+01 1.340110753858590442e+02 2.912198552175221167e+00
1.351008600000000115e+02 2.345284300000000144e+01 1.143921900743505944e+02 1.882951745392508869e+01
1.063444439999999958e+02 3.975452000000000208e+00 1.336503844799977685e+02 2.890188680158115275e+01
1.082674300000000045e+02 2.621295500000000089e+01 1.109686759723845029e+02 1.559364770463190730e+01
1.311990399999999966e+02 2.885759999999999881e+00 1.238980613706654026e+02 2.733252326788139186e+01
1.140755900000000054e+02 8.455011999999999972e+00 1.060841697365793408e+02 1.907309481804512430e+01
1.018777000000000044e+02 2.861357299999999881e+01 1.170345056688613568e+02 1.395435450430880309e+01
1.102149799999999971e+02 2.830182999999999893e+01 1.303843070933460240e+02 2.816245073289987744e+00
1.044894199999999955e+02 3.404343999999999681e+01 1.014327896612921904e+02 2.558510731981483488e+01
1.048228900000000010e+02 3.249645600000000201e+01 1.355814174327280739e+02 1.462419271699274859e+01
1.346648600000000044e+02 1.416948599999999914e+01 1.094572866530051272e+02 2.811165685828050087e+01
1.197189560000000057e+02 1.547260600000000075e+01 9.970364459100976262e+01 4.711149157353974992e+00
1.291559399999999869e+02 1.352395500000000084e+01 1.067904488504150038e+02 1.109075706835081121e+01
1.211230850000000032e+02 1.021513700000000036e+01 1.215707427991277285e+02 2.779643737699366213e+01
1.306637699999999995e+02 1.285029600000000016e+01 9.628347953226858635e+01 7.227921746153152860e+00
1.337603000000000009e+02 1.258384500000000017e+01 1.076662257212585132e+02 4.881534446630173107e+00
1.215274660000000040e+02 9.855489999999999640e+00 1.114463104412021863e+02 8.154944993139678910e-01
1.192039699999999982e+02 8.441069999999999851e+00 1.352280136291321639e+02 1.496905358681431508e+01
9.974071999999999605e+01 1.632757600000000053e+01 1.150102888449158343e+02 4.240542964431414319e+00
1.176738359999999943e+02 1.385884099999999997e+01 1.309935610745973236e+02 5.721120071527342255e+00
1.063328249999999997e+02 1.094751899999999978e+01 1.028151362485773035e+02 1.570357475192353824e+01
1.306562800000000095e+02 2.621539999999999981e-01 1.237204370454429920e+02 3.498280381905494352e+01
1.325616899999999987e+02 2.183529300000000006e+01 1.060485795527633002e+02 5.542012014971618328e+00
1.093003099999999961e+02 1.012630000000000058e-01 1.053809272317819534e+02 1.041360299783944576e+01
1.132039199999999965e+02 1.668616300000000052e+01 1.041955779422442276e+02 2.446532820391279728e+00
1.108547200000000004e+02 1.948833799999999883e+01 1.068568363340980625e+02 4.234123531412171459e+00
1.045020300000000049e+02 3.012155500000000075e+01 9.871184279024379293e+01 2.934502718070965699e+01
1.131622399999999971e+02 1.624390599999999907e+01 1.010906115914265371e+02 1.880074821711961164e+01
1.148769499999999937e+02 6.728119999999999656e-01 1.366610825005566880e+02 2.487661093487435693e+01
1.002700300000000055e+02 1.703686300000000031e+01 1.033104837786581101e+02 2.897389730572690336e+00
1.132784039999999948e+02 2.408719599999999872e+01 1.362657721217430549e+02 2.348115085691613757e+01
1.250700149999999979e+02 1.553383900000000040e+01 1.060042856049103648e+02 3.264662997097686770e+01
1.240100000000000051e+02 1.279410900000000062e+01 1.027388983566907399e+02 2.448662820318033795e+01
1.044074200000000019e+02 1.407581799999999994e+01 1.133374631909806851e+02 1.770481303391778027e+01
1.084516140000000064e+02 7.152399999999999869e-01 1.194978847621019469e+02 9.821526715279045305e+00
1.244601700000000051e+02 2.153512000000000093e+00 1.299759803034564527e+02 1.746153780325676586e-01
1.187546099999999996e+02 1.839382399999999862e+01 1.045140366833813914e+02 1.541719654939318751e+01
1.268122939999999943e+02 2.672148999999999930e+01 9.978486151032707596e+01 3.801370766329244866e+00
1.088684839999999951e+02 1.869618999999999920e+00 1.144679613578883135e+02 3.016718871338860097e+01
1.331978300000000104e+02 1.207540099999999939e+01 1.233793862849461931e+02 2.365654272245308576e+01
1.078804999999999978e+02 1.347900000000000098e+00 1.361534215161258601e+02 1.898936809522880154e+01
1.030680899999999980e+02 2.392125499999999860e+01 1.360175865671707243e+02 3.023528773449174878e+01
1.049673540000000003e+02 2.282041399999999953e+01 9.254394610593880088e+01 1.348990078842913043e+01
1.032657399999999939e+02 2.896160700000000077e+01 1.131169712172153652e+02 1.386293104974371992e+01
1.040049199999999985e+02 2.438359600000000071e+01 1.282855343735044187e+02 2.573218809854929123e+00
1.356329700000000003e+02 5.475532000000000288e+00 1.215862180571113953e+02 1.367038283256882991e+01
1.306561399999999935e+02 2.535673000000000066e+00 9.242613961176215298e+01 3.216937740416882718e+01
1.006839099999999974e+02 4.718844999999999956e+00 1.141601433994507602e+02 1.824307886551199331e+01
1.090970899999999943e+02 2.084872599999999920e+01 1.077101266964890129e+02 3.401245014555075841e+01
1.210716900000000038e+02 6.892971000000000181e+00 1.088452436863356922e+02 1.957582870122321905e+00
1.031737439999999992e+02 5.745917000000000385e+00 1.133779634173693012e+02 1.788704575067898261e+01
1.202229399999999941e+02 1.300534999999999997e+01 1.080950429801393398e+02 3.372131875853303029e+01
1.008899150000000020e+02 2.474351700000000065e+01 1.020607039702017573e+02 1.707703146567644126e+01
1.045286559999999980e+02 2.332880600000000015e+01 1.097185871910978960e+02 1.206656653247645394e+01
1.064903999999999940e+02 1.390643999999999991e+00 1.087475911023290962e+02 3.495038121194112790e+01
1.368218999999999994e+02 9.378269999999999662e-01 1.041350905481700124e+02 1.986494338324233411e+01
1.089955800000000039e+02 1.639875599999999878e+01 1.316019618823315511e+02 3.068965390711321817e+01
1.205819099999999935e+02 1.267323900000000059e+01 1.323869743167415720e+02 4.567863637509273822e+00
1.197064500000000038e+02 1.762339400000000111e+01 9.292257204766390544e+01 1.168854210954885531e+01
1.008322600000000051e+02 1.836909500000000151e+01 1.046524246702865639e+02 2.827686015026664990e+01
1.042165799999999933e+02 2.347071499999999844e+01 9.968707541569567354e+01 3.107625438389374040e+01
1.294280699999999911e+02 7.853149000000000157e+00 9.234439532172831377e+01 2.670353188874286587e+01
1.331578700000000026e+02 1.155118900000000082e+01 1.285757042028993737e+02 2.093911654733517125e+01
1.020971899999999977e+02 2.676877800000000107e+01 1.363515073844545213e+02 1.222601419161648195e+01
1.016832100000000025e+02 1.628771199999999908e+01 1.150949941137321844e+02 2.546677178609350989e+01
1.023049299999999988e+02 2.800608000000000075e+01 1.250345379313199601e+02 1.304564784945448430e+01
1.216335140000000052e+02 1.368565999999999949e+00 1.341326692523564361e+02 3.030409043105000322e+01
1.088749899999999968e+02 2.917879299999999887e+01 1.099430860440809710e+02 8.354572604053876361e+00
1.112859399999999965e+02 7.286299999999999999e-01 1.298604679939660400e+02 1.696097187151213603e+01
1.130644759999999991e+02 5.041568999999999967e+00 1.247724347674052296e+02 2.335906310303977662e+01
1.183520900000000040e+02 1.158915299999999959e+01 1.363684544786448498e+02 3.378231109338725702e+01
1.353151900000000012e+02 1.279140499999999925e+01 1.264723370848752069e+02 2.428343925612939458e+01
1.006064200000000000e+02 2.769523600000000130e+01 1.191085660669219237e+02 1.930917436315955982e+01
1.087293999999999983e+02 2.527930000000000010e+00 1.096086259741210398e+02 3.144366467373525253e+01
1.006795400000000029e+02 2.482919000000000054e+01 1.142675743791028538e+02 7.685780546158895277e+00
1.207063399999999973e+02 1.393922799999999995e+01 1.236316595185842857e+02 5.507082464136734856e+00
1.172729949999999945e+02 2.140795900000000174e+01 1.051507899558758368e+02 1.634218284511181807e+01
9.974796999999999514e+01 3.379717300000000080e+01 1.338840156184639909e+02 2.856033302870920210e+01
1.062109700000000032e+02 3.381889000000000145e+00 1.031731971494404689e+02 3.209614080245864187e+01
1.133417740000000009e+02 1.599369000000000085e+01 1.361856067966409114e+02 3.136092644033672627e+01
1.010747149999999976e+02 1.745857799999999926e+01 9.579911523038738608e+01 2.833971738976637766e+01
1.297366499999999974e+02 1.097087800000000080e+01 1.012660372902295904e+02 3.318110286488394678e+01
9.703319000000000472e+01 2.983398400000000095e+01 1.173284246435476064e+02 3.392910876828135258e+01
1.075842059999999947e+02 1.186463999999999963e+01 1.142663954072647243e+02 3.000857348880320785e+01
1.230936200000000014e+02 4.996221000000000245e+00 1.003901464029131603e+02 1.787002078664816906e+01
1.004711900000000071e+02 2.451955200000000090e+01 9.236353396587571751e+01 2.308646361433229188e+01
1.349317599999999970e+02 1.207422299999999993e+01 1.330458780906558616e+02 3.483414270462888140e+01
1.242736299999999972e+02 6.831006000000000355e+00 9.857741277921184064e+01 1.218748224293170201e+00
1.136585500000000053e+02 2.298645199999999988e+01 9.915879796494147058e+01 1.356296793594308348e+01
1.204627899999999983e+02 7.529904000000000153e+00 1.354243612786444544e+02 2.425080658787258869e+01
1.162218600000000066e+02 1.465482599999999991e+01 9.472217939678206733e+01 5.256216568547726453e+00
1.303266000000000133e+02 5.151488999999999763e+00 1.119751435190007669e+02 1.376325372645854905e+01
1.189017699999999991e+02 2.030833000000000155e+01 1.215266518604611861e+02 1.334578840925289001e+01
1.154087799999999930e+02 2.365899500000000089e+01 1.291601105159539884e+02 3.248431849507780189e+00
1.235097959999999944e+02 2.681490999999999847e+00 9.501940682924610826e+01 4.763824890733781459e+00
1.294016699999999958e+02 5.396980000000000111e-01 9.414026967738202245e+01 4.233075005653114120e-01
1.133071060000000045e+02 3.074285100000000170e+01 1.026659869833587067e+02 2.349303679533613476e+01
1.182392499999999984e+02 2.503325500000000048e+01 1.124368113619275391e+02 2.415152340685906651e+01
1.121128999999999962e+02 1.959123999999999910e+01 1.165578903072261028e+02 2.206628088040181268e+01
1.153614500000000049e+02 1.834740400000000093e+01 1.111084252508957491e+02 2.976220636670431219e+01
1.344037299999999959e+02 3.264661399999999958e+01 1.187322213111798277e+02 2.318072347800429966e+01
1.165767299999999977e+02 1.286235699999999937e+01 1.020734462899605859e+02 3.250254355523991023e+01
1.068959600000000023e+02 4.261408999999999558e+00 1.042395159626132113e+02 1.563750686105831456e+01
1.114765500000000031e+02 2.000540499999999966e+01 1.288288533599248638e+02 3.423567645989406660e+00
1.216805700000000030e+02 2.875600000000000031e-02 1.221632920533048861e+02 2.963883979285487413e+01
1.139202300000000037e+02 1.739189000000000007e+01 1.323380862271038438e+02 1.020902789430289559e+01
1.101911099999999948e+02 1.101826999999999934e+01 9.598930504671815811e+01 1.837142391658657203e+01
9.833840999999999610e+01 3.082450000000000045e+01 1.059999267198616479e+02 1.544190122869571091e+01
1.350546699999999873e+02 1.248166299999999929e+01 1.144058844484317632e+02 9.474014452870036962e+00
1.013173800000000000e+02 1.780067999999999984e+01 1.193721340393753110e+02 5.498689698358500522e+00
1.212094600000000071e+02 1.131169599999999953e+01 1.366948445788609376e+02 2.902184274223938942e+01
1.109355999999999938e+02 1.694945099999999982e+01 1.160137592599173786e+02 2.404640405068998632e+01
1.293009299999999939e+02 1.654629999999999990e-01 1.279819275829934639e+02 8.137707116176738253e+00
1.224132840000000044e+02 1.063505699999999976e+01 1.184340620908746473e+02 6.217826945588348586e+00
1.276204900000000038e+02 1.005807899999999933e+01 1.130351153692697181e+02 1.761848073228688349e+01
9.359354000000000440e+01 1.516930999999999941e+01 1.127667339459115112e+02 1.492437381939693175e+01
1.004917399999999930e+02 3.001473800000000125e+01 1.179043769658058665e+02 1.481100308279007649e+01
1.220304600000000050e+02 5.662862999999999758e+00 1.243261062113204218e+02 2.194304670985994576e+01
1.073123599999999982e+02 2.557497199999999893e+01 1.241437462280616302e+02 1.795930482996264388e+01
1.164115599999999944e+02 1.850963399999999837e+01 1.375122923788853200e+02 2.644994707729576788e+01
1.166653400000000005e+02 4.134577000000000169e+00 1.044897840310566437e+02 1.762494065965850965e+01
9.823951999999999884e+01 1.669737599999999844e+01 1.345255950932937594e+02 2.150368163396849397e+01
1.137061499999999938e+02 2.920176500000000175e+01 1.234129699722321050e+02 9.077473054953278719e+00
1.377720300000000009e+02 1.174125100000000010e+01 1.092165444340049305e+02 2.730415152666330414e+01
1.227775699999999972e+02 3.331928000000000001e+00 1.172888865031877117e+02 1.105811807242178446e+01
1.370245700000000113e+02 1.147566899999999990e+01 1.141180604173131883e+02 8.253293253579712996e+00
1.038123300000000029e+02 1.618331999999999837e+01 1.136288372903878781e+02 3.308465497601697081e+01
1.066250150000000048e+02 2.543620000000000214e+00 1.338044807334437110e+02 1.512111899181346431e+01
1.360905899999999917e+02 1.229396599999999928e+01 1.120115515759411835e+02 2.889561860065412802e+01
1.211908499999999975e+02 1.480161999999999978e+01 1.142226156519117808e+02 3.181860705067927952e+01
1.259789300000000054e+02 8.138935999999999282e+00 1.185504604562547257e+02 2.298707460558977544e+01
1.041200560000000053e+02 2.495909899999999837e+01 1.091466643078684484e+02 6.073175970634379972e+00
9.319089999999999918e+01 1.835962900000000175e+01 1.279880977621752720e+02 7.723683099803875685e+00
1.014491600000000062e+02 2.277094299999999905e+01 1.177641867231793498e+02 5.660519498598626242e-01
9.612255000000000393e+01 3.490480999999999767e+01 1.185826983398330157e+02 1.635412301284117831e+01
1.299299300000000130e+02 1.610754400000000075e+01 1.242647753124967238e+02 2.650273322725658076e+01
1.028629600000000011e+02 1.609947599999999923e+01 1.098260236456170844e+02 6.875309773973103056e+00
1.010540500000000037e+02 1.139439199999999985e+01 1.110620152007165302e+02 2.195501640148385647e+01
1.270486300000000028e+02 1.419520600000000066e+01 1.181662577602201765e+02 3.456784490212370287e+01
1.088499999999999943e+02 2.839095999999999975e+01 1.200784208003762359e+02 3.086136192351452756e+00
1.194723599999999948e+02 1.724490399999999823e+01 1.041582447110027090e+02 1.009309097770467645e+01
1.332452999999999861e+02 2.728622999999999799e+00 1.018540325282880872e+02 6.354867632187530369e+00
1.007646940000000058e+02 2.517087599999999981e+01 1.371162306271777709e+02 4.005943674675607191e+00
1.272875200000000007e+02 3.735890000000000044e-01 1.168006492789552055e+02 2.927485325412761341e+01
1.196812299999999993e+02 2.088022600000000040e+01 1.198695884956134705e+02 3.254723701174707173e+01
1.007858499999999964e+02 2.466396100000000047e+01 1.294272656275759346e+02 2.460149035484126401e+01
1.028035200000000060e+02 2.750330200000000147e+01 1.226598259323979647e+02 1.568389133049173800e+01
1.102496799999999979e+02 2.905307200000000023e+01 1.216339588126841988e+02 1.864527694792046120e+01
1.201075060000000008e+02 6.985503999999999714e+00 1.123183374691156615e+02 5.018667533487951360e+00
1.175621500000000026e+02 1.813804400000000072e+01 1.304196201977056546e+02 2.556718983788606536e+01
1.087034450000000021e+02 1.879413800000000023e+01 1.069154064639265300e+02 1.441665911495929109e+01
1.253882700000000057e+02 1.252098200000000006e+01 9.509631571761300961e+01 2.589332371549055978e+01
1.175999999999999943e+02 1.023433799999999927e+01 1.119221826614547552e+02 2.709275166284339420e+01
1.094362699999999933e+02 8.352039999999999464e-01 1.224306264284531380e+02 1.173008908341606116e+01
1.178437200000000047e+02 2.665472400000000164e+01 1.331411195864243382e+02 3.485051144440727455e+01
1.094043350000000032e+02 2.911429400000000101e+01 1.086483248076575734e+02 2.811660125688549883e+01
1.051916099999999972e+02 9.920849000000000473e+00 1.198012164947704861e+02 2.021739236550745034e+01
9.397973000000000354e+01 1.450080900000000028e+01 1.138423693118152045e+02 1.124997411726226559e+01
1.134285899999999998e+02 1.815225999999999829e+01 1.211322601777136470e+02 2.851111361407561873e+01
1.197646199999999936e+02 2.030460199999999915e+01 1.103170146091042056e+02 1.867307236243175339e+01
1.344405199999999923e+02 3.228481299999999976e+01 1.280557181126710589e+02 4.454381136497886917e-01
1.283993499999999983e+02 1.234091600000000000e+01 1.326893283090849422e+02 2.439712259510205428e+01
1.161196300000000008e+02 2.374014299999999977e+01 1.109745125226417031e+02 2.688344970260250477e+01
1.110126900000000063e+02 2.886413999999999902e+01 1.225318228572419059e+02 7.416703035837226565e+00
1.004048300000000040e+02 2.599754000000000076e+01 9.301149887178512188e+01 1.018973023329284189e+01
1.132294200000000046e+02 1.691967400000000055e+01 1.083292719004001441e+02 3.182299839076122439e+01
1.279808500000000038e+02 1.237441800000000036e+01 1.043824615792560024e+02 1.293080145931009284e+01
1.179312000000000040e+02 9.954869000000000412e+00 9.620767288903178382e+01 1.475616816384856200e+01
1.364280100000000004e+02 4.255118000000000400e+00 1.365918856854497392e+02 3.478672720920511097e+01
1.222981000000000051e+02 3.382558000000000220e+01 9.208072105195378754e+01 2.150827186880923136e+01
1.349924800000000005e+02 2.427803000000000111e+01 9.646860923279928102e+01 1.634159188352443692e+01
1.279924850000000021e+02 1.403315199999999940e+01 1.154900462456985224e+02 3.291288366245930064e+01
1.195463639999999970e+02 2.841035700000000119e+01 1.278415674209272908e+02 7.978112360035401807e+00
1.189220300000000066e+02 1.942037399999999892e+01 9.515129549380868923e+01 2.041351302944195822e+01
1.208341900000000066e+02 1.204352800000000023e+01 1.366849298202084810e+02 1.973447520259842491e+01
1.274308900000000051e+02 1.213617600000000074e+01 1.304825243445920080e+02 8.976406281487051331e+00
1.007823300000000017e+02 2.154664599999999908e+01 1.170436551097507163e+02 1.065848291546160098e+01
1.213342499999999973e+02 2.617049000000000181e+00 1.181230677428106048e+02 1.637463302360407624e+01
1.225421139999999980e+02 1.088495900000000027e+01 1.246756357348864981e+02 1.755882248636032017e+01
1.190961999999999961e+02 7.138060000000000516e-01 1.265226776292091415e+02 1.858529491530945066e+01
1.227206500000000062e+02 2.926232000000000166e+00 1.351011899934525218e+02 2.505154521788989186e+01
1.232222500000000025e+02 1.022940900000000042e+01 1.228770478499001229e+02 9.340141855056549147e+00
1.366617899999999963e+02 1.230031400000000019e+01 1.347915312574143059e+02 2.567875170654482453e+00
1.087185099999999949e+02 1.082315200000000033e+01 1.270316391400311886e+02 1.609928555676402695e+01
1.309361900000000105e+02 8.523167000000000826e+00 9.839793529131601701e+01 1.302331964811187515e+00
1.327039000000000044e+02 1.584810399999999930e+01 1.140760586382955921e+02 2.240807066874094389e+01
1.264986999999999995e+02 2.455890000000000128e+01 9.703932787437538821e+01 9.245443075969991042e+00
1.047877660000000049e+02 2.743140400000000056e+01 1.067166158204261279e+02 7.693435983543450707e-01
1.212147099999999966e+02 1.824274799999999885e+01 1.073853373342216599e+02 1.766652668739612686e+00
1.199054399999999987e+02 1.518948900000000002e+01 1.067337266257087549e+02 1.046735296634634160e+01
1.307908799999999871e+02 1.009277999999999897e+00 1.368709125488305176e+02 9.650864325958602663e+00
1.022638800000000003e+02 3.262707999999999942e+01 9.446832618080581767e+01 3.956232344208646001e+00
1.138526399999999938e+02 2.842907299999999893e+01 1.281955271065500028e+02 7.641346593570384371e+00
1.179488199999999978e+02 1.651808199999999971e+01 1.210671162858058665e+02 2.713287887976989410e+01
1.174418639999999954e+02 1.991549499999999995e+01 1.169021468459123554e+02 8.509034338485413684e+00
1.374745599999999968e+02 3.138292099999999962e+01 1.312505694079324030e+02 2.260682598938232246e+01
1.286007500000000050e+02 8.765936999999999202e+00 1.172203770272563332e+02 3.412526696067676113e+01
1.214285699999999935e+02 6.701778000000000013e+00 1.260055033030668881e+02 1.324541025881964273e+01
9.520380000000000109e+01 2.239091700000000174e+01 1.013583182182780291e+02 9.425394174373300515e+00
9.805646500000000287e+01 1.719266899999999865e+01 1.241775521999243495e+02 2.844693398404581686e+01
1.289122600000000034e+02 1.145462200000000053e+01 1.165979085454807489e+02 2.845968091209243411e+01
9.288236999999999455e+01 2.260556000000000054e+01 1.270339969571369352e+02 1.208119223238986883e+01
1.164659599999999955e+02 1.853562499999999957e+01 1.244588490476778304e+02 2.997674255388376707e+01
1.284304700000000139e+02 1.899298699999999940e+01 1.035449812703705419e+02 3.241620741766140412e+01
1.065750199999999950e+02 2.890432200000000051e+01 1.024805533140335569e+02 3.381527280990091811e+01
9.312736999999999910e+01 1.080105299999999957e+01 9.985306521606926822e+01 4.965001199635173279e+00
1.222233659999999986e+02 2.248752000000000084e+00 1.037639742501261111e+02 5.320326852907175663e-02
1.305616899999999987e+02 5.040212999999999610e+00 1.109609374047135759e+02 1.328475179490576252e+01
1.139231400000000036e+02 3.106367300000000142e+01 9.625519323190096088e+01 2.299749344010801622e+01
1.034372900000000044e+02 1.659929699999999997e+01 1.037320956101942073e+02 1.265475210747263368e+01
1.273446660000000037e+02 1.365026600000000023e+01 1.237869489751897163e+02 5.349692510846923987e+00
1.074369499999999960e+02 2.925465799999999916e+01 1.305959502357816007e+02 3.348524751815784128e+01
1.213958800000000053e+02 1.269575000000000031e+01 1.304973372330167365e+02 2.859749396337654659e+01
1.356580399999999997e+02 1.759958500000000114e+01 1.210310651273450446e+02 1.607461228320980595e+00
1.038327500000000043e+02 1.301466800000000035e+01 1.239172477586756145e+02 3.129756996306048933e+01
9.699267600000000300e+01 3.332831000000000188e+01 1.112638279355337829e+02 1.083607348987254859e+01
1.139247359999999958e+02 2.117171300000000045e+01 9.848215952338176749e+01 8.192136962627954988e-01
1.064764899999999983e+02 2.161875300000000166e+01 1.249848482927615407e+02 2.748004416513300185e+01
1.134964499999999958e+02 2.987325299999999828e+01 1.038701101068113957e+02 3.693886681906027869e-01
1.056316000000000059e+02 1.004083999999999932e+01 1.361671317425944210e+02 2.437878743436597517e+01
1.085890660000000025e+02 5.622329999999999828e-01 1.211200540954311435e+02 2.475369810175754282e+01
9.678136000000000649e+01 1.699195500000000081e+01 1.024390656529280506e+02 2.089894178622455101e+01
1.346454300000000046e+02 1.258279899999999962e+01 1.119696408083343613e+02 1.416432642202232373e+01
9.965353399999999340e+01 2.953445800000000077e+01 1.041667776010186088e+02 1.285233483917654240e+01
1.019195560000000000e+02 2.802453799999999973e+01 1.135635918705208098e+02 1.795798853925979444e+01
1.150682749999999999e+02 1.918149599999999921e+01 1.286999864475303639e+02 2.427959527602801870e+00
1.206880299999999977e+02 9.057698999999999501e+00 1.282619583016035278e+02 2.147470594462925320e+01
1.061328350000000000e+02 2.596210900000000166e+01 9.586399765351997360e+01 3.416367539426119038e+01
1.318405300000000011e+02 1.077468200000000031e+01 1.229065731070505763e+02 2.015501419220559143e+01
1.082378199999999993e+02 1.562821500000000086e+01 9.602073578667388176e+01 3.192276916133693376e+01
1.212168499999999938e+02 5.970590000000000064e-01 9.926831104871411071e+01 7.199232289218308267e+00
1.123576999999999941e+02 3.279659999999999798e-01 9.496612659158255099e+01 3.862763433700955318e+00
1.080707699999999960e+02 1.541756700000000002e+01 1.019451653270919138e+02 2.275462051224209148e+01
1.222190400000000068e+02 1.304349299999999978e+01 1.247227380437394686e+02 2.873706576748447095e+00
1.130387039999999956e+02 2.450758000000000081e+01 1.001368443992030421e+02 1.994971015081478427e+01
1.221146700000000038e+02 7.678874999999999673e+00 1.292693798913012131e+02 2.283346840225737751e+01
1.156589100000000059e+02 2.078124199999999888e+01 1.073463882390855417e+02 4.741953967038576856e+00
1.215120100000000036e+02 3.517780999999999825e+00 1.282001682280664454e+02 2.443198877250373258e+01
1.216560750000000013e+02 3.921428999999999832e+00 1.206014217409796316e+02 8.699724094920485484e+00
1.222376000000000005e+02 3.524550000000000183e-01 9.682509709791189323e+01 2.805503120060847877e+01
9.588267000000000451e+01 2.653397000000000006e+01 1.363046098000699544e+02 4.229218798798668466e+00
1.096788600000000002e+02 1.849008999999999903e+00 9.259908804340930999e+01 1.173082753421219238e+01
1.039350500000000039e+02 2.735918399999999906e+01 1.084056063122479117e+02 2.286073844061453997e+01
1.072773499999999984e+02 2.767564799999999892e+01 1.166917869040344158e+02 1.521606711511744869e+00
1.034781339999999972e+02 1.418773999999999980e+01 1.050165900462470319e+02 1.264950976625268808e+01
1.006493899999999968e+02 1.672829600000000028e+01 1.300126835292694238e+02 1.640536786279622561e+01
1.357005499999999927e+02 1.938025700000000029e+01 1.345733912361804698e+02 2.389876764077132876e+01
1.128090440000000001e+02 2.218561000000000050e+01 9.399436758045520435e+01 3.444553452373827440e+01
1.090837899999999934e+02 1.109345000000000026e+00 1.310860921320876287e+02 8.990273769978282203e+00
1.029471499999999935e+02 1.203110299999999988e+01 1.059131743208654939e+02 2.366990770295013036e+01
1.167711800000000011e+02 1.044548600000000071e+01 1.010586171139860596e+02 6.103582868322423138e+00
1.302385099999999909e+02 7.992467999999999684e+00 1.228673267221015521e+02 2.367675936112296498e+01
9.515203999999999951e+01 1.569428800000000024e+01 1.099023253579404127e+02 2.414277596165381290e+00
1.200522399999999976e+02 3.491102000000000061e+01 1.186925933136019040e+02 3.344676697901150675e+01
9.899518999999999380e+01 3.035501000000000005e+01 1.127849876364158064e+02 1.361075636624703300e+01
1.026750949999999989e+02 3.487172699999999992e+01 1.336485885105461762e+02 2.474159361759399545e+01
1.314515000000000100e+02 1.002607700000000079e+01 1.177005264704692138e+02 1.461888373023845666e+01
1.303218400000000088e+02 8.996290000000000120e-01 1.173995918143127852e+02 1.154980169191738781e+01
1.137167199999999951e+02 2.209496700000000047e+01 1.209239678500112802e+02 2.267766215356562398e+01
9.609209400000000301e+01 1.652753299999999825e+01 1.347236309660570441e+02 3.424480771859969508e+01
1.146143200000000064e+02 2.004928200000000160e+01 1.358241792862514501e+02 9.922358522925682323e+00
1.302130600000000129e+02 1.211599499999999985e+01 1.148370159523949070e+02 1.516998108359839748e+01
1.126715200000000010e+02 1.748623999999999867e+01 1.198192747312943993e+02 6.856915198868478001e+00
9.410971999999999582e+01 1.075564600000000048e+01 1.264395254535599662e+02 2.350590619302375828e+01
1.165043500000000023e+02 1.716985000000000028e+01 1.260183006098919236e+02 3.348023261359413638e+00
1.219990200000000016e+02 5.213186999999999571e+00 9.369269638605089767e+01 2.360973150956620970e+01
1.240174260000000004e+02 8.090493999999999630e+00 1.097197812017285230e+02 1.264980817968451809e+01
1.162961800000000068e+02 2.799809799999999882e+01 1.146570254241020308e+02 1.569370816687865045e+00
1.065032039999999967e+02 4.921710000000000251e-01 9.677214890624325960e+01 9.639084390406774006e+00
1.221295800000000042e+02 8.650660999999999490e+00 1.127470312311048559e+02 9.136588573147406578e+00
1.264625999999999948e+02 7.166369999999999685e-01 1.301078608828780432e+02 1.302006478563082759e+01
1.047176599999999951e+02 4.703091999999999828e+00 1.238557757923271936e+02 3.453303961947903389e+01
1.134832399999999950e+02 1.777810300000000154e+01 1.273185555888306766e+02 1.131824631085778066e+01
1.063184499999999986e+02 2.189414199999999866e+01 1.134524853813761496e+02 2.950514753292803150e+01
1.279676800000000014e+02 9.560188000000000130e+00 1.000022493334195985e+02 1.025250539672909866e+01
1.367545299999999884e+02 1.483705600000000047e+01 9.552437384100429085e+01 7.374247054637985244e+00
1.078730850000000032e+02 3.194168000000000163e+01 1.300053331388109541e+02 1.314286463161915641e+01
1.205876159999999970e+02 1.334072899999999962e+01 1.237520313600407178e+02 3.398451921037503354e+01
1.014903900000000050e+02 3.396592700000000065e+01 1.084246748762958958e+02 1.521229306129050585e+01
1.305980999999999881e+02 1.224686600000000070e+01 1.028774576732762682e+02 3.313216400856932609e+01
1.350492700000000070e+02 1.381308300000000067e+01 1.324994732394791868e+02 1.442076503189909431e+01
1.324894099999999924e+02 1.522223000000000104e+00 1.153154261122864739e+02 2.664701343147742918e+01
1.327581000000000131e+02 3.298633999999999844e+00 9.715588543833814583e+01 5.446274368070045391e+00
9.989088999999999885e+01 2.683164999999999978e+01 1.166371652986073713e+02 2.918960484403030264e+01
1.268311900000000065e+02 1.202138899999999921e+01 9.691989419371886072e+01 1.614103485566113605e+01
9.953991000000000611e+01 1.765159200000000084e+01 1.340638064598954031e+02 2.715953458635273421e+01
1.298188600000000008e+02 9.076064999999999827e+00 1.164611968253423555e+02 2.718870039211603640e+01
1.323020500000000084e+02 3.039486999999999828e+00 1.305634484443922361e+02 3.346661050628513578e+01
1.049337600000000066e+02 3.191469599999999929e+01 1.247132120229385066e+02 1.461403321868862015e+01
1.215111540000000048e+02 9.026956999999999454e+00 1.149075368132533725e+02 1.197578484576452951e+01
9.715987400000000207e+01 1.592667499999999947e+01 1.298270011325502082e+02 2.188320835079190729e+00
1.158584060000000022e+02 1.987986000000000075e+01 1.225425902151660154e+02 1.038599266428740187e+01
1.142837099999999992e+02 1.745475199999999916e+01 9.574419745908861046e+01 2.457330305464429188e+01
1.376394999999999982e+02 1.949024400000000057e+01 1.255455718191262804e+02 1.404801699601436304e+01
1.187915799999999962e+02 1.987776600000000116e+01 1.067610405837317842e+02 1.199787351639124466e+01
1.247720099999999945e+02 6.038419999999999899e-01 1.156281206834595423e+02 9.252464845884873057e+00
1.024364300000000014e+02 2.697588299999999961e+01 1.230541713226212437e+02 2.640828717373520718e+01
1.098809700000000049e+02 2.526983800000000002e+01 9.415096818566034642e+01 1.824758471333879228e+01
1.252770199999999932e+02 1.020389400000000002e+01 9.253446257964375832e+01 2.576470622167478908e+01
1.008948800000000006e+02 1.652329800000000048e+01 1.110962554503397968e+02 9.847186551864393067e+00
1.083554599999999937e+02 1.583191200000000087e+01 1.012145077886784321e+02 2.927451301032186137e+01
1.028493699999999933e+02 2.885465800000000058e+01 1.231169709075203542e+02 2.433902410399129579e+01
1.135055600000000027e+02 1.730492999999999881e+01 1.161108119727041554e+02 1.133867055511441535e+01
1.225343299999999971e+02 4.270537000000000027e+00 9.551398989760126312e+01 2.795805860105639340e+01
1.005045199999999994e+02 2.882197800000000143e+01 1.156160820318234244e+02 2.164179520730924722e+01
1.078554800000000000e+02 1.840535399999999910e+01 1.244985861504140416e+02 1.068638734952621228e+01
1.030200499999999977e+02 2.779550400000000110e+01 1.181541661307801689e+02 3.176880825854570034e+01
1.235973099999999931e+02 1.219101299999999988e+01 1.039673015926646542e+02 2.994537603657178693e+01
1.324488800000000026e+02 9.132956999999999326e+00 9.612905513307728711e+01 9.270170058510924349e+00
1.083133540000000039e+02 2.792756299999999925e+01 1.114349696185556411e+02 3.389424155684343276e+01
1.129410900000000026e+02 1.928609799999999908e+01 1.048731953461670514e+02 3.356760274223398710e+01
1.022247540000000043e+02 1.159689299999999967e+01 1.188075633763984058e+02 1.283354988416052045e+01
1.110863800000000055e+02 2.956343499999999835e+01 1.220105336236756983e+02 3.271044266685515822e+01
1.156852599999999995e+02 1.478857400000000055e+01 1.110343274408805030e+02 3.451437357867190059e+01
1.102168700000000001e+02 2.640597199999999845e+01 1.105927879406792300e+02 1.654671577762915646e+01
1.287667099999999891e+02 1.207068300000000072e+01 1.371015675161532670e+02 1.544091583841611381e-01
1.143764000000000038e+02 1.332743100000000069e+01 1.248779002627026102e+02 2.903439535712745823e+01
1.245306700000000006e+02 7.659853000000000023e+00 1.040869700065367169e+02 1.919251193302658720e+01
1.356722699999999975e+02 1.789586800000000011e+01 1.084088625192061386e+02 2.201765846745186650e+01
1.119646900000000045e+02 1.463188599999999973e+01 1.182380507982366140e+02 1.174517987629053017e+01
9.897588000000000363e+01 1.434022700000000050e+01 1.012234337079622577e+02 8.186422024064489378e+00
1.159256900000000030e+02 2.697432299999999827e+01 1.206944681558773453e+02 1.188050078562366174e+01
1.050813700000000068e+02 4.424735000000000085e+00 1.235040579358344388e+02 1.264445648057357197e+01
1.164321900000000056e+02 1.890602499999999964e+01 1.266943977808030866e+02 8.936413378238668770e+00
1.310166999999999859e+02 1.584964599999999990e+01 1.007986937749765417e+02 2.131853517475100102e+00
1.355842399999999941e+02 3.165399999999999991e+01 1.250143835859305597e+02 2.149089184615470316e+01
1.129178600000000046e+02 2.190700100000000106e+01 1.065063046474615049e+02 4.723256933902826304e+00
1.215634399999999999e+02 8.080892999999999660e+00 1.008050974851896200e+02 2.145531319157278105e+01
1.360886000000000138e+02 1.322069300000000069e+01 1.288401474238305013e+02 1.993181960873537939e+00
1.079174000000000007e+02 2.103756999999999877e+01 1.264980395038415821e+02 3.885046854522858251e+00
1.082274599999999936e+02 2.717001000000000133e+01 1.333133006551802850e+02 2.069803006157284386e+01
1.067997500000000031e+02 2.827483199999999997e+01 1.034471227635302455e+02 6.676892328104350183e-01
1.135468599999999952e+02 1.324376900000000035e+01 1.130166354097786154e+02 1.423961987936492335e+01
1.067377000000000038e+02 2.727607499999999874e+01 1.051387648954400760e+02 1.217385809496025395e+01
9.264901000000000408e+01 2.078608699999999843e+01 1.261949759270712974e+02 1.482115934405794633e+01
1.148343050000000005e+02 2.582363300000000095e+01 1.002708489056785055e+02 2.902775862253885819e+01
1.174997939999999943e+02 1.471192300000000053e+01 1.162350812984451665e+02 3.217142841151873967e+01
1.130037300000000045e+02 2.547221800000000158e+01 1.270369328229541281e+02 2.439475099634841726e+01
1.293536799999999971e+02 7.147846000000000366e+00 1.149685989679589397e+02 5.696832994911001258e+00
1.325118699999999876e+02 7.074665000000000425e+00 9.987825453893029248e+01 1.284289789164026274e+01
1.331191900000000032e+02 8.421360999999999208e+00 1.153656308186681940e+02 2.357509316061885940e+01
1.033414700000000011e+02 2.611897300000000044e+01 1.190051526136981863e+02 3.344536438381517485e+01
1.235410839999999979e+02 6.541074000000000055e+00 1.292540365179162904e+02 5.723962298175240271e+00
1.372788199999999961e+02 1.268961700000000015e+01 1.379813302585366159e+02 6.269800204952408862e+00
1.290050699999999892e+02 1.324962900000000054e+01 1.233357269234920466e+02 2.897904871873007338e+01
1.269099199999999996e+02 8.830450000000000799e+00 1.236733259978359598e+02 1.928004679802171495e+01
1.209112899999999939e+02 7.267337999999999631e+00 1.009787956778719860e+02 5.454646788200280483e+00
9.999969000000000108e+01 2.509792300000000154e+01 1.114851578907923084e+02 1.402865293982498507e+01
9.586464999999999748e+01 3.010379999999999967e+01 9.767345920235817402e+01 6.956486100282678109e+00
1.219563600000000037e+02 4.037063999999999986e+00 1.076293745328564171e+02 1.219668643573770872e+01
1.011475200000000001e+02 2.924591300000000160e+01 1.136253469786050800e+02 3.014757353436493048e+01
9.844208500000000583e+01 2.976761600000000030e+01 1.199889356941029490e+02 8.207124948137494158e+00
9.890682999999999936e+01 1.802293200000000084e+01 1.180344196096029918e+02 1.819985292779464814e+01
1.206234199999999959e+02 2.294290000000000163e+00 9.375460469179942891e+01 2.189545568238665751e+01
1.233764199999999960e+02 2.582111199999999940e+01 1.090271033233962896e+02 7.376251681535550553e-01
1.083680499999999967e+02 2.084225800000000106e+01 1.277274743291192181e+02 2.414975247921888979e+01
9.569082000000000221e+01 2.712815700000000163e+01 1.114621592640275622e+02 1.187284977911719075e+01
1.251748699999999985e+02 2.681115199999999987e+01 1.117301812680335900e+02 6.473857068646950985e+00
1.324696399999999983e+02 1.699832699999999974e+01 1.317297037775931585e+02 2.236273012731500920e+00
1.227981199999999973e+02 3.281226699999999852e+01 1.132290247279634485e+02 3.420686127341662797e+01
1.234426899999999989e+02 2.473543000000000092e+01 1.318676077913416407e+02 1.138556441185752810e+01
9.339405999999999608e+01 1.624022300000000030e+01 9.650504860498578807e+01 3.464906026152500118e+01
1.176956899999999990e+02 6.060266000000000375e+00 1.194206298086302667e+02 3.270268256363389359e+00
1.359555699999999945e+02 2.916656499999999852e+01 1.077874346729150545e+02 6.299717855790454735e+00
1.151012699999999995e+02 2.510251999999999839e+01 1.149321131027961513e+02 1.845160214937335752e+01
1.309324000000000012e+02 9.878012000000000015e+00 1.103929772385575916e+02 2.841966427446738663e+01
1.262135240000000067e+02 1.085353699999999932e+01 1.104925732234162865e+02 8.782659673604820583e+00
1.006227399999999932e+02 1.954385600000000167e+01 1.338314617753818538e+02 2.232454014307553436e+01
1.039862200000000030e+02 2.419322400000000073e+01 1.277168325106267730e+02 3.034717067731419249e+00
1.231192999999999955e+02 3.669859999999999900e+00 1.107242474300457928e+02 1.480720990585503571e+01
1.219349399999999974e+02 1.171463199999999993e+01 1.031032555485825526e+02 8.260357964598888714e+00
1.233474350000000044e+02 2.519231399999999965e+01 1.187567431951279957e+02 9.021286216585460593e+00
1.237337600000000037e+02 9.310326999999999131e+00 1.156889592835386935e+02 1.892490665048818244e-02
1.181114039999999932e+02 1.644512699999999938e+01 1.323097899056125470e+02 1.127163032175911539e+01
1.373412800000000118e+02 7.320990000000000553e-01 1.019864589684065947e+02 3.174943260362216435e+01
1.289106299999999976e+02 7.094847999999999821e+00 1.055202037100921189e+02 1.823003602270922396e+00
1.012301199999999994e+02 1.617340499999999892e+01 1.360566281773321293e+02 2.630760439767434633e+01
1.255556260000000037e+02 1.372629099999999980e+01 1.337207872144489329e+02 2.101245714125606412e+01
1.061745300000000043e+02 2.465655100000000033e+01 1.371528857659251059e+02 3.340182082272998088e+01
1.068052100000000024e+02 1.683014100000000113e+01 1.109599266851037527e+02 2.703132573747074474e+01
1.223638150000000024e+02 9.904870000000000729e+00 1.288553679139043311e+02 5.631850757670489926e+00
1.140832999999999942e+02 2.683112699999999862e+01 9.721161279968056590e+01 1.391943100763974428e+00
1.073838200000000001e+02 2.117361000000000004e+01 1.161181627985060913e+02 3.054082222212809228e+01
1.140301000000000045e+02 2.309675000000000011e+01 1.004263800316008712e+02 2.638693408564580878e+01
1.002892999999999972e+02 2.375831000000000159e+01 9.453746136887291129e+01 3.242473828120127166e+01
