8.186610400000000709e+01 4.375295299999999799e+01 5.938020462871992322e+01 5.256064685578466111e+01
5.167446499999999787e+01 5.289345600000000047e+01 6.732173632756372683e+01 4.763067336541470098e+01
5.169720499999999674e+01 4.989869000000000199e+01 5.670334607561008511e+01 5.664882221924463579e+01
9.003839000000000681e+01 5.072025000000000006e+01 8.244481756948259488e+01 5.112889988898176341e+01
8.205965000000000487e+01 6.468255000000000621e+01 6.639591674467480686e+01 5.626495889353477509e+01
5.511413199999999790e+01 4.739479399999999742e+01 8.606876990305872255e+01 3.502479251516159309e+01
8.910262000000000171e+01 4.467295000000000016e+01 5.469525167686118294e+01 5.440548130952068107e+01
6.372266799999999876e+01 4.694447999999999865e+01 8.478510871224631273e+01 4.877844346356418725e+01
8.431788000000000238e+01 4.659002999999999872e+01 7.816247859400523623e+01 4.864140615342080309e+01
5.933621000000000123e+01 6.236477299999999957e+01 4.644586459428025904e+01 5.185753045062907773e+01
5.363974799999999732e+01 5.208994299999999811e+01 6.910971249877722755e+01 4.257571166390320627e+01
5.852781300000000186e+01 3.578958500000000242e+01 7.834649826303068210e+01 3.566725552645167596e+01
7.592802399999999352e+01 5.213128999999999991e+01 8.598643498253863982e+01 5.114329064643540335e+01
5.009697299999999842e+01 3.689758299999999736e+01 6.535989060582622301e+01 6.279825655616166102e+01
7.359251000000000431e+01 6.916764000000000578e+01 5.865029649004813450e+01 4.558624362444065525e+01
8.947472999999999388e+01 5.233020799999999895e+01 8.211904032775504447e+01 6.890908033152958012e+01
5.097951499999999925e+01 3.850401300000000049e+01 7.243547438594737287e+01 5.826916614801635319e+01
8.352984999999999616e+01 6.076507999999999754e+01 8.888513726825625838e+01 4.897050643824115923e+01
8.982984000000000435e+01 5.302496299999999962e+01 8.110614979061723773e+01 4.289304722339856113e+01
6.193233000000000033e+01 4.601049400000000134e+01 5.828673296150423511e+01 4.369985099219350388e+01
5.724761600000000072e+01 6.143712200000000223e+01 5.949085856571397812e+01 5.987639271189839008e+01
8.540730000000000643e+01 3.939616000000000184e+01 8.343510010478760819e+01 4.862025046214823476e+01
8.153354000000000212e+01 5.439672000000000196e+01 6.900228566690122989e+01 6.015315321185795483e+01
5.283331299999999686e+01 4.813033000000000072e+01 7.607193754686767306e+01 6.895344408446446494e+01
6.617875999999999692e+01 5.376008999999999816e+01 5.810524794754013556e+01 4.353090235199208990e+01
5.042887000000000342e+01 4.562337500000000290e+01 6.132475393037260147e+01 3.862420679851116034e+01
5.509714999999999918e+01 5.106415599999999699e+01 8.499485239276333459e+01 5.747788317159569260e+01
5.922205000000000297e+01 5.737902499999999861e+01 7.568038728502230583e+01 5.380917258634790556e+01
6.529474000000000444e+01 5.300702700000000078e+01 9.011068268487332489e+01 6.736111166562955077e+01
8.212173500000000104e+01 4.029014200000000301e+01 5.274063616084581696e+01 5.121292197940171320e+01
4.866503999999999763e+01 4.614283999999999963e+01 8.894735646669266771e+01 4.223538209497054652e+01
6.008419800000000066e+01 6.724903000000000475e+01 4.961105753755800407e+01 5.972801542928251450e+01
8.003162399999999366e+01 4.691811799999999977e+01 6.914989712204982197e+01 4.190608584053749297e+01
5.413719999999999999e+01 6.657320400000000404e+01 9.074137125236394752e+01 5.323876029086730455e+01
7.979953999999999326e+01 5.222890999999999906e+01 4.746110503074060460e+01 4.078824747768597092e+01
6.539163999999999533e+01 6.597992000000000701e+01 5.983483641979940160e+01 4.436673745781332912e+01
6.023380300000000176e+01 5.545163999999999760e+01 5.041650327709574242e+01 4.245934355143195660e+01
8.573838999999999544e+01 6.890942400000000134e+01 7.276441045721641387e+01 6.840945860524107047e+01
7.047728999999999644e+01 4.958598299999999881e+01 8.994155348018202289e+01 4.885692061492767380e+01
7.462242000000000530e+01 4.588313300000000083e+01 4.682456885195133367e+01 6.209774704046586180e+01
5.566822400000000215e+01 5.443486999999999654e+01 7.821627969890190002e+01 4.220298023884126337e+01
5.105628999999999706e+01 3.829506700000000308e+01 6.334684706512187802e+01 4.048771959242684915e+01
7.410056000000000154e+01 6.981937999999999533e+01 5.160289616970904802e+01 6.580685055904011449e+01
8.377172000000000196e+01 3.864419999999999789e+01 8.839741933265436558e+01 3.752602428883942309e+01
5.782506000000000057e+01 5.586100400000000121e+01 4.980894583071938797e+01 4.205424354373757012e+01
8.956656999999999869e+01 4.467163999999999646e+01 7.499107690568135354e+01 5.987844712249059853e+01
5.525240699999999805e+01 6.121945999999999799e+01 9.158875963834547917e+01 5.489114775714945438e+01
8.180244399999999416e+01 3.904393999999999920e+01 8.707940115702041339e+01 6.843039421510208342e+01
7.564023600000000158e+01 6.259424200000000127e+01 7.589289357385651158e+01 3.703437856391781935e+01
6.069254300000000057e+01 4.137232600000000105e+01 8.597640320088299859e+01 6.819693219269645112e+01
8.637108999999999526e+01 3.969093999999999767e+01 6.246805029473726734e+01 4.031602409457459402e+01
5.828899400000000242e+01 5.992299700000000229e+01 7.684519185034787370e+01 3.765917172099053545e+01
5.233660499999999871e+01 4.819270000000000209e+01 7.474340467587384751e+01 4.622275746138058139e+01
7.263534500000000094e+01 6.591482000000000596e+01 7.546505641296369049e+01 6.346742112757964804e+01
6.467489000000000487e+01 4.754215200000000152e+01 4.768974739987129396e+01 5.039099741397789245e+01
8.338657999999999504e+01 4.855832300000000146e+01 8.292070477530785411e+01 3.749797308500367166e+01
6.481473499999999888e+01 4.456393400000000327e+01 6.305617196912314171e+01 4.956777392687190797e+01
7.865703600000000506e+01 4.475950199999999768e+01 5.676394417897761713e+01 4.979890898280501688e+01
6.632321000000000311e+01 4.732898699999999792e+01 8.157789816887895995e+01 6.479969462045764317e+01
7.332840000000000202e+01 4.723649600000000248e+01 6.858498779886566865e+01 4.217652365807308712e+01
5.508444200000000279e+01 4.897662400000000105e+01 5.424131719643236238e+01 4.792723120185679875e+01
6.978509999999999991e+01 6.200424000000000291e+01 5.587365705994923104e+01 5.964175437274781189e+01
8.212149999999999750e+01 6.805886999999999887e+01 5.092355562425638027e+01 3.966745947519355298e+01
9.098907499999999970e+01 4.332945999999999742e+01 7.769934705276068598e+01 6.529872468499662830e+01
9.102521500000000287e+01 5.774139000000000266e+01 5.539726497724951315e+01 6.269659719676486986e+01
7.151955399999999941e+01 4.778076599999999985e+01 6.235866406248898386e+01 6.937276809340394834e+01
6.521347000000000094e+01 6.587377999999999645e+01 5.999349655358350475e+01 4.073395037125276019e+01
7.694061000000000661e+01 6.262098699999999951e+01 5.920082273261378703e+01 3.850117889825563111e+01
4.898817999999999984e+01 5.657592999999999961e+01 7.492258654065692269e+01 6.227237078400818859e+01
8.818219000000000563e+01 5.422068800000000266e+01 4.603727071436307483e+01 4.486742797396323823e+01
8.476594500000000210e+01 4.658230199999999854e+01 5.641730714671223268e+01 5.094195314011559361e+01
8.478618000000000166e+01 4.751883300000000077e+01 5.136542290659590293e+01 3.820620415884989285e+01
5.430799499999999824e+01 4.715450299999999828e+01 6.356821062616357665e+01 4.931998912762790610e+01
7.806696999999999775e+01 5.320942300000000103e+01 7.107773411157999988e+01 4.330114891525952459e+01
7.871864999999999668e+01 4.122878299999999996e+01 7.490273483196966708e+01 5.244171706885111206e+01
5.078484300000000218e+01 4.311047400000000351e+01 7.506354728888341299e+01 5.862224679301263564e+01
5.339186500000000279e+01 4.860521299999999911e+01 5.753771962201818724e+01 4.833873454362158384e+01
8.821962999999999511e+01 4.613478500000000082e+01 7.620100219416204368e+01 4.965296306993950992e+01
6.478409600000000523e+01 6.453046000000000504e+01 8.061520121594428190e+01 3.768165579903548235e+01
5.304388399999999848e+01 4.427125000000000199e+01 6.836458029924905588e+01 6.599511017059205642e+01
4.670871700000000004e+01 6.377425999999999817e+01 5.520662583792467615e+01 3.746350720717568095e+01
8.859553999999999974e+01 4.171603000000000350e+01 6.518604740979259304e+01 3.541649938865653269e+01
5.253663300000000191e+01 3.601392400000000293e+01 8.728706776356769126e+01 5.084853649477641824e+01
7.510142000000000451e+01 3.915826400000000262e+01 5.742957251297345778e+01 5.567677140394419411e+01
4.807733000000000345e+01 3.790756999999999977e+01 5.155254499680336266e+01 4.032253943820491315e+01
4.704746999999999701e+01 4.864985999999999677e+01 6.389910892403995035e+01 3.793595167531255896e+01
6.721398999999999546e+01 4.009886999999999802e+01 4.925864714414915113e+01 4.136746742495050455e+01
5.608556699999999751e+01 4.873567200000000099e+01 8.744935337431662958e+01 6.370863663058740656e+01
7.769123999999999342e+01 6.373434000000000310e+01 6.704401302419856279e+01 5.471591312095559090e+01
5.536148000000000025e+01 4.794722999999999757e+01 8.880247774763319057e+01 6.856116951851146268e+01
5.267781399999999792e+01 4.952029799999999682e+01 8.110434355968621389e+01 4.725399155079258406e+01
8.185470999999999719e+01 4.928301600000000349e+01 8.495293765421979515e+01 6.429599026789375671e+01
4.679430399999999679e+01 4.216695399999999694e+01 8.009220731413219596e+01 6.845289795913282660e+01
5.181455199999999905e+01 4.689494299999999782e+01 5.271300438928404475e+01 4.432407777779458513e+01
6.673151400000000422e+01 6.244692200000000071e+01 6.532549358320014221e+01 4.786135311057582697e+01
7.580970000000000653e+01 3.922681800000000152e+01 6.546216990199548036e+01 4.807126625335457959e+01
5.682670999999999850e+01 4.389077000000000339e+01 7.931245804942361133e+01 4.434131160656477277e+01
5.408736999999999995e+01 4.822462500000000318e+01 8.882299853082497521e+01 6.687583784970733802e+01
7.188934999999999320e+01 4.769791399999999726e+01 5.742418787420953663e+01 5.526612834197837287e+01
6.880440500000000270e+01 5.972476000000000340e+01 6.395208958732183646e+01 4.175460063620018047e+01
5.768971599999999711e+01 5.626144399999999735e+01 7.173292078562758434e+01 4.093898388000767596e+01
8.061682999999999311e+01 5.918603000000000236e+01 6.585247476744625317e+01 5.487744002568675938e+01
8.737299000000000149e+01 4.577764499999999970e+01 5.339674027052284799e+01 4.405310162772678950e+01
5.548542400000000185e+01 5.831977499999999992e+01 4.731590498240058196e+01 5.777760570734658074e+01
4.858368300000000062e+01 4.659875000000000256e+01 6.106281601486610811e+01 5.474697335979927004e+01
6.651388000000000034e+01 5.359824799999999811e+01 4.702295603731629114e+01 6.138156159360464414e+01
5.190478000000000236e+01 4.889708699999999908e+01 8.445270639736742169e+01 5.282982222720100651e+01
8.403638499999999567e+01 3.503270299999999793e+01 5.047849925849374131e+01 6.046703282911322219e+01
7.948573000000000377e+01 4.482542399999999816e+01 5.933188618145803872e+01 3.616448450071364817e+01
6.583499999999999375e+01 6.410107399999999700e+01 6.096426303861716178e+01 5.837278071839335780e+01
6.518153999999999826e+01 6.714570000000000505e+01 8.753789657146461423e+01 4.691782423886070319e+01
4.746859700000000259e+01 6.730271000000000470e+01 6.042884595906319589e+01 4.486515452700302831e+01
8.590979000000000099e+01 3.523488600000000304e+01 6.584990215783925294e+01 6.918999338093760798e+01
6.310660000000000025e+01 4.440919000000000239e+01 5.895653196710991040e+01 6.100136217543537498e+01
6.048337599999999981e+01 6.151382399999999961e+01 9.028230970234429265e+01 4.418686412063562585e+01
4.841457400000000177e+01 6.508395000000000152e+01 5.521104918983893128e+01 3.821081998307524685e+01
7.331856999999999402e+01 6.896445500000000095e+01 5.013399740154127215e+01 4.467506758451118287e+01
5.031473499999999888e+01 4.109745999999999810e+01 5.217335819285749920e+01 5.481650349349808238e+01
8.373717499999999347e+01 4.802160299999999893e+01 6.605110112012985724e+01 6.774992090385499921e+01
4.764016999999999769e+01 4.024199300000000079e+01 6.011621636660876078e+01 5.545069327894810840e+01
6.417624999999999602e+01 5.623000700000000052e+01 7.538573103855880220e+01 5.874748104429303197e+01
8.433438999999999908e+01 3.928714000000000084e+01 6.989329127059821190e+01 4.554702424885817891e+01
8.999599000000000615e+01 5.482777999999999707e+01 8.839663073294983064e+01 5.041292914671920045e+01
8.831159999999999854e+01 3.731616999999999962e+01 7.721318166685627205e+01 5.761196429434421162e+01
5.246391700000000213e+01 4.780145600000000172e+01 6.310680786213016091e+01 4.802844379980257372e+01
7.208037600000000111e+01 6.865512999999999977e+01 8.009406783688885412e+01 4.205326401592385821e+01
8.969199999999999307e+01 4.165841700000000003e+01 7.048674413146056850e+01 5.084315655928789113e+01
5.039290199999999942e+01 6.866956999999999312e+01 6.654607314673084772e+01 6.248840244123285004e+01
8.780607999999999436e+01 3.907204000000000121e+01 8.552828910940624496e+01 5.811253886528119494e+01
6.856942999999999699e+01 6.211330800000000352e+01 8.202752656135277221e+01 4.279440498693325878e+01
7.166112499999999841e+01 6.507439399999999807e+01 8.827559617074354037e+01 6.580929811874386814e+01
5.408313400000000115e+01 6.638416999999999746e+01 7.171848488493318996e+01 4.961265856395540652e+01
7.401948000000000150e+01 4.625668699999999944e+01 7.276893629239837935e+01 4.940750880305911608e+01
7.179988000000000170e+01 6.876121500000000708e+01 6.715288707184222972e+01 6.487770967035548608e+01
6.199449500000000057e+01 4.123483000000000231e+01 8.597388296849806011e+01 5.670677332050295405e+01
4.957694599999999951e+01 4.986617999999999995e+01 6.982042113058280108e+01 6.156609292375833320e+01
5.561010000000000275e+01 5.018833999999999662e+01 8.488347914723271970e+01 6.032790722823506258e+01
5.400197599999999909e+01 4.162597999999999843e+01 7.102828636325305922e+01 6.584169046451026475e+01
5.755927700000000158e+01 5.955747600000000119e+01 5.822312676222345829e+01 3.817471558020272226e+01
7.618917999999999324e+01 6.078967999999999705e+01 7.472719334917965739e+01 5.209774839933377422e+01
9.175052999999999770e+01 4.081071500000000185e+01 7.459659867211449580e+01 4.669854544456240575e+01
6.594256000000000029e+01 5.268306400000000167e+01 8.072206115808347704e+01 5.842629260611894892e+01
8.765320599999999729e+01 4.874345000000000283e+01 5.819554805092309380e+01 6.070054376725428824e+01
7.671775999999999840e+01 4.262098999999999904e+01 6.783737284418015179e+01 5.978118965678996233e+01
9.030997499999999434e+01 6.902100000000000080e+01 6.915695892294613145e+01 4.257373186202634940e+01
4.819915000000000305e+01 4.407435199999999753e+01 6.599897043184250833e+01 4.885423551450621460e+01
8.368057000000000301e+01 4.545237999999999801e+01 5.645958551445494322e+01 6.502921194604088839e+01
7.265532000000000323e+01 6.310888700000000284e+01 7.803472175527276988e+01 5.101748889386072960e+01
5.286663999999999675e+01 5.036919000000000324e+01 5.308589623033930849e+01 4.991982289606902867e+01
8.485718500000000120e+01 6.800350000000000250e+01 6.295906530951025104e+01 5.217766336864549714e+01
7.271495000000000175e+01 6.874470499999999618e+01 7.051560640059011575e+01 5.707785997994781013e+01
6.794607999999999493e+01 6.328188699999999756e+01 7.997085589852758858e+01 6.786472180805201049e+01
6.485940600000000700e+01 4.863174399999999764e+01 5.015266063375410965e+01 5.514338540056402138e+01
5.968653499999999923e+01 5.329252199999999817e+01 7.853279498300834405e+01 4.722325039844940164e+01
4.972973600000000260e+01 6.857572000000000401e+01 6.865437308735567967e+01 5.725479381818824720e+01
6.831180600000000425e+01 6.317746400000000051e+01 6.845149655109871389e+01 5.979414133541673237e+01
8.906516999999999484e+01 5.928731499999999954e+01 8.774472265623940359e+01 4.316246882557214803e+01
6.294104999999999706e+01 4.766602699999999970e+01 6.893200058616035619e+01 5.174161707113228914e+01
6.158970999999999663e+01 6.606143000000000143e+01 7.046927474942812353e+01 6.013369527334472053e+01
5.288052700000000073e+01 4.685767400000000293e+01 7.441016836526135592e+01 5.976545261439590462e+01
6.735670500000000516e+01 5.041149000000000058e+01 9.013874710889568576e+01 5.361465432994156544e+01
5.354012000000000171e+01 4.833178699999999850e+01 9.105695814765712726e+01 5.913731339287721767e+01
6.677664000000000044e+01 5.653610199999999963e+01 5.087690737389835505e+01 3.987089622726369242e+01
5.513156000000000034e+01 6.075578000000000145e+01 7.460390786807428753e+01 4.306535174932594146e+01
4.902411000000000030e+01 6.334384500000000173e+01 5.641417960185916058e+01 5.272247435027713180e+01
5.339393199999999950e+01 4.658201600000000298e+01 5.538038627761800115e+01 5.033606033466278973e+01
5.062283299999999997e+01 6.234966699999999662e+01 6.415226816994058368e+01 5.115342358864461403e+01
7.447088999999999714e+01 6.278063199999999711e+01 5.954607902344567805e+01 6.941302195395509500e+01
5.841998699999999900e+01 3.671247499999999775e+01 8.772100426433223674e+01 3.973039133410720325e+01
4.934065600000000273e+01 6.204409400000000119e+01 6.448182431151870730e+01 6.034657450715518934e+01
4.775068999999999875e+01 3.836014600000000030e+01 7.264695120605344414e+01 3.803883444838817240e+01
5.082811699999999888e+01 4.560262699999999825e+01 7.334780650229750165e+01 4.874868505463275881e+01
5.600366000000000355e+01 5.997305300000000017e+01 4.729689067004031244e+01 5.751508685427309331e+01
7.341700000000000159e+01 6.530172000000000310e+01 9.078553270316928092e+01 3.991704517382279249e+01
4.956040600000000040e+01 4.586153399999999891e+01 8.234642547167167947e+01 4.281040924978635331e+01
5.817465200000000181e+01 4.617281700000000200e+01 8.356215960765089790e+01 5.739187274179449361e+01
5.319486200000000053e+01 4.890612999999999744e+01 5.189243067309120505e+01 6.476889039751279142e+01
8.198730000000000473e+01 4.021397400000000033e+01 7.192319466423232655e+01 6.181628292077079578e+01
5.059288999999999703e+01 3.766018700000000052e+01 6.001758657357436277e+01 5.987858396451302667e+01
5.979800000000000182e+01 4.706063999999999936e+01 6.532597284972098350e+01 3.758425685481000755e+01
5.432242999999999711e+01 4.623212000000000188e+01 6.635035520007936327e+01 6.164316061499099675e+01
7.528866999999999621e+01 4.319194399999999945e+01 6.793336142294403146e+01 5.997233399829421785e+01
4.630128500000000003e+01 6.632629000000000019e+01 5.456964503194549110e+01 6.542407668910603036e+01
5.532318000000000069e+01 4.998246400000000023e+01 6.105659933941769424e+01 5.902474632616694095e+01
4.760193000000000296e+01 4.378117999999999910e+01 7.909911106150650539e+01 4.517243575189743154e+01
8.957053000000000509e+01 4.948764800000000008e+01 8.299344249384392924e+01 6.886303041682032244e+01
5.874136699999999678e+01 5.923510999999999882e+01 7.625561777396771390e+01 5.095524921144738784e+01
8.994052000000000646e+01 3.632224699999999729e+01 4.810946133730777063e+01 5.580482291656093707e+01
8.329030000000000200e+01 3.530860500000000002e+01 7.536374023827089275e+01 3.863988563119583119e+01
5.192617800000000017e+01 5.019215799999999916e+01 5.380781861076395955e+01 3.752608870376862171e+01
7.976686999999999728e+01 5.359152999999999878e+01 7.133798219423255205e+01 6.939585647253301204e+01
6.837843999999999767e+01 4.865468200000000110e+01 5.465972522874914574e+01 4.300113338379613026e+01
8.226090999999999553e+01 4.668988999999999834e+01 5.570074464328941133e+01 4.140069240689325625e+01
7.224148599999999476e+01 6.894777000000000555e+01 4.912232651586440113e+01 6.307089517528757483e+01
6.202784299999999718e+01 4.203117799999999704e+01 7.837099455006232063e+01 5.298974243889392000e+01
5.100337999999999994e+01 5.035927199999999715e+01 6.979512979495902414e+01 6.282137577751345958e+01
7.430379000000000644e+01 4.396401000000000181e+01 8.237359537215665739e+01 4.237451905895311199e+01
8.582438999999999396e+01 4.352882000000000318e+01 5.810422847646151467e+01 4.584541477087519468e+01
7.759128599999999665e+01 6.280809399999999698e+01 4.803499858232600417e+01 5.637234032990827615e+01
6.643377999999999872e+01 4.740699999999999648e+01 7.594227962108089969e+01 3.561032882563637969e+01
7.905564999999999998e+01 4.071649599999999936e+01 7.921923087146603848e+01 4.689246040831535822e+01
5.317730999999999852e+01 4.503240999999999872e+01 8.809133757306770462e+01 4.421703128601457422e+01
5.964972699999999861e+01 4.230685400000000129e+01 6.413246396815080175e+01 4.351103425480540210e+01
8.942528000000000077e+01 4.575683200000000284e+01 6.763463943323543504e+01 5.750090130124861787e+01
5.350283400000000000e+01 5.982513800000000259e+01 7.746274582364573291e+01 5.456591769600258601e+01
5.144386699999999735e+01 5.034185399999999788e+01 6.781731628239379006e+01 4.014993618357348737e+01
7.517798600000000420e+01 5.425798000000000343e+01 8.045685076315982087e+01 4.521959779846345384e+01
5.855407699999999949e+01 6.542522999999999911e+01 6.826353390139868793e+01 4.741852336485642638e+01
5.340807999999999822e+01 4.628913000000000011e+01 6.811712921087999462e+01 4.710938261905387492e+01
7.445662000000000091e+01 6.045474600000000009e+01 8.268317059751947795e+01 6.993100165235912868e+01
7.085715000000000430e+01 6.628178400000000181e+01 8.053976639960319517e+01 5.570651435612654723e+01
7.492061599999999544e+01 4.819925299999999879e+01 7.066529508621309219e+01 6.930353501625347690e+01
6.354970999999999748e+01 6.169022799999999762e+01 8.270971999506929251e+01 3.581788074734309646e+01
8.953078999999999610e+01 5.023995000000000033e+01 8.963116746335754215e+01 5.479128488347706138e+01
7.803538500000000511e+01 6.149983600000000195e+01 5.417511195262274271e+01 3.890213069024957093e+01
5.382874699999999990e+01 4.077295699999999812e+01 6.100996452123259672e+01 4.964507355364050767e+01
7.989584000000000685e+01 3.905698000000000292e+01 6.716852368195377210e+01 5.981615995319829437e+01
5.547576000000000107e+01 4.883494999999999919e+01 8.403277124120967301e+01 6.749692041022181854e+01
7.961629999999999541e+01 6.026303999999999661e+01 6.055075266150494429e+01 6.482345627159227774e+01
7.261503000000000441e+01 4.614807499999999862e+01 5.706673926377453654e+01 3.588667675414636449e+01
7.841535000000000366e+01 5.517078399999999760e+01 8.617483193536168073e+01 4.378083215688710794e+01
5.493115600000000143e+01 5.014291399999999754e+01 6.402616196060189679e+01 4.602683515926779023e+01
7.429716500000000678e+01 4.987426399999999660e+01 6.410776683842799173e+01 5.383975669408177112e+01
5.115114200000000011e+01 5.064909000000000106e+01 7.187973278110203523e+01 4.843964835877770270e+01
5.107068600000000202e+01 4.920833600000000274e+01 8.183952967709221582e+01 5.151788200965920339e+01
6.627116999999999791e+01 6.753251000000000204e+01 6.059783032416098081e+01 6.990121106141134533e+01
5.293442000000000291e+01 5.253999699999999962e+01 7.564137901400761166e+01 5.169551069928820652e+01
5.203767400000000265e+01 5.395211400000000168e+01 7.233690471066077521e+01 6.972953053938621792e+01
6.581596999999999298e+01 5.677728700000000117e+01 9.036981737895477806e+01 6.620530169644501939e+01
5.104829000000000150e+01 4.921446199999999749e+01 6.243531159533575448e+01 5.149539352738853637e+01
4.872610499999999689e+01 4.301434700000000078e+01 8.552859576980361567e+01 4.206650893740570041e+01
5.286175000000000068e+01 5.095715299999999814e+01 5.897197423029196273e+01 5.534358054787979597e+01
6.066973000000000127e+01 5.684465399999999846e+01 6.286060938466856385e+01 4.271265529686698414e+01
8.642296000000000333e+01 4.440330999999999761e+01 5.581816234956657041e+01 4.112871111860925311e+01
5.290209999999999724e+01 5.713993500000000125e+01 7.607270432323556975e+01 4.878451595149519449e+01
6.306450699999999898e+01 6.159660999999999831e+01 6.877217062218093702e+01 5.998861210128173838e+01
5.200366600000000261e+01 5.103144000000000347e+01 8.160369095207619239e+01 4.187523186485442039e+01
6.579370000000000118e+01 5.309502400000000222e+01 5.719477258558130472e+01 4.985231539755371699e+01
8.947969999999999402e+01 4.378523299999999807e+01 4.963457645002035434e+01 6.802106149144836422e+01
8.726282500000000653e+01 4.679518999999999807e+01 7.483389838963287843e+01 3.537727081251704675e+01
6.137015999999999849e+01 5.204327399999999670e+01 8.992582870989323851e+01 6.330339994864785780e+01
8.030988999999999578e+01 6.101100999999999885e+01 5.489018377332965315e+01 4.723415074616103482e+01
6.598450499999999863e+01 5.182002299999999906e+01 7.056454077963006455e+01 5.083517905066599951e+01
8.686418999999999357e+01 4.387660999999999945e+01 7.631514195653595323e+01 4.467921949450116870e+01
4.924508000000000152e+01 4.573075999999999652e+01 7.319083044622000500e+01 6.761197274799505408e+01
7.081449000000000638e+01 6.198342999999999847e+01 8.571042899320515573e+01 4.158009887368589830e+01
5.734080999999999761e+01 5.535898199999999747e+01 7.917734066336802812e+01 3.859564721317220659e+01
8.719392399999999554e+01 4.024371299999999962e+01 8.425531413618818988e+01 5.290180421379155007e+01
7.996568999999999505e+01 6.779388400000000559e+01 8.738893588047639582e+01 5.660758925798555197e+01
8.669639999999999702e+01 5.831256499999999932e+01 8.965832867773974613e+01 3.976605285172303184e+01
9.114764399999999966e+01 4.278615599999999830e+01 4.857169797260203836e+01 6.522966740830143806e+01
6.612401599999999746e+01 6.489065999999999690e+01 5.071843131083818434e+01 4.322399367319250985e+01
8.554076000000000590e+01 4.526500699999999711e+01 7.822972841471035110e+01 3.794264594050058292e+01
8.314601999999999293e+01 6.420999000000000478e+01 7.371242230646755900e+01 6.649387962415005404e+01
7.573591999999999302e+01 4.129615799999999837e+01 7.486899037886072961e+01 4.704136034120509180e+01
5.403204000000000207e+01 5.116592800000000096e+01 7.668149429670464201e+01 6.683661241243608231e+01
5.228764699999999976e+01 4.831682200000000194e+01 5.129261505409577637e+01 4.462575161016489034e+01
6.524366000000000554e+01 5.117226399999999842e+01 8.091155421073479204e+01 5.058627498096551278e+01
6.426962000000000330e+01 5.232027999999999679e+01 5.285524375829908905e+01 4.334362380386149027e+01
5.662628600000000034e+01 5.514053299999999780e+01 8.536232068266261308e+01 5.896427361311603477e+01
5.309535600000000244e+01 4.823342000000000240e+01 7.510499423921817197e+01 4.308915939083757252e+01
8.064327000000000112e+01 6.800568400000000224e+01 8.149927457092110217e+01 6.209345671397035460e+01
7.941040999999999883e+01 5.451766200000000140e+01 7.300409615712121081e+01 4.204869423863364375e+01
7.304407500000000653e+01 4.884670599999999752e+01 6.682117196020880101e+01 3.628269238957411602e+01
7.346007000000000176e+01 5.386707700000000187e+01 4.894971410706462223e+01 3.682520706915250486e+01
5.364372600000000091e+01 4.968298699999999712e+01 5.763749167863650058e+01 6.249713222919579891e+01
4.796895599999999860e+01 4.215628000000000242e+01 5.877733218459291464e+01 6.456475667390267859e+01
6.970458000000000709e+01 6.621998999999999569e+01 8.915302919759233191e+01 4.295299713508631356e+01
6.594492999999999938e+01 5.923649199999999837e+01 5.607300987264782322e+01 5.461938577873112877e+01
6.230940600000000273e+01 6.209315000000000140e+01 4.749984674005933982e+01 4.210255669641542653e+01
4.672376599999999769e+01 6.962304000000000315e+01 8.537162331519522240e+01 4.289948835269020577e+01
6.697539999999999338e+01 6.363968700000000212e+01 5.661671616964532205e+01 3.567546882855386059e+01
8.202487999999999602e+01 4.714908599999999694e+01 8.123014329941977962e+01 5.420027756371439409e+01
6.587963000000000591e+01 5.883500699999999739e+01 8.654856664398118937e+01 6.814990436244681860e+01
4.771408000000000271e+01 5.153596000000000288e+01 9.162408597157492807e+01 5.904551091742433755e+01
6.795614999999999384e+01 4.871293000000000006e+01 5.367284965059800328e+01 6.484686704854246386e+01
5.273010299999999972e+01 5.304892000000000252e+01 7.154160780337431902e+01 6.092837497869187757e+01
8.275775000000000148e+01 5.044425600000000287e+01 6.959466216789957116e+01 6.363081938779659197e+01
8.155437000000000580e+01 4.750036999999999665e+01 7.315764446918427666e+01 4.856052363650371007e+01
5.694366000000000128e+01 5.793184000000000111e+01 8.217918445146737838e+01 3.580387422078866422e+01
5.400205600000000317e+01 6.589191399999999987e+01 6.981298633320501779e+01 4.061229093579193972e+01
8.806625999999999976e+01 3.729690000000000083e+01 5.210306866524101110e+01 5.720018246287268937e+01
7.551157999999999504e+01 5.821988999999999947e+01 6.794691433553633431e+01 5.156392894618340961e+01
6.703991999999999507e+01 6.934390000000000498e+01 5.046163858294794125e+01 5.066756992880802102e+01
5.257021999999999906e+01 3.671679699999999968e+01 5.088116448606790243e+01 6.601819390667833432e+01
5.370739999999999981e+01 4.455100999999999800e+01 6.863668334446214203e+01 3.914821199929967577e+01
7.175524000000000058e+01 6.097810700000000139e+01 5.398601460676971442e+01 6.346264799457831884e+01
4.682751499999999822e+01 6.578252000000000521e+01 8.033936804042180313e+01 5.470377586867851960e+01
5.318081000000000103e+01 4.412964000000000198e+01 4.987068520740213273e+01 4.654203804950660839e+01
4.666504299999999716e+01 4.539951700000000301e+01 6.595738488552839840e+01 6.124317844419999801e+01
8.006259000000000015e+01 6.192871499999999685e+01 5.810702484434292359e+01 3.658478098853866101e+01
5.421309999999999718e+01 5.728742199999999940e+01 5.726665495595000266e+01 3.808812301074731721e+01
7.803976000000000113e+01 6.198502700000000232e+01 7.151030896949329474e+01 5.115656362705527727e+01
6.497414999999999452e+01 4.849794399999999683e+01 7.149836103098192552e+01 6.855981747763806311e+01
6.783283000000000129e+01 6.381229799999999841e+01 5.706443266163963557e+01 3.997691281384447137e+01
6.441042000000000201e+01 5.155160999999999660e+01 8.710186464247686899e+01 5.794282265927105158e+01
6.234524499999999847e+01 6.152044999999999675e+01 8.798098403445564486e+01 4.890089607128485483e+01
5.556812000000000040e+01 6.750840999999999781e+01 5.587928460712321055e+01 3.863299160189698256e+01
7.797402999999999906e+01 3.943486000000000047e+01 5.401798284931962257e+01 5.148391952656149329e+01
5.024912599999999685e+01 5.350117500000000348e+01 5.903317227914896392e+01 4.590536510132556458e+01
4.735890200000000050e+01 6.803895599999999888e+01 9.114543285152325325e+01 4.497797837241980545e+01
6.052741600000000233e+01 5.478904299999999949e+01 8.848282117086063181e+01 6.571117926059160652e+01
6.599164000000000385e+01 6.924809000000000481e+01 4.787162675522904465e+01 5.858172866476024865e+01
9.184167999999999665e+01 3.517695599999999700e+01 8.844820503089647445e+01 6.598393687868508550e+01
7.236713399999999297e+01 5.359680600000000084e+01 5.341687230668973996e+01 6.025015416571363147e+01
7.569961000000000695e+01 4.516561000000000092e+01 8.463681075104726403e+01 4.826405622153257724e+01
5.240546400000000204e+01 5.145674499999999796e+01 9.184728629905360719e+01 4.928741280181169770e+01
8.323050999999999533e+01 3.814896999999999849e+01 5.631520370958510568e+01 6.299619263452035511e+01
7.590055999999999869e+01 4.194827999999999690e+01 6.214696158473506671e+01 5.357780522731206219e+01
5.070465999999999696e+01 5.043927800000000161e+01 6.597988318155809395e+01 4.283401460187099019e+01
6.509333999999999776e+01 6.226735999999999649e+01 4.927546345341107781e+01 4.729185793648527181e+01
5.130496600000000029e+01 5.294500699999999682e+01 8.937954616618819159e+01 3.984066125049319140e+01
5.538620000000000232e+01 4.611807600000000207e+01 5.372425253291269343e+01 3.537733097784195024e+01
7.637748999999999455e+01 6.877970000000000539e+01 6.574462684653941835e+01 4.311271008257264015e+01
4.669586999999999932e+01 6.332151799999999753e+01 7.402011023996494998e+01 6.646736115514173093e+01
6.629274999999999807e+01 6.353835699999999775e+01 5.397877580676131259e+01 3.821045065424974752e+01
8.852997600000000489e+01 3.797641399999999834e+01 8.058773768436799401e+01 4.516901258715430600e+01
7.487864000000000431e+01 4.573896799999999985e+01 6.466101045080304743e+01 3.689904657252075282e+01
5.042892499999999956e+01 3.860004800000000103e+01 9.010121009536167946e+01 4.692820874754324478e+01
5.350739000000000090e+01 4.829330999999999818e+01 8.900283859969815126e+01 4.199648268848640242e+01
6.336164500000000288e+01 6.252990700000000146e+01 7.993430947244559093e+01 4.953144208785487024e+01
7.644329000000000462e+01 4.657066300000000325e+01 8.471127490780804692e+01 5.656429793960356989e+01
