1.002797900000000055e+02 2.030880499999999955e+01 9.477513826433271049e+01 9.056059984551279030e+00
1.340509999999999877e+02 2.624378400000000156e+01 1.256130656003967090e+02 6.056419949249638890e+00
1.219563600000000037e+02 4.037063999999999986e+00 1.295610265800615082e+02 1.424693191101161993e+01
1.237617400000000032e+02 2.570814499999999825e+01 1.103589604156156696e+02 1.993921776146197367e+00
1.132039199999999965e+02 1.668616300000000052e+01 1.185236628861575809e+02 2.085575179529724821e+00
9.982527000000000328e+01 2.515078700000000111e+01 9.720210629861884399e+01 1.971596117889925992e+01
1.305158500000000004e+02 8.179097000000000506e+00 1.013048240870211032e+02 1.566352727496127706e+01
1.252033899999999988e+02 9.675684000000000395e+00 1.152617555527591691e+02 1.029723511103959321e+00
1.006795400000000029e+02 2.482919000000000054e+01 1.330472932723988322e+02 2.391692128682660012e+01
9.363790000000000191e+01 1.419008299999999956e+01 1.085086897955190182e+02 2.513221384511269108e+01
1.061745300000000043e+02 2.465655100000000033e+01 1.182229494844431628e+02 2.121403557486311442e+01
1.262176500000000061e+02 1.077972399999999986e+01 1.377406357649975348e+02 1.230764481508110109e+01
1.167593700000000041e+02 2.162810899999999847e+01 1.030345139193010908e+02 2.834199381099167248e+00
1.136618399999999980e+02 2.985846499999999892e+01 1.339286870783860763e+02 8.103523435555807453e+00
1.224107740000000035e+02 7.443858999999999781e+00 1.156633052350738069e+02 1.969076866363650069e+01
1.134846040000000045e+02 1.515536099999999919e+01 1.305666355128724945e+02 3.173404345720092223e+00
9.264901000000000408e+01 2.078608699999999843e+01 1.160627613630241655e+02 1.906340245667577804e+01
1.119646900000000045e+02 1.463188599999999973e+01 1.309291344845329093e+02 1.898691154816211579e+01
1.229570539999999994e+02 1.920611999999999986e+00 9.824102122029033524e+01 2.081218249058891523e-01
1.324696399999999983e+02 1.699832699999999974e+01 9.476847886472870641e+01 1.187035611177822858e+01
1.167711800000000011e+02 1.044548600000000071e+01 1.378030825021036776e+02 1.297136873399244905e+01
1.010540500000000037e+02 1.139439199999999985e+01 9.220530061848795356e+01 1.261585599062184482e+00
1.133071060000000045e+02 3.074285100000000170e+01 1.016065065212712000e+02 6.865723426333466328e+00
1.269610100000000017e+02 1.226305200000000006e+01 9.934971587262315040e+01 8.686101588585513511e+00
1.121128999999999962e+02 1.959123999999999910e+01 1.061397066550594275e+02 5.984041710794877567e+00
1.295191499999999962e+02 3.220691300000000012e+01 9.862379651564528160e+01 2.344808136570676993e+01
1.175621500000000026e+02 1.813804400000000072e+01 1.146134099739778094e+02 5.544506998215996241e+00
1.143764000000000038e+02 1.332743100000000069e+01 1.178175964688261388e+02 3.351881879094836592e+01
1.370245700000000113e+02 1.147566899999999990e+01 1.335136099286310696e+02 7.147013701819569853e+00
1.221295800000000042e+02 8.650660999999999490e+00 1.180091446811523781e+02 8.724095678983662339e+00
1.014903900000000050e+02 3.396592700000000065e+01 1.008411296854403929e+02 2.084458312451716111e+01
1.044074200000000019e+02 1.407581799999999994e+01 1.145227537452202284e+02 1.384789747092286127e+01
1.074301300000000055e+02 3.293291500000000127e+01 1.266156181365750513e+02 2.925284532425696682e+01
1.008899150000000020e+02 2.474351700000000065e+01 9.745814105063875843e+01 3.230759894236941321e+00
1.174997939999999943e+02 1.471192300000000053e+01 1.184206156705616451e+02 3.307124963948113816e+01
1.196812299999999993e+02 2.088022600000000040e+01 1.076129487282709789e+02 2.717588128809645909e+01
1.073470499999999959e+02 1.714681799999999967e+01 1.263709422766070531e+02 1.997487365569516271e+01
1.239107999999999947e+02 6.146923000000000137e+00 1.185907285479457443e+02 1.047435569000940525e+01
1.015794000000000068e+02 7.872015000000000207e+00 9.584388330089235808e+01 1.359490740646380935e+01
1.072066800000000057e+02 2.882234800000000163e+01 1.367591367635446318e+02 2.951097612495576072e+01
1.279676800000000014e+02 9.560188000000000130e+00 1.358217695762207029e+02 2.203828541085296777e+01
1.283993499999999983e+02 1.234091600000000000e+01 1.274395439922601980e+02 7.448677226925161321e+00
1.011475200000000001e+02 2.924591300000000160e+01 1.189550963645660033e+02 2.099438529971700262e+01
1.130037300000000045e+02 2.547221800000000158e+01 1.119027091813524635e+02 2.622225444929050298e+01
1.075842059999999947e+02 1.186463999999999963e+01 1.228395694671554850e+02 7.985240871572475641e+00
1.109355999999999938e+02 1.694945099999999982e+01 9.723493254742358261e+01 2.750974195658087851e+01
1.183520900000000040e+02 1.158915299999999959e+01 1.338718835225927251e+02 1.503901550336969173e+01
1.135468599999999952e+02 1.324376900000000035e+01 9.682069513852532339e+01 2.124450495282612650e+01
1.115640259999999984e+02 1.853575000000000017e+01 1.194016232151375476e+02 2.499532759060066311e+01
9.312736999999999910e+01 1.080105299999999957e+01 1.098542185135444527e+02 4.254874617056551678e+00
1.274308900000000051e+02 1.213617600000000074e+01 1.149221960781976861e+02 3.650100558594690625e+00
1.225821150000000017e+02 6.734340000000000437e+00 9.505904549645444490e+01 2.962768836602590738e+01
1.037949100000000016e+02 1.724506999999999834e+01 9.585165591136755836e+01 1.259954421905794142e+01
9.999969000000000108e+01 2.509792300000000154e+01 1.095598415510500132e+02 7.997467713428296321e+00
9.765413999999999817e+01 2.677711499999999845e+01 9.981355463274226736e+01 3.398879467524742637e+01
1.140832999999999942e+02 2.683112699999999862e+01 1.290329540943010329e+02 2.691363531653800578e+01
1.289122600000000034e+02 1.145462200000000053e+01 1.111980812078703593e+02 9.905183886955121864e+00
1.130678500000000071e+02 1.070391300000000001e+01 1.145672930506071054e+02 2.303051398947448547e+01
9.953991000000000611e+01 1.765159200000000084e+01 1.115089643572697042e+02 1.947790249100127724e+01
1.078554800000000000e+02 1.840535399999999910e+01 1.097304309564864297e+02 3.296873947151632223e+01
9.996817000000000064e+01 2.509249700000000161e+01 1.360408425375304091e+02 8.456705087633396900e+00
1.154087799999999930e+02 2.365899500000000089e+01 1.130538083307531281e+02 2.293823847151443474e+01
1.142837099999999992e+02 1.745475199999999916e+01 1.144401012094307788e+02 1.441957774557145733e+01
1.162961800000000068e+02 2.799809799999999882e+01 9.834596786397656842e+01 2.781215759689495304e+00
9.848784999999999457e+01 2.775841000000000136e+01 1.090453308432700226e+02 1.214664054041972818e+01
1.301707000000000107e+02 5.522420000000000107e-01 1.245251041224748008e+02 2.691957077762450012e+01
1.091274599999999992e+02 2.936315300000000050e+01 9.943910572112726243e+01 3.241510580061295599e+01
1.073891449999999992e+02 2.746964799999999940e+01 1.131416239910817580e+02 6.590662168479197724e+00
1.029471499999999935e+02 1.203110299999999988e+01 1.309034907596147832e+02 2.730584701365322431e+01
1.294755900000000111e+02 2.914704899999999910e+01 1.352945467974783185e+02 3.489388449712795648e+01
1.187546099999999996e+02 1.839382399999999862e+01 1.114864276868691206e+02 1.350289867877188676e+01
1.364280100000000004e+02 4.255118000000000400e+00 1.014088490678409755e+02 2.160925760460142797e+01
1.117835000000000036e+02 4.146894999999999776e+00 1.026066278863530954e+02 6.225065822453644593e+00
1.128090440000000001e+02 2.218561000000000050e+01 1.105943886480387874e+02 4.952870682183600159e+00
1.199054399999999987e+02 1.518948900000000002e+01 1.259742402870672748e+02 1.045087641183942395e+01
1.030200499999999977e+02 2.779550400000000110e+01 1.043467589209130040e+02 2.472040133630259717e+01
1.093003099999999961e+02 1.012630000000000058e-01 1.335332227573989883e+02 1.653524418417782638e+00
1.000685000000000002e+02 2.550993300000000019e+01 1.238261002982086438e+02 1.623331274694060511e+01
1.215120100000000036e+02 3.517780999999999825e+00 1.136811665955869444e+02 1.922200251707300822e+01
1.002700300000000055e+02 1.703686300000000031e+01 1.335518001516657876e+02 1.043089521522301233e+01
1.328286300000000040e+02 1.854412800000000061e+01 1.148571088023582263e+02 7.815410634989738980e-01
1.148769499999999937e+02 6.728119999999999656e-01 1.291810110003654017e+02 8.313512780570919247e+00
1.217480850000000032e+02 1.688053000000000026e+00 1.330048374534189861e+02 1.392035234805626409e+01
1.325616899999999987e+02 2.183529300000000006e+01 1.213692053007014948e+02 1.150365874598574578e+01
1.211908499999999975e+02 1.480161999999999978e+01 1.257350123325530262e+02 2.722102870024542653e+01
1.078730850000000032e+02 3.194168000000000163e+01 1.156953877150445180e+02 2.532244196813201498e+01
1.034781339999999972e+02 1.418773999999999980e+01 1.207449387540211205e+02 2.832842724664995870e+01
1.205864299999999929e+02 8.516370000000000218e+00 1.230794031509694406e+02 3.394497607242561088e+01
1.320785700000000134e+02 1.136370800000000081e+01 1.159550865101150521e+02 2.089063770459129188e+01
1.349317599999999970e+02 1.207422299999999993e+01 1.188570194487289342e+02 1.234021585040820135e+01
1.311990399999999966e+02 2.885759999999999881e+00 1.321026641747499752e+02 6.804357625333461890e+00
1.064764899999999983e+02 2.161875300000000166e+01 1.111263182031927670e+02 2.970582494179169686e+01
1.286794999999999902e+02 1.162912799999999969e+01 1.167582844960957686e+02 1.954554316786089174e+01
1.303218400000000088e+02 8.996290000000000120e-01 1.209469507387820499e+02 7.951440885624878163e+00
1.164321900000000056e+02 1.890602499999999964e+01 1.310315425648405210e+02 3.097775238307128731e+01
1.221146700000000038e+02 7.678874999999999673e+00 1.070313917675285893e+02 1.978494847705551862e+01
1.055329299999999932e+02 8.244474999999999554e+00 1.273354343911271940e+02 1.217859845637413407e+01
1.268122939999999943e+02 2.672148999999999930e+01 1.038317730528539045e+02 1.101163950540028402e+01
1.006227399999999932e+02 1.954385600000000167e+01 1.221702195453189290e+02 1.045264752503448591e+01
1.063705499999999944e+02 2.535100999999999871e+01 1.156546201723057550e+02 1.756547920169279564e+01
1.038327500000000043e+02 1.301466800000000035e+01 1.314503438361961116e+02 1.498162684182888604e+01
9.942723999999999762e+01 2.273704499999999840e+01 1.008728895827954517e+02 2.201248112898440823e+01
1.349924800000000005e+02 2.427803000000000111e+01 1.159362383572414501e+02 1.547209847896408696e+01
1.324894099999999924e+02 1.522223000000000104e+00 1.318616769016650778e+02 6.425891660207362577e+00
1.219842399999999998e+02 1.118587100000000056e+01 1.088352863060216862e+02 3.193924633270696134e+01
1.002892999999999972e+02 2.375831000000000159e+01 1.092244590622929934e+02 1.369777096149208973e+01
1.213953300000000013e+02 5.272655000000000314e+00 1.343608440756609639e+02 5.173899983489525845e+00
1.050813700000000068e+02 4.424735000000000085e+00 9.827149961070794859e+01 2.907532210167667941e+00
1.179488199999999978e+02 1.651808199999999971e+01 1.095532543225093605e+02 1.270741981676792065e+01
1.127789899999999932e+02 1.603903199999999885e+01 1.087956065806848471e+02 6.040448030161683413e+00
1.066250150000000048e+02 2.543620000000000214e+00 1.184655972339920424e+02 1.884546843373359692e+01
1.112859399999999965e+02 7.286299999999999999e-01 1.164517906071783102e+02 7.346666917864395074e+00
9.897588000000000363e+01 1.434022700000000050e+01 9.844129115145047138e+01 3.434490176306769893e+00
1.211047800000000052e+02 2.653878999999999877e+01 1.378384259852781213e+02 1.196892324660881002e+01
1.325039999999999907e+02 4.645293999999999812e+00 1.083999823611027296e+02 2.802770096434499791e+01
1.068494100000000060e+02 1.800854100000000102e+01 1.005371743961159297e+02 2.276003568417279865e+01
1.231785699999999935e+02 1.163075599999999987e+01 1.178832996696617244e+02 6.458734859625106850e+00
1.151012699999999995e+02 2.510251999999999839e+01 1.110532619427496712e+02 3.460290625263284170e+01
1.139231400000000036e+02 3.106367300000000142e+01 1.058397627836037316e+02 1.314822451475309251e+01
1.235097959999999944e+02 2.681490999999999847e+00 1.210969141727677396e+02 2.338397315984542502e+01
1.134832399999999950e+02 1.777810300000000154e+01 1.208213116126687225e+02 1.802632654941217183e+01
1.153614500000000049e+02 1.834740400000000093e+01 1.288288427826528562e+02 1.519620095895841061e+01
1.265867599999999982e+02 2.725253899999999874e+01 1.006454113583884578e+02 3.412232304441899799e+01
1.134008259999999950e+02 2.899073999999999884e+01 1.291662833138041435e+02 1.790145377169971752e+01
9.639709999999999468e+01 2.889318000000000097e+01 1.271725584789159171e+02 1.094157399881614978e+00
1.212147099999999966e+02 1.824274799999999885e+01 1.022595104972336060e+02 1.741100209610809202e+01
1.064823149999999998e+02 3.252676000000000123e+00 1.212702364029896955e+02 3.174841169936563290e+01
1.130844799999999992e+02 1.852679300000000140e+01 1.051187050293148530e+02 5.942098703448419172e+00
1.377720300000000009e+02 1.174125100000000010e+01 1.072052508572384113e+02 1.957078200547996616e+01
1.068714449999999943e+02 1.286970200000000020e+01 1.220398660084436955e+02 1.882114131278364022e+00
1.309361900000000105e+02 8.523167000000000826e+00 9.981599661218292852e+01 1.982105041076872354e+01
9.808326999999999884e+01 2.820190200000000047e+01 9.421491021186919568e+01 9.707105833986123145e+00
1.357005499999999927e+02 1.938025700000000029e+01 9.301706824162741327e+01 2.666127355932393428e+01
1.358888900000000035e+02 4.520160999999999873e+00 1.266615491019857416e+02 2.249496679550146894e+01
1.200522399999999976e+02 3.491102000000000061e+01 1.133798611201791147e+02 2.304825759373330030e+01
1.117577739999999977e+02 2.046753999999999962e+01 9.572371209515981150e+01 1.872740671048097738e+01
1.129410900000000026e+02 1.928609799999999908e+01 1.323822302299854243e+02 2.250630705596111270e+01
1.360886000000000138e+02 1.322069300000000069e+01 1.144963756820802558e+02 5.501635877070488512e+00
1.287667099999999891e+02 1.207068300000000072e+01 1.131007126459285814e+02 4.854623131042766104e+00
1.068959600000000023e+02 4.261408999999999558e+00 1.267306060064965152e+02 3.139450766183901820e+01
1.096788600000000002e+02 1.849008999999999903e+00 1.027233402908179727e+02 5.704995001131496490e-01
1.294916100000000085e+02 2.620026999999999884e+00 9.346137548156242758e+01 1.989387287687381445e+01
1.020971899999999977e+02 2.676877800000000107e+01 1.327126562048234746e+02 1.187089662574374316e+00
1.063896100000000047e+02 3.912881000000000054e+00 9.498836531487557977e+01 1.244015820796401783e+01
1.138388060000000053e+02 1.427283199999999930e+01 1.032651691402999745e+02 2.834945690271581142e+01
1.373412800000000118e+02 7.320990000000000553e-01 1.118074105587525082e+02 1.372858222267682837e+00
1.156852599999999995e+02 1.478857400000000055e+01 9.940478661958573525e+01 1.502980040561483932e+01
1.221287399999999934e+02 7.625099999999999767e+00 1.220101422448854009e+02 9.062624693894330008e+00
1.181806899999999985e+02 1.782495300000000071e+01 1.294523740522314768e+02 3.486382134511138986e+01
1.270486300000000028e+02 1.419520600000000066e+01 1.312027010837605303e+02 1.020496370283930920e+00
1.172729949999999945e+02 2.140795900000000174e+01 1.242502929746467260e+02 7.285064601340211610e+00
1.055970499999999959e+02 6.590237000000000123e+00 1.018399614204078887e+02 1.494523028220926619e+01
1.327039000000000044e+02 1.584810399999999930e+01 9.680101680180177937e+01 1.145988241113182049e+01
1.052273249999999933e+02 1.942294899999999913e+01 1.140330696262802235e+02 1.324921838725794920e+01
1.194723599999999948e+02 1.724490399999999823e+01 1.111323085407826312e+02 3.413431633518444386e+01
1.255835950000000025e+02 1.142485399999999984e+01 1.317854911450582449e+02 9.168135467267585881e+00
1.013173800000000000e+02 1.780067999999999984e+01 1.344212564025173151e+02 2.640925908501067099e+01
1.056316000000000059e+02 1.004083999999999932e+01 1.169903535420317269e+02 4.892998843111474372e+00
9.882135999999999854e+01 3.069462800000000158e+01 1.359423667547422951e+02 3.318532267305016603e+01
1.222981000000000051e+02 3.382558000000000220e+01 1.044534678867084949e+02 2.725252211710507311e+01
1.111686299999999932e+02 3.224828000000000117e+01 9.232887214352864191e+01 2.909476320828114027e+01
9.612255000000000393e+01 3.490480999999999767e+01 1.330350910443000885e+02 1.233521509656254800e+01
1.123958300000000037e+02 1.957101600000000019e+01 1.369158150343537272e+02 3.383453816245121004e+01
9.786359400000000619e+01 2.648629000000000033e+01 9.769632823427288315e+01 2.529523116233014335e+01
1.259789300000000054e+02 8.138935999999999282e+00 9.272652215388295360e+01 3.835974990800389950e+00
1.069558300000000060e+02 3.322021000000000157e+01 1.311257049002674933e+02 1.287108105609138242e+01
9.339405999999999608e+01 1.624022300000000030e+01 1.035313391245413754e+02 2.863202973258300421e+00
1.071924700000000001e+02 1.362108100000000022e+01 1.085071154065419279e+02 2.588131304459074045e+01
9.844208500000000583e+01 2.976761600000000030e+01 1.155513784140032101e+02 5.002548282465019369e+00
9.288236999999999455e+01 2.260556000000000054e+01 1.113573243172872651e+02 2.650233869072501136e+01
9.890682999999999936e+01 1.802293200000000084e+01 9.518332348352392103e+01 8.626662604528588574e+00
1.130387039999999956e+02 2.450758000000000081e+01 1.209924550659753351e+02 2.591674404609231175e+01
1.372788199999999961e+02 1.268961700000000015e+01 9.598347792790164590e+01 5.683014548055119519e+00
1.122847440000000034e+02 1.660995300000000086e+01 1.246459384528836978e+02 2.476161078034166252e+01
1.251748699999999985e+02 2.681115199999999987e+01 1.134554506498627120e+02 1.794808721953876685e+01
1.194439849999999979e+02 3.088717700000000121e+01 1.320660651381136290e+02 3.290295955483911428e+01
1.221697539999999975e+02 5.261603000000000030e+00 1.232107312525260028e+02 1.353805282561855527e+01
1.264625999999999948e+02 7.166369999999999685e-01 1.134805715820087215e+02 1.525073778263211999e+01
1.217082599999999957e+02 1.563973999999999975e+01 1.170436170846735280e+02 2.729361139551708249e+01
1.188353800000000007e+02 2.132730300000000057e+01 1.357303718087539437e+02 2.087700352423932770e+01
1.229745099999999951e+02 1.295093400000000017e+01 1.202986435266278136e+02 1.197222899076101577e+01
1.250700149999999979e+02 1.553383900000000040e+01 1.097847690157935432e+02 1.704284610154998703e+01
9.588267000000000451e+01 2.653397000000000006e+01 1.133195987653271857e+02 1.486158630512313117e+01
1.290050699999999892e+02 1.324962900000000054e+01 1.289827588187505398e+02 7.526890589424869660e+00
1.165112840000000034e+02 2.327571899999999872e+01 1.013908845350677836e+02 3.338930802451903901e+01
9.884615999999999758e+01 1.700900999999999996e+01 9.959414426241679053e+01 3.057426305049048310e+01
1.273446660000000037e+02 1.365026600000000023e+01 1.318953096041066715e+02 1.002005834590307121e+00
1.109553400000000067e+02 1.066729000000000038e+00 9.848265188087745514e+01 3.317801287345304218e+01
1.110126900000000063e+02 2.886413999999999902e+01 9.733767833113537904e+01 2.553996892567669619e+01
1.211230850000000032e+02 1.021513700000000036e+01 1.032074907368798904e+02 3.456675481314931631e+01
1.214991760000000056e+02 1.366147199999999984e+01 1.241842552517221634e+02 2.103109572523469240e+01
1.227981199999999973e+02 3.281226699999999852e+01 1.342279503338288862e+02 2.703386137396237743e+01
1.129178600000000046e+02 2.190700100000000106e+01 1.093997438761874434e+02 3.159951423280521965e+01
1.305737499999999898e+02 2.831986999999999810e+00 1.021361345834462782e+02 3.416975054544197832e+01
1.197064500000000038e+02 1.762339400000000111e+01 1.301681845064435663e+02 7.936439227262408913e+00
9.234408600000000433e+01 1.566721100000000000e+01 1.084091951540306979e+02 2.647308339363424068e+01
1.201523200000000031e+02 2.317364500000000049e+01 1.268329294528037963e+02 3.811815923586331367e-01
1.349519999999999982e+02 1.169487200000000016e+01 1.341725633650478642e+02 1.446494113302339457e+01
1.294016699999999958e+02 5.396980000000000111e-01 1.168285340224688724e+02 2.289862569858172847e+01
1.035757499999999993e+02 1.086949599999999982e+01 1.195778419684294533e+02 4.540514856688502299e+00
1.332452999999999861e+02 2.728622999999999799e+00 1.306618624493865184e+02 2.352006713844462382e+01
1.021120999999999981e+02 2.292310000000000159e+01 1.071932050908432501e+02 1.132790016986276704e+01
1.139247359999999958e+02 2.117171300000000045e+01 1.190026091626870652e+02 1.497838093321797182e+01
9.805646500000000287e+01 1.719266899999999865e+01 1.377567023376842030e+02 2.023942438100665697e+01
1.233474350000000044e+02 2.519231399999999965e+01 9.618122556249696231e+01 1.320133051654056189e+01
1.308442000000000007e+02 8.125244999999999607e+00 1.292319609543274623e+02 8.416101021345209432e+00
1.209411199999999980e+02 1.190699900000000078e+01 1.070578830632835690e+02 2.276732523531086017e+01
1.073123599999999982e+02 2.557497199999999893e+01 1.377681039888059047e+02 1.645052527812593723e+01
1.026750949999999989e+02 3.487172699999999992e+01 1.316702216638477410e+02 5.607808337524841313e+00
1.181860400000000055e+02 2.456443600000000060e+01 1.357067653645528935e+02 8.231409456293286908e+00
9.823951999999999884e+01 1.669737599999999844e+01 9.218023674043270432e+01 2.217912910042122832e+01
1.040978850000000051e+02 1.695514100000000113e+01 1.037182288870457540e+02 1.956128110981396162e+01
1.171882999999999981e+02 2.439474999999999838e+01 1.378120844720529590e+02 8.895380102052431681e+00
1.359555699999999945e+02 2.916656499999999852e+01 9.698067537740740818e+01 1.605078492731417583e+01
1.303382699999999943e+02 1.019772700000000043e+01 1.060027720802156637e+02 1.799327258929570306e+01
9.397973000000000354e+01 1.450080900000000028e+01 1.304789297615544683e+02 9.030213402263848721e+00
1.164659599999999955e+02 1.853562499999999957e+01 1.134524776457157031e+02 2.124316331937201241e+01
1.065502599999999944e+02 6.022739999999999760e+00 1.372618978980699467e+02 3.004618575019643600e+01
1.080707699999999960e+02 1.541756700000000002e+01 1.164576995416018121e+02 3.298179708979103708e+01
1.287243799999999965e+02 8.558763000000000787e+00 9.416977817961030439e+01 2.887356808091533367e+01
1.344037299999999959e+02 3.264661399999999958e+01 1.267359773563028398e+02 8.995559982515391795e+00
1.276204900000000038e+02 1.005807899999999933e+01 1.141897172585806430e+02 1.603659060651022372e+01
1.353151900000000012e+02 1.279140499999999925e+01 1.156585762405937601e+02 8.660792424685139324e+00
1.042165799999999933e+02 2.347071499999999844e+01 9.317245458887003906e+01 1.672990304162081543e+01
1.232222500000000025e+02 1.022940900000000042e+01 1.243856742515734908e+02 4.497314512837230494e-01
1.173357539999999943e+02 2.219921099999999825e+01 1.318226454596934332e+02 3.248928251438019288e+01
1.156589100000000059e+02 2.078124199999999888e+01 1.351605072728225139e+02 2.345262103706358303e+01
1.147472199999999987e+02 3.243150700000000342e+01 1.363540503723824600e+02 8.502726424050599530e-01
1.287118000000000109e+02 8.186422000000000310e+00 1.035662213124055313e+02 5.430155088980870293e-01
1.286007500000000050e+02 8.765936999999999202e+00 1.286409005964218011e+02 1.495138352053307429e+01
1.231192999999999955e+02 3.669859999999999900e+00 1.362241870092284728e+02 3.146692869655203495e+01
1.105762799999999970e+02 1.713849599999999995e+01 1.311305564410837405e+02 1.500155866751705958e+01
1.258230060000000066e+02 9.050392999999999688e+00 1.350732059795022622e+02 2.470414945072731960e+00
1.132667699999999940e+02 2.412417599999999851e+01 1.271028791426039106e+02 3.338347833557740785e+01
1.206234199999999959e+02 2.294290000000000163e+00 1.181907695359221719e+02 7.044688031253754090e-01
1.236907599999999974e+02 2.655348599999999948e+01 1.268520803111597388e+02 1.196639130305945642e+01
1.331578700000000026e+02 1.155118900000000082e+01 1.290213232075686562e+02 3.455521958023202700e+01
1.242736299999999972e+02 6.831006000000000355e+00 1.145115878164338170e+02 5.041997552877786060e-01
1.176738359999999943e+02 1.385884099999999997e+01 9.418629175658378472e+01 1.241932138621561243e+01
1.353685499999999990e+02 1.775348299999999924e+01 1.133146490216190045e+02 1.383377685829443848e+01
1.005045199999999994e+02 2.882197800000000143e+01 1.055655383389979960e+02 1.919465202669193005e+01
1.074125099999999975e+02 6.090900000000000425e+00 1.204501885352175776e+02 2.823941471086914845e+01
1.287149499999999875e+02 8.613853000000000648e+00 9.940723509084794784e+01 3.969176024464263097e+00
1.269099199999999996e+02 8.830450000000000799e+00 1.187842101533120740e+02 6.561722843907608071e-01
1.209112899999999939e+02 7.267337999999999631e+00 1.049996715074881735e+02 1.224779378115703921e+00
1.123576999999999941e+02 3.279659999999999798e-01 1.367236032596717905e+02 2.429200460617079926e+01
1.252770199999999932e+02 1.020389400000000002e+01 1.200185689951275521e+02 9.999798432671726189e+00
1.176774800000000027e+02 2.114383099999999871e+01 1.213427732907687187e+02 1.141538399297949091e+01
1.166653400000000005e+02 4.134577000000000169e+00 1.354757222890724506e+02 1.396555012023175024e+01
9.605414600000000291e+01 3.418947000000000003e+01 1.271810580696248110e+02 2.767776775176526627e+01
1.158584060000000022e+02 1.987986000000000075e+01 1.095754544300404802e+02 1.834721153607885213e+01
1.219884500000000003e+02 2.734084500000000162e+01 9.341137398137853154e+01 3.165006406278539686e+01
1.279924850000000021e+02 1.403315199999999940e+01 1.306734159062328899e+02 2.825918053181449707e+01
1.305616899999999987e+02 5.040212999999999610e+00 1.367902677072116546e+02 1.759188343564650125e+01
1.166539499999999947e+02 2.553005200000000130e+01 1.267704405146833437e+02 4.649540453386994621e+00
1.087185099999999949e+02 1.082315200000000033e+01 1.068678530342738640e+02 1.627394802518245243e+01
1.064715499999999935e+02 3.050993000000000066e+00 1.301878373548229035e+02 9.727047567066335887e+00
1.024364300000000014e+02 2.697588299999999961e+01 1.343165978306642501e+02 2.388282651487530472e+01
1.039350500000000039e+02 2.735918399999999906e+01 1.335014495637596781e+02 5.964227683906029753e+00
1.034372900000000044e+02 1.659929699999999997e+01 1.029988053020167911e+02 3.383829332628706510e+01
1.235973099999999931e+02 1.219101299999999988e+01 1.024150891714174492e+02 9.523291788010556758e+00
1.065032039999999967e+02 4.921710000000000251e-01 1.246154496781155956e+02 2.578675911344001292e+01
1.148470839999999953e+02 1.232656199999999913e+01 1.361281491779164412e+02 3.202721882308053836e+01
1.225421139999999980e+02 1.088495900000000027e+01 1.067401792146064565e+02 3.331336229315465403e+01
1.209513000000000034e+02 1.574554299999999962e+01 9.941067749856183866e+01 8.408810308535286104e-01
1.075895799999999980e+02 1.972467400000000026e+01 1.027939226796924999e+02 3.112314603659928736e+01
1.114765500000000031e+02 2.000540499999999966e+01 9.869107909421339286e+01 4.912471951090886968e+00
9.974071999999999605e+01 1.632757600000000053e+01 1.341428032370611163e+02 2.687112034572523811e+01
1.234565599999999961e+02 1.023036199999999951e+01 1.093612172763358927e+02 1.526642769012492096e+01
9.548212999999999795e+01 1.554973200000000055e+01 1.372113760585363309e+02 1.091369125269394402e+01
1.089955800000000039e+02 1.639875599999999878e+01 1.063422687974796759e+02 5.545925513068540980e+00
1.064903999999999940e+02 1.390643999999999991e+00 1.152591791435811075e+02 4.773580558667202212e+00
1.225343299999999971e+02 4.270537000000000027e+00 9.398181753753262058e+01 1.958807972357338301e+01
1.205876159999999970e+02 1.334072899999999962e+01 9.860116353940858858e+01 1.563190776784986724e+01
1.205464199999999977e+02 1.931105200000000011e+01 1.125023253409769524e+02 4.619119827035913950e+00
9.586464999999999748e+01 3.010379999999999967e+01 1.328850096300271844e+02 1.279904154240399272e+00
9.801369499999999846e+01 2.871176499999999976e+01 1.313225096421866454e+02 3.558751347634531159e-01
1.306561399999999935e+02 2.535673000000000066e+00 9.939595792010321418e+01 2.237479588879709880e+01
1.125423660000000012e+02 2.072739999999999938e+01 9.323018343316009293e+01 2.224805585664041629e+01
1.244601700000000051e+02 2.153512000000000093e+00 1.028556341001205396e+02 1.241636630309527334e+01
1.245306700000000006e+02 7.659853000000000023e+00 1.280630245473657567e+02 3.189703729115078090e+01
1.063444439999999958e+02 3.975452000000000208e+00 1.143979552157843216e+02 1.982054415242063827e+00
1.162218600000000066e+02 1.465482599999999991e+01 1.379498657331534162e+02 9.080232227133200329e-01
1.189205999999999932e+02 1.653125000000000000e+01 1.040837055193718328e+02 1.677048162151693944e+01
1.159256900000000030e+02 2.697432299999999827e+01 1.233912285160901661e+02 1.334380672089159248e+01
9.977344999999999686e+01 2.670044899999999899e+01 1.351746351969237878e+02 9.042439863836959635e-01
1.004048300000000040e+02 2.599754000000000076e+01 1.161603035428376529e+02 9.532206972656144472e+00
1.028629600000000011e+02 1.609947599999999923e+01 1.012185929058062754e+02 1.746055968255560975e+00
1.005264739999999932e+02 1.630819999999999936e+01 1.146906109073226645e+02 2.621137134473428443e+00
9.699267600000000300e+01 3.332831000000000188e+01 9.687722725730168349e+01 1.069880438873131467e+01
1.240121900000000039e+02 1.423227999999999938e+00 1.194206871580853431e+02 2.723753425725510269e+00
1.121058799999999991e+02 5.483360000000000456e-01 1.208356050569324083e+02 2.314016741634492291e+01
1.216335140000000052e+02 1.368565999999999949e+00 1.297273281641922722e+02 3.394515725202635537e+01
1.306637699999999995e+02 1.285029600000000016e+01 9.327647312940655411e+01 1.043109915731602300e+01
1.085890660000000025e+02 5.622329999999999828e-01 1.280433796298932521e+02 5.845289670602270782e+00
1.015828300000000013e+02 3.012794999999999845e+01 1.008266161274111852e+02 2.166787364649941594e+00
1.081589000000000027e+02 1.194670699999999997e+01 1.151272737338750574e+02 6.017216912728396316e+00
9.446862000000000137e+01 4.517010000000000192e-01 9.862446672191136088e+01 2.313083309199580384e+01
1.053674550000000067e+02 7.722144000000000119e+00 9.832512967767095802e+01 5.609014216763697824e+00
9.793104999999999905e+01 2.979559499999999872e+01 1.351239389833224323e+02 1.280167581926644438e+01
1.355842399999999941e+02 3.165399999999999991e+01 1.076097469186782973e+02 1.276112435990935445e+01
9.462124000000000024e+01 2.250560199999999966e+01 9.487094888977080132e+01 1.145522583989260568e+01
9.989088999999999885e+01 2.683164999999999978e+01 1.205704371099744066e+02 1.093911534350822023e+01
9.713448999999999955e+01 2.390841500000000153e+01 9.259326183427380386e+01 2.062801331579651887e+01
1.221657000000000011e+02 3.453664999999999985e+00 1.294004095894430293e+02 1.655616613372739110e+01
1.239427000000000021e+02 2.807401000000000035e+00 1.320635734094301483e+02 5.282103719939061470e+00
1.222233659999999986e+02 2.248752000000000084e+00 9.783622004506986514e+01 2.509027427613178318e+01
1.082274599999999936e+02 2.717001000000000133e+01 1.291902265932350247e+02 6.125189031448072363e+00
1.222190400000000068e+02 1.304349299999999978e+01 1.314736117135536801e+02 2.713482991351991913e+01
1.365753499999999860e+02 3.356936300000000273e+01 1.309576705714180207e+02 3.748434962845982987e+00
1.082674300000000045e+02 2.621295500000000089e+01 1.301189278389900608e+02 1.272399086486960407e+01
1.047877660000000049e+02 2.743140400000000056e+01 1.172047864992571675e+02 3.741114654414408491e+00
1.031737439999999992e+02 5.745917000000000385e+00 1.069854435945649556e+02 2.023519101456317770e+01
1.318405300000000011e+02 1.077468200000000031e+01 1.203112261988271285e+02 2.500521031300636210e+01
1.305980999999999881e+02 1.224686600000000070e+01 1.224648674321130386e+02 2.834606086615924880e+01
9.723202000000000567e+01 2.960429800000000000e+01 1.032849928721889938e+02 3.381397271242006752e+01
1.147561599999999942e+02 1.838597100000000140e+01 1.189931086149282891e+02 1.490247918551488304e+00
1.212168499999999938e+02 5.970590000000000064e-01 9.913789618376257806e+01 3.183704025767387691e+01
9.974796999999999514e+01 3.379717300000000080e+01 1.170253390185329465e+02 5.745493779233891374e+00
1.222444500000000005e+02 8.908201999999999288e+00 1.316959718392920706e+02 3.713475281676827500e+00
1.366617899999999963e+02 1.230031400000000019e+01 1.240791682242538627e+02 2.588619303364283919e+00
1.045020300000000049e+02 3.012155500000000075e+01 1.073818640004623717e+02 1.031659883556264212e+01
1.202229399999999941e+02 1.300534999999999997e+01 1.069912938797399278e+02 1.681812017568092799e+01
9.893878999999999735e+01 2.680315399999999926e+01 1.143689954303767138e+02 1.761795660894310833e-01
1.139202300000000037e+02 1.739189000000000007e+01 1.070199878993860239e+02 2.383373972746261060e+01
1.174418639999999954e+02 1.991549499999999995e+01 1.070860580737932395e+02 1.195908125741229888e+01
1.150682749999999999e+02 1.918149599999999921e+01 1.007857435467304157e+02 7.280980109407921397e+00
1.309324000000000012e+02 9.878012000000000015e+00 1.218939321498554165e+02 3.382315754477406244e+01
1.130060650000000066e+02 2.550459999999999994e+01 1.238884465297711870e+02 1.192333860357638109e+01
1.279808500000000038e+02 1.237441800000000036e+01 1.124008795011419437e+02 2.843406278068984250e+01
1.331978300000000104e+02 1.207540099999999939e+01 9.601790901455790106e+01 3.173532034321167572e+01
1.299299300000000130e+02 1.610754400000000075e+01 1.259376470865254873e+02 1.675831856132627351e+01
1.140009500000000031e+02 2.463463799999999893e+01 1.106568184741351502e+02 2.647461015805355089e+01
9.515203999999999951e+01 1.569428800000000024e+01 1.335018638523280003e+02 7.842010689744109087e+00
1.088749899999999968e+02 2.917879299999999887e+01 1.373227990304453385e+02 2.230823046165500045e+01
1.346648600000000044e+02 1.416948599999999914e+01 9.994041834178229067e+01 2.508748854299847508e+01
1.192039699999999982e+02 8.441069999999999851e+00 1.088162392965277974e+02 5.640062699173473248e+00
9.899518999999999380e+01 3.035501000000000005e+01 1.130049119249969181e+02 2.849094930806725401e+01
1.137167199999999951e+02 2.209496700000000047e+01 1.280468205912023620e+02 2.363099009769095815e+01
1.233091349999999977e+02 7.443515999999999799e+00 1.342204556540512499e+02 1.856905977647049255e+01
1.205819099999999935e+02 1.267323900000000059e+01 1.180044956880543339e+02 1.514072799192530461e+01
1.197646199999999936e+02 2.030460199999999915e+01 1.166027124789761160e+02 1.783542749229014746e+01
1.110863800000000055e+02 2.956343499999999835e+01 1.211162085359525378e+02 2.395305871333442482e+01
1.210841450000000066e+02 2.834050999999999831e+01 1.048519799592677373e+02 6.518818972469776263e+00
1.042143250000000023e+02 3.424630400000000208e+01 1.029777487335519623e+02 3.417530441818725961e+01
1.120615540000000010e+02 2.049053999999999931e+01 1.138663110665338536e+02 1.969062903342720361e+01
1.365897199999999998e+02 8.289113999999999649e+00 1.328900283805977551e+02 2.391668702212626485e+01
1.101911099999999948e+02 1.101826999999999934e+01 1.288571388728583997e+02 2.848017307471917192e+01
1.215634399999999999e+02 8.080892999999999660e+00 1.298281005534683459e+02 5.674040776195455216e+00
1.099067840000000018e+02 1.686253999999999920e+01 1.011648217071390690e+02 8.489631561208138555e-01
1.165043500000000023e+02 1.716985000000000028e+01 1.107093867725105554e+02 3.474829359460186851e+01
1.324488800000000026e+02 9.132956999999999326e+00 1.028064659153513958e+02 3.356939259060499126e+01
1.039862200000000030e+02 2.419322400000000073e+01 1.206629580363352261e+02 7.701332811818121016e+00
1.023049299999999988e+02 2.800608000000000075e+01 1.013174585101679810e+02 2.908615606393100350e+01
1.108547200000000004e+02 1.948833799999999883e+01 1.171336308315135284e+02 6.673096984720406688e+00
1.120762000000000000e+02 7.865459999999999674e-01 1.379236989801851223e+02 2.995098156359492947e+01
1.090422400000000067e+02 3.257660000000000000e-01 1.294564760039795601e+02 1.683636083772600500e+01
1.327581000000000131e+02 3.298633999999999844e+00 9.502015679860208763e+01 1.123360079813782164e+01
1.368218999999999994e+02 9.378269999999999662e-01 9.865886197305472649e+01 2.607972526606414210e+00
1.201075060000000008e+02 6.985503999999999714e+00 1.100259541548037703e+02 1.017501782710548142e+01
1.363643999999999892e+02 1.274971000000000032e+01 1.070151968781404292e+02 2.814742557644823506e+01
1.007858499999999964e+02 2.466396100000000047e+01 1.327009481071445407e+02 5.792205581137176651e+00
1.009060400000000044e+02 2.837463199999999830e+01 9.715263150819060911e+01 2.839849713790038876e+01
1.034284499999999980e+02 2.847408899999999932e+01 1.094525940803160609e+02 2.551400865938483875e+01
1.289106299999999976e+02 7.094847999999999821e+00 1.027160575884736602e+02 2.565293438507085710e+01
1.306562800000000095e+02 2.621539999999999981e-01 1.263003610367509282e+02 2.972998500812139611e+01
1.253882700000000057e+02 1.252098200000000006e+01 9.349668508654997368e+01 2.108287283385614330e+00
1.110467699999999951e+02 3.238026399999999683e+01 1.333133957829133180e+02 2.231755359955950269e+01
1.074369499999999960e+02 2.925465799999999916e+01 1.255733250725965462e+02 6.491657929548501293e+00
1.235410839999999979e+02 6.541074000000000055e+00 1.377411693903729315e+02 2.863162632611422254e+01
9.369768000000000541e+01 1.855701600000000084e+01 1.140848405521325333e+02 3.123059615859600768e+01
1.164115599999999944e+02 1.850963399999999837e+01 1.252157057533683968e+02 6.340491568998895211e+00
1.087034450000000021e+02 1.879413800000000023e+01 9.424793783358136068e+01 2.403416577401437593e+01
1.130644759999999991e+02 5.041568999999999967e+00 1.298614638700047976e+02 1.466684533120680278e+01
1.084516140000000064e+02 7.152399999999999869e-01 1.302802713951485885e+02 1.509344117364043036e+01
1.255556260000000037e+02 1.372629099999999980e+01 9.994536607341211720e+01 4.061758283143746873e+00
1.171555249999999972e+02 2.330280700000000138e+01 1.204612577255179104e+02 1.248749949933707359e+00
1.213342499999999973e+02 2.617049000000000181e+00 1.052000302936838239e+02 3.236553299082029866e+01
1.182392499999999984e+02 2.503325500000000048e+01 1.208666638586828412e+02 3.071548580007440776e+01
1.284304700000000139e+02 1.899298699999999940e+01 1.073081725865553153e+02 1.422427346109131641e+01
1.302385099999999909e+02 7.992467999999999684e+00 1.111709349197107031e+02 3.326352741015678305e+01
1.007646940000000058e+02 2.517087599999999981e+01 1.191234292503129382e+02 2.605328848127354391e+01
1.356722699999999975e+02 1.789586800000000011e+01 1.181611339615721334e+02 3.118447966944177097e+01
1.302130600000000129e+02 1.211599499999999985e+01 9.761209562777008841e+01 1.424603845345639463e+01
1.277506199999999978e+02 9.857113000000000014e+00 9.258167150143124502e+01 2.434452829435498344e+01
1.022638800000000003e+02 3.262707999999999942e+01 1.015997971259547086e+02 1.161276600993006447e+01
1.102168700000000001e+02 2.640597199999999845e+01 1.184959465082865506e+02 5.706242592040009498e+00
1.227206500000000062e+02 2.926232000000000166e+00 1.369909088801429107e+02 2.908207583366005977e+01
1.262777600000000007e+02 1.555640400000000056e+01 1.108455517742013683e+02 2.448034039457438382e+01
1.169782000000000011e+02 4.263942000000000121e+00 1.364809300714438507e+02 4.201419722909037979e+00
1.175999999999999943e+02 1.023433799999999927e+01 1.314866648352123661e+02 8.596072432123836649e+00
1.314515000000000100e+02 1.002607700000000079e+01 9.392849736185071663e+01 9.916558321011743615e+00
9.609209400000000301e+01 1.652753299999999825e+01 1.023806822368289744e+02 3.568841209313958984e+00
1.088684839999999951e+02 1.869618999999999920e+00 1.190883129303605443e+02 2.972666251259215642e+01
1.065282440000000008e+02 1.715186000000000099e+00 1.119762462773082916e+02 9.111149957195770810e+00
1.351008600000000115e+02 2.345284300000000144e+01 1.028884243224748758e+02 2.490285474169650115e+01
1.369361299999999915e+02 1.332057299999999955e+01 9.980940567982392508e+01 3.221630259858174838e+01
1.259232559999999950e+02 4.161654000000000408e+00 1.132130075873387511e+02 1.674860900090446592e+01
1.195463639999999970e+02 2.841035700000000119e+01 1.017520716692991556e+02 1.006170210573998602e+01
1.227775699999999972e+02 3.331928000000000001e+00 1.004206604734169730e+02 2.426330540262250368e-01
9.319089999999999918e+01 1.835962900000000175e+01 1.315320897800219768e+02 2.116614936372363331e+01
1.010747149999999976e+02 1.745857799999999926e+01 1.171635266686510448e+02 2.226895679850194654e+01
1.232273500000000013e+02 4.342469000000000356e+00 1.166062971731584099e+02 9.785291845674107591e+00
1.014491600000000062e+02 2.277094299999999905e+01 1.273812881121440910e+02 5.376128602147516311e+00
1.019195560000000000e+02 2.802453799999999973e+01 1.025611300015643792e+02 2.439297201454484210e+01
1.051916099999999972e+02 9.920849000000000473e+00 9.424459853954458310e+01 3.191302841561275372e+01
1.126715200000000010e+02 1.748623999999999867e+01 1.090830635060037253e+02 2.787881775240949978e+01
1.140301000000000045e+02 2.309675000000000011e+01 9.380397497744377233e+01 3.686318988661341223e-01
1.189017699999999991e+02 2.030833000000000155e+01 1.203888229801045213e+02 2.863552751435402755e+01
1.211260759999999976e+02 1.171536500000000025e+01 9.593195246420157218e+01 1.148580454099588088e+01
