2.738343599999999967e+01 3.635428000000000281e+01 1.887423432214945862e+01 4.955866705707784803e+01
9.384755000000000180e+00 5.910114999999999696e+01 3.650318674914422701e+01 4.605777404826196886e+01
1.154741699999999938e+01 4.550878999999999763e+01 8.264787143411721715e+00 3.561222226650021128e+01
1.035653899999999972e+01 5.880953199999999725e+01 4.227763780540202987e+01 4.826753804960176808e+01
3.828636000000000195e+01 4.357527499999999776e+01 3.973859731000541018e+01 5.337141586997427822e+01
2.480800199999999833e+01 4.395277000000000100e+01 2.345717039944760884e+01 5.224372066509597801e+01
3.826542299999999841e+01 4.119959000000000060e+01 2.218636980295797656e+01 4.777305008978163414e+01
1.056301599999999929e+01 5.907921000000000333e+01 1.555529594534290894e+01 3.638429450983329616e+01
4.806416999999999717e+00 3.732761800000000108e+01 2.063480055510841638e+01 5.926768681302048947e+01
1.912055399999999850e+01 5.767318699999999865e+01 1.362693162827159199e+01 6.161875816372034365e+01
3.573833499999999930e+01 5.216803999999999775e+01 3.880015423421268395e+01 3.682999906403967572e+01
1.338759100000000046e+01 5.478294999999999959e+01 2.802264883097676673e+01 4.480078675610780437e+01
3.475337600000000293e+01 6.024270599999999831e+01 4.662107588758269472e+00 6.047379101227099341e+01
2.515089000000000041e+01 6.959747000000000128e+01 2.594647367151024042e+01 5.883089716439917538e+01
1.895639399999999952e+01 6.185614799999999747e+01 3.980375683786915886e+01 6.782406478288621088e+01
1.869069000000000003e+01 5.685184499999999730e+01 2.937978638528835162e+01 3.816269232485086604e+01
4.444030999999999665e+01 4.677908999999999651e+01 8.254960784022083331e+00 6.959667574303205129e+01
1.843470800000000054e+01 3.713052400000000119e+01 3.338127062544769785e+01 4.303169838849677120e+01
1.397349600000000081e+01 3.581828000000000145e+01 1.629258177994794465e+01 6.178268418083315794e+01
2.114305999999999841e+01 4.310028499999999951e+01 8.617412769570214071e-01 6.661638542341765401e+01
1.621991699999999881e+01 3.698929600000000306e+01 4.365490060287091012e+01 6.042953632558688781e+01
5.017045999999999673e+00 6.124369399999999786e+01 1.114083961593922112e+01 6.356411640151998199e+01
1.360373200000000082e+01 4.181773799999999852e+01 2.810968511311148887e+01 3.776948844777151493e+01
1.832833000000000112e+01 6.259794600000000031e+01 2.904352299190988873e+01 5.352340836366133914e+01
6.865090000000000359e-01 5.697820000000000107e+01 2.497848570758729991e+01 3.996184824927709656e+01
4.405638499999999880e+01 4.849936000000000291e+01 2.822720790472722285e+01 6.316647107723501620e+01
2.476857400000000098e+01 3.830488199999999921e+01 1.517693903144532541e+01 5.663150619581902845e+01
2.727367999999999881e+01 5.382822999999999780e+01 1.479436095401961104e+01 4.776482499874922638e+01
1.747593900000000033e+01 5.919743299999999664e+01 4.469843161406358689e+01 5.445180128987650647e+01
2.576320499999999925e+01 5.315726500000000243e+01 3.802787491116666985e+01 4.688413413826470588e+01
2.756224399999999974e+01 4.802433400000000319e+01 2.719552735043868807e+01 6.544148091654643906e+01
3.800296800000000275e+01 4.214656000000000091e+01 2.423717471186325767e+01 6.124133128795702419e+01
9.780222999999999445e+00 6.434031000000000233e+01 6.827139172970445813e+00 4.052538493093425842e+01
1.493619799999999920e+01 5.490868400000000094e+01 1.081685120409866308e+01 5.953718431170369740e+01
9.042771000000000114e+00 6.258762000000000114e+01 4.095967117130169299e+01 6.468484664500384440e+01
1.646816600000000008e+01 6.049651300000000020e+01 4.342259386510358254e+00 4.139855600763361565e+01
4.590393999999999863e+01 4.410218400000000116e+01 1.194825426717795347e+00 3.662815346698399566e+01
1.155016499999999979e+01 5.874340000000000117e+01 3.453017241534954707e+01 5.251091084354223426e+01
1.062628600000000034e+01 4.931256499999999932e+01 2.842590699128313148e+01 4.318610162293857258e+01
3.709942000000000206e+01 5.630762000000000000e+01 6.031609350981081086e+00 4.520080012113147916e+01
3.799981700000000018e+01 4.890085599999999744e+01 3.006019475195193991e+01 4.922022073165042144e+01
9.191095000000000681e+00 6.151413699999999807e+01 1.771972295011002529e+01 5.865103031823421986e+01
1.805271499999999918e+01 5.954354000000000013e+01 3.368880973432266046e+01 6.667371900829878939e+01
3.005353399999999908e+01 5.361134700000000208e+01 1.625501559743196012e+01 4.633894602655430361e+01
2.750574900000000156e+01 5.298383700000000118e+01 3.199101740402646143e+01 5.850000588259337064e+01
9.063480999999999455e+00 5.233923000000000059e+01 1.038408816074334418e+01 4.010494158519718866e+01
9.535398000000000707e+00 6.342616999999999905e+01 2.086127247380297689e+01 4.334329637003619240e+01
1.201374299999999984e+01 5.939693499999999915e+01 3.973030194218737421e+01 4.241509360647035720e+01
1.504237799999999936e+01 6.410210399999999709e+01 4.358219319776032563e+01 6.549432390436078322e+01
5.518631000000000064e+00 3.995818700000000234e+01 1.132202550905508698e+00 6.538936146807608907e+01
3.440533999999999981e+00 6.347988999999999749e+01 5.811326410151668398e+00 4.470020844993313602e+01
6.930100999999999623e+00 4.932079999999999842e+01 3.773885392768773528e+01 5.094713277666119211e+01
1.129526700000000083e+01 6.329623000000000133e+01 1.965695714750367307e+00 3.636181090632850044e+01
1.240054199999999973e+01 3.821096000000000004e+01 3.115761114456307013e+01 3.676265615623174909e+01
2.606998600000000010e+01 5.443525700000000001e+01 1.243781625929791446e+01 5.238815136884819168e+01
6.403140999999999750e+00 6.831887000000000398e+01 2.783435772731572655e+01 5.262949246734136466e+01
2.327441599999999866e+01 6.096310799999999830e+01 8.945763422218600880e+00 6.990346451550522033e+01
3.801675999999999789e+01 6.314697000000000315e+01 4.014457242845889340e+00 6.334552505333711281e+01
1.734387200000000107e+01 3.666249499999999983e+01 1.013454546892377195e+01 5.062969257803370482e+01
2.295298199999999866e+01 6.450052999999999770e+01 3.831552171626602643e+01 3.740967452540287752e+01
1.284955000000000069e+01 4.692763999999999669e+01 3.613786439163094144e+01 5.740217491733183408e+01
2.818986000000000214e+00 5.387167000000000172e+01 3.882867229810370446e+01 6.959002144238679932e+01
1.366292800000000085e+01 4.642143200000000292e+01 3.494698485533647414e+01 5.231334771346556067e+01
4.329437999999999676e+01 4.878723999999999705e+01 3.251352210754906480e+01 3.943928398757200426e+01
4.051774199999999837e+01 4.839182699999999926e+01 1.481938297382721537e+01 4.749747660197333232e+01
2.376799199999999956e+01 6.478347999999999729e+01 2.642831435670302298e+01 4.325883762792221887e+01
5.187176000000000009e+00 3.840986300000000142e+01 1.840224066499127886e+01 5.655558156337954756e+01
4.420453599999999739e+01 4.340173300000000012e+01 2.836259726418941085e+01 4.938818905127695302e+01
9.291878000000000526e+00 6.021866599999999892e+01 3.331234822855631705e+01 5.377484142339193340e+01
2.101255199999999945e+01 5.147966799999999665e+01 3.991461525120609366e+01 5.941684575653469125e+01
3.318348699999999951e+01 5.610168000000000177e+01 2.727269700730231605e+01 6.512445575121134311e+01
2.431377200000000016e+01 4.484258700000000175e+01 4.022718663899096470e+01 4.822974882411129727e+01
1.129758499999999977e+01 3.747743599999999731e+01 9.910425892349836730e+00 4.408843410707381594e+01
1.076181899999999914e+01 5.881987399999999866e+01 3.347191848864532204e+01 4.842080696500797643e+01
2.377868700000000146e+01 4.735770999999999731e+01 3.826886916758889612e+01 5.948368106254532961e+01
1.148402800000000035e+01 6.071932999999999936e+01 4.296934900354009557e+01 4.701029546060925668e+01
7.741817000000000171e+00 4.160178400000000210e+01 2.663250421144773838e+01 3.725335699745168228e+01
3.649638000000000204e+01 4.375628700000000038e+01 3.172730960614983076e+01 5.223638016798879846e+01
1.861857200000000034e+01 4.571632000000000318e+01 2.883069540136569842e+01 6.136907906924620448e+01
3.880069999999999908e+01 3.652320999999999884e+01 3.287665230432042840e+00 5.833833483484305305e+01
3.826961000000000013e+01 5.214033500000000032e+01 1.901975299690730736e+01 4.518810185811805979e+01
3.191590000000000149e+00 5.882735399999999970e+01 1.624588107979633023e+01 6.436691306111825384e+01
2.972828300000000112e+01 5.583885599999999982e+01 1.179297764879621013e+01 4.541814223069460610e+01
3.942003000000000146e+00 5.512944000000000244e+01 1.241472369274709919e+01 6.582756434303695414e+01
3.140849000000000046e+01 4.062901699999999749e+01 2.192166417855977656e+01 6.034915388150113813e+01
8.561552999999999969e+00 6.115383500000000083e+01 1.996610389162818322e+01 4.561869816477299366e+01
4.747728000000000392e+00 5.804616000000000042e+01 1.162802077586927929e+01 5.952727395672491184e+01
3.554685200000000123e+01 5.331913399999999825e+01 8.857438195780192203e+00 6.074327597465813966e+01
3.337870000000000203e+01 6.814159399999999778e+01 3.945742859742863828e+01 4.636028216141286862e+01
3.761818000000000239e+01 4.655321500000000157e+01 3.115319522504688621e+01 5.581822662997450379e+01
2.237296299999999860e+01 5.382072000000000145e+01 8.369510366602856521e+00 4.437489338081645229e+01
4.395738999999999663e+01 6.639521000000000583e+01 2.305203701568513353e+01 3.731735649634836705e+01
9.777056999999999221e+00 6.614091999999999416e+01 6.402839149588393397e+00 5.804833488521880724e+01
1.152502400000000016e+01 5.478191999999999950e+01 4.209670479333512461e+00 6.860401790442379877e+01
2.670815000000000161e+00 5.141639299999999935e+01 4.501547824575101941e+01 6.916867142699076965e+01
1.933521800000000113e+01 3.957661399999999929e+01 3.878912968807902217e+01 5.136957520527008825e+01
1.728610799999999870e+01 6.920991999999999678e+01 1.532955695935812734e+01 3.653749335523062314e+01
1.498079099999999997e+01 4.170803500000000241e+01 3.619205274954114770e+01 4.631560011007339028e+01
4.070667999999999864e+01 6.272796999999999912e+01 4.172442193874393013e+01 5.394769960801846764e+01
4.539128000000000185e+01 5.068228500000000025e+01 1.522454310732880600e+01 6.330429321187863678e+01
8.035541999999999518e+00 5.824181399999999798e+01 2.826178708724246391e+01 3.827254513299959626e+01
1.956522999999999968e+01 4.478271999999999764e+01 2.199673837786619757e+01 6.420396947150163669e+01
1.402747199999999950e+01 5.472702400000000011e+01 2.876926392165638902e+01 3.535078417418565522e+01
3.331387699999999796e+01 6.386257599999999712e+01 4.242512504607194046e+01 5.849048888745547714e+01
2.756252100000000027e+01 4.873610299999999995e+01 3.995095479353229706e+01 4.693291291273429522e+01
3.367631000000000085e+01 4.416268500000000330e+01 1.836500561215978422e+01 6.987480570449031347e+01
1.506908699999999968e+01 5.752830999999999761e+01 2.571869246742917881e+01 6.926943952361040147e+01
4.442907300000000248e+01 6.630894999999999584e+01 1.049269441018330529e+00 5.648565552290594383e+01
7.406789999999999985e+00 5.974472000000000094e+01 1.397247570262675431e+01 6.478777084264342534e+01
4.152499399999999952e+01 4.033988599999999991e+01 2.744600219670754271e+01 4.553159185304222945e+01
2.988736199999999954e+01 5.273558400000000290e+01 3.022384559562827278e+01 4.479773160175196978e+01
2.506180000000000163e+01 4.018956000000000017e+01 4.133525886902160096e+01 5.907485961959897480e+01
1.978250699999999895e+01 5.660644500000000079e+01 2.769447521493523823e+01 4.874993688859045449e+01
1.982188800000000128e+01 4.205255499999999813e+01 1.019773828496427015e+01 6.086978852157382391e+01
2.974889800000000051e+01 5.763965000000000316e+01 1.562761442465799178e+01 4.197522690691712199e+01
4.004395000000000238e+01 4.399806999999999846e+01 4.055050574362750382e+01 5.016026824447580879e+01
2.184437000000000140e+01 6.438705000000000211e+01 4.189907190955473482e+00 6.332078651072111342e+01
4.010786999999999836e+01 4.826076499999999925e+01 2.517926013961350051e+01 3.596738128978887516e+01
8.785565000000000069e+00 5.429687500000000000e+01 4.092634655465035110e+01 5.296590830450195853e+01
4.218086999999999875e+01 5.064628199999999936e+01 2.864339545110079932e+00 4.654027218284532808e+01
1.307688699999999926e+01 6.822938999999999510e+01 3.219272651893295034e+01 3.972660448313697401e+01
1.118353100000000033e+01 4.942153499999999866e+01 4.104303168521810541e+00 6.933783010938455504e+01
1.680643799999999999e+01 5.503429400000000271e+01 3.305071926337879162e+00 5.849841153279222539e+01
1.340849900000000083e+01 4.567194400000000343e+01 2.176318211250629986e+01 4.545581027441437527e+01
3.231607400000000041e+01 4.133830600000000288e+01 2.451915415561050793e+01 5.534307103635642022e+01
1.883284000000000091e+01 4.351474799999999732e+01 1.778216046705650299e+01 4.676778810443167345e+01
5.472330000000000361e+00 5.335338600000000042e+01 3.239716649336529031e+01 4.831597779675743709e+01
4.154355999999999938e+01 6.410099999999999909e+01 2.951160884807411477e+01 4.175605345461724482e+01
4.387977200000000266e+01 4.059535199999999833e+01 2.858797847169790174e+01 5.040839562573599153e+01
6.119261999999999979e+00 4.910499200000000286e+01 3.845985961765633476e+01 4.882026719164948503e+01
2.591426799999999986e+01 4.905017500000000297e+01 3.569201021419535635e+01 6.772874057430553307e+01
6.274296999999999791e+00 6.406422399999999584e+01 8.164445582201430796e+00 4.395732310206971505e+01
3.767678999999999689e+01 3.562928800000000251e+01 3.593897722112657078e+01 4.486432257021634484e+01
2.290627999999999886e+01 5.717220999999999975e+01 3.740378073204177412e+01 5.906651934833266182e+01
1.329279400000000066e+01 4.524612799999999879e+01 4.131307896154656589e+01 5.347546918856903631e+01
3.662800000000000084e-02 5.969099400000000344e+01 2.508250976592983150e+01 4.597247484361298575e+01
2.595387000000000111e+00 5.622023800000000193e+01 4.211480406427213552e+01 5.571762180374090434e+01
6.241300000000000320e-02 6.681692499999999768e+01 8.635352260789897372e+00 6.955614226109261722e+01
7.799527999999999572e+00 5.902400000000000091e+01 3.682682261788571765e+01 6.140589971184958529e+01
1.806086300000000122e+01 5.836246500000000026e+01 7.046689310567773035e+00 6.286277170233332612e+01
1.695798999999999879e+01 5.944569400000000314e+01 1.729762400737842043e+01 5.719355679078904586e+01
1.515436700000000059e+01 5.340621000000000151e+01 6.050780914928855836e+00 4.447985225495131800e+01
1.775804499999999919e+01 4.373046000000000078e+01 2.814826272343936964e+01 5.757932013678507843e+01
1.279189099999999968e+01 4.548408500000000032e+01 2.568231121580238252e+01 5.249251367105657096e+01
9.458368000000000109e+00 5.678948599999999658e+01 1.662817543075074056e+01 6.192514479950371253e+01
4.556079499999999882e+01 5.608969499999999897e+01 8.052749275594473843e+00 4.755793176030243075e+01
2.210940199999999933e+01 3.546170399999999745e+01 1.591190280376629929e+01 5.904809004821693463e+01
1.454934199999999933e+01 5.151118000000000308e+01 2.039563322788518462e+01 5.991138533948804223e+01
2.569198000000000093e+01 3.798456000000000188e+01 2.998742729318405242e+00 5.208306534364982099e+01
1.716041600000000145e+01 4.202801000000000187e+01 4.399458358656428913e+01 5.991435612056258719e+01
2.601584199999999925e+01 5.164471999999999952e+01 1.976203913226269293e+01 5.671060932679198174e+01
4.928863999999999912e+00 3.607365800000000178e+01 3.503076991852520194e+01 6.545313839111588550e+01
2.459522799999999876e+01 3.698029300000000319e+01 4.382587422687442569e+01 4.628048861999352681e+01
3.194447900000000118e+01 6.281984700000000288e+01 8.468670549289858407e-02 6.846063132862082057e+01
2.620334000000000074e+01 5.652613000000000198e+01 9.993338179606560345e+00 5.618323176616091530e+01
4.916303000000000090e+00 4.511918000000000006e+01 1.317681492406356014e+00 5.834541425617732102e+01
1.644122099999999875e+01 4.968412000000000006e+01 3.879891669628507600e+01 4.594684535288917715e+01
4.274891300000000172e+01 4.299311999999999756e+01 2.814427943928593834e+01 5.674905440460288730e+01
3.484821000000000168e+01 5.335891999999999769e+01 3.928987688454161997e+01 6.166274338008491895e+01
1.287166799999999967e+01 5.630572500000000247e+01 6.295130795839424032e+00 3.986751489808288085e+01
3.847637000000000285e+01 4.535535399999999839e+01 1.752618737577410357e+01 4.441142247726696013e+01
2.503682699999999883e+01 3.724097400000000135e+01 1.126299219980299604e+01 6.757952150391308521e+01
1.867393900000000073e+01 6.097509000000000157e+01 4.145610886821890517e+01 5.774927922233352717e+01
1.023534300000000030e+01 5.935090300000000241e+01 3.798258499076673189e+01 6.303897525194119567e+01
3.421444300000000283e+01 5.633475500000000125e+01 4.203746503037433513e+01 5.802518297461077879e+01
2.466761999999999944e+01 6.107224300000000028e+01 3.851611125858872242e+01 3.979474903230746463e+01
2.433743499999999926e+01 5.746827300000000349e+01 3.204927790773862739e+01 6.302370590104244741e+01
4.067368299999999692e+01 4.512512999999999863e+01 4.263598686245881453e+01 6.468568217791312236e+01
2.594866400000000084e+01 6.678055999999999415e+01 1.641649973745453295e+01 4.005571992820051719e+01
2.580251900000000020e+01 5.287455700000000292e+01 3.853634197286753249e+01 5.632800577670571585e+01
5.971942000000000306e+00 6.326541499999999729e+01 1.255989974628588079e+01 5.526102331178658744e+01
1.547579200000000021e+01 5.343662299999999732e+01 1.778241331132291236e+01 6.597027137531696894e+01
2.653733300000000028e+01 5.552047000000000310e+01 3.620609768893247704e+00 5.978841976741411202e+01
2.437430799999999920e+01 4.264974999999999739e+01 4.528451693858499283e+01 4.031565754138561175e+01
2.613117400000000146e+01 4.872957000000000249e+01 2.237128005734826175e+01 4.137006562421662892e+01
3.888106000000000062e+00 5.048085400000000078e+01 1.445029705262584008e+00 6.555684896772172010e+01
4.538752999999999815e+01 4.442799399999999821e+01 2.564219913350807545e+01 5.472318082744294543e+01
5.743799000000000099e+00 6.508179499999999962e+01 4.755508360979844085e+00 3.780591660764631001e+01
7.701620000000000132e+00 6.837472999999999956e+01 2.880769964862587429e+01 4.133876400138209561e+01
2.448159599999999969e+01 4.357869999999999777e+01 1.635360059716528980e+01 3.603652570113323605e+01
2.925828000000000095e+00 6.909365999999999985e+01 3.848920495169927847e+01 5.302400802291815296e+01
2.200808100000000067e+01 4.218635600000000352e+01 1.109547890601976761e+01 4.641692915983711742e+01
3.137108599999999825e+01 5.353583499999999873e+01 8.088576226654671686e+00 5.045934919637761595e+01
1.943727099999999908e+01 5.995989600000000053e+01 2.808572940325386114e+01 6.330238820501358532e+01
2.024533699999999925e+01 6.386116400000000226e+01 1.611856704405342100e+01 4.128592063429631764e+01
2.465796299999999874e+01 5.367492699999999672e+01 3.916873497631298306e+01 5.645260536283601027e+01
1.090090900000000040e+01 3.807943000000000211e+01 2.828077159218085512e+01 6.436983840574784210e+01
4.320056999999999903e+01 4.976563000000000159e+01 3.684893587041185725e+01 6.059188727344525205e+01
1.114523499999999956e+01 5.807839200000000091e+01 8.812062274488809521e+00 4.514119674862061515e+01
1.204120499999999971e+01 5.724673500000000104e+01 8.917395254910587710e+00 6.560290143099356897e+01
1.651682000000000095e+00 5.896168999999999727e+01 2.678994985911352344e+01 4.812584188121697792e+01
4.425141500000000150e+01 4.896997499999999803e+01 3.898631343478987077e+01 5.874153713855884718e+01
1.633725700000000103e+01 5.619579699999999889e+01 2.732643236999960479e+01 3.835234832415026318e+01
8.944188000000000471e+00 5.869485999999999848e+01 2.722482738269262370e+01 3.836683137495871421e+01
1.464259999999999984e+01 4.868469199999999830e+01 1.872457109042800738e+01 5.287833466394586424e+01
3.606507500000000022e+01 4.464204399999999850e+01 2.757096516511678885e+01 4.519958736644984754e+01
3.723375699999999711e+01 4.605458500000000299e+01 4.497628029432586061e+01 5.198134432273019456e+01
4.167210399999999737e+01 4.766912500000000108e+01 3.784501336402714600e+01 5.903989189802948090e+01
4.574666200000000060e+01 5.418195999999999657e+01 1.931654782584202934e+01 3.970894665644634358e+01
1.766549099999999939e+01 5.950779699999999650e+01 3.014722478310101295e+01 3.821327026861929710e+01
4.561905699999999797e+01 6.370855000000000246e+01 2.178149231299348187e+01 3.650887645418248439e+01
2.789372300000000138e+01 5.365411000000000286e+01 4.130708985853792115e+01 6.582423966831393614e+01
1.508210999999999968e+00 4.790751600000000110e+01 1.858677698468782324e+01 5.126287161112894353e+01
1.461216399999999993e+01 5.635692000000000235e+01 3.460846195402340442e+01 6.206967929607615986e+01
3.769088399999999695e+01 5.436887000000000114e+01 7.357640838461378952e-01 3.817109304374027090e+01
1.885070999999999941e+01 3.843242300000000000e+01 3.524831930818812964e+01 5.574657199436505550e+01
1.266952000000000078e+00 5.349620000000000175e+01 2.874137034275618063e+01 4.085914024615313878e+01
2.009473399999999899e+01 5.796891999999999712e+01 3.751685013216722098e+01 4.672936342950671929e+01
1.507446500000000000e+01 5.454809999999999803e+01 1.927634477288521708e+01 3.834909764315086278e+01
2.247894700000000157e+01 6.923373399999999833e+01 2.745216806651151487e+01 5.221261016840627178e+01
2.082478499999999855e+01 4.226844799999999935e+01 3.068550808999241397e+01 3.529454619603850318e+01
4.737674000000000163e+00 3.939408499999999691e+01 4.591726744603845134e+01 4.211391070065718623e+01
2.365939000000000014e+00 6.099974999999999881e+01 3.878270450132563951e+01 4.379922653078237715e+01
2.221492999999999896e+01 5.825217399999999657e+01 4.181142982517451401e+01 4.535863752863458132e+01
2.985684399999999883e+01 5.292759000000000214e+01 2.253366725568262297e+01 5.171509125891273584e+01
1.698735800000000040e+01 3.703054399999999902e+01 4.545881463157937930e+01 4.328901527390652149e+01
1.009028400000000047e+01 6.087116600000000233e+01 2.381113597891951628e+01 4.715296130065042490e+01
2.378284599999999926e+01 5.373933799999999650e+01 8.052355317341717722e+00 5.900492683150715578e+01
4.199839999999999662e+01 5.477158000000000015e+01 2.531151010766628673e+01 4.176513382135543395e+01
1.779481499999999983e+01 5.507051500000000033e+01 3.316542682277852805e+01 4.523659929894040488e+01
4.092120400000000302e+01 6.417640000000000100e+01 4.005843719575614159e+01 4.304105784940605872e+01
4.238647000000000276e+01 6.111351400000000211e+01 4.538648138815251798e+01 5.741874722948877974e+01
2.948149000000000086e+01 5.538801600000000036e+01 1.993822050070843943e+01 4.259611107738104607e+01
2.774669000000000096e+01 4.858664699999999925e+01 1.262167244937820598e+01 3.661072743921020134e+01
1.577910699999999977e+01 4.904657000000000266e+01 3.340154052103576277e+01 5.933154354973980560e+01
2.251361299999999943e+01 5.361928000000000338e+01 4.484612304223995238e+01 5.852396030976861141e+01
2.645406300000000144e+01 4.975816999999999979e+01 2.348585050388163964e+01 6.551326462909671022e+01
2.378617999999999899e+00 5.918628300000000309e+01 1.233193667164417739e+01 4.104063083123738664e+01
1.183044499999999921e+01 4.587407699999999977e+01 4.344159662063162841e+01 4.039160642983563321e+01
3.573116999999999877e+01 5.765273299999999779e+01 4.234535756564129372e+01 6.555311319408531290e+01
1.670897000000000077e+01 4.790265999999999735e+01 1.737032949826660300e+01 5.735024625697037948e+01
4.423760200000000253e+01 4.108593799999999874e+01 2.570070818786566846e+01 5.062790975622215939e+01
4.287133399999999739e+01 5.014114000000000004e+01 1.911705894267588945e+01 5.267411362880184100e+01
1.287596100000000021e+01 4.261514300000000333e+01 1.959690522314894068e+01 6.959657489906733474e+01
3.829247699999999810e+01 4.202132999999999896e+01 1.689885941090372157e+01 5.633883797767344959e+01
1.433228599999999986e+01 5.449632600000000338e+01 3.505860975003070479e+01 5.251827716900702114e+01
1.711997600000000119e+01 5.842860399999999998e+01 1.324205488599539038e+01 6.079125755324108127e+01
8.116940000000000266e-01 6.840770999999999447e+01 1.177734402287059545e+01 5.638903745646710775e+01
5.588593000000000366e+00 5.875545999999999935e+01 6.853143470441652063e+00 4.818597537592081892e+01
2.209011699999999934e+01 6.915774000000000399e+01 3.477301128705085631e+01 4.224457565314057916e+01
1.021738999999999997e+01 3.719040300000000343e+01 4.006401662047669276e+01 6.624574695915340783e+01
8.138958999999999833e+00 5.887785300000000177e+01 1.969718984410662799e+01 4.739902919669559367e+01
1.625016400000000161e+01 3.842370600000000280e+01 9.849510367690019308e+00 6.583929711301604470e+01
1.331453699999999962e+01 5.853369000000000000e+01 2.306269562561387332e+01 3.752873556903475105e+01
1.444855399999999968e+01 3.674325999999999937e+01 3.329525279607497623e+01 3.657512645871069878e+01
2.888567199999999957e+01 5.721918000000000148e+01 4.289237882036524496e+01 5.769962359228183857e+01
8.650494999999999379e+00 5.168935400000000158e+01 2.773549542432144932e+01 6.311395949404123940e+01
3.640991199999999850e+01 4.143310499999999763e+01 1.016329930871249232e+01 6.311332222578090523e+01
4.265365599999999802e+01 5.176737599999999873e+01 3.609624554822969600e+01 6.214882514685623960e+01
1.542130099999999970e+01 4.807432000000000016e+01 1.527055916873655228e+01 4.362289522497871985e+01
4.529326999999999970e+01 4.384725999999999857e+01 1.052596129608302711e+01 5.306493819636479259e+01
3.146999200000000130e+01 5.395680999999999727e+01 2.163116749665525873e+01 6.872023229221589702e+01
2.819861200000000068e+01 5.461393400000000042e+01 2.749355293769768593e+01 4.507931509576182805e+01
2.656410999999999856e+00 5.552497499999999775e+01 3.111278647248695606e+01 4.710355220073726912e+01
3.734930399999999651e+01 4.099488999999999805e+01 1.623678681321479189e+01 3.831725492077364237e+01
1.257836999999999961e+01 4.189283799999999758e+01 2.941015865366168214e+01 3.902142321031045213e+01
4.500731300000000346e+01 4.218724999999999881e+01 2.827758864566983377e+01 4.764622734249297054e+01
4.930530000000000190e-01 6.244571700000000192e+01 2.716488791826381544e+01 4.683410476029735037e+01
3.903687299999999993e+01 4.433725700000000103e+01 3.084095062370729678e+01 5.548470243031412963e+01
2.241394199999999870e+01 5.949081799999999731e+01 1.840653764939554904e+01 6.096018369525691583e+01
1.377569399999999966e+01 3.514602699999999658e+01 3.005143411652240815e+01 5.377500621598036190e+01
1.590551999999999921e+01 4.373169699999999693e+01 2.006544447413963184e+01 4.861109567505283025e+01
4.562904699999999991e+01 4.221729299999999796e+01 6.297589140211460546e+00 4.261197401774630578e+01
1.184601800000000082e+01 3.603687299999999993e+01 3.484810367768176320e+01 6.769830702731778160e+01
1.973092799999999869e+01 6.009018700000000024e+01 1.052232227458780933e+01 3.982985591233620681e+01
5.426651999999999809e+00 5.104739000000000004e+01 1.049745141063346487e+01 5.304131514329615982e+01
9.123061999999999117e+00 6.282880800000000221e+01 4.073705548017763078e+01 5.485052389635170300e+01
1.436451899999999959e+01 5.543335299999999677e+01 2.261164166247804275e+01 6.438317424566916714e+01
2.493043099999999868e+01 5.921664400000000228e+01 3.361930387476948390e+00 5.826943098033459023e+01
3.627033200000000335e+01 6.874580000000000268e+01 4.155255696553697931e+01 6.838923282629775713e+01
2.807977500000000148e+01 5.387164700000000295e+01 3.288168537688207493e+01 6.481505367825417352e+01
3.811621499999999685e+01 5.702847700000000231e+01 4.242624329767727431e+01 4.819251284722383133e+01
2.836670300000000111e+01 6.832810999999999524e+01 1.726254305120848187e+01 5.187714561193875795e+01
1.874387400000000170e+01 4.520773299999999750e+01 2.762663045882598212e+01 4.130653149359112319e+01
1.630300000000000082e-01 4.799763999999999697e+01 2.745423514917134433e+00 5.121930848554793414e+01
1.368329400000000007e+01 5.763781399999999877e+01 1.342175752184286708e+01 6.244506532152024647e+01
3.764399000000000051e+00 5.442169599999999718e+01 3.968642535156116935e+01 4.338103672148493928e+01
3.946430000000000149e+01 5.963102299999999900e+01 3.571335206287731978e+01 3.904166360209529785e+01
2.618411299999999997e+01 6.936127000000000464e+01 6.179846951398440424e+00 5.203598022484365515e+01
3.165490999999999833e+00 5.479666000000000281e+01 3.860742516005954883e+01 5.677060818913586360e+01
4.430118999999999829e+01 5.715690599999999932e+01 5.529649203808525648e+00 4.762011669818173232e+01
2.690281099999999981e+01 3.586659999999999826e+01 7.698404298711753135e+00 3.561107572413735767e+01
9.782237999999999545e+00 5.453354999999999819e+01 3.858719101852983613e+01 4.104099370636478739e+01
