1.318092800000000011e+02 3.159798400000000029e+01 1.240375541051693631e+02 1.634642480060932357e+01
1.077520999999999987e+02 2.914027000000000100e+01 1.280899224553980105e+02 3.221034670175707326e+00
1.268019900000000035e+02 6.239142000000000188e+00 9.294649661524712769e+01 1.547168847809794912e+01
1.001926700000000068e+02 2.105336399999999841e+01 1.204969161717520478e+02 1.009266791224677640e+01
1.024364300000000014e+02 2.697588299999999961e+01 9.845650149308514187e+01 2.969006405524251946e+01
1.215047200000000061e+02 7.737731000000000137e+00 1.165033856604050584e+02 3.487297209367856254e+01
1.094431699999999950e+02 2.603854600000000019e+01 1.182190172042583356e+02 3.372402096254705128e+01
1.343044899999999870e+02 1.360846100000000014e+01 1.184129286828428178e+02 1.832891082953963036e+01
1.055970499999999959e+02 6.590237000000000123e+00 1.359718688030101816e+02 2.530042352954971818e+01
9.773923999999999523e+01 2.664898499999999970e+01 1.276775295519681492e+02 3.011874394038809299e+01
1.123576999999999941e+02 3.279659999999999798e-01 1.032586854079118410e+02 2.896906791123254976e+01
1.177207499999999953e+02 1.377951799999999949e+01 1.360729498749188906e+02 1.546963810017326857e+01
9.826783000000000357e+01 3.081710999999999956e+01 1.059301980468277122e+02 1.331894575349702059e+01
1.134188099999999935e+02 1.023753300000000088e+01 1.054332725291246931e+02 2.762807207850476177e-01
1.123588600000000071e+02 5.283899999999999708e-02 1.316520348872252555e+02 7.974385625749137674e+00
1.280408500000000060e+02 3.937300000000000244e-01 1.230652602323248459e+02 1.618534475863218347e+01
1.179488199999999978e+02 1.651808199999999971e+01 1.293608267928668170e+02 6.753713053062521121e-01
1.123585199999999986e+02 2.633208799999999883e+01 1.163563047803519623e+02 3.364043252330413569e+00
1.358911999999999978e+02 3.048414999999999875e+00 1.246788162458475426e+02 2.204346717222903962e+01
1.060215299999999985e+02 3.060406000000000049e+01 1.005673447048368274e+02 2.296811386768554542e+01
9.548212999999999795e+01 1.554973200000000055e+01 1.311657498110681388e+02 9.248900552858955848e+00
1.221774099999999947e+02 4.068751999999999924e+00 1.272419656935530554e+02 2.916178190445723928e+01
1.305737499999999898e+02 2.831986999999999810e+00 1.133161252948463584e+02 2.377466729890852193e+01
1.233474350000000044e+02 2.519231399999999965e+01 9.894722549267258671e+01 1.243290883559245330e+00
1.206234199999999959e+02 2.294290000000000163e+00 1.108707219592961906e+02 2.897836228607257070e+01
9.974796999999999514e+01 3.379717300000000080e+01 1.339548179045034431e+02 3.310771222732451236e+01
1.248241299999999967e+02 2.644671599999999856e+01 1.281742333673945495e+02 3.082819327057250547e+01
1.205876159999999970e+02 1.334072899999999962e+01 1.216505186100942524e+02 7.213567190722995903e+00
1.349519999999999982e+02 1.169487200000000016e+01 1.171980461213467777e+02 7.679462846493134265e+00
1.275956950000000063e+02 1.332109900000000025e+01 1.047400649026953801e+02 1.500460992892395495e+01
9.969432999999999367e+01 1.796410600000000102e+01 1.348515954639742915e+02 2.391823392303586715e+01
1.196967700000000008e+02 2.276027099999999947e+01 1.297585701852977991e+02 1.913710300962826594e+01
1.289606799999999964e+02 1.261729300000000009e+01 1.010234982171860310e+02 3.325706446194498067e+00
1.221697539999999975e+02 5.261603000000000030e+00 1.240117604921686620e+02 3.260214495989344385e+01
1.368379400000000032e+02 1.267808499999999938e+01 1.323312427442247099e+02 3.449290730256402782e+01
1.287118000000000109e+02 8.186422000000000310e+00 9.283317601099334127e+01 1.697234670832714087e+01
1.171391449999999992e+02 6.471200000000000563e-02 1.241465399083080854e+02 1.299741571013349528e+01
1.213336639999999989e+02 1.455452499999999993e+01 1.034929028310415617e+02 3.015626026655882441e+01
1.159619799999999969e+02 3.274969500000000266e+01 1.010718324878125145e+02 8.389160891450875290e-01
1.075895799999999980e+02 1.972467400000000026e+01 1.031862584001537755e+02 1.420545137495146371e+01
1.073785500000000042e+02 3.300144999999999840e+01 1.088949676931650288e+02 2.438790654265050151e+01
1.287615499999999997e+02 1.689361399999999946e+01 1.181343244828121612e+02 1.834466093452520496e+01
1.179452600000000047e+02 3.413794299999999993e+01 1.065699476892108919e+02 3.451757908094994320e+01
1.073292849999999987e+02 3.159566099999999977e+01 9.394349470493547472e+01 6.386904515355639411e+00
9.615071000000000367e+01 1.844079800000000091e+01 1.367451201130748473e+02 2.149096443942092094e+01
1.249493939999999981e+02 1.101958300000000079e+01 1.352187372558124139e+02 5.899918557887352755e+00
1.272875200000000007e+02 3.735890000000000044e-01 1.070224735107539118e+02 2.644484642673215902e+01
1.073123599999999982e+02 2.557497199999999893e+01 1.245585875701381156e+02 3.466051732705116706e+01
9.889706999999999937e+01 1.656511100000000170e+01 9.921170766444861044e+01 5.549509772040419620e+00
1.265415600000000040e+02 2.948997500000000116e+01 1.195472912401593817e+02 3.478767907358997036e+01
9.629608000000000345e+01 1.712132799999999833e+01 9.611598383887454133e+01 3.104258902837736400e+01
1.117770399999999995e+02 2.602037199999999828e+01 1.094485859495040643e+02 3.184271748042458938e+01
1.294410000000000025e+02 2.921653200000000083e+01 1.331933169396031928e+02 2.929761762359890298e+01
1.251776499999999999e+02 9.960960999999999288e+00 1.106033652606874966e+02 1.329161082492840684e+01
1.103507400000000018e+02 8.773649999999999505e-01 1.081212742630805508e+02 2.619386277588170131e+01
1.131231460000000055e+02 2.764571000000000112e+00 1.140257314925473509e+02 3.673520167243632395e-01
1.075570799999999991e+02 3.114085800000000148e+01 1.055367463584290704e+02 2.245472589367939520e+01
1.148044000000000011e+02 2.044948799999999878e+01 1.373748941108746351e+02 2.994807903413471450e+01
1.221725399999999979e+02 1.971065000000000067e+00 1.376590898682475199e+02 1.224310116853339281e+01
1.221508800000000008e+02 1.807763900000000135e+01 1.229377439545451125e+02 2.281781833529572534e+00
9.410971999999999582e+01 1.075564600000000048e+01 1.205106625429672960e+02 7.647267265464541275e+00
1.054726639999999946e+02 1.292944400000000016e+01 1.189183309583461181e+02 2.076099172804601523e+01
1.090837899999999934e+02 1.109345000000000026e+00 1.264809047388366992e+02 2.892185037827328387e+01
1.376953399999999874e+02 1.219486999999999988e+01 1.356986193547122639e+02 1.518696852165854061e+01
1.132756650000000036e+02 2.208142499999999941e+01 1.266230548492133607e+02 1.491775279376672358e+01
1.211047800000000052e+02 2.653878999999999877e+01 1.364735448755875495e+02 1.498571217517982390e+01
9.922207000000000221e+01 4.366456999999999589e+00 9.569237055099510769e+01 1.777818035338471603e+01
1.265143659999999954e+02 1.300008799999999987e+01 1.186271739151721363e+02 2.763055702952814841e+01
1.148805399999999963e+02 1.808004999999999995e+01 1.287543100358624883e+02 2.023393710918038835e+01
1.031805300000000045e+02 1.483915700000000015e+01 1.029580764217303397e+02 2.754352246265030502e+01
1.225821150000000017e+02 6.734340000000000437e+00 1.287190531322976881e+02 7.725646808577008251e+00
1.162993599999999930e+02 3.265582299999999805e+01 1.032360436801430694e+02 1.709980287886487815e+01
1.189220300000000066e+02 1.942037399999999892e+01 1.207833283270792606e+02 1.029136736958220411e+01
1.193644560000000041e+02 2.596516599999999997e+01 9.282340787729138754e+01 2.452602135089077606e+01
1.213953300000000013e+02 5.272655000000000314e+00 1.057901025762945721e+02 3.249872695621435525e+01
1.152771500000000060e+02 4.479098999999999720e+00 1.005946106342772879e+02 1.658678623204088609e+01
1.007858499999999964e+02 2.466396100000000047e+01 1.289811438454505037e+02 1.361397315787676732e+01
1.356722699999999975e+02 1.789586800000000011e+01 1.267618376830258171e+02 2.513911994333733801e+01
1.065664600000000064e+02 3.067689499999999825e+01 1.362741926145627929e+02 3.073917727815165080e+01
1.161219250000000045e+02 1.121271899999999988e+01 1.321145173607061452e+02 2.208596157503099899e+00
1.364772499999999980e+02 2.120343999999999784e+00 1.023817749684193359e+02 1.515087730556048840e+00
1.271800499999999943e+02 1.194703699999999991e+01 1.243884150622171489e+02 2.048527809814070366e+01
1.025581399999999945e+02 2.460176999999999836e+01 1.083234602226892491e+02 1.007065990139481926e+01
9.340278999999999598e+01 4.793091000000000435e+00 1.250801770165702465e+02 1.881995197955866317e+01
1.079673540000000003e+02 1.237299100000000074e+01 1.123432599442942887e+02 3.423787512827000512e+01
1.014060060000000050e+02 2.798674199999999956e+01 1.076729389261105325e+02 2.263376706974038299e+01
1.240121900000000039e+02 1.423227999999999938e+00 1.096401116901429020e+02 3.294582021303315855e+01
1.087744299999999953e+02 9.552899999999999725e-01 9.349039877968722578e+01 2.556520382989929985e+01
1.133071060000000045e+02 3.074285100000000170e+01 1.308494627934956611e+02 1.713046041427115540e+01
1.223199099999999930e+02 8.781103999999999132e+00 9.783738565474838822e+01 1.407614307094384642e+01
1.231597299999999962e+02 7.689467999999999748e+00 9.622321628692493789e+01 3.164651477635063159e+01
1.030357699999999994e+02 2.493956400000000073e+01 1.072571943095715028e+02 3.151210132031384248e+01
1.207911699999999939e+02 1.297105099999999922e+01 9.356545982929215199e+01 8.534726260744532667e+00
1.372935799999999915e+02 3.647539999999999782e+00 1.280594439758203578e+02 2.436160220831087742e+01
1.033669500000000028e+02 2.366564999999999941e+01 1.153742908920611825e+02 4.243562958008642916e+00
1.289122600000000034e+02 1.145462200000000053e+01 9.935534143479505076e+01 2.269841418856531234e+01
1.134047800000000024e+02 3.464389800000000008e+01 1.001226839545001042e+02 1.821507383498828148e+01
1.031009399999999943e+02 2.897423699999999869e+01 1.306065405579148830e+02 2.854667326850013254e+01
1.226827100000000002e+02 4.561821000000000126e+00 1.350708613819605262e+02 2.302628663698304479e+01
1.078554800000000000e+02 1.840535399999999910e+01 1.304459536424286625e+02 1.522002231951498707e+01
1.033311999999999955e+02 8.036189999999999500e+00 1.201047443526454117e+02 1.187329802338395446e+01
1.207382000000000062e+02 1.915753600000000034e+01 1.024908509865754951e+02 6.471164222677789013e+00
1.130037300000000045e+02 2.547221800000000158e+01 1.267289167864657173e+02 2.493234263242684179e+01
1.147472199999999987e+02 3.243150700000000342e+01 1.091767546953424244e+02 1.072405494674990933e+01
1.198241399999999999e+02 4.847177000000000291e+00 1.158551853561614280e+02 2.808764177206659340e+01
1.008170850000000058e+02 2.297933400000000148e+01 1.136808568034899878e+02 2.007697378411350186e+01
1.274308900000000051e+02 1.213617600000000074e+01 9.625925807797663936e+01 4.957555634039445103e+00
1.331578700000000026e+02 1.155118900000000082e+01 1.222941631161842224e+02 1.489619308692459221e+01
9.996817000000000064e+01 2.509249700000000161e+01 1.002824537515993484e+02 1.188818247735930633e+01
1.325118699999999876e+02 7.074665000000000425e+00 1.024746185790133524e+02 3.337152933402711597e+01
1.346167399999999930e+02 3.521285999999999916e+00 1.075042818747827198e+02 1.506330459737327132e+01
1.007646940000000058e+02 2.517087599999999981e+01 1.061937133996025295e+02 5.821252968761665869e+00
1.128938299999999941e+02 1.716561099999999840e+01 1.129758003121523586e+02 2.989698773714892344e+00
9.689548999999999523e+01 3.139643900000000087e+01 1.193370742301100336e+02 3.820550956336928650e+00
9.797517999999999461e+01 2.656917599999999879e+01 1.166397974474511869e+02 1.067995987156469972e+01
9.499912999999999386e+01 1.481619899999999923e+01 9.904121817741214784e+01 8.035719024670809674e+00
1.036701050000000066e+02 2.659670799999999957e+01 1.175501476099852454e+02 2.034592351090009288e+01
1.068714449999999943e+02 1.286970200000000020e+01 1.153332987402873471e+02 1.042571209623068818e+01
1.083531200000000041e+02 1.792666600000000088e+01 1.267644790271144757e+02 3.356002098580323434e+01
9.321605999999999881e+01 1.888607999999999976e+01 1.203131803296710274e+02 1.186794607092596543e+00
1.182972699999999975e+02 1.483025899999999986e+01 9.451699700283880645e+01 3.083305596331130971e+01
1.148955600000000032e+02 1.872133399999999881e+01 9.777006489115726140e+01 3.691566971891120819e+00
9.543803400000000181e+01 2.144368199999999902e+01 1.009497545416171818e+02 1.460186879591118370e+01
9.463783999999999708e+01 2.379528600000000083e+01 1.329062485489336609e+02 2.830836092930523051e+01
1.040049199999999985e+02 2.438359600000000071e+01 1.254415983042508742e+02 2.973235870402167080e+00
1.172721250000000026e+02 1.818978299999999848e+01 1.150289577106853187e+02 2.248473484409058543e+01
1.004969799999999935e+02 2.176606200000000158e+01 1.146967837912337984e+02 2.011091396629950623e+01
1.272999200000000002e+02 3.150138899999999964e+01 9.516115495056637030e+01 2.441153245739060562e+00
1.167996100000000013e+02 2.692645800000000023e+01 1.368981688389955593e+02 2.740770454037860304e+01
1.269610100000000017e+02 1.226305200000000006e+01 1.166267467249379024e+02 2.718318569236183890e+01
1.225021299999999940e+02 2.699719199999999830e+01 1.063836871095049759e+02 2.800397753048732241e+01
1.007264200000000045e+02 2.864308700000000130e+01 1.272546276515605541e+02 8.867078826094076049e+00
1.314637800000000141e+02 1.366797000000000040e+01 1.141905938602264712e+02 2.250590428071915028e+01
1.303903999999999996e+02 2.805204999999999949e+00 1.312191366830276138e+02 6.367071803662915919e-03
1.085328200000000010e+02 2.570951300000000117e+01 1.257184977574667926e+02 2.876783744231683926e+01
1.267472099999999955e+02 7.728730999999999796e+00 1.036944743297683971e+02 2.924487214852082850e+00
1.118961000000000041e+02 1.561135900000000021e+01 1.062704828003739124e+02 1.359338241328246610e+01
9.998476999999999748e+01 5.003547000000000189e+00 1.018079871897533337e+02 2.980056901323525054e+01
1.063444439999999958e+02 3.975452000000000208e+00 1.158706026118929628e+02 2.202105848756410111e+01
1.370396700000000010e+02 1.252472000000000030e+00 1.210634730876275142e+02 2.643858250867627380e+00
1.068052100000000024e+02 1.683014100000000113e+01 1.313152779489308273e+02 1.532765605209708326e+01
1.110726800000000054e+02 1.657695800000000119e+01 1.324935749954749440e+02 1.683856618338386468e+01
1.135080899999999957e+02 2.942609399999999908e+01 1.122081890781191049e+02 2.545164891312466260e+00
1.185020800000000065e+02 3.043984199999999873e+01 1.278657603614126685e+02 2.686922606802643188e+01
1.234977099999999979e+02 1.764413300000000007e+01 1.002974982410602252e+02 5.361481954221200219e+00
1.060799499999999966e+02 9.110470000000000512e-01 1.002830157057074416e+02 2.559054430012481518e+01
1.012284599999999983e+02 2.449690000000000012e+01 1.321507226302224467e+02 2.727581739787219917e+01
1.357005499999999927e+02 1.938025700000000029e+01 1.178747941731445792e+02 2.135553972273282497e+01
1.061328350000000000e+02 2.596210900000000166e+01 1.232471916574204585e+02 1.325631932993810835e+01
1.004663800000000009e+02 2.924779099999999943e+01 1.364439033209445142e+02 2.100537007825449365e+01
9.273024999999999807e+01 1.533211299999999966e+01 9.802910309220855822e+01 5.066323307838647594e+00
1.114088299999999947e+02 2.254265600000000092e+01 1.090022043512222893e+02 3.317460359840075768e+01
1.049807359999999932e+02 3.378130699999999820e+01 1.325730567537862328e+02 2.770005147116707889e+01
1.002415799999999990e+02 2.393959399999999960e+01 9.910190227529345464e+01 8.355512829110084638e+00
1.304762699999999995e+02 3.101247199999999893e+01 1.010907402033533629e+02 4.540439174779636877e-01
1.233786699999999996e+02 4.075228000000000073e+00 1.267041779644517021e+02 1.411030159798842476e+01
1.218649499999999932e+02 3.051391999999999882e+01 1.371893721997140005e+02 2.732182895397560074e+01
1.170046200000000027e+02 2.565857000000000099e+01 9.859656777469017186e+01 1.674282395751841079e+01
1.227206500000000062e+02 2.926232000000000166e+00 1.073209767027652646e+02 2.004024899360668854e+01
1.174418639999999954e+02 1.991549499999999995e+01 1.204163006934840325e+02 1.609629660888841229e+01
1.040678560000000061e+02 3.964449000000000112e+00 9.869661843372014687e+01 1.597323790246168329e+01
1.234837399999999974e+02 2.555160000000000209e-01 1.136218054462441529e+02 2.090762515516081166e+01
9.963335999999999615e+01 3.011660600000000088e+01 1.120004293143496739e+02 3.251153349435136874e+01
1.093420100000000019e+02 2.870751599999999826e+01 1.247870965593590995e+02 3.220580507764795897e+01
1.066796700000000016e+02 7.535884000000000249e+00 1.371486371527639108e+02 7.044596991018331478e-01
1.028629600000000011e+02 1.609947599999999923e+01 9.225119482790121594e+01 1.589710867383326587e+01
1.007028959999999955e+02 2.068726699999999852e+01 1.086500603599761519e+02 1.492528616936313313e+01
1.355432900000000132e+02 8.343788999999999234e+00 1.302523651282066908e+02 8.005213032243354121e+00
1.120615540000000010e+02 2.049053999999999931e+01 1.037015548305158177e+02 1.376738862824364062e+01
1.078628099999999961e+02 2.795533599999999907e+01 1.075293194424109231e+02 2.080569845991848155e+01
1.228186299999999989e+02 2.599601699999999838e+01 1.097698248539622057e+02 2.706296897265872303e+01
9.357684000000000424e+01 1.529489399999999932e+01 1.298756018488257666e+02 4.413452713145725070e+00
1.067001900000000063e+02 1.305196199999999962e+01 1.252646434550587315e+02 1.442314859460686982e+01
1.164583360000000027e+02 2.065202999999999989e+01 1.266021959278106124e+02 1.589244723923444802e+01
1.279808500000000038e+02 1.237441800000000036e+01 1.070366306004777641e+02 2.830177181524391017e+01
1.011063460000000021e+02 3.288495000000000346e+01 1.246047952222421031e+02 2.723081425230893249e+00
9.927791600000000471e+01 1.773039400000000043e+01 1.006013329134151917e+02 1.218486796201679567e+01
1.321269700000000000e+02 2.966490999999999989e+00 1.136774042599893306e+02 3.310251177900435238e+01
1.354256300000000124e+02 3.155119300000000138e+01 1.325170434585456576e+02 2.817819290885771721e+01
1.103286899999999946e+02 1.103283000000000014e+00 9.379954351289073600e+01 3.238201836772378073e+01
1.004608149999999966e+02 1.180514800000000086e+01 9.591897297335401618e+01 2.185147890224233169e+00
1.214991760000000056e+02 1.366147199999999984e+01 9.977616701849466097e+01 1.485309841541410236e+01
1.043113299999999981e+02 9.546936000000000533e+00 1.118657891125873363e+02 2.029166610833340911e+01
1.006795400000000029e+02 2.482919000000000054e+01 1.133366736239748889e+02 3.460714439427314826e-01
1.305723099999999874e+02 3.448748799999999903e+01 1.185304497689567711e+02 1.177374478326109752e+01
1.180998459999999994e+02 1.284827399999999997e+01 1.136456520218282265e+02 1.436736450575011226e+01
1.057254400000000061e+02 1.247801699999999947e+01 1.287369599380176055e+02 3.285092081977717271e+01
1.273446660000000037e+02 1.365026600000000023e+01 1.298694319133084889e+02 2.336603365829079237e+01
1.009878700000000009e+02 1.558966700000000039e+01 1.032747329098598925e+02 3.246635176422927316e+01
1.100219600000000071e+02 2.893303699999999878e+01 1.158224189907986101e+02 2.582938175279721094e+01
1.304161799999999971e+02 1.597442700000000038e+01 1.227776012722510188e+02 2.380807512467884024e+01
1.078898599999999988e+02 1.824183700000000030e+01 1.077726307756019253e+02 1.649053525567867240e+01
1.264731799999999993e+02 8.246715000000000018e+00 9.970761005337801919e+01 3.170567730314456867e+01
1.300095200000000091e+02 1.434867000000000026e+01 1.264212441199733234e+02 9.457371287113891967e+00
1.373412800000000118e+02 7.320990000000000553e-01 1.135548021011180424e+02 6.421660174584852498e+00
1.148343050000000005e+02 2.582363300000000095e+01 1.009186760753643028e+02 5.258292433936534671e+00
1.100357360000000000e+02 2.855119900000000044e+01 1.185626336881722693e+02 2.783939757429774176e+01
1.072994840000000067e+02 2.050570899999999952e+01 9.355494739555938111e+01 2.241172899740506708e+01
1.216377800000000065e+02 1.520599999999999952e+01 1.373775606533537825e+02 1.517755312247303756e+01
1.282913200000000131e+02 3.539490000000000136e-01 1.329834448065235506e+02 1.191468448413753123e+01
9.264901000000000408e+01 2.078608699999999843e+01 9.398102212828844415e+01 3.351002796256067739e+01
1.197646199999999936e+02 2.030460199999999915e+01 1.014068404553158587e+02 1.077606102334129012e+01
1.074296650000000000e+02 4.943573999999999913e+00 1.209976712019433478e+02 2.159377296483460995e+01
9.423632999999999527e+01 1.031035299999999921e+01 9.272749696692099519e+01 3.200349641613201612e+01
1.287667099999999891e+02 1.207068300000000072e+01 1.015801974984326819e+02 3.417731772264407653e+01
1.001638200000000012e+02 3.052398099999999914e+01 1.267379914008616169e+02 3.251574683836182800e+01
1.009766800000000018e+02 1.603761899999999940e+01 1.075184688373788049e+02 2.880199503584350396e+01
1.033886799999999937e+02 2.024487500000000040e+01 9.781648695658108750e+01 2.672525053907303771e+01
1.291559399999999869e+02 1.352395500000000084e+01 1.237322138611313704e+02 2.285690705049267990e+01
1.286587700000000041e+02 1.192577099999999923e+01 1.022964356451698933e+02 3.110531861776982820e-01
1.176956899999999990e+02 6.060266000000000375e+00 9.397290142611240071e+01 1.577650165696855389e+01
1.288786599999999964e+02 1.183304700000000054e+01 1.240039011052661237e+02 2.738471384467382208e+01
1.242183150000000040e+02 2.629088000000000136e+01 1.009666514771979138e+02 1.995618456519322592e+01
1.061745300000000043e+02 2.465655100000000033e+01 9.642079626139376103e+01 2.933386563510195444e+01
1.355842399999999941e+02 3.165399999999999991e+01 1.357496721894870291e+02 8.859786448546579152e+00
1.294016699999999958e+02 5.396980000000000111e-01 1.353345957924457252e+02 4.509204169441728638e+00
1.064135899999999992e+02 2.078034999999999854e+01 1.075694751320217790e+02 4.494125382894209153e+00
1.263477249999999970e+02 1.183359199999999944e+01 1.031773797084122748e+02 1.596749628892579764e+01
1.367545299999999884e+02 1.483705600000000047e+01 1.032835029431639384e+02 9.913891393357735282e+00
1.003025499999999965e+02 1.609912900000000135e+01 1.194610754680857383e+02 4.827413555209521867e+00
9.462124000000000024e+01 2.250560199999999966e+01 1.262205711966742854e+02 1.232454509689756605e+01
1.251190799999999967e+02 3.508843000000000156e+00 1.154708741385613848e+02 3.171276875845094878e+01
1.074754400000000061e+02 1.089594899999999988e+01 9.671999775768165364e+01 1.028888615314010657e+01
1.069558300000000060e+02 3.322021000000000157e+01 1.356777193890904414e+02 7.535308897816825890e+00
1.075523299999999978e+02 1.898231499999999983e+01 1.064474130625852695e+02 8.747139284464588993e-01
1.294755900000000111e+02 2.914704899999999910e+01 1.241514268622071882e+02 2.097760165908467300e+01
1.015828300000000013e+02 3.012794999999999845e+01 1.099756235432224969e+02 2.440843931206914874e+01
1.029471499999999935e+02 1.203110299999999988e+01 1.214928524523868418e+02 6.371864765398518315e+00
1.005264739999999932e+02 1.630819999999999936e+01 1.169918238207151830e+02 1.107369571199035008e+01
1.099067840000000018e+02 1.686253999999999920e+01 1.117440619734449569e+02 2.221138145244442086e+01
1.118422850000000039e+02 1.812244600000000005e+01 1.121267982661716900e+02 1.596247419274797785e+01
1.324983000000000004e+02 4.275179999999999758e+00 1.174177939627047635e+02 1.687071435425940846e+00
9.877991500000000258e+01 1.703118500000000068e+01 1.124335069694816980e+02 8.476466709083116058e+00
1.261360600000000005e+02 1.381871199999999966e+01 9.857889757058654823e+01 5.601216263947873308e+00
1.044894199999999955e+02 3.404343999999999681e+01 1.273347849826606080e+02 1.362837738211089622e+01
1.049673540000000003e+02 2.282041399999999953e+01 9.539013460032059299e+01 1.089883851365001544e+00
1.019604800000000040e+02 2.698521799999999971e+01 1.099793772729773593e+02 7.306635103205701753e+00
1.048792499999999990e+02 1.661124399999999923e+01 1.287182261973785558e+02 3.324099836550644227e+01
1.040978850000000051e+02 1.695514100000000113e+01 1.308660980222982175e+02 2.552604213573029668e+01
1.258002900000000039e+02 1.515819699999999948e+01 1.133041782832880244e+02 9.094402341076829543e+00
1.286007500000000050e+02 8.765936999999999202e+00 1.175095570256334838e+02 1.678285492910081445e+01
1.255556260000000037e+02 1.372629099999999980e+01 1.350339394341806951e+02 1.825467761144373924e+01
1.063705499999999944e+02 2.535100999999999871e+01 1.377946973086332036e+02 3.061870300764275754e+01
1.210836500000000058e+02 1.404887100000000011e+01 1.178020591493119156e+02 3.167628106766219975e+00
1.219990200000000016e+02 5.213186999999999571e+00 1.276950125412636794e+02 1.920678543242279446e+01
1.106384299999999996e+02 3.058228099999999827e+01 9.821505101882080169e+01 3.155328167977681986e+01
1.250190400000000039e+02 1.223044999999999938e+01 1.151900903155874687e+02 5.429439718434799111e+00
1.006573939999999965e+02 2.060479399999999828e+01 1.112648618368366584e+02 2.642130268882262456e+01
1.334171399999999892e+02 1.512338199999999944e+01 1.307672507764251861e+02 1.681362322217205829e+01
9.974071999999999605e+01 1.632757600000000053e+01 1.022688238029004424e+02 1.140138666753254348e+01
1.295191499999999962e+02 3.220691300000000012e+01 9.226786401869117071e+01 2.588414535643187619e+01
1.286794999999999902e+02 1.162912799999999969e+01 1.248017191251000924e+02 1.909519326470661227e+01
1.002700300000000055e+02 1.703686300000000031e+01 9.439376983186247116e+01 3.384474727292069929e+01
1.213812000000000069e+02 2.332711600000000018e+01 1.033637034285166862e+02 3.002352532972502530e+01
1.130484199999999930e+02 2.044042800000000071e+01 1.144099765643562563e+02 1.114684423274277592e+01
1.068513599999999997e+02 2.497554999999999836e+01 9.659859685206076563e+01 2.058753603150413625e+01
1.153340400000000017e+02 2.080925399999999925e+01 9.915663565677451174e+01 5.666215362420118362e-01
1.227520700000000033e+02 1.170782999999999907e+00 1.184923237138671652e+02 7.659500727196293823e+00
9.999969000000000108e+01 2.509792300000000154e+01 9.441618893792472988e+01 2.435383339190701690e+01
1.159256900000000030e+02 2.697432299999999827e+01 1.144744296030834505e+02 2.751190514928000042e+00
9.954652400000000512e+01 2.725922600000000173e+01 1.296532563274754466e+02 9.465412394005317864e+00
9.808326999999999884e+01 2.820190200000000047e+01 1.086271607805614821e+02 1.787140076529312083e+01
1.168420299999999941e+02 1.809422899999999856e+01 1.102778300489504204e+02 2.481366998864988815e+01
1.081673300000000069e+02 3.137665000000000148e+01 1.199383083827388106e+02 2.558282232402768130e+01
1.124703750000000042e+02 1.702895499999999984e+01 1.364840796561910565e+02 2.527825076740772658e+01
1.281042500000000075e+02 1.263489599999999946e+01 1.018466254655579633e+02 9.873865011237420219e+00
1.148437040000000025e+02 1.286086000000000062e+00 1.360679927426048721e+02 3.353250695125802849e+01
1.063896100000000047e+02 3.912881000000000054e+00 9.795938775393992159e+01 1.066552046749584726e+01
1.096538500000000056e+02 3.307865999999999929e+01 9.257443095758638663e+01 2.754025342980149560e+01
1.115443949999999944e+02 1.032299199999999928e+01 1.327588732669085800e+02 2.333747668014081000e+01
1.185986900000000048e+02 1.763774300000000039e+01 1.162170587565514239e+02 7.393915369964793038e-01
1.147561599999999942e+02 1.838597100000000140e+01 1.372199759765812530e+02 8.681736740759584237e+00
1.207063399999999973e+02 1.393922799999999995e+01 9.809994550198400987e+01 2.308692135766284892e+01
1.330418999999999983e+02 5.873175999999999952e+00 1.235259776544667432e+02 1.941492143025252659e+01
1.000685000000000002e+02 2.550993300000000019e+01 1.000430160659664267e+02 1.106533477963166234e+01
1.270234300000000047e+02 5.967240000000000322e+00 9.413923857707257525e+01 3.325831361642380557e+01
1.140755900000000054e+02 8.455011999999999972e+00 1.339013818605877759e+02 4.750149681492941589e+00
1.230936200000000014e+02 4.996221000000000245e+00 1.300217567976308430e+02 2.649220950136847108e+01
9.840043000000000006e+01 2.720805700000000016e+01 9.981782410360385427e+01 9.050848060928032623e+00
1.167885739999999970e+02 1.309459400000000073e+01 1.234389623864076242e+02 2.853394446331027723e+01
9.446862000000000137e+01 4.517010000000000192e-01 1.344405022573973554e+02 1.088647340925564500e+01
1.085241099999999932e+02 2.678840999999999894e+01 1.013899058745994068e+02 2.570942545946813595e+01
1.240638660000000044e+02 2.977226299999999881e+01 1.134136530515521599e+02 1.280151697133506694e+01
1.062773360000000054e+02 3.356752000000000180e+01 1.336477898929959451e+02 1.488237557426532831e+01
1.045930900000000037e+02 2.917896000000000001e+01 9.470852076916396811e+01 1.399474783622877005e+01
1.066970400000000012e+02 2.854751200000000111e+01 1.119401474317872527e+02 2.841443288971898795e+01
1.104587499999999949e+02 2.348718999999999824e+01 1.144120691939443191e+02 2.820460270334999464e+00
1.130060650000000066e+02 2.550459999999999994e+01 1.129187200043622283e+02 1.168533541106783247e+01
1.054755250000000046e+02 9.531067999999999429e+00 1.169751683693560551e+02 1.152028007124078357e+01
1.211230850000000032e+02 1.021513700000000036e+01 1.054969446513883042e+02 3.418849300802693847e+01
1.378785100000000057e+02 1.122782400000000003e+01 1.106298377244444993e+02 5.956683752444417834e+00
1.177526100000000042e+02 1.388057899999999911e+01 1.021443925634777372e+02 6.180610590096029533e+00
9.371902000000000044e+01 2.542849500000000162e+01 9.979836284655787892e+01 1.701653871290838538e+01
1.141925499999999971e+02 2.823162999999999911e+01 1.302614052263761550e+02 9.396387201211448215e+00
1.316262399999999957e+02 1.500643499999999975e+01 1.250245964838341308e+02 9.864465002727197174e+00
1.171882999999999981e+02 2.439474999999999838e+01 1.090481379677540019e+02 1.693367679087998123e-01
1.224160899999999970e+02 7.696626000000000190e+00 1.313406059416622895e+02 2.886226418157104234e+01
1.321534699999999987e+02 7.309249999999999581e+00 1.370948702032057156e+02 7.841372682941593730e+00
1.199698300000000017e+02 1.242413400000000046e+01 1.308335776605560454e+02 1.827686911758306820e+01
1.123523600000000044e+02 2.472185899999999847e+01 1.019117984884114065e+02 2.475533296162854313e+01
1.065756499999999960e+02 1.578832599999999964e+01 1.226371823819557108e+02 1.898710163254787986e+01
1.335451400000000035e+02 1.390628799999999998e+01 9.918622406438117878e+01 3.077828899040927979e+01
1.308442000000000007e+02 8.125244999999999607e+00 9.549545300507568868e+01 2.882494948592165329e+01
1.355431199999999876e+02 2.001708199999999849e+01 1.075036039653674749e+02 6.122889592949998239e-01
1.082274599999999936e+02 2.717001000000000133e+01 1.321427271551593776e+02 1.162268443600888723e+01
1.309324000000000012e+02 9.878012000000000015e+00 9.776326259862182155e+01 1.254541722617308075e+01
1.339961700000000064e+02 3.438096600000000080e+01 9.509060817132130694e+01 1.522829247859315416e+01
1.352128999999999905e+02 5.011090000000000266e+00 1.179753834393884233e+02 3.154386484771042376e+01
1.246774400000000043e+02 1.209600299999999962e+01 9.595376957828715092e+01 7.538275040245082437e+00
1.252033899999999988e+02 9.675684000000000395e+00 1.326400944500927608e+02 3.011369176895753341e+01
1.138190160000000049e+02 1.354168100000000052e+01 1.042500654518858738e+02 1.708991388360713159e+01
1.235097959999999944e+02 2.681490999999999847e+00 1.172160259277510761e+02 3.028019092012724300e+01
1.047877660000000049e+02 2.743140400000000056e+01 1.377355862856823592e+02 1.108752613982271029e+01
9.836787400000000048e+01 1.882612400000000008e+01 1.177016601710571280e+02 2.133091443436932266e+01
1.331191900000000032e+02 8.421360999999999208e+00 9.477164692117575839e+01 1.551256823438100341e+01
1.079270800000000037e+02 2.750382199999999955e+01 1.148783707177196334e+02 9.087505779360826708e+00
1.298188600000000008e+02 9.076064999999999827e+00 1.083321704933944147e+02 1.217321778958569745e+01
1.154087799999999930e+02 2.365899500000000089e+01 1.254197466568124071e+02 5.726012823669054619e+00
1.026750949999999989e+02 3.487172699999999992e+01 1.322457299429124191e+02 1.312780396474554578e+01
9.430186999999999387e+01 1.769696799999999826e+01 1.336500631850462923e+02 1.075724897053226137e+01
1.236492400000000060e+02 8.307256999999999891e+00 1.071465970432218171e+02 2.332601857342720919e+01
1.355338099999999883e+02 1.610411799999999971e+01 1.105611819209241702e+02 1.528975710041400582e+01
9.479399999999999693e+01 2.222920399999999930e+01 9.460505250957308476e+01 1.596525165849064365e+01
1.046525000000000034e+02 2.365267400000000109e+01 1.158854845565418543e+02 3.197630251057347905e+01
1.007823300000000017e+02 2.154664599999999908e+01 1.286179170106328229e+02 1.185483742415386210e+01
1.183964100000000030e+02 2.882246400000000008e+01 1.345065717352629804e+02 8.118464868783876298e+00
1.188802900000000022e+02 7.100107000000000390e+00 1.283983572760084826e+02 2.064904360470135813e+01
1.026667000000000058e+02 2.719775200000000126e+01 1.336980958456160238e+02 2.152565085894516983e+01
1.330287299999999959e+02 2.371058999999999806e+00 1.220323567544797214e+02 1.061071953458895223e+01
1.099410100000000057e+02 2.527390700000000123e+01 9.696230337912204789e+01 3.109058356529379452e+01
9.942723999999999762e+01 2.273704499999999840e+01 9.445517785631183472e+01 3.779639571558664812e+00
9.350856000000000279e+01 2.460374999999999979e+00 1.244965208043357734e+02 1.664187549450231529e+01
9.567327000000000226e+01 3.478048299999999671e+01 9.668768258828423257e+01 1.533131443559156537e+00
1.217480850000000032e+02 1.688053000000000026e+00 1.302200441465637937e+02 2.840935487686511252e+01
1.369482299999999952e+02 3.398439000000000210e+00 1.228001868704541977e+02 1.455505605508699851e+01
1.366002000000000010e+02 2.353372600000000148e+01 1.065077149171140292e+02 2.495841742152512310e+01
1.116914900000000017e+02 1.667273899999999998e+01 1.211954028002764119e+02 2.481220455180980622e+01
1.268122939999999943e+02 2.672148999999999930e+01 1.134089837311295526e+02 1.690311595896036323e+01
1.053674550000000067e+02 7.722144000000000119e+00 1.159253998910901657e+02 1.361836029700526041e+01
1.106722100000000069e+02 2.715277999999999992e+01 9.765487030140101865e+01 2.473727587605989875e+00
1.073580860000000001e+02 5.845627000000000351e+00 1.190446914474283062e+02 1.606802282502961532e+01
1.081589000000000027e+02 1.194670699999999997e+01 1.154916397000527297e+02 1.259149170160674025e+01
1.310166999999999859e+02 1.584964599999999990e+01 1.326960674049690851e+02 2.393086211066299640e+01
1.259750059999999934e+02 8.296856999999999260e+00 9.311636116134647523e+01 1.748971831409445343e+01
1.286900599999999883e+02 1.486477799999999938e+01 1.356312245573180064e+02 3.341187509949966028e+01
1.353319700000000125e+02 1.899710500000000124e+01 1.028216551773947742e+02 3.314197057158477833e+01
1.182681050000000056e+02 5.761924999999999741e+00 1.152872380408275745e+02 3.218814046751163005e+01
1.049325299999999999e+02 2.927804199999999923e+01 9.955221332678171109e+01 2.988102797370253327e+01
1.343265800000000070e+02 3.472433000000000192e+01 9.236143231889325023e+01 2.475704615001802367e+01
1.355880699999999877e+02 2.913927999999999852e+00 1.210587186907399371e+02 1.603894734555332846e+01
1.196053399999999982e+02 1.343893199999999943e+01 1.147883347269118701e+02 2.482267455791034294e+01
9.838697999999999411e+01 2.572221800000000158e+01 1.114494497464061027e+02 5.463818919690812237e+00
1.079575040000000001e+02 1.263439100000000082e+01 1.146187558986322017e+02 6.611300801376854608e+00
9.423469500000000210e+01 8.636367999999999157e+00 1.241050076678803293e+02 2.810065064170070670e+01
1.363643999999999892e+02 1.274971000000000032e+01 1.180041667208164995e+02 2.642367997256606316e+01
1.290050699999999892e+02 1.324962900000000054e+01 1.288879622045711244e+02 1.630752928080994124e+01
1.161196300000000008e+02 2.374014299999999977e+01 1.328127468944483951e+02 1.094090134397039016e+01
1.164053499999999985e+02 1.685597999999999885e+01 1.228662962350544205e+02 7.314180885805914301e+00
1.233091349999999977e+02 7.443515999999999799e+00 1.150151740075521758e+02 2.087808196906574665e+01
1.266689800000000048e+02 1.227758900000000075e+01 1.142891973396833833e+02 3.289068402359947640e+01
1.182392499999999984e+02 2.503325500000000048e+01 1.204512992799369044e+02 1.866005614768758747e+01
1.349553200000000004e+02 1.906885099999999866e+01 1.168663004593196604e+02 6.659247257726126357e+00
9.492020999999999731e+01 2.098355700000000112e+01 9.740267323268784594e+01 1.687819270292780516e+01
1.146491199999999964e+02 2.055787799999999876e+01 1.363830986428646952e+02 1.296385289453950129e+01
1.003102300000000042e+02 2.285036500000000004e+01 1.002985650441877112e+02 2.548869062600511626e+01
1.066084100000000063e+02 3.491856800000000050e+01 1.195624860850886648e+02 2.896003572212720911e+01
1.204013400000000047e+02 1.923368599999999873e+01 1.161030316574897370e+02 3.039560734597760217e+00
1.328286300000000040e+02 1.854412800000000061e+01 1.329982072491809504e+02 1.083658463295233965e+01
1.125811400000000049e+02 1.467424100000000031e+01 1.369628446135662045e+02 2.820261565911838630e+01
1.223116799999999955e+02 7.156254999999999811e+00 1.027121650838818141e+02 1.223878203681365662e+01
1.270486300000000028e+02 1.419520600000000066e+01 1.328851835244575170e+02 4.455082578044893715e+00
1.205678249999999991e+02 2.621988100000000088e+01 1.335781442020775671e+02 2.513991210188405034e+01
1.090715200000000067e+02 1.751669499999999857e+01 1.156985553860398710e+02 1.165563952571161188e+01
1.338926400000000001e+02 1.374230400000000074e+01 1.133340135098664661e+02 4.156814966916718923e+00
