2.073686199999999857e+01 4.312499199999999888e+01 2.918551469527444908e+01 6.070578084693352139e+01
4.582211999999999819e+01 4.533156999999999925e+01 2.312106410988501182e+01 6.283052658664831824e+01
3.741502400000000250e+01 4.724257999999999669e+01 4.062152481219445832e+01 5.764097452813672362e+01
1.868237500000000040e+01 5.361475999999999686e+01 4.384395494185040487e-01 4.346589679656523941e+01
3.806110999999999933e+01 6.785429000000000599e+01 1.253849330105329329e+01 4.706950708559183028e+01
1.856395499999999998e+01 6.311914999999999765e+01 8.004619664470357776e+00 4.045986734287053110e+01
4.025117500000000348e+01 4.388114000000000203e+01 4.082174210275055337e+00 6.614942988093396536e+01
3.462085000000000079e+00 5.978108000000000288e+01 2.754622264599639792e+01 5.984632672029940181e+01
8.725777000000000783e+00 6.067893600000000021e+01 2.506545104659352319e+01 5.762856905525552520e+01
1.292030899999999960e+01 5.391691200000000350e+01 3.595512042341188419e+01 5.730802540072944851e+01
1.484575500000000048e+01 4.313596700000000084e+01 9.417424770624736041e+00 4.451290190951537795e+01
4.985202000000000133e+00 4.887668599999999941e+01 3.876457109197020401e+01 4.669295121704338669e+01
2.182523300000000077e+01 6.083402300000000196e+01 5.477165189110232646e+00 5.231537946948125750e+01
1.132952900000000085e+01 5.953731499999999954e+01 4.863536731256552059e+00 5.903544209162477330e+01
2.437801999999999936e+01 5.937026999999999788e+01 3.658916013104550302e+01 4.820438644172533316e+01
4.293283000000000271e+01 5.116093000000000046e+01 3.544801402312199201e+01 4.389018495684492649e+01
3.200388999999999928e+00 4.692457600000000184e+01 3.904767138601216381e+00 6.434601199885129574e+01
7.434198000000000306e+00 3.952674499999999824e+01 1.824004153196995404e+01 3.871502329232649231e+01
2.566488999999999976e+01 6.060513000000000261e+01 4.130202517413565033e+01 3.651519663424053874e+01
1.984955400000000125e+01 5.075852199999999925e+01 4.057075352796213252e+01 4.028863978532562840e+01
2.089273499999999828e+01 5.902020999999999873e+01 1.614868115454315500e+01 5.624025145619241073e+01
4.010296000000000305e+01 3.585501500000000163e+01 2.861038231792619158e+01 5.994688077032954254e+01
1.616111000000000075e+00 5.134649699999999939e+01 3.403670337655132272e+01 3.602215807666474490e+01
2.339446399999999926e+01 6.508530000000000371e+01 1.628926701752440565e+01 5.943074806517171993e+01
4.061240800000000206e+01 4.369433599999999984e+01 9.988610745674730840e-01 6.497612450543068974e+01
1.514843800000000051e+01 5.716935699999999798e+01 8.459912442181256154e+00 4.135474802550876205e+01
3.612742000000000075e+01 4.444221000000000288e+01 1.214781032643511693e+01 4.471440271339933759e+01
2.147448699999999988e+01 4.284723999999999933e+01 1.701351912905980512e+01 5.407876194757443500e+01
3.756847000000000047e+00 3.588994199999999779e+01 2.305460172423092047e+01 6.986705451374584186e+01
3.526769000000000176e+01 5.224911500000000331e+01 1.643135239218624122e+01 5.395031558907400893e+01
2.655179199999999895e+01 4.608719599999999872e+01 3.925127593764475620e+01 4.138918793667708229e+01
4.503629000000000104e+01 4.160287499999999739e+01 3.760228010186105507e+01 6.083811483108664220e+01
1.313034299999999988e+01 4.696891399999999805e+01 2.269232671150619041e+01 4.165902057298309558e+01
2.956473400000000140e+01 5.012564499999999867e+01 4.024348424752705711e+01 6.918109388050227437e+01
9.021198000000000050e+00 4.884573999999999927e+01 8.439691915493305885e+00 6.989130233120660307e+01
1.609556399999999954e+01 4.480416499999999758e+01 2.138033436374131924e+01 5.266589584275658353e+01
4.394039000000000073e+01 4.152350200000000058e+01 2.903239952843564353e+01 3.582440978205813309e+01
9.293971000000000871e+00 3.925133499999999742e+01 4.084642722253371971e+01 5.908422042453251777e+01
7.167239000000000360e+00 4.808139800000000008e+01 3.157089748207269864e+01 6.167971410247679387e+01
3.600413999999999959e+01 6.673878499999999292e+01 4.284590416414957303e+01 5.214823666287651349e+01
1.053009600000000034e+01 3.541861699999999757e+01 1.974452168868664970e+01 6.154433006729177436e+01
3.534056999999999960e+01 3.950292199999999809e+01 4.290741706425263757e+00 5.722245930275209957e+01
1.532805999999999891e+00 3.744894800000000146e+01 2.896914814174568420e+01 4.762889350962871760e+01
2.053845799999999855e+01 5.862861300000000142e+01 4.333974389094856150e+01 5.535665817827741364e+01
1.745546200000000070e+01 5.757723000000000013e+01 3.818984630625963206e+01 4.855890665372542969e+01
3.854706199999999683e+01 5.198667999999999978e+01 4.248568563871867099e+01 4.943605629370843246e+01
2.838515299999999897e+01 6.249403399999999920e+01 1.665265464232158976e+01 5.759017004157971087e+01
7.174387000000000292e+00 6.787257999999999925e+01 2.276678795561509361e+01 4.597455812045559753e+01
2.444811400000000035e+01 4.370638300000000243e+01 3.228736037866845976e+01 3.962809357278409550e+01
2.386070300000000088e+01 5.718452500000000072e+01 4.477050751714516963e+01 4.072800977737261263e+01
4.590947299999999842e+01 4.815294300000000050e+01 4.272883696007838239e+01 6.858334261058527659e+01
4.545956799999999731e+01 5.469042600000000220e+01 4.170892629227193282e+01 4.552315156415491515e+01
1.727717200000000020e+01 4.409152600000000177e+01 3.473978147658286986e+01 6.867790326968275849e+01
3.374995400000000245e+01 4.275869399999999843e+01 3.261362075427481955e+01 5.048867753316699236e+01
2.709648299999999921e+01 4.909206799999999760e+01 4.329225727761414788e+01 5.272564225824513073e+01
2.100835199999999858e+01 6.542683999999999855e+01 4.372222767654945841e+01 4.000401815298019415e+01
3.067406700000000086e+01 3.817719000000000307e+01 3.976804442988095900e+01 5.816056624516443208e+01
8.814215000000000799e+00 4.817876400000000103e+01 2.324040061599879436e+01 3.848478016217686104e+01
1.534833700000000078e+01 3.911893500000000046e+01 1.911513035377014802e+01 4.392589779395108707e+01
1.795803000000000038e+00 5.029422999999999888e+01 1.623781074650519018e+00 6.163050083753992681e+01
1.449813299999999927e+01 5.729738600000000304e+01 1.379462388139862483e+01 4.172528002465166708e+01
1.114996999999999971e+01 6.042591000000000179e+01 7.274458330594096189e+00 5.082480652789040221e+01
6.414001999999999981e+00 4.399446499999999816e+01 3.057024655118689438e+01 6.645269802267810633e+01
1.651983600000000152e+01 3.868587999999999738e+01 2.187791347025088129e+01 5.617639849251724371e+01
3.206166000000000338e+01 3.747115999999999758e+01 1.254519068054235653e+01 4.640562138750128440e+01
3.549961000000000144e+00 6.774890000000000612e+01 4.048935937660109374e+01 4.683632920981320069e+01
2.159255800000000036e+01 6.055491599999999863e+01 1.430063243993980748e+01 6.733179639546025896e+01
1.339645499999999956e+01 4.592078800000000172e+01 2.510378439801051087e+01 5.333649456556594970e+01
3.959522000000000208e+00 5.486697000000000202e+01 2.484238311182839354e+01 5.586175507856486888e+01
3.893530700000000166e+01 6.862606999999999857e+01 3.879359295335046198e+00 6.394448998224227410e+01
2.268421999999999983e+01 5.423519499999999738e+01 4.106753420312737290e+01 4.151296307378586192e+01
5.824249999999999705e-01 5.099191700000000083e+01 3.870523937792792424e+01 6.983224097165333433e+01
1.449254099999999923e+01 3.799025000000000318e+01 6.754447027070274778e+00 5.059896228270783780e+01
4.354340999999999795e+00 6.793398999999999432e+01 2.858350912781806841e+01 6.520836684595887789e+01
1.198751000000000033e+01 5.736068000000000211e+01 2.016961604707397981e+01 6.608426720851156233e+01
2.329807000000000183e+00 5.044451999999999714e+01 3.827528437027999786e+01 3.576468061586990643e+01
5.173219999999999708e+00 6.102302000000000248e+01 1.386524180396867578e+01 5.504003497754204943e+01
4.172349499999999978e+01 5.216971600000000109e+01 2.511090321232457967e+01 5.602612725831120599e+01
2.124627299999999863e+01 5.886661999999999750e+01 3.592880284733853813e+01 5.467528641520173238e+01
1.076656000000000057e+00 5.008449999999999847e+01 2.859114676890489903e+01 5.157910535470060864e+01
4.793116000000000376e+00 6.539577500000000043e+01 3.511295243232488161e+01 3.840111369197132518e+01
1.702349900000000105e+01 5.634344500000000266e+01 1.197129158295078355e+01 6.003341648645942996e+01
2.269468099999999922e+01 6.686704000000000292e+01 1.800725622568365125e+01 4.037317362113768127e+01
1.073810899999999968e+01 3.629496000000000322e+01 1.393293597174093001e+01 4.878508456398500215e+01
9.720309000000000310e+00 3.613958999999999833e+01 2.856927183515139035e+01 5.286395048520630979e+01
3.958386000000000138e+01 6.599206999999999823e+01 3.657757110889156138e+01 6.621815351632947966e+01
2.163854999999999862e+00 6.689579999999999416e+01 1.297128543998674566e+01 3.816255656439965804e+01
9.531618999999999176e+00 5.589849499999999694e+01 1.959352529950991695e+01 5.246640102682010109e+01
2.216218200000000138e+01 5.903755000000000308e+01 2.285921859308727022e+01 4.472045615227339965e+01
1.784797500000000170e+01 4.407359999999999900e+01 1.520284996274728329e+01 6.093655300280238407e+01
1.917952500000000171e+01 5.950284200000000112e+01 3.036604384595800354e+01 3.721176179333511413e+01
3.029201000000000032e+00 3.792722700000000202e+01 3.695382483380515737e+01 3.642222854777379126e+01
2.797378700000000151e+01 5.622272000000000247e+01 2.804965450012965178e+01 4.270756599747936377e+01
3.300376500000000135e+01 5.120060999999999751e+01 1.563623032914330402e+01 6.660642461585305796e+01
2.522137800000000141e+01 4.976523000000000252e+01 3.251345598935085945e+01 5.553556315303053736e+01
3.121452299999999980e+01 5.431557999999999709e+01 1.713408583232156346e+01 6.941843883506865609e+01
2.612194999999999823e+01 5.810635800000000017e+01 3.439056158949694009e+01 6.223411712281943409e+01
2.178012000000000015e+01 5.824291999999999803e+01 4.505177722153660369e+01 4.149473946845164107e+01
2.860233900000000062e+01 5.353502300000000247e+01 2.850511878737343707e+01 5.102881845745811518e+01
1.905515999999999988e+00 4.877751500000000107e+01 3.869877859907260387e+01 5.833070197514379629e+01
2.113201000000000107e+01 6.399797999999999831e+01 7.718782628589600847e+00 5.679313025734191456e+01
7.410409999999999497e-01 4.182307999999999737e+01 1.720300074372179111e+01 4.887362505928067691e+01
3.922546000000000088e+00 5.413765699999999725e+01 1.022357967236630749e+01 6.121140264166504608e+01
1.535732199999999992e+01 4.987520200000000159e+01 2.830997942267150691e+01 5.660171048956986795e+01
1.152716000000000030e+01 6.082723200000000219e+01 1.949887724632587904e+01 4.150385941514075938e+01
4.297112000000000265e+00 6.353045999999999793e+01 3.560204303573318185e+01 5.710428896997545678e+01
2.417501599999999939e+01 4.965826400000000262e+01 1.043884538605345647e+01 5.674124486448407367e+01
1.859868000000000166e+01 4.819313400000000058e+01 3.846126536222818260e+01 3.605061749821919648e+01
1.850274500000000089e+01 3.584487000000000023e+01 1.143755354079417330e+01 6.008959575470645120e+01
2.121969400000000050e+01 5.958751000000000175e+01 8.244309380264988718e+00 3.637841042043375950e+01
1.298233800000000038e+01 5.845971999999999724e+01 4.525743852087556007e+01 6.271525192214036792e+01
1.895528399999999891e+01 5.687781999999999982e+01 2.825723646980599213e+01 4.493729318975527320e+01
2.015356299999999834e+01 3.586240399999999795e+01 2.287488158168705610e+01 3.682209331943897723e+01
8.768233999999999639e+00 5.421397400000000033e+01 3.922750567247845055e+01 6.572668525390356820e+01
1.093698099999999940e+01 5.432729700000000150e+01 3.652922575406290395e+00 6.436918713462954145e+01
1.054894799999999933e+01 5.986952999999999747e+01 2.105115659264409089e+01 4.980552501749504302e+01
2.916209999999999969e+00 6.857786000000000115e+01 1.989559419390149841e+01 4.031085634154507602e+01
1.482243199999999916e+01 4.926468299999999800e+01 1.152031905884453877e+01 6.507994431179670869e+01
2.574916599999999889e+01 3.837701400000000262e+01 1.892074331492698036e+01 6.587977974840319462e+01
8.570755999999999375e+00 4.580135299999999887e+01 1.344764061468145222e+01 4.112003645448805145e+01
2.337333000000000105e+00 5.446996000000000038e+01 1.663764757385055582e-01 4.501338958205312224e+01
3.902459699999999998e+01 4.424185599999999852e+01 2.394492226994278106e+00 6.344152438907636338e+01
3.911558000000000135e+01 5.396916000000000224e+01 4.100992126141415639e+01 3.739361582133781070e+01
4.279755800000000221e+01 5.717204999999999870e+01 3.350648834820382405e+01 4.809190077357925475e+01
4.530449999999999733e+01 6.103376999999999697e+01 4.202799959572766753e+00 6.053959638262668363e+01
7.159609999999999586e-01 4.840109000000000350e+01 1.830424529901427633e+01 3.858327467996235782e+01
4.346934999999999860e+01 4.310381300000000238e+01 4.297330093972981757e+01 3.846836660975253608e+01
2.431928299999999865e+01 3.512811700000000315e+01 2.520381094932939803e+01 3.790888338076164388e+01
1.819786799999999971e+01 6.593675000000000352e+01 1.345903376606335655e+01 4.990991623448332604e+01
4.567835199999999674e+01 3.733447999999999922e+01 1.547809980727428369e+00 4.242189722223681514e+01
2.955409999999999826e+01 4.596435999999999922e+01 3.844748008993278887e+01 5.357156851675661358e+01
1.450123800000000074e+01 5.179937699999999978e+01 1.898884170753090928e+01 6.381763982372034150e+01
3.011085100000000025e+01 3.621413400000000138e+01 5.162806644732460093e+00 5.930790691723902341e+01
4.241586300000000165e+01 6.209125499999999676e+01 3.966420195245407854e+01 5.740032068068397564e+01
8.694375000000000853e+00 6.023878500000000003e+01 2.106920674548259598e+01 5.173165730123990613e+01
1.617140600000000106e+01 4.815936700000000315e+01 5.982207198102704737e+00 6.834420997788983243e+01
3.024984699999999904e+01 5.323480599999999896e+01 4.572106068106631227e+01 4.245655120666187088e+01
1.910326799999999992e+01 4.367023499999999814e+01 2.363911818546814558e+01 6.593369307593005146e+01
7.047716000000000314e+00 3.761314000000000135e+01 3.565815699067467648e+01 6.619840955763393708e+01
3.161816800000000072e+01 6.187603000000000009e+01 1.515415253210498392e+01 4.808848109582271491e+01
8.974690000000000722e+00 3.632776599999999689e+01 2.690006377914558655e+01 4.346503351287211103e+01
1.521854000000000040e+00 4.131981300000000346e+01 4.133050782357433661e+01 5.944649811699515141e+01
7.945763000000000353e+00 4.411631400000000269e+01 4.134285894672925821e+01 5.001011338668296702e+01
1.713562800000000053e+01 3.787686000000000064e+01 3.510145701158529619e+01 4.550773763418999351e+01
1.449196500000000043e+01 3.924190999999999718e+01 2.127320080995288620e+01 6.120867999138894788e+01
2.258871999999999858e+01 3.659499999999999886e+01 2.395427198177945982e+01 6.971489593955607234e+01
8.989663999999999433e+00 5.666710299999999734e+01 2.390503978748481728e+01 4.668370030332668819e+01
1.037185700000000033e+01 6.543413499999999772e+01 3.292494280091681702e+01 6.122032941909948534e+01
3.885013200000000211e+01 5.025384499999999832e+01 3.461293809478067374e+01 4.471824099249707274e+01
5.046058999999999628e+00 5.598655999999999722e+01 1.045922920350176710e+01 6.781549263507602632e+01
1.941785199999999989e+01 3.898344800000000276e+01 2.117722866318640484e+00 4.881808177331124909e+01
3.803103000000000122e+01 4.284808999999999912e+01 1.764835751341833259e+01 4.391054993414487484e+01
3.195120199999999855e+01 6.910381999999999891e+01 1.480468890717778763e+01 4.745791694215091638e+01
4.077216700000000316e+01 6.312607200000000063e+01 1.879072034098157040e+00 3.761147257469035310e+01
1.946234499999999912e+01 5.765682999999999936e+01 9.982504063533284011e+00 4.857452709973023275e+01
2.024116000000000071e+01 5.640435800000000199e+01 3.776540691393515914e+01 4.139942091895510856e+01
1.328785599999999967e+01 5.826347700000000174e+01 8.098319525862470059e+00 5.825019247556408430e+01
2.971230299999999858e+01 5.328961600000000232e+01 4.372559654757407799e+01 6.519764701560654885e+01
4.537444299999999942e+01 4.111429199999999895e+01 1.108243321242644264e+01 6.832634147321729756e+01
2.517717199999999877e+01 4.268239200000000011e+01 3.538598423843998031e+00 6.035562209379114051e+01
2.438894000000000162e+01 4.290178999999999832e+01 9.801272016746597870e+00 6.219817297156848213e+01
4.192414500000000288e+01 6.754045999999999594e+01 3.994053049562966251e+00 5.605437364550741108e+01
2.304478999999999900e+01 6.076416400000000095e+01 1.332275547575447661e+01 6.131557467603641953e+01
2.325186300000000017e+01 5.631542199999999809e+01 9.761753739710622213e+00 4.185420021276318892e+01
1.465196599999999982e+01 5.198105999999999938e+01 9.064575683003567974e+00 3.596361712261132482e+01
2.307512699999999839e+01 5.599960000000000093e+01 4.461679512433939010e+01 4.820205663709000987e+01
1.610033800000000070e+01 3.757507999999999981e+01 9.328877106970615785e+00 5.982075146630135976e+01
1.400040000000000084e+01 6.064789999999999992e+01 8.039040783671625334e+00 5.112357976839533791e+01
1.644633999999999929e+00 4.577831299999999715e+01 2.508488763640576380e+01 5.809653417980887014e+01
6.052024000000000292e+00 3.506540300000000343e+01 2.290649311713084302e+01 6.617529966813147269e+01
1.596946999999999939e+01 5.430623200000000139e+01 2.866302323907918748e+01 5.345206362865596361e+01
2.605276900000000140e+01 5.124484999999999957e+01 4.252406639266153832e+01 6.827845364813073559e+01
1.429407100000000064e+01 3.654863000000000284e+01 2.724014874506481831e+01 5.549043269535805223e+01
2.840453300000000070e+01 5.919803199999999777e+01 9.258899461951031640e+00 4.118907103185945573e+01
1.504182300000000083e+01 4.077776300000000020e+01 1.887581965468240242e+01 6.282491777910522046e+01
2.635247400000000084e+01 5.088827500000000015e+01 3.452293975893621791e+01 4.086557985679193905e+01
3.820943000000000200e+00 4.910023999999999944e+01 2.717325901555061662e+01 6.776821501797917335e+01
3.848371000000000208e+01 3.825763299999999845e+01 1.067075706244235178e+01 6.581565104892560214e+01
9.354283000000000570e+00 6.150641000000000247e+01 3.755771367614279654e+01 3.605544738051571585e+01
2.134697500000000048e+01 3.514330000000000354e+01 3.968601641942574787e+01 6.037342929170650763e+01
3.308207699999999818e+01 6.038330500000000001e+01 2.509818615240319417e+01 6.673581069504602681e+01
1.378180500000000031e+01 5.840026499999999743e+01 2.730385909297492475e+01 6.308049950557743557e+01
7.080434999999999590e+00 6.193312000000000239e+01 2.017277211082732080e+01 5.451416061799482549e+01
3.460421800000000303e+01 4.233987400000000179e+01 1.297834490601912094e+01 4.461703619449025382e+01
4.488308700000000329e+01 5.172799700000000200e+01 2.916406066661847518e+01 3.804254907330322766e+01
4.513416699999999793e+01 4.122422000000000253e+01 4.519577237653701474e+01 4.948274575056845492e+01
9.552937999999999263e+00 5.285682700000000267e+01 2.229269052557687480e-01 4.039431719778613683e+01
2.938693999999999917e+01 5.568542000000000058e+01 2.012657403380464771e+01 3.751523638624773582e+01
2.564220800000000011e+01 4.203443000000000040e+01 4.725825207213809165e+00 5.302320411181148074e+01
2.139539999999999864e+01 3.908176399999999973e+01 2.049592354555111484e+01 5.958998169017240798e+01
2.856897400000000076e+01 4.244612500000000210e+01 3.172575690473989596e+01 6.808863930749920712e+01
2.936483399999999833e+01 3.515019199999999699e+01 3.772186370418206991e+01 6.109295292336500438e+01
4.561205300000000307e+01 5.042743000000000109e+01 1.108339527595983398e+01 5.496288215202642391e+01
6.384685000000000166e+00 3.589266599999999841e+01 4.493152221391716949e+01 4.259551951873574183e+01
4.233345400000000325e+01 4.754197299999999871e+01 2.997021157467300867e+01 4.752536966873611846e+01
8.462517999999999319e+00 5.719398499999999785e+01 3.417046636909455515e+01 5.419045753549298183e+01
1.265076400000000056e+01 4.303874199999999917e+01 2.461135521322329112e+01 5.853995524762633806e+01
2.516475499999999954e+01 5.947068000000000154e+01 4.232846354542880363e+01 6.291451592511889146e+01
1.599189999999999934e+01 6.276879999999999882e+01 1.541240023968362749e+01 5.999473692457269891e+01
3.844745999999999952e+01 4.049327499999999702e+01 2.179646677155830048e+01 6.531163533051328329e+01
6.504781999999999620e+00 6.981473499999999888e+01 4.283487744460995117e+01 5.158332506971654396e+01
1.949235200000000034e+01 4.533845500000000328e+01 2.923158142508192725e+00 5.429820951867831980e+01
2.023223000000000127e+01 5.415782500000000255e+01 4.377095085557508369e+00 6.585727408218136247e+01
1.338255299999999970e+01 4.975818600000000202e+01 4.099766273133644034e+01 5.435030001924025100e+01
2.229391700000000043e+01 6.476198599999999317e+01 2.140247380206755423e+01 3.888257214957809538e+01
1.727384999999999948e+00 5.646286800000000028e+01 1.870626203388340869e+01 4.480552294549600134e+01
7.803137000000000434e+00 6.019802500000000123e+01 1.237214108564876902e-01 5.513615659235111366e+01
5.945909999999999584e+00 6.073884000000000327e+01 3.778333250944196919e+01 5.564103420223144525e+01
3.016703000000000134e+00 6.304267000000000110e+01 4.107173424876298640e+01 6.683543379751512248e+01
1.655089000000000032e+00 6.302243800000000107e+01 2.082109988812234747e+01 6.055435101155933353e+01
2.533393699999999882e+01 6.273575999999999908e+01 6.485859167777918710e-01 4.634655959170270023e+01
3.065979000000000010e+00 6.062639200000000272e+01 1.017372757567129860e+01 3.895782361881603606e+01
4.403270299999999793e+01 4.118510400000000260e+01 5.432511356479341025e+00 3.541597832660832523e+01
2.577783600000000064e+01 4.358418999999999954e+01 2.203300774232639725e+01 4.167312047588204393e+01
1.264308699999999952e+01 5.524760400000000260e+01 6.682259784867106589e+00 3.606686212840960337e+01
4.358211000000000013e+01 3.635976800000000253e+01 2.824863336484558474e+01 3.631821902082589304e+01
4.450069400000000286e+01 4.429697800000000285e+01 1.299195820910977694e+01 3.603790560394394760e+01
4.111965599999999910e+01 4.498604600000000175e+01 1.317797052528590385e+01 6.026340772527667866e+01
5.984884000000000093e+00 6.759472999999999843e+01 3.466911290390430622e+01 5.211038201743168941e+01
2.569718999999999909e+01 6.047366999999999848e+01 3.860432274649734552e+01 4.787989120340772331e+01
2.746232799999999941e+01 5.213748600000000266e+01 2.778961901070676532e+01 5.612583282994746980e+01
3.774916499999999786e+01 4.404930000000000234e+01 8.937319014321397859e+00 4.480655014768474587e+01
3.825388999999999839e+01 5.077444500000000005e+01 2.229617575329066526e+01 4.925034413202367034e+01
1.846111900000000006e+01 6.839911999999999637e+01 5.133240776750739975e+00 5.288978713071261950e+01
2.884224899999999892e+01 4.764029000000000025e+01 2.745277836483245792e+01 5.814005601520096889e+01
1.864428099999999944e+01 4.687839000000000311e+01 4.439124285206616349e+01 6.307472843437703602e+01
8.776414000000000826e+00 6.404738600000000304e+01 4.355950365794916479e+01 6.763895925272674958e+01
1.560388900000000056e+01 4.807921199999999828e+01 1.938940794601924722e+01 6.785118292331220857e+01
1.786511199999999988e+01 5.404554000000000258e+01 9.586184195888909798e+00 6.918642932730153916e+01
1.055065699999999929e+01 5.774150000000000205e+01 2.471574654950519445e+01 4.180470190088068705e+01
4.182249999999999801e+01 5.054839299999999724e+01 2.947340748691004819e+01 4.436704629144487910e+01
1.759911999999999921e+00 6.441958599999999535e+01 1.860562271135062318e+01 4.199320649280304707e+01
2.720428700000000077e+01 3.597790499999999980e+01 3.887922529949789663e+01 6.781986205254253264e+01
2.205589499999999958e+01 5.693889999999999674e+01 1.690367596430072794e+01 6.708800548602386016e+01
3.906912200000000013e+01 4.471068999999999960e+01 8.492100215829552212e+00 6.620579463697551148e+01
1.992923199999999895e+01 6.272146200000000249e+01 4.567682239675605871e+01 3.538154680628962723e+01
1.340553199999999912e+01 4.576867699999999672e+01 1.162769398778111274e+01 4.942416155704254521e+01
1.440456099999999928e+01 5.410853600000000085e+01 4.003068942334431313e+01 6.852371855681911939e+01
3.879126000000000118e+01 4.318130500000000183e+01 1.387921844733520516e+01 5.566168985628385713e+01
1.682943999999999996e+00 4.903923799999999744e+01 3.825365588506544157e+01 5.223485232442975246e+01
1.238009100000000018e+01 5.221581299999999715e+01 2.151329584325675626e+01 6.757680509457330231e+01
2.394690999999999903e+01 4.222902700000000209e+01 4.902467080847984882e+00 6.421595312352945939e+01
4.497905300000000040e+01 5.880883000000000038e+01 1.267137968816639315e+01 3.806558532673508921e+01
2.914475300000000146e+01 6.654158999999999935e+01 3.085460934363648988e+01 5.598720621380726925e+01
1.731464000000000070e+01 3.846980700000000297e+01 1.778752329247393504e+01 3.900602293064346071e+01
1.521396200000000043e+01 6.494337000000000160e+01 1.044771942448696045e+01 3.930134044523370562e+01
4.165196999999999861e+01 5.948239999999999839e+01 3.210827096581037665e+01 6.587090019063202817e+01
2.672928999999999888e+01 4.920162200000000041e+01 3.982145891355026635e+01 5.548116665496935696e+01
3.928603999999999985e+01 3.691983400000000159e+01 2.793800949391471633e+01 4.606525107385952111e+01
2.422134000000000142e+01 5.745047799999999683e+01 2.491141927426822633e+01 5.263363052691715893e+01
1.125512200000000007e+01 6.999576600000000326e+01 4.112283547669586170e+01 5.406140886466155848e+01
3.704701599999999928e+01 5.845709999999999695e+01 3.971198728009878209e+01 3.615576187976044054e+01
1.996553199999999961e+01 3.827384599999999892e+01 1.388460614446953301e+01 5.070711224409245688e+01
2.449492300000000000e+01 3.566470999999999947e+01 2.625078977734956354e+00 3.797642895151107467e+01
1.167501399999999911e+01 5.352235799999999699e+01 2.048065157340258224e+01 5.762950094225138287e+01
2.067218000000000089e+01 4.371616399999999913e+01 6.307843064835871871e+00 5.408626965011812615e+01
1.241395499999999963e+01 5.487185000000000201e+01 1.493805511179803425e+01 6.314006268267739586e+01
1.179763799999999918e+01 5.335280000000000200e+01 6.426278946754672816e+00 6.226068140888003200e+01
2.133287000000000155e+00 6.699142500000000666e+01 2.605681879416456681e+01 5.179261795977598837e+01
2.280813200000000052e+01 6.589175400000000593e+01 3.629622457429341154e+01 3.663123896921367617e+01
3.627672000000000008e+00 6.330784599999999784e+01 3.286052172312611219e+01 4.254206329568918932e+01
1.176143899999999931e+01 5.574988599999999650e+01 2.346151495476206605e+01 4.710052718717446396e+01
2.362099800000000016e+01 5.394688000000000017e+01 7.872054564270276167e+00 4.587430691987978548e+01
4.157181500000000085e+01 6.334823000000000093e+01 1.462879557136334974e+01 5.950006082404236452e+01
3.397616000000000014e+01 5.016736199999999712e+01 3.661765600097891138e+01 6.847076920321468663e+01
1.663877899999999954e+01 5.333778399999999920e+01 3.102227852945483377e+01 5.660658221140013779e+01
1.854934000000000083e+01 3.925225400000000064e+01 2.706036928688309828e+01 3.553492275895264640e+01
1.405572399999999966e+01 4.262877699999999948e+01 4.426998092107959337e+01 5.906745783136255312e+01
3.382252499999999884e+01 5.632536999999999949e+01 6.983903154616144526e-01 4.907074955847225795e+01
1.767410699999999935e+01 5.951076499999999925e+01 3.218711920360513457e+00 5.036066562664849755e+01
2.808334199999999825e+01 5.980937999999999732e+01 9.209893318170221832e+00 4.358020458084770610e+01
2.193605600000000067e+01 4.153004500000000121e+01 3.395398226053300306e+01 4.956632361784942731e+01
8.825039999999999552e+00 6.194364499999999651e+01 2.652126261419372000e+01 6.470508906992657217e+01
4.591586000000000212e+01 4.068850299999999720e+01 2.670632376476159919e+00 5.056001402468495343e+01
1.664770100000000141e+01 4.748394400000000104e+01 2.577504124718244682e+01 4.709029118647634249e+01
4.549273699999999820e+01 3.951693000000000211e+01 1.729865126001391218e+01 4.949871030926153992e+01
4.256525800000000004e+01 4.720989999999999753e+01 2.975661247376834240e+01 6.248911697837617396e+01
1.508308700000000080e+01 4.363540600000000325e+01 2.027949976156365075e+00 4.396245963624682673e+01
1.125740399999999930e+01 3.564592400000000083e+01 3.183006207862710824e+01 6.638414311364172704e+01
2.747847700000000160e+01 3.618171000000000248e+01 3.209378249778340830e+01 3.868534491245559082e+01
5.435849999999999849e-01 5.087683499999999981e+01 4.294154521951453773e+01 4.424349526808502020e+01
4.543361999999999767e+01 4.268414700000000295e+01 3.920682628909389678e+01 4.463203847341165442e+01
3.100715399999999988e+01 4.127877999999999759e+01 5.110031661943182257e+00 4.862503627146801932e+01
