5.200366600000000261e+01 5.103144000000000347e+01 7.307480610692792311e+01 6.909655584640927373e+01
6.202784299999999718e+01 4.203117799999999704e+01 7.370360387682970327e+01 6.080721974052154621e+01
6.978509999999999991e+01 6.200424000000000291e+01 7.279057465861767184e+01 5.129609020442966028e+01
5.333182500000000203e+01 6.591305499999999995e+01 9.089092424074772225e+01 3.590145394210532004e+01
6.417624999999999602e+01 5.623000700000000052e+01 5.649103470042358310e+01 6.909641924720500583e+01
9.184167999999999665e+01 3.517695599999999700e+01 8.838990317509191641e+01 6.828492206350045990e+01
7.637121000000000492e+01 6.265274000000000143e+01 5.700743708330707449e+01 4.402491871210067131e+01
7.341700000000000159e+01 6.530172000000000310e+01 8.732661532638518054e+01 6.958006762350771623e+01
7.188934999999999320e+01 4.769791399999999726e+01 8.699442770596579066e+01 5.691041072624384611e+01
5.039290199999999942e+01 6.866956999999999312e+01 6.184534687790874585e+01 4.378101231812108551e+01
7.265532000000000323e+01 6.310888700000000284e+01 7.705349158057029513e+01 5.985290865862089049e+01
7.637748999999999455e+01 6.877970000000000539e+01 8.533724648768975385e+01 5.323295925915368798e+01
8.329030000000000200e+01 3.530860500000000002e+01 6.878452648126892655e+01 5.988748084346506317e+01
5.682670999999999850e+01 4.389077000000000339e+01 5.337155906509690340e+01 4.618007969566063053e+01
5.724527400000000199e+01 4.383981699999999648e+01 6.609238840571295270e+01 6.480957027366567047e+01
5.285132200000000324e+01 4.104751000000000261e+01 5.916322297521345774e+01 6.395328550356843067e+01
6.521056000000000097e+01 5.167953500000000133e+01 7.936973998861964219e+01 6.376115242414087447e+01
5.567817000000000149e+01 4.392220999999999975e+01 6.471981700186947251e+01 5.323350847804682218e+01
8.252343000000000472e+01 6.853699000000000296e+01 8.715808661789094458e+01 6.951490094596472602e+01
8.969199999999999307e+01 4.165841700000000003e+01 5.938579989250306568e+01 3.693411634537516619e+01
8.852997600000000489e+01 3.797641399999999834e+01 5.666710001515713202e+01 5.034915322128294690e+01
5.104829000000000150e+01 4.921446199999999749e+01 8.006594024013327271e+01 4.507196757074729732e+01
7.261503000000000441e+01 4.614807499999999862e+01 4.828368108309554430e+01 3.982938616057410286e+01
7.885416999999999632e+01 3.529026000000000352e+01 6.275222261666836232e+01 5.801347340613612147e+01
5.450867999999999824e+01 4.798115500000000111e+01 6.394491447876714574e+01 4.363036150706507499e+01
8.315384000000000242e+01 4.671061999999999870e+01 6.802419201989667386e+01 4.138386901420525277e+01
8.765320599999999729e+01 4.874345000000000283e+01 8.309585889303910733e+01 6.107665311243742678e+01
7.263685999999999865e+01 6.816455000000000553e+01 6.718483736283309327e+01 5.593396253158226017e+01
5.734080999999999761e+01 5.535898199999999747e+01 4.827874290394901635e+01 4.493331237982912540e+01
8.030988999999999578e+01 6.101100999999999885e+01 8.305787325914938890e+01 5.358609121571946332e+01
7.000664999999999338e+01 6.614516000000000417e+01 5.751703468027429267e+01 6.681174374699897101e+01
8.064327000000000112e+01 6.800568400000000224e+01 7.452086971963902329e+01 4.335246673901480108e+01
6.721398999999999546e+01 4.009886999999999802e+01 7.697036652904201048e+01 4.044029435143123408e+01
8.535965000000000202e+01 4.491523699999999764e+01 8.619498516662585530e+01 5.977895821352120009e+01
6.467489000000000487e+01 4.754215200000000152e+01 6.713425246243591005e+01 4.047722486868231329e+01
8.910262000000000171e+01 4.467295000000000016e+01 5.803578637274291907e+01 4.058064178489178175e+01
5.525240699999999805e+01 6.121945999999999799e+01 7.021968728877271815e+01 3.569045055586413895e+01
8.514221000000000572e+01 4.660915399999999664e+01 7.874908877264331863e+01 4.981067350596008936e+01
8.314601999999999293e+01 6.420999000000000478e+01 8.642609185916330716e+01 4.505579575136412984e+01
8.637108999999999526e+01 3.969093999999999767e+01 6.302242284395046568e+01 4.852253962397576004e+01
8.874388000000000432e+01 3.593610400000000027e+01 7.734769955752793180e+01 6.742420813726174345e+01
6.587040000000000362e+01 5.346339400000000097e+01 6.809525103972521265e+01 6.678345519637204575e+01
4.954738600000000304e+01 3.824540700000000015e+01 5.975507544738024990e+01 4.382612607264078974e+01
8.325369999999999493e+01 3.672957000000000249e+01 7.508043744120543295e+01 4.769147433211971077e+01
7.941040999999999883e+01 5.451766200000000140e+01 5.744658231164186191e+01 6.970920817314676299e+01
8.897745500000000618e+01 3.735638000000000147e+01 7.389468777092379526e+01 5.361377930037208728e+01
6.354654699999999679e+01 5.160362200000000144e+01 7.780831411932796016e+01 3.531890487139656187e+01
5.286175000000000068e+01 5.095715299999999814e+01 8.156641101908209635e+01 5.057764909409219456e+01
8.947969999999999402e+01 4.378523299999999807e+01 5.627358220751489171e+01 5.836837790849354235e+01
7.569961000000000695e+01 4.516561000000000092e+01 4.837460206200634616e+01 6.265890662536498468e+01
7.284009600000000262e+01 6.049586000000000041e+01 6.861185715221266435e+01 6.802410055394534538e+01
6.506362000000000023e+01 4.932741999999999649e+01 4.811240472360656639e+01 3.710998526887646420e+01
6.632321000000000311e+01 4.732898699999999792e+01 8.063963757006840183e+01 5.363146175059848986e+01
7.947617999999999938e+01 3.611105700000000240e+01 8.853537630382791690e+01 5.406482855509770502e+01
5.432242999999999711e+01 4.623212000000000188e+01 5.941845984469054542e+01 5.709507899154242239e+01
8.590979000000000099e+01 3.523488600000000304e+01 7.569149065773071072e+01 5.864207967751387685e+01
5.203767400000000265e+01 5.395211400000000168e+01 8.156073636451304765e+01 4.123717017349602543e+01
5.273010299999999972e+01 5.304892000000000252e+01 8.579351967412760871e+01 3.909897726453029776e+01
5.249409500000000151e+01 4.657718299999999800e+01 7.017343420288574407e+01 3.879970804659740224e+01
5.330595799999999684e+01 4.996555299999999988e+01 6.717213050242506256e+01 3.812622747811201407e+01
7.632841000000000520e+01 4.523435599999999823e+01 5.262823958769744337e+01 5.000538733457936047e+01
5.400197599999999909e+01 4.162597999999999843e+01 7.166463088201729192e+01 5.947577492740647642e+01
8.323050999999999533e+01 3.814896999999999849e+01 8.841430341897786604e+01 5.893909711088862480e+01
8.061682999999999311e+01 5.918603000000000236e+01 8.216863692974391142e+01 5.299437134156762852e+01
7.806696999999999775e+01 5.320942300000000103e+01 6.893498848990114425e+01 3.776199880235902384e+01
8.295906999999999698e+01 5.851885000000000048e+01 6.644833341927181891e+01 6.835793005570468495e+01
7.085715000000000430e+01 6.628178400000000181e+01 6.068906297728016597e+01 5.132212608700404388e+01
6.516343999999999426e+01 5.234572000000000003e+01 7.638529828210560879e+01 6.422367413034609740e+01
7.771747999999999479e+01 3.798879600000000067e+01 5.643904424898167349e+01 4.235211976947004331e+01
4.616987000000000307e+01 4.086637999999999948e+01 6.046992822756862296e+01 4.161051238805045926e+01
9.102521500000000287e+01 5.774139000000000266e+01 8.310193711415600148e+01 6.260901034743351090e+01
6.902935999999999694e+01 4.476595999999999975e+01 6.530523222444472253e+01 4.531677839972242339e+01
5.972766500000000178e+01 4.440487300000000204e+01 6.402155738185490463e+01 5.284857192543108084e+01
7.961629999999999541e+01 6.026303999999999661e+01 7.676531410446715142e+01 6.629191603628332530e+01
4.806286200000000264e+01 4.695745500000000305e+01 9.064497253647246566e+01 6.956040900011490180e+01
8.686418999999999357e+01 4.387660999999999945e+01 7.176936841810143619e+01 6.109229212928239861e+01
4.775593599999999839e+01 6.639164999999999850e+01 5.300491258624125379e+01 6.300296417006346417e+01
4.811440699999999993e+01 5.367403999999999797e+01 6.728961100028845976e+01 5.820277661013072645e+01
5.690837499999999949e+01 5.480534999999999712e+01 9.193130477650694843e+01 5.477827767897362321e+01
6.612999999999999545e+01 5.269389999999999930e+01 8.742612288388139063e+01 3.556064032374477790e+01
6.360340999999999667e+01 4.678952000000000311e+01 4.852581320225632311e+01 3.665842414240901803e+01
6.856942999999999699e+01 6.211330800000000352e+01 6.893443067432025373e+01 4.457908170042892237e+01
7.194462000000000046e+01 6.180628200000000305e+01 6.416141175690424348e+01 4.436324778362076415e+01
8.027527000000000612e+01 4.288470000000000226e+01 5.292233123418459684e+01 6.814251412651447026e+01
4.800569000000000131e+01 6.700045000000000073e+01 8.488121236040706208e+01 6.062104372009274300e+01
7.183495000000000630e+01 4.117258999999999958e+01 4.690544680589864868e+01 5.852447268463464525e+01
6.258970000000000056e+01 5.024907000000000323e+01 6.207424970009136445e+01 4.909270524441542705e+01
6.588196000000000652e+01 4.998230699999999871e+01 6.685285679873722131e+01 5.014003252097323582e+01
8.813982000000000028e+01 3.677411299999999983e+01 5.967716028816124663e+01 6.338480062116087765e+01
8.278986999999999341e+01 6.091132700000000000e+01 6.778599918853788608e+01 4.623120640488839683e+01
6.008419800000000066e+01 6.724903000000000475e+01 8.961401253844502435e+01 5.154058397942702641e+01
7.200657999999999959e+01 4.162769300000000072e+01 6.535572771252476798e+01 6.318606321065428233e+01
8.957053000000000509e+01 4.948764800000000008e+01 8.110449516876269627e+01 6.700709583758597887e+01
8.485718500000000120e+01 6.800350000000000250e+01 7.326255590683096841e+01 4.690191510641970751e+01
7.175524000000000058e+01 6.097810700000000139e+01 5.905459804003164948e+01 6.640403986934040859e+01
4.746859700000000259e+01 6.730271000000000470e+01 7.532252733907667164e+01 4.169041442508800799e+01
6.880440500000000270e+01 5.972476000000000340e+01 8.525131112901149777e+01 3.812474049522479902e+01
8.153354000000000212e+01 5.439672000000000196e+01 4.957457950275074410e+01 5.243084944473924480e+01
6.250783500000000004e+01 5.303157800000000321e+01 6.552283452484327597e+01 4.444948953983244166e+01
6.608248000000000388e+01 5.590762300000000096e+01 7.289770455297755802e+01 4.211662752013442201e+01
8.806625999999999976e+01 3.729690000000000083e+01 5.676999307970574904e+01 4.165395911587463473e+01
5.408313400000000115e+01 6.638416999999999746e+01 9.165919197230451232e+01 5.065646137703886609e+01
8.794871500000000708e+01 4.199166000000000309e+01 9.146807562041965411e+01 5.124238541469452457e+01
5.253663300000000191e+01 3.601392400000000293e+01 4.625499409122238603e+01 3.678236240314528516e+01
5.697548299999999699e+01 4.251236999999999711e+01 7.812213069599310700e+01 3.937653673755613681e+01
5.209573000000000320e+01 6.484472999999999843e+01 9.083318059062828809e+01 3.735691500304023549e+01
8.999599000000000615e+01 5.482777999999999707e+01 5.024330403990225591e+01 3.636594807855901479e+01
6.497414999999999452e+01 4.849794399999999683e+01 5.380947881286245149e+01 3.545930613764274852e+01
7.671775999999999840e+01 4.262098999999999904e+01 7.310853068124455945e+01 5.564335618496282621e+01
8.675363000000000113e+01 4.346631599999999906e+01 8.096246269618120550e+01 4.428972848443227406e+01
5.233660499999999871e+01 4.819270000000000209e+01 5.031156419331806262e+01 4.171762490687709146e+01
7.865703600000000506e+01 4.475950199999999768e+01 5.595598350170720181e+01 5.591709356988570079e+01
7.347565500000000327e+01 6.350666799999999768e+01 7.712742325146928124e+01 4.223326945513915121e+01
6.509333999999999776e+01 6.226735999999999649e+01 5.564678698654294919e+01 5.280358872308934792e+01
5.123778500000000236e+01 5.036023000000000138e+01 8.638029502405905191e+01 6.124678077273838994e+01
8.968140400000000056e+01 5.168910199999999833e+01 5.601627800476560992e+01 3.769154311032059468e+01
5.339562000000000097e+01 4.819332500000000152e+01 5.144718741007053353e+01 3.513480833341117915e+01
8.275954000000000121e+01 4.590746699999999691e+01 8.468225280520971410e+01 4.245199510604754778e+01
6.023214699999999766e+01 4.209958000000000311e+01 5.398302154070411518e+01 5.230827482981683119e+01
4.962999299999999891e+01 4.012511400000000350e+01 5.072080466623931727e+01 6.590280635692327849e+01
7.866431400000000451e+01 4.014864000000000033e+01 7.522067218255574517e+01 6.064412740587106754e+01
4.956040600000000040e+01 4.586153399999999891e+01 5.949230436463073346e+01 4.710581826254478699e+01
5.546585000000000321e+01 5.091448199999999957e+01 9.079164964185336828e+01 3.779112580316636638e+01
5.511413199999999790e+01 4.739479399999999742e+01 7.371925814359168783e+01 5.644732129984441826e+01
5.317730999999999852e+01 4.503240999999999872e+01 8.565174489857699314e+01 4.512505862909124232e+01
7.694061000000000661e+01 6.262098699999999951e+01 7.123109300594606452e+01 5.536782669459850581e+01
6.459828000000000259e+01 6.979175999999999647e+01 7.890612762485693565e+01 4.698683605329947000e+01
6.598450499999999863e+01 5.182002299999999906e+01 7.707401272313521190e+01 6.673116792813220854e+01
7.592802399999999352e+01 5.213128999999999991e+01 7.932743613911848968e+01 5.312169684215348298e+01
8.956656999999999869e+01 4.467163999999999646e+01 4.833086243075096888e+01 4.510861888907274420e+01
7.233463000000000420e+01 4.200035499999999900e+01 5.784222083373552437e+01 5.977414105492913876e+01
5.007603999999999900e+01 4.907683000000000106e+01 7.473418939103356706e+01 3.732325045396306251e+01
8.212173500000000104e+01 4.029014200000000301e+01 4.901564192685843580e+01 5.308589382217034824e+01
5.115114200000000011e+01 5.064909000000000106e+01 4.821720413627579660e+01 4.419917623912483862e+01
7.905564999999999998e+01 4.071649599999999936e+01 5.013496076138491730e+01 6.483254446348804834e+01
8.478618000000000166e+01 4.751883300000000077e+01 5.898768968422260883e+01 4.186234884093710207e+01
5.653450999999999738e+01 6.000314000000000192e+01 7.945707989997683285e+01 3.655671732970711929e+01
7.851379000000000019e+01 3.546386300000000347e+01 6.942059820288886840e+01 4.254304184970227709e+01
7.502486000000000388e+01 3.932047299999999979e+01 6.091128510915797278e+01 5.210220634256329220e+01
5.933621000000000123e+01 6.236477299999999957e+01 8.830390180397040467e+01 5.930835593094769820e+01
8.693619499999999789e+01 3.656411399999999645e+01 8.835899579242470736e+01 4.929627409589983245e+01
7.996568999999999505e+01 6.779388400000000559e+01 7.611479958455788619e+01 5.923679369847869225e+01
7.769123999999999342e+01 6.373434000000000310e+01 8.377864420807210877e+01 6.600569799856484110e+01
6.199449500000000057e+01 4.123483000000000231e+01 5.360434509950742665e+01 5.950012913305313589e+01
5.309535600000000244e+01 4.823342000000000240e+01 6.976681647517563079e+01 4.644686368595571935e+01
4.858368300000000062e+01 4.659875000000000256e+01 6.402940445511309520e+01 5.365868237450897027e+01
5.403204000000000207e+01 5.116592800000000096e+01 7.588415562123424252e+01 4.549194471847135191e+01
8.245322400000000584e+01 4.621737699999999904e+01 6.247697713119615059e+01 3.615293604131500160e+01
5.512019699999999744e+01 3.699777600000000177e+01 6.463139631400756002e+01 5.378675745693172416e+01
8.198730000000000473e+01 4.021397400000000033e+01 8.468949242580403336e+01 4.554192833079496694e+01
5.521462199999999854e+01 4.818930399999999992e+01 7.524462929299004088e+01 4.065399162909257313e+01
7.745943499999999915e+01 5.897106600000000043e+01 4.630289124367251929e+01 6.004279543151197629e+01
5.513156000000000034e+01 6.075578000000000145e+01 5.792933569217102274e+01 3.897802810922705419e+01
4.935990499999999770e+01 5.605839499999999731e+01 8.859870127375540960e+01 4.911310644409886805e+01
5.538620000000000232e+01 4.611807600000000207e+01 8.605614179322009250e+01 5.310591527768659148e+01
6.023380300000000176e+01 5.545163999999999760e+01 4.700936680501209963e+01 3.541794242559437578e+01
6.069254300000000057e+01 4.137232600000000105e+01 5.463018306028769899e+01 6.722884522721730605e+01
7.498845000000000027e+01 4.247617300000000284e+01 6.572578913575102888e+01 6.084421172946834844e+01
8.377172000000000196e+01 3.864419999999999789e+01 5.067164242868374657e+01 5.821001998314932990e+01
5.408736999999999995e+01 4.822462500000000318e+01 8.341278545246919407e+01 3.594429831919318730e+01
4.841457400000000177e+01 6.508395000000000152e+01 7.857610222062723437e+01 3.641838390867506092e+01
7.686307499999999493e+01 4.832139999999999702e+01 5.548147381138321066e+01 6.715053411255419746e+01
6.599164000000000385e+01 6.924809000000000481e+01 8.777602591698757806e+01 5.395816758642309452e+01
6.970458000000000709e+01 6.621998999999999569e+01 6.244788451296797405e+01 4.433419096040113061e+01
5.532318000000000069e+01 4.998246400000000023e+01 8.725993045738782428e+01 5.433121429583917461e+01
7.561017599999999561e+01 6.104643599999999992e+01 9.155144723933177886e+01 5.613019826799872192e+01
6.098011000000000337e+01 5.633001300000000100e+01 8.280160430313299003e+01 3.622075613413700523e+01
7.528866999999999621e+01 4.319194399999999945e+01 8.599581558044459939e+01 5.716962066907225193e+01
5.608556699999999751e+01 4.873567200000000099e+01 6.683401096452220713e+01 5.366100044988782969e+01
4.682751499999999822e+01 6.578252000000000521e+01 5.499066229474415479e+01 4.243803813644526457e+01
7.889297000000000537e+01 6.234449800000000153e+01 7.316351377659029254e+01 4.272735614926551051e+01
4.957694599999999951e+01 4.986617999999999995e+01 5.682331524555881686e+01 3.712177763456485735e+01
8.003162399999999366e+01 4.691811799999999977e+01 7.780865426842169086e+01 4.139069805396977841e+01
8.318834999999999980e+01 6.825494399999999473e+01 5.665101382756634507e+01 4.953715923604165994e+01
4.713255699999999848e+01 6.185589600000000132e+01 8.093115000897819300e+01 3.542288342663242418e+01
7.865295999999999310e+01 6.845534499999999412e+01 5.327087909137698318e+01 4.679702260861662211e+01
8.220014000000000465e+01 6.470933499999999583e+01 7.947679236096095678e+01 6.533777631106347883e+01
7.564023600000000158e+01 6.259424200000000127e+01 5.804678692129578366e+01 6.110135947954279345e+01
7.830775500000000022e+01 5.541690400000000238e+01 6.084331504805265212e+01 4.754258026554406058e+01
5.694366000000000128e+01 5.793184000000000111e+01 6.595997620245383075e+01 6.125572609873320573e+01
5.467820700000000045e+01 4.727673999999999666e+01 5.064436884055722743e+01 5.805041512697357575e+01
8.719392399999999554e+01 4.024371299999999962e+01 6.430098780743740861e+01 4.377549621934664259e+01
5.042887000000000342e+01 4.562337500000000290e+01 5.359311425050825761e+01 4.434941701652549284e+01
8.859553999999999974e+01 4.171603000000000350e+01 5.194822575878263393e+01 5.594559002168647055e+01
4.902411000000000030e+01 6.334384500000000173e+01 6.974405189844817698e+01 5.196552662054040184e+01
5.288052700000000073e+01 4.685767400000000293e+01 6.114325038821196756e+01 4.118073309732805853e+01
5.874136699999999678e+01 5.923510999999999882e+01 4.755927637354952253e+01 4.421203101764537280e+01
5.841998699999999900e+01 3.671247499999999775e+01 8.437298295694805006e+01 5.430281056287019226e+01
8.726282500000000653e+01 4.679518999999999807e+01 7.784394662146810617e+01 5.377400212817258307e+01
5.009697299999999842e+01 3.689758299999999736e+01 7.753015642430410992e+01 6.405891948794945279e+01
5.828899400000000242e+01 5.992299700000000229e+01 7.826745163484690693e+01 4.024740249025632721e+01
7.563788999999999874e+01 4.249464799999999798e+01 5.028637739977953913e+01 6.695325915209977552e+01
7.841535000000000366e+01 5.517078399999999760e+01 6.021440477844448225e+01 5.343016607148704367e+01
5.979800000000000182e+01 4.706063999999999936e+01 4.905397969561703775e+01 4.271321874347898984e+01
4.983039500000000288e+01 5.025559599999999705e+01 6.834063392425831296e+01 5.771780655994835740e+01
4.924508000000000152e+01 4.573075999999999652e+01 8.371548202914715375e+01 4.470981290174282918e+01
7.580970000000000653e+01 3.922681800000000152e+01 5.930626474703463202e+01 5.513604313021603076e+01
7.618917999999999324e+01 6.078967999999999705e+01 4.986492426260025468e+01 5.232728071475350617e+01
8.582438999999999396e+01 4.352882000000000318e+01 8.751358431602966448e+01 5.388688104697448011e+01
7.948573000000000377e+01 4.482542399999999816e+01 7.634570513300407413e+01 5.909496499059913788e+01
5.290209999999999724e+01 5.713993500000000125e+01 6.173124811234821863e+01 4.575456851203626485e+01
5.105628999999999706e+01 3.829506700000000308e+01 4.944069508734657603e+01 5.384319722832498201e+01
6.844832999999999856e+01 5.730413399999999768e+01 8.534837755864901965e+01 6.099556943412887478e+01
5.190478000000000236e+01 4.889708699999999908e+01 7.326552933237704224e+01 5.266940072539455286e+01
4.985574299999999681e+01 4.845098000000000127e+01 6.239116180791809541e+01 4.574162335416418301e+01
5.338119499999999817e+01 4.540312000000000126e+01 6.828382951231210996e+01 3.813492208487706847e+01
4.775068999999999875e+01 3.836014600000000030e+01 7.949359918659806112e+01 6.932281426430989768e+01
5.350739000000000090e+01 4.829330999999999818e+01 8.334495064214863191e+01 4.102605190124305778e+01
7.229880500000000154e+01 6.385471299999999673e+01 9.045084085778694316e+01 5.574746096099174508e+01
5.536148000000000025e+01 4.794722999999999757e+01 6.079539759044711644e+01 4.897854944587382420e+01
5.318081000000000103e+01 4.412964000000000198e+01 7.316813719787310788e+01 6.750888026830797628e+01
6.352276200000000017e+01 4.916449699999999723e+01 7.106267399148018171e+01 6.532331484876769423e+01
5.134787000000000035e+01 5.054391499999999837e+01 5.916653287066289124e+01 6.005494294925020426e+01
8.980433999999999628e+01 5.100396299999999883e+01 4.824574839121746095e+01 4.416402191625024898e+01
4.704746999999999701e+01 4.864985999999999677e+01 4.705247924655316183e+01 4.575873791107846955e+01
6.421460000000000434e+01 4.855725000000000335e+01 5.781152068891038454e+01 4.087534408292459176e+01
6.579370000000000118e+01 5.309502400000000222e+01 8.910325982147239188e+01 3.939366777036795497e+01
6.537446599999999819e+01 6.323434400000000011e+01 5.931291858697273511e+01 6.212771435037348056e+01
9.178313400000000399e+01 5.558882499999999993e+01 8.355981795640875021e+01 4.256062290687640370e+01
6.779018399999999644e+01 6.306392699999999962e+01 5.094657749466017549e+01 5.490341331433383942e+01
8.180530000000000257e+01 4.721235000000000070e+01 9.169120515095360702e+01 4.872820074889704500e+01
6.643377999999999872e+01 4.740699999999999648e+01 7.000974517357209947e+01 6.896120439791732792e+01
6.795614999999999384e+01 4.871293000000000006e+01 6.484641856959277106e+01 4.743133852063668598e+01
7.095891600000000210e+01 6.641106000000000620e+01 9.118008487928172201e+01 5.415969053462208649e+01
8.201357000000000141e+01 5.219725799999999793e+01 9.084879109109782291e+01 6.041564864823693171e+01
6.594256000000000029e+01 5.268306400000000167e+01 6.051838853807404917e+01 4.559859284796991119e+01
7.891028000000000020e+01 6.298868000000000222e+01 8.066686519411035761e+01 4.679829400249347771e+01
4.669586999999999932e+01 6.332151799999999753e+01 7.357681439660426292e+01 5.006858340902385152e+01
5.076733399999999818e+01 3.719605599999999868e+01 8.029853456524298849e+01 6.033020937537539652e+01
7.429716500000000678e+01 4.987426399999999660e+01 8.858252917837788232e+01 6.404890631917163546e+01
8.021922000000000708e+01 4.084998699999999872e+01 5.116225057903157136e+01 3.907724316283103150e+01
5.319486200000000053e+01 4.890612999999999744e+01 5.701992690356156146e+01 3.809032215499979657e+01
4.796895599999999860e+01 4.215628000000000242e+01 5.240141823531064347e+01 5.815678366194318016e+01
6.193233000000000033e+01 4.601049400000000134e+01 7.753397169006950662e+01 4.487518677593681815e+01
6.139316600000000079e+01 4.326026499999999686e+01 7.828655851595033255e+01 4.401395970982051153e+01
7.208037600000000111e+01 6.865512999999999977e+01 7.590026500901706186e+01 3.600445666072570816e+01
7.462242000000000530e+01 4.588313300000000083e+01 8.232684340473369389e+01 4.391657663429824510e+01
8.324456000000000699e+01 4.588488799999999657e+01 6.376344467508937441e+01 3.655204448679532447e+01
5.442630400000000179e+01 4.484588000000000108e+01 4.784026222145568141e+01 4.199955059419345815e+01
5.662628600000000034e+01 5.514053299999999780e+01 8.320866584074634886e+01 4.162333647638052270e+01
5.364372600000000091e+01 4.968298699999999712e+01 7.417324141830329154e+01 6.079401920906445866e+01
6.766622999999999877e+01 4.396661000000000286e+01 7.658735349199154996e+01 5.866697307346709778e+01
5.246391700000000213e+01 4.780145600000000172e+01 8.234016979674083814e+01 3.555369174898844875e+01
5.046721300000000099e+01 5.091190699999999936e+01 8.279534130981227236e+01 6.560130826817693617e+01
6.146526300000000020e+01 6.553976000000000113e+01 9.162895290782554980e+01 4.375050764137686343e+01
7.031310000000000571e+01 5.214257400000000331e+01 5.278367800554263312e+01 5.317690813673686989e+01
6.066973000000000127e+01 5.684465399999999846e+01 6.893308385009788708e+01 6.722803815038565745e+01
5.336617300000000341e+01 4.647099299999999999e+01 5.484865416055695420e+01 3.640547871702729310e+01
7.263534500000000094e+01 6.591482000000000596e+01 8.773802325910529021e+01 3.779522927795118648e+01
8.257880400000000520e+01 3.717007399999999961e+01 6.777176255454112663e+01 4.119707765666908728e+01
7.803976000000000113e+01 6.198502700000000232e+01 5.621539575749432771e+01 6.213476422257208043e+01
8.212149999999999750e+01 6.805886999999999887e+01 4.748870706894610549e+01 5.754802435880854716e+01
8.006259000000000015e+01 6.192871499999999685e+01 4.815807688542913922e+01 5.298629715944849750e+01
8.553109999999999502e+01 4.418075999999999937e+01 6.131337445651209350e+01 6.179295753139335545e+01
5.283331299999999686e+01 4.813033000000000072e+01 7.233292437713086542e+01 4.687747553963296809e+01
5.293442000000000291e+01 5.253999699999999962e+01 7.798709528425320059e+01 5.968323666005190375e+01
4.807733000000000345e+01 3.790756999999999977e+01 6.539513401640047618e+01 4.253363607609546904e+01
8.341823599999999317e+01 3.634476000000000084e+01 8.760363883150881747e+01 6.594662731696286073e+01
8.433438999999999908e+01 3.928714000000000084e+01 8.909289856645781924e+01 4.218154366978118475e+01
6.783283000000000129e+01 6.381229799999999841e+01 8.689200364941069665e+01 5.409180713130887597e+01
4.752940000000000254e+01 6.584358000000000288e+01 4.884706829273956430e+01 6.140994520150828606e+01
8.352984999999999616e+01 6.076507999999999754e+01 5.947427787201141314e+01 4.380700335715558680e+01
4.799080299999999966e+01 6.598578999999999439e+01 7.444293467875556303e+01 6.810754100991552207e+01
5.768971599999999711e+01 5.626144399999999735e+01 7.919352010185619406e+01 5.974058461357516592e+01
7.430379000000000644e+01 4.396401000000000181e+01 8.526959325173434934e+01 5.035601324097816445e+01
7.573591999999999302e+01 4.129615799999999837e+01 6.313268336166181882e+01 6.454175882814749343e+01
5.964972699999999861e+01 4.230685400000000129e+01 5.792289729604871695e+01 4.997797993027407415e+01
6.313089000000000084e+01 5.214475000000000193e+01 7.889808657902692346e+01 6.785554947770884837e+01
6.487651999999999930e+01 6.894028000000000134e+01 6.880051221965192099e+01 3.807017660820899607e+01
7.694122000000000128e+01 4.568415999999999855e+01 6.553766645813999503e+01 6.633254752933812881e+01
6.007629000000000019e+01 4.632620200000000210e+01 7.096513271062242723e+01 4.243370528312586742e+01
5.370739999999999981e+01 4.455100999999999800e+01 5.962626392266035680e+01 5.063603719139803161e+01
4.679430399999999679e+01 4.216695399999999694e+01 6.516366458562477249e+01 6.659025882208898395e+01
6.581596999999999298e+01 5.677728700000000117e+01 5.461259922344006412e+01 5.961214392850394006e+01
6.587963000000000591e+01 5.883500699999999739e+01 5.083585186977701653e+01 4.363952263262981290e+01
7.551157999999999504e+01 5.821988999999999947e+01 9.064245040469096182e+01 4.698157860751986448e+01
8.818219000000000563e+01 5.422068800000000266e+01 5.057848866061359416e+01 6.892782332570737935e+01
6.230940600000000273e+01 6.209315000000000140e+01 7.826449833797761357e+01 5.548918444147756190e+01
6.372266799999999876e+01 4.694447999999999865e+01 7.982283319946168376e+01 3.570974364217519792e+01
8.186610400000000709e+01 4.375295299999999799e+01 8.092830978976009249e+01 6.440404064985048649e+01
5.556812000000000040e+01 6.750840999999999781e+01 7.495229513022289325e+01 6.975877168057942868e+01
5.363667999999999836e+01 4.819988599999999934e+01 7.337464411806244868e+01 5.505102722570305218e+01
5.400205600000000317e+01 6.589191399999999987e+01 5.047008615070522097e+01 5.972986622620175012e+01
5.059288999999999703e+01 3.766018700000000052e+01 7.483275529538495618e+01 6.103013511704347138e+01
6.234524499999999847e+01 6.152044999999999675e+01 5.873222128614543891e+01 6.594637343543874408e+01
6.680714399999999387e+01 4.990564299999999776e+01 8.291242549356229574e+01 6.003143504099524819e+01
5.852781300000000186e+01 3.578958500000000242e+01 8.317464415415912526e+01 6.089166211676899820e+01
7.487864000000000431e+01 4.573896799999999985e+01 5.874848902733707234e+01 5.192751547600339279e+01
5.408330999999999733e+01 6.939442400000000077e+01 7.164778898595315582e+01 6.119305897092725388e+01
5.401004799999999761e+01 4.541924000000000206e+01 9.064858940634363194e+01 6.528890709079084331e+01
6.529474000000000444e+01 5.300702700000000078e+01 5.591455821325391184e+01 6.061158234272823364e+01
5.423397400000000346e+01 3.584526400000000024e+01 7.891409186728161274e+01 5.513024389857085339e+01
7.179988000000000170e+01 6.876121500000000708e+01 7.222681309658329951e+01 6.056806968257304646e+01
5.177651600000000087e+01 4.928925000000000267e+01 5.887829757065855318e+01 6.968979506054712658e+01
5.107068600000000202e+01 4.920833600000000274e+01 7.589129023205535418e+01 4.065739076031396593e+01
5.548542400000000185e+01 5.831977499999999992e+01 7.023899371313048334e+01 3.738984253968285287e+01
8.259461000000000297e+01 4.808888999999999925e+01 5.624491162039512915e+01 5.995761857713986132e+01
9.175052999999999770e+01 4.081071500000000185e+01 5.045151783222188868e+01 6.522556843189256881e+01
5.430799499999999824e+01 4.715450299999999828e+01 5.594419316731652714e+01 4.214129710791254269e+01
8.729072600000000648e+01 4.302579500000000223e+01 5.650714131605902679e+01 5.307611755874197712e+01
7.447088999999999714e+01 6.278063199999999711e+01 6.257432926355783565e+01 3.686565536207776717e+01
7.081449000000000638e+01 6.198342999999999847e+01 5.355436852414077009e+01 4.544218288138991824e+01
8.202487999999999602e+01 4.714908599999999694e+01 8.572409334724571295e+01 6.334732254913384963e+01
9.046371999999999503e+01 6.047626999999999953e+01 5.082874532217844887e+01 5.168956165071564612e+01
6.539163999999999533e+01 6.597992000000000701e+01 4.681232547382694520e+01 4.308371743471720805e+01
8.317892999999999404e+01 5.511390999999999707e+01 4.974398199895173889e+01 3.781900233393440658e+01
8.947472999999999388e+01 5.233020799999999895e+01 4.677999703208802629e+01 4.844102270002984767e+01
8.155437000000000580e+01 4.750036999999999665e+01 5.020277183730511439e+01 6.362761448817018106e+01
7.273438000000000159e+01 5.694560599999999795e+01 6.171276285947583773e+01 3.704787530929321804e+01
5.181455199999999905e+01 4.689494299999999782e+01 4.936835193841996272e+01 4.682785470127330285e+01
4.934065600000000273e+01 6.204409400000000119e+01 6.771041512139184704e+01 4.207652973900248838e+01
6.629274999999999807e+01 6.353835699999999775e+01 4.962108991701916239e+01 4.669377932335318349e+01
6.703991999999999507e+01 6.934390000000000498e+01 7.423172842711272779e+01 4.109536282933976281e+01
9.030997499999999434e+01 6.902100000000000080e+01 8.022443807268511762e+01 6.957129668675443668e+01
7.856969999999999743e+01 5.500180000000000291e+01 5.513752994760954351e+01 5.697577083682554644e+01
5.382874699999999990e+01 4.077295699999999812e+01 4.639312560539602259e+01 3.944322651999092955e+01
6.735670500000000516e+01 5.041149000000000058e+01 8.400483489530751058e+01 4.045273084329716795e+01
6.500728999999999758e+01 4.928378000000000014e+01 6.135350817875590224e+01 5.192147278558965695e+01
8.994052000000000646e+01 3.632224699999999729e+01 5.827394142121072207e+01 6.524071383319230222e+01
6.510826000000000136e+01 6.686397599999999386e+01 5.869233686729370447e+01 5.280338609061809052e+01
5.922205000000000297e+01 5.737902499999999861e+01 5.380169412675316210e+01 6.565028546417839550e+01
6.052741600000000233e+01 5.478904299999999949e+01 7.169013886931892898e+01 4.315121907230938803e+01
