9.897588000000000363e+01 1.434022700000000050e+01 1.099850735766282099e+02 6.470908711833234239e-01
1.252770199999999932e+02 1.020389400000000002e+01 1.060233024417132128e+02 2.699833945369910282e+01
1.134832399999999950e+02 1.777810300000000154e+01 1.156726379180871191e+02 7.785447819634663702e+00
1.264625999999999948e+02 7.166369999999999685e-01 1.157458928178727433e+02 3.895496402877622888e+00
9.882135999999999854e+01 3.069462800000000158e+01 1.107840573044121015e+02 1.207197138690342264e+01
1.080707699999999960e+02 1.541756700000000002e+01 1.325952698182083793e+02 1.845865281446803152e+01
1.064764899999999983e+02 2.161875300000000166e+01 1.041440268032465895e+02 2.376144954571199719e+01
1.073470499999999959e+02 1.714681799999999967e+01 1.326789013659783336e+02 3.141966452400057896e-01
1.173357539999999943e+02 2.219921099999999825e+01 1.188109567170900789e+02 2.095261116098654597e+01
1.051916099999999972e+02 9.920849000000000473e+00 1.221458339092357477e+02 2.679782854812388493e+01
1.222444500000000005e+02 8.908201999999999288e+00 1.122152732698370698e+02 1.513687401903840435e-01
1.034372900000000044e+02 1.659929699999999997e+01 9.999642325367847207e+01 1.531257644735537404e+01
1.259750059999999934e+02 8.296856999999999260e+00 1.069556052390298788e+02 2.873413991578853910e+00
1.018777000000000044e+02 2.861357299999999881e+01 1.036436940238342430e+02 2.039616783260722244e+01
9.713448999999999955e+01 2.390841500000000153e+01 9.400854689489948157e+01 3.488670840028422049e+01
1.108547200000000004e+02 1.948833799999999883e+01 1.131293252035561920e+02 3.002322086696545611e+01
1.123958300000000037e+02 1.957101600000000019e+01 9.258637179288813002e+01 2.562162374504044138e+01
1.023049299999999988e+02 2.800608000000000075e+01 1.370362065359004191e+02 9.689997702160532356e+00
1.240174260000000004e+02 8.090493999999999630e+00 1.283237594419061338e+02 1.074074842817868713e+01
1.320785700000000134e+02 1.136370800000000081e+01 1.246179912816270132e+02 7.762869124128302545e+00
1.377720300000000009e+02 1.174125100000000010e+01 1.107339875708680381e+02 5.411056933928378498e+00
1.225821150000000017e+02 6.734340000000000437e+00 1.108130064528683079e+02 1.763591387751999662e+01
1.291512099999999919e+02 1.286193699999999929e+01 1.080049637176839354e+02 8.744589959788434896e+00
1.136585500000000053e+02 2.298645199999999988e+01 1.235613484740321724e+02 3.057913693058801030e+01
9.899518999999999380e+01 3.035501000000000005e+01 1.322445428416452273e+02 9.912266402525636622e+00
1.358911999999999978e+02 3.048414999999999875e+00 1.139943909403475999e+02 3.303585146984530496e+01
1.164659599999999955e+02 1.853562499999999957e+01 1.073927633922372138e+02 2.407953814978817420e+01
1.247720099999999945e+02 6.038419999999999899e-01 9.353763929387075393e+01 2.421651637911676858e+01
1.072773499999999984e+02 2.767564799999999892e+01 1.060883731348669556e+02 2.928399780190271073e+01
1.061289500000000032e+02 1.904555099999999968e+01 1.039700870102987125e+02 5.292011837472526681e-01
1.130678500000000071e+02 1.070391300000000001e+01 1.311358099795571945e+02 2.426432068751480031e+01
1.090715200000000067e+02 1.751669499999999857e+01 1.158406934409954090e+02 2.556516087697517392e+01
1.299641100000000051e+02 1.389185499999999962e+01 1.106968258329403341e+02 3.016202621171483145e+01
1.224305650000000014e+02 1.482882700000000042e+01 9.285719493845645900e+01 1.382435036969029873e+01
1.297366499999999974e+02 1.097087800000000080e+01 1.105303249165556991e+02 5.710992134561521993e+00
1.253882700000000057e+02 1.252098200000000006e+01 9.589327056606154542e+01 1.417826925676976835e+01
1.213336639999999989e+02 1.455452499999999993e+01 1.299472599836297491e+02 2.557238978508911131e+01
9.982527000000000328e+01 2.515078700000000111e+01 1.242744358758541807e+02 2.858764036845145284e+01
1.080927049999999952e+02 1.663354700000000008e+01 1.309733935867663206e+02 3.452505811088267507e+01
1.090422400000000067e+02 3.257660000000000000e-01 1.297284589403786015e+02 8.462876219167435821e+00
1.270486300000000028e+02 1.419520600000000066e+01 1.285136905388638695e+02 1.415435323528688194e+01
1.213958800000000053e+02 1.269575000000000031e+01 1.049775113584013866e+02 3.497537670591784220e+00
1.093217539999999985e+02 1.300310099999999913e+01 1.169806499943668285e+02 2.631138534723116607e+01
1.148044000000000011e+02 2.044948799999999878e+01 9.667676985221173425e+01 1.301401897105842309e+01
1.073123599999999982e+02 2.557497199999999893e+01 1.299365675566580478e+02 3.339507182123056594e+01
1.063831100000000021e+02 8.929643999999999693e+00 1.300195166183861488e+02 2.743745751232431829e+01
1.164053499999999985e+02 1.685597999999999885e+01 1.349273904194123759e+02 7.672158740794731813e+00
1.147472199999999987e+02 3.243150700000000342e+01 1.301623071895987209e+02 2.162189526348804591e+01
1.139231400000000036e+02 3.106367300000000142e+01 1.335038674131713492e+02 6.019456821396739876e+00
1.367545299999999884e+02 1.483705600000000047e+01 9.687481632308269752e+01 1.206441204907255482e+01
1.265867599999999982e+02 2.725253899999999874e+01 1.016983392391247492e+02 1.187498569984921648e+00
1.162218600000000066e+02 1.465482599999999991e+01 1.187770026322130832e+02 1.616692981883005586e+00
1.245766100000000023e+02 8.309366000000000696e+00 1.095032427801173043e+02 3.882325703621404500e+00
1.008948800000000006e+02 1.652329800000000048e+01 1.254820339393977662e+02 4.348242476588889183e+00
1.356722699999999975e+02 1.789586800000000011e+01 1.104466400215133035e+02 1.676045077197658983e+01
1.265958100000000002e+02 2.633954999999999913e+01 1.215203555336163390e+02 2.275916407900614757e+01
1.221146700000000038e+02 7.678874999999999673e+00 1.006618993766391412e+02 3.256249532589861051e-01
1.251748699999999985e+02 2.681115199999999987e+01 1.354422720939537896e+02 2.910212490944810426e+01
1.287149499999999875e+02 8.613853000000000648e+00 1.132861259364094622e+02 2.533765095982199966e+01
9.579921000000000220e+01 1.503351199999999999e+01 1.242600759729415927e+02 3.200248583162061777e+01
1.036124999999999972e+02 3.156100700000000003e+01 9.773560557347718714e+01 2.234414749772709641e+01
1.009766800000000018e+02 1.603761899999999940e+01 9.468383540636190787e+01 2.530218133039980444e+01
1.058240600000000029e+02 1.711543800000000104e+01 1.376058833644762558e+02 2.406677623595192728e+01
1.331978300000000104e+02 1.207540099999999939e+01 1.169985969611844467e+02 2.707477202935751848e+01
9.974796999999999514e+01 3.379717300000000080e+01 1.089721926531565401e+02 1.014915050944905417e+01
1.211230850000000032e+02 1.021513700000000036e+01 1.333361205740285698e+02 3.320376366014122027e+01
1.220304600000000050e+02 5.662862999999999758e+00 1.224069069592863741e+02 2.553076353203854509e+01
1.008899150000000020e+02 2.474351700000000065e+01 1.300350204755967525e+02 2.134926123572545720e+01
1.089955800000000039e+02 1.639875599999999878e+01 1.267500444288940002e+02 2.385628180892551242e+01
1.345495300000000043e+02 6.859785999999999717e+00 9.515095579445566898e+01 2.670474089616652691e+01
1.118345640000000003e+02 2.392749999999999877e-01 9.890409138833956604e+01 1.580428386742710423e+01
1.294755900000000111e+02 2.914704899999999910e+01 1.327769485339902644e+02 2.499584578960294223e+01
1.092710799999999978e+02 1.336278599999999983e+01 1.100032089471512791e+02 1.867972883344471668e+01
1.032657399999999939e+02 2.896160700000000077e+01 1.019589875402489270e+02 1.837194228833694609e+01
1.237547799999999967e+02 1.402938000000000018e+00 1.228449046960091664e+02 9.711657283885520187e+00
1.250190400000000039e+02 1.223044999999999938e+01 1.014187996800920502e+02 2.411268116698437680e+01
1.331578700000000026e+02 1.155118900000000082e+01 1.134443815627374477e+02 1.035079598655583766e+01
1.364280100000000004e+02 4.255118000000000400e+00 9.483211156418576593e+01 2.082782411212479445e+01
1.117770399999999995e+02 2.602037199999999828e+01 1.202717186117623669e+02 2.112677227015552717e+01
1.204627899999999983e+02 7.529904000000000153e+00 1.149357023095658121e+02 2.517715312909021819e+01
1.066743699999999961e+02 3.105507700000000071e+01 9.665474934085487746e+01 2.399700688468175613e+01
1.218649499999999932e+02 3.051391999999999882e+01 1.209581082197484676e+02 2.469064299930489526e+01
9.911983499999999481e+01 3.033258400000000066e+01 9.730071837291011150e+01 1.875352469962562907e+01
1.130484199999999930e+02 2.044042800000000071e+01 1.239151419633757740e+02 2.247002797292552856e+01
1.198241399999999999e+02 4.847177000000000291e+00 1.111205858288877550e+02 2.891982875638074546e+01
1.181860400000000055e+02 2.456443600000000060e+01 1.197860380077663933e+02 1.269566350314786085e+01
1.134188099999999935e+02 1.023753300000000088e+01 1.109016342285610648e+02 1.127364558528221217e+01
1.198547059999999931e+02 7.232410999999999923e+00 9.613721213185165482e+01 2.208521123541526165e+01
1.205876159999999970e+02 1.334072899999999962e+01 1.255506451977965696e+02 1.359009766976628519e+01
1.068494100000000060e+02 1.800854100000000102e+01 1.059221162131502467e+02 3.309256417614835044e+01
1.261416849999999954e+02 2.764416500000000099e+01 1.024722336632903961e+02 3.385899789502341406e+01
1.197646199999999936e+02 2.030460199999999915e+01 1.067917973889804557e+02 9.999395590143942414e+00
1.368218999999999994e+02 9.378269999999999662e-01 9.556695158279813995e+01 3.355766266574417500e+01
1.171555249999999972e+02 2.330280700000000138e+01 1.330258504276051781e+02 1.731754911816460307e+01
1.148805399999999963e+02 1.808004999999999995e+01 9.563417624566852737e+01 1.797964646570041225e+01
1.194439849999999979e+02 3.088717700000000121e+01 1.066632933010052966e+02 1.886679874117500333e+01
9.286606600000000356e+01 6.433735999999999677e+00 1.080681511252473399e+02 3.240149650490982225e+01
1.062109700000000032e+02 3.381889000000000145e+00 9.612768369338597552e+01 3.201876573822647032e+01
1.195463639999999970e+02 2.841035700000000119e+01 9.785959965292605034e+01 3.046312250818299461e+01
9.822338000000000591e+01 1.748736399999999946e+01 1.037881914565544008e+02 9.094112725488745497e+00
1.048792499999999990e+02 1.661124399999999923e+01 1.067058483516292711e+02 2.510241406551031673e+00
1.240121900000000039e+02 1.423227999999999938e+00 1.246209434676448495e+02 6.071658687004247490e+00
1.209411199999999980e+02 1.190699900000000078e+01 1.196943649750451044e+02 1.713965025668970554e+01
1.268019900000000035e+02 6.239142000000000188e+00 1.220768310044091862e+02 5.019252331973183878e+00
1.233091349999999977e+02 7.443515999999999799e+00 9.226224284862018976e+01 7.818776987554631575e+00
1.180998459999999994e+02 1.284827399999999997e+01 1.055707514102532230e+02 5.700768165266909548e+00
1.239107999999999947e+02 6.146923000000000137e+00 1.002287099600903559e+02 1.126723483119969060e+01
1.063328249999999997e+02 1.094751899999999978e+01 1.311714174539991404e+02 2.458283247714877007e+01
1.217082599999999957e+02 1.563973999999999975e+01 1.229770102705533645e+02 1.534939876019534566e+01
1.351008600000000115e+02 2.345284300000000144e+01 1.098124739116091462e+02 3.331280948335762560e+01
1.356580399999999997e+02 1.759958500000000114e+01 1.269154357967576630e+02 2.305848017499682356e+01
1.303382699999999943e+02 1.019772700000000043e+01 1.195267515330291559e+02 4.771794342635089947e+00
1.221287399999999934e+02 7.625099999999999767e+00 1.035460908316085522e+02 1.514405377735609548e+01
1.126715200000000010e+02 1.748623999999999867e+01 1.038844735700162545e+02 3.236109764917830489e+01
1.106924300000000017e+02 8.721729999999999761e-01 9.332104515869251316e+01 1.363295463386139161e+01
1.102149799999999971e+02 2.830182999999999893e+01 1.164506791742141019e+02 1.642130309585445502e+01
1.331729400000000112e+02 1.186766300000000030e+01 1.043235327745931187e+02 2.238148991414538003e+01
1.264986999999999995e+02 2.455890000000000128e+01 1.042571304750022705e+02 1.273646535598671825e+01
1.082274599999999936e+02 2.717001000000000133e+01 9.739899650451363300e+01 4.530437820167192875e+00
1.216711800000000068e+02 9.723228000000000648e+00 9.769159252498117496e+01 2.647990537251511967e+01
1.055970499999999959e+02 6.590237000000000123e+00 1.067472255798541028e+02 3.425590249453215108e+01
1.179488199999999978e+02 1.651808199999999971e+01 9.824880636572068227e+01 2.426564791833719426e+01
1.294280699999999911e+02 7.853149000000000157e+00 1.259021890670318271e+02 9.287285825810279505e+00
1.293298800000000028e+02 7.388890000000000180e-01 1.092714175062056654e+02 2.049078463605115985e+01
1.219990200000000016e+02 5.213186999999999571e+00 9.587546563533362587e+01 3.437907162036793807e+01
1.092677800000000019e+02 3.181741999999999848e+00 1.096243577746802771e+02 3.425018590518156714e+01
1.231007100000000065e+02 2.744201500000000138e+01 1.165251053814671565e+02 2.722408627910100520e+01
1.219563600000000037e+02 4.037063999999999986e+00 1.008479678614805408e+02 2.693377770682194949e+01
1.049673540000000003e+02 2.282041399999999953e+01 1.201248199415347386e+02 5.164895840935979976e+00
1.165043500000000023e+02 1.716985000000000028e+01 9.692939225398885128e+01 1.658574059942555223e+01
1.034781339999999972e+02 1.418773999999999980e+01 9.825030009563464262e+01 3.178443230374224981e+01
1.327039000000000044e+02 1.584810399999999930e+01 1.092523386270956252e+02 9.486435365160176048e+00
1.042143250000000023e+02 3.424630400000000208e+01 9.245220187155088354e+01 3.053263958752265239e+01
1.364772499999999980e+02 2.120343999999999784e+00 1.033068039566173724e+02 2.310723830903097564e+01
1.344037299999999959e+02 3.264661399999999958e+01 1.067746154227772735e+02 2.170821511259969228e+01
1.294016699999999958e+02 5.396980000000000111e-01 1.024411220810580545e+02 3.597992134751612614e+00
1.290050699999999892e+02 1.324962900000000054e+01 1.249722008894582785e+02 3.372024174521025941e+01
1.101968499999999977e+02 2.375801699999999883e+01 9.622929260240637461e+01 2.144500564666115849e+01
9.844208500000000583e+01 2.976761600000000030e+01 1.105192832531967326e+02 6.967894833415297917e+00
1.063444439999999958e+02 3.975452000000000208e+00 1.087340013080955714e+02 2.401489227755568834e+01
9.765413999999999817e+01 2.677711499999999845e+01 9.573896092890178977e+01 2.560832430497714363e+00
1.180108199999999954e+02 1.392753899999999945e+01 1.204762848651977691e+02 3.469647147296723233e+01
1.194070700000000045e+02 1.974189399999999850e+01 1.085229738633876622e+02 8.165420972065120964e+00
1.358086700000000064e+02 1.854602399999999918e+01 1.206513761497486001e+02 1.121697172210130411e+01
9.953991000000000611e+01 1.765159200000000084e+01 1.203968260834718649e+02 2.715037719083894885e+01
1.209112899999999939e+02 7.267337999999999631e+00 1.198926327010910882e+02 1.559877144800279503e+01
1.074125099999999975e+02 6.090900000000000425e+00 1.293877263524930186e+02 2.820898048338448305e+01
1.039350500000000039e+02 2.735918399999999906e+01 1.347021609167479141e+02 1.617307103982749794e+01
1.118623300000000000e+02 1.493086300000000044e+01 1.377584299220886805e+02 6.903710807245024839e+00
1.374745599999999968e+02 3.138292099999999962e+01 1.131091346157706994e+02 1.725185630701561124e+01
1.287615499999999997e+02 1.689361399999999946e+01 9.214731232916483350e+01 5.599518875957103958e+00
1.035987200000000001e+02 1.906737000000000037e+01 9.417620180222459680e+01 1.769034506281741415e-01
1.047176599999999951e+02 4.703091999999999828e+00 9.833793372353271423e+01 1.323184798279041274e+01
1.279808500000000038e+02 1.237441800000000036e+01 9.684433986115747928e+01 2.831022966749091552e+01
1.087034450000000021e+02 1.879413800000000023e+01 1.344882004847181349e+02 2.851809946993562050e+01
1.101911099999999948e+02 1.101826999999999934e+01 1.104620414335826410e+02 1.816347016842912510e+01
1.307908799999999871e+02 1.009277999999999897e+00 1.117669514046128825e+02 1.515300736966859318e+01
1.259789300000000054e+02 8.138935999999999282e+00 9.549723622454804683e+01 2.384970120156383189e+01
1.028493699999999933e+02 2.885465800000000058e+01 1.192876032058765645e+02 3.888191475256295604e+00
1.114765500000000031e+02 2.000540499999999966e+01 9.854079782718569902e+01 9.205952264898927595e+00
9.339405999999999608e+01 1.624022300000000030e+01 1.376270147063278273e+02 2.070247978048720583e+01
1.083554599999999937e+02 1.583191200000000087e+01 9.543607806120355974e+01 3.276496603964299226e+01
1.206880299999999977e+02 9.057698999999999501e+00 1.370755717509276508e+02 7.804512676594582921e+00
1.110126900000000063e+02 2.886413999999999902e+01 1.378084583757328403e+02 1.431967627916262487e+01
1.211908499999999975e+02 1.480161999999999978e+01 1.240515858699060345e+02 1.124775115549388715e+01
1.258230060000000066e+02 9.050392999999999688e+00 9.798624716152961867e+01 1.341373369539504701e+01
1.086714099999999945e+02 1.278264599999999973e+01 1.069670210349437696e+02 5.444738351425774781e+00
1.045020300000000049e+02 3.012155500000000075e+01 1.182042594504777213e+02 3.065173262915936192e+01
1.365897199999999998e+02 8.289113999999999649e+00 1.113846099601101685e+02 3.475977850001339675e+01
1.219349399999999974e+02 1.171463199999999993e+01 1.266727658458040935e+02 2.207441193931204992e+01
1.162961800000000068e+02 2.799809799999999882e+01 1.344135924574072192e+02 1.840024350567111711e+01
1.273195599999999956e+02 1.021326400000000056e+01 1.303461431979404495e+02 4.036022789410866451e+00
1.306562800000000095e+02 2.621539999999999981e-01 1.011658286182885433e+02 3.073187250800480896e+01
1.227775699999999972e+02 3.331928000000000001e+00 1.036426888759466749e+02 9.937307461011110732e+00
9.808326999999999884e+01 2.820190200000000047e+01 1.312577859475375703e+02 1.254775890180424724e+01
1.276148699999999963e+02 1.206080700000000050e+01 1.219647489353068721e+02 6.135809921723460292e+00
1.100269849999999963e+02 1.782430499999999896e+01 1.279129955435596173e+02 1.155332787064538635e+01
9.520380000000000109e+01 2.239091700000000174e+01 1.323041844155741842e+02 9.547691634949384110e+00
1.094362699999999933e+02 8.352039999999999464e-01 9.284997418585363960e+01 3.451575495833625951e+01
1.237617400000000032e+02 2.570814499999999825e+01 9.576158929294700783e+01 7.472285648579902073e+00
1.232273500000000013e+02 4.342469000000000356e+00 1.283223650170754695e+02 9.350755128765040780e+00
1.349924800000000005e+02 2.427803000000000111e+01 1.105293159431198262e+02 2.399337122665555455e+01
1.262777600000000007e+02 1.555640400000000056e+01 9.384029138030378192e+01 2.236025958679856096e+00
1.176956899999999990e+02 6.060266000000000375e+00 9.974264582234948762e+01 3.406672566719922202e+01
1.056286400000000043e+02 2.796617300000000128e+01 1.287627972037648760e+02 9.517303005099856605e+00
1.156852599999999995e+02 1.478857400000000055e+01 1.127478894038907100e+02 1.160727054642879530e+01
1.147561599999999942e+02 1.838597100000000140e+01 1.378489979795596412e+02 2.856788373245828438e+01
9.586464999999999748e+01 3.010379999999999967e+01 1.024047001029256592e+02 2.230868279715256719e+01
1.060613900000000029e+02 3.150582100000000096e+01 1.021413451295807846e+02 1.064463566392085880e+01
1.007858499999999964e+02 2.466396100000000047e+01 1.035321593161530842e+02 1.946157606078929803e+01
1.150682749999999999e+02 1.918149599999999921e+01 1.336410535746762207e+02 8.573035572230253365e+00
1.006493899999999968e+02 1.672829600000000028e+01 9.551624969316040392e+01 2.906278807766603833e+01
1.016832100000000025e+02 1.628771199999999908e+01 1.123684622397213673e+02 1.601913729222911087e+01
1.076719200000000001e+02 1.886546900000000093e+01 9.488522872125439278e+01 1.597346853551959533e+01
1.127789899999999932e+02 1.603903199999999885e+01 1.119312536203949691e+02 3.692366084067617571e+00
1.190961999999999961e+02 7.138060000000000516e-01 1.244576390794288443e+02 1.629510095955918558e+01
1.121128999999999962e+02 1.959123999999999910e+01 1.015318964689055576e+02 5.228170818695741850e+00
1.048228900000000010e+02 3.249645600000000201e+01 1.311808204400186355e+02 2.634820727062964352e+01
1.224551199999999938e+02 7.128555000000000419e+00 1.227074465274296671e+02 1.418051218599738661e+01
1.085241099999999932e+02 2.678840999999999894e+01 9.962340731803411131e+01 1.698581692134810694e+01
1.233079199999999958e+02 7.494034000000000084e+00 9.665238007881575300e+01 1.512113722874246768e+01
1.174418639999999954e+02 1.991549499999999995e+01 9.316709918618040831e+01 1.214176478451953933e+01
1.205819099999999935e+02 1.267323900000000059e+01 1.252638233526162139e+02 2.159965082175799012e+01
9.910477000000000203e+01 2.538836900000000085e+01 1.315391600118718998e+02 4.503055942495327812e+00
1.164115599999999944e+02 1.850963399999999837e+01 1.217546310868376338e+02 1.758811494733545544e+01
1.123588600000000071e+02 5.283899999999999708e-02 1.070547418533495971e+02 1.905566205602378105e+01
1.175621500000000026e+02 1.813804400000000072e+01 1.181703014634214668e+02 2.939387480371746264e+01
1.075523299999999978e+02 1.898231499999999983e+01 1.245615741859607226e+02 6.262563483263676289e+00
9.897129999999999939e+01 1.955711399999999855e+01 1.261224154582623385e+02 9.179331981449516675e+00
1.067997500000000031e+02 2.827483199999999997e+01 1.175619167937962573e+02 1.731771384784851620e+01
1.094043350000000032e+02 2.911429400000000101e+01 1.324594072059220480e+02 6.610245732577380018e-01
1.175795600000000007e+02 5.611371000000000109e+00 1.285230919136483294e+02 4.802902778892531588e-01
1.370959000000000003e+02 5.531164999999999665e+00 1.204595502551624975e+02 1.122994082360083645e+01
1.040978850000000051e+02 1.695514100000000113e+01 1.049999867332130776e+02 5.999594811409259876e+00
1.182972699999999975e+02 1.483025899999999986e+01 1.157807703863946784e+02 4.186038856988236745e+00
1.006978600000000057e+02 1.544444200000000045e+01 9.240428799677647476e+01 5.386984602810859890e+00
1.007823300000000017e+02 2.154664599999999908e+01 1.030316395343755431e+02 1.369569255212455428e+00
1.359555699999999945e+02 2.916656499999999852e+01 1.257279523023144208e+02 2.681208023785311312e+01
1.146143200000000064e+02 2.004928200000000160e+01 1.005255829952214128e+02 2.978875423338065431e+01
1.241735800000000012e+02 1.073339700000000008e+01 1.213894282460639147e+02 1.754640174414498333e+01
1.372788199999999961e+02 1.268961700000000015e+01 1.346212670587983951e+02 1.621269624627039718e+01
1.137061499999999938e+02 2.920176500000000175e+01 1.053189356163791501e+02 3.492264454359111880e+01
1.203130950000000041e+02 1.544907599999999981e+01 1.376075221264913466e+02 2.071157494761438045e+01
1.215274660000000040e+02 9.855489999999999640e+00 1.049560057399939694e+02 1.485322035095988902e+01
1.128090440000000001e+02 2.218561000000000050e+01 1.254487957776378124e+02 2.972494118675284014e+01
1.025437900000000013e+02 1.587430299999999939e+01 1.240012794020061051e+02 9.793671952058527808e+00
9.801369499999999846e+01 2.871176499999999976e+01 1.341353368964758772e+02 2.810990880433846328e+01
1.082378199999999993e+02 1.562821500000000086e+01 1.009942026332372080e+02 1.040401981578113677e+01
1.074301300000000055e+02 3.293291500000000127e+01 1.148552495097332269e+02 1.474367283110195359e+01
1.044894199999999955e+02 3.404343999999999681e+01 1.076758649822049421e+02 2.371016831054513219e+01
1.090970899999999943e+02 2.084872599999999920e+01 9.641479364641651273e+01 2.244354571803330600e+01
1.376092500000000030e+02 1.379407999999999923e+01 1.149590232610981104e+02 4.118685811878390446e+00
1.223199099999999930e+02 8.781103999999999132e+00 1.106860627526807548e+02 6.860133435534680579e+00
9.974071999999999605e+01 1.632757600000000053e+01 9.378806416355217834e+01 3.079918613544774786e+01
1.102168700000000001e+02 2.640597199999999845e+01 1.066622397557029132e+02 2.852984296911925455e+01
9.227543000000000006e+01 1.832281700000000058e+01 1.134679836618968096e+02 1.746530884914997372e+01
1.129178600000000046e+02 2.190700100000000106e+01 9.413059634054390301e+01 1.508306530478317597e+01
1.324894099999999924e+02 1.522223000000000104e+00 9.558481463071909445e+01 8.785919258674347532e+00
1.289106299999999976e+02 7.094847999999999821e+00 1.028480938866733254e+02 7.563805558044637500e+00
1.102496799999999979e+02 2.905307200000000023e+01 1.156728739547896652e+02 2.162231077083554354e+01
1.255835950000000025e+02 1.142485399999999984e+01 9.334113919322007291e+01 2.959370746345658176e+01
1.144742360000000048e+02 2.767989000000000033e+01 1.224618955999860077e+02 2.044078108947365191e+00
1.214285699999999935e+02 6.701778000000000013e+00 1.315545635108357487e+02 1.443400917629529623e+01
1.306637699999999995e+02 1.285029600000000016e+01 1.226325068158322154e+02 9.302639528901417876e+00
9.612255000000000393e+01 3.490480999999999767e+01 1.316299860992235153e+02 2.414023138495724474e-01
1.230443949999999944e+02 4.896641999999999939e+00 1.024664423945804828e+02 8.504273052625505036e-01
1.078898599999999988e+02 1.824183700000000030e+01 1.082750398281089304e+02 2.710150974008887914e+01
1.323020500000000084e+02 3.039486999999999828e+00 9.584623610978549380e+01 1.999253273168616118e+01
1.189017699999999991e+02 2.030833000000000155e+01 9.683940243928967107e+01 4.343327863321243321e+00
1.221657000000000011e+02 3.453664999999999985e+00 1.199070196299652054e+02 1.323361887044982765e+01
1.285522300000000087e+02 3.419751999999999903e+00 1.322557296937089291e+02 1.476412737258239360e+01
1.142837099999999992e+02 1.745475199999999916e+01 1.100515987627607188e+02 2.158802910225656291e+01
1.084516140000000064e+02 7.152399999999999869e-01 1.246690449531305376e+02 1.785060098929087502e+01
1.215120100000000036e+02 3.517780999999999825e+00 1.284677970067594686e+02 2.667449518693036126e+01
1.221295800000000042e+02 8.650660999999999490e+00 1.349188868416595142e+02 1.974689541730682052e+01
1.208729550000000046e+02 1.335633900000000018e+01 9.737268016119696767e+01 3.417345215981301720e+01
1.130173300000000012e+02 1.738992299999999958e+01 9.854607502811349207e+01 4.796737330438981317e+00
9.965353399999999340e+01 2.953445800000000077e+01 1.193897896868563890e+02 2.425394059207854891e+00
9.703319000000000472e+01 2.983398400000000095e+01 1.043716884299130072e+02 2.739401076121505962e-01
1.029471499999999935e+02 1.203110299999999988e+01 1.351227924794742989e+02 1.842879269298528655e+01
9.264901000000000408e+01 2.078608699999999843e+01 1.037675950177871300e+02 1.873343000418851645e+01
9.793104999999999905e+01 2.979559499999999872e+01 1.208849041144453480e+02 8.337835588182807012e-01
1.228618239999999986e+02 3.672254999999999825e+00 1.368567217668933438e+02 2.704874690022709061e+01
1.117162550000000039e+02 2.099041700000000077e+01 1.303665847915027314e+02 2.629508511714889707e+01
1.232222500000000025e+02 1.022940900000000042e+01 1.359592801054872666e+02 1.760850406896274833e+01
9.823951999999999884e+01 1.669737599999999844e+01 1.093677241509281259e+02 9.478571892838921542e+00
1.233474350000000044e+02 2.519231399999999965e+01 1.006132428068858786e+02 2.355940374795958903e+01
1.259232559999999950e+02 4.161654000000000408e+00 9.765804418319002878e+01 1.226461227835059731e+01
9.755183399999999949e+01 3.184772999999999854e+01 9.950065411825292472e+01 1.194138813462620874e+01
1.349417400000000100e+02 3.249795499999999748e+01 9.744664628843696619e+01 2.071798989981903816e+00
1.064903999999999940e+02 1.390643999999999991e+00 1.090251929472793080e+02 2.457654998583538308e+00
1.129410900000000026e+02 1.928609799999999908e+01 1.300271801512061813e+02 1.019657290994969046e+00
1.331191900000000032e+02 8.421360999999999208e+00 9.415010468126418175e+01 9.741981204666283034e+00
1.276204900000000038e+02 1.005807899999999933e+01 1.257046597659252996e+02 2.599382976268564605e+01
1.200522399999999976e+02 3.491102000000000061e+01 1.087387678089068288e+02 1.307041590253346541e+01
9.448524500000000614e+01 1.358393900000000087e+01 1.080082133847790118e+02 2.512663200500570682e+01
1.246537699999999944e+02 1.549389700000000047e+01 1.286706210981710683e+02 1.881963673406404070e+01
9.981167000000000655e+01 2.547162799999999905e+01 1.321611247895299641e+02 2.945076515087266600e+01
1.055944099999999963e+02 1.730002199999999846e+01 1.367495307701185254e+02 2.063337541069608605e+01
1.324696399999999983e+02 1.699832699999999974e+01 1.150803204911956072e+02 3.296175758455139970e+01
1.078554800000000000e+02 1.840535399999999910e+01 1.379237194680129619e+02 1.472789178810465494e+01
1.213953300000000013e+02 5.272655000000000314e+00 1.032558249412955718e+02 3.379117977003949846e+01
1.239427000000000021e+02 2.807401000000000035e+00 9.221375490152018983e+01 1.317598703373169400e+01
1.369361299999999915e+02 1.332057299999999955e+01 1.203504222502710945e+02 1.058731874511383175e+00
1.178437200000000047e+02 2.665472400000000164e+01 1.334182256480356727e+02 3.129671455721054585e+01
1.065032039999999967e+02 4.921710000000000251e-01 1.225155830270021795e+02 1.036753425612349844e+01
1.139202300000000037e+02 1.739189000000000007e+01 1.102908390589384453e+02 2.222995589251930415e-01
1.055329299999999932e+02 8.244474999999999554e+00 1.010762647195223138e+02 3.165328935389425524e+01
1.301707000000000107e+02 5.522420000000000107e-01 1.138111830474451835e+02 2.952270733054472984e+01
1.274613300000000038e+02 8.821358999999999284e+00 1.015254585793900617e+02 2.915214251961351621e+01
1.117835000000000036e+02 4.146894999999999776e+00 1.310320185355778335e+02 3.216581628569579010e+01
1.305158500000000004e+02 8.179097000000000506e+00 1.191252447173135067e+02 1.103360229916065371e+01
1.195968249999999955e+02 1.992211299999999952e+01 1.077973910935631778e+02 1.968522153585343659e+01
1.208341900000000066e+02 1.204352800000000023e+01 9.771942494360308729e+01 4.278241163219496102e+00
1.134964499999999958e+02 2.987325299999999828e+01 1.373541759203196193e+02 9.457367565568373990e+00
1.292556600000000060e+02 1.137209400000000059e+01 9.651574189059286368e+01 8.592900199997808741e+00
1.178697700000000026e+02 2.086379200000000012e+01 1.152344221814940681e+02 6.835135696603713562e+00
1.079864000000000033e+02 3.225813699999999784e+01 9.427195858210754409e+01 6.785379752759731709e+00
1.244378499999999974e+02 2.619258100000000056e+01 1.203311561987412261e+02 1.817774672019195137e+01
1.242736299999999972e+02 6.831006000000000355e+00 9.522311697858116020e+01 1.794820210936188687e+01
9.908189000000000135e+01 3.429287999999999670e+01 1.124467372278824229e+02 1.384543463872829250e+01
1.231785699999999935e+02 1.163075599999999987e+01 1.101978197254521348e+02 9.913403039827420216e+00
1.197189560000000057e+02 1.547260600000000075e+01 1.357228292791823492e+02 1.202100742411831114e+01
1.005264739999999932e+02 1.630819999999999936e+01 1.036661524735671378e+02 8.458824957035730563e+00
1.284304700000000139e+02 1.899298699999999940e+01 1.312736671575169396e+02 1.080536379305932648e+01
1.087293999999999983e+02 2.527930000000000010e+00 1.113623737616895255e+02 1.551292000717823960e+01
9.833840999999999610e+01 3.082450000000000045e+01 1.046731568667129721e+02 5.283897536557849328e+00
1.094431699999999950e+02 2.603854600000000019e+01 1.208258964845968535e+02 2.529736257843119773e+01
1.192039699999999982e+02 8.441069999999999851e+00 1.010075732355833509e+02 3.098606278005577153e+01
1.252029399999999981e+02 8.083719000000000321e+00 1.002429575122372682e+02 4.934543801326659818e+00
1.042165799999999933e+02 2.347071499999999844e+01 9.972467816117480766e+01 9.802353282375491972e+00
1.204545700000000039e+02 7.107947000000000237e+00 1.110487225914857561e+02 1.585471386526360682e+01
1.068959600000000023e+02 4.261408999999999558e+00 1.236807620184799958e+02 1.369120573651241202e+01
1.151012699999999995e+02 2.510251999999999839e+01 1.363660985247267377e+02 2.453792696519109739e+01
1.009060400000000044e+02 2.837463199999999830e+01 1.079501845992145661e+02 3.110531392426356234e+01
1.130387039999999956e+02 2.450758000000000081e+01 9.721573229556494766e+01 3.443082247106485028e+01
1.060799499999999966e+02 9.110470000000000512e-01 1.208392609715203037e+02 2.517662822254760258e+01
1.286751700000000085e+02 8.353201000000000320e+00 1.226623683330222718e+02 1.355482581982452572e+01
1.008322600000000051e+02 1.836909500000000151e+01 1.125614001089519718e+02 2.191975936991506302e+01
1.273446660000000037e+02 1.365026600000000023e+01 1.274024010100866633e+02 2.605394925869427780e+01
1.197064500000000038e+02 1.762339400000000111e+01 9.361321723142249596e+01 3.467554052929959596e+01
1.058196200000000005e+02 1.893849399999999861e+01 1.178354766137163381e+02 2.434759702937615700e+01
1.255556260000000037e+02 1.372629099999999980e+01 1.001757869559556866e+02 1.016340196636238602e+01
1.130060650000000066e+02 2.550459999999999994e+01 1.221029028515771984e+02 1.172808949554486091e+01
1.005400199999999984e+02 2.888115300000000119e+01 1.244031817189325295e+02 3.388611959633685444e+01
1.006839099999999974e+02 4.718844999999999956e+00 9.957204779367457093e+01 2.532578264408869018e+01
1.356329700000000003e+02 5.475532000000000288e+00 1.003586880764124771e+02 9.279507983771097201e+00
1.269099199999999996e+02 8.830450000000000799e+00 1.220651742492832170e+02 5.769587793835094125e+00
1.091274599999999992e+02 2.936315300000000050e+01 1.343734479339435381e+02 1.688827780229049580e+01
1.130844799999999992e+02 1.852679300000000140e+01 1.202766572339507434e+02 3.465547548172167325e+01
9.686450000000000671e+01 3.287660000000000338e+01 1.056344744468769505e+02 3.053947471264293778e+00
1.308442000000000007e+02 8.125244999999999607e+00 1.157215118956685274e+02 1.031450439137754316e+01
1.320423000000000116e+02 1.426623200000000047e+01 1.062514573439397196e+02 3.076936296759409473e+01
1.216335140000000052e+02 1.368565999999999949e+00 1.297534953890931320e+02 6.007110133217627990e+00
1.004711900000000071e+02 2.451955200000000090e+01 1.085872507233574424e+02 2.361328548567167118e+01
1.237337600000000037e+02 9.310326999999999131e+00 1.248780532134080659e+02 3.018953682940953342e+01
1.227981199999999973e+02 3.281226699999999852e+01 9.380470934813565975e+01 2.366176028512706964e+01
1.167593700000000041e+02 2.162810899999999847e+01 1.161357846114307506e+02 6.640086267046775070e+00
1.065728000000000009e+02 5.804099999999999815e-01 9.671950978066840321e+01 1.980926409515899156e+00
1.312442299999999875e+02 1.030026800000000087e+01 1.171497694679783876e+02 2.247648867456629773e+01
1.219842399999999998e+02 1.118587100000000056e+01 1.100684793328688897e+02 2.942699620472656363e+01
1.034284499999999980e+02 2.847408899999999932e+01 1.343259229325537376e+02 2.571703890086408961e+01
9.786359400000000619e+01 2.648629000000000033e+01 1.209913907765123469e+02 1.839335467437889449e+01
9.954317000000000348e+01 2.821960599999999886e+01 1.190480714643970970e+02 4.653659921606683625e+00
1.218254000000000019e+02 4.371687999999999796e+00 1.165804934681566039e+02 2.541468170358958645e+01
1.211260759999999976e+02 1.171536500000000025e+01 1.366403066544824298e+02 3.222161116564429761e+01
9.446862000000000137e+01 4.517010000000000192e-01 1.284226547169621142e+02 1.929108617123977609e+01
1.188353800000000007e+02 2.132730300000000057e+01 1.035682005631199445e+02 2.063617660394578124e+01
1.114416300000000035e+02 1.862790100000000137e+01 1.147358012274431331e+02 3.465305143196307114e+01
1.015848000000000013e+02 2.689655000000000129e+01 1.299832035515520374e+02 1.940533056494074771e+01
1.182651900000000040e+02 1.205452299999999966e+01 9.799427559171003566e+01 2.888492400835821883e+01
9.890682999999999936e+01 1.802293200000000084e+01 9.223264159390902250e+01 1.599575838907994196e+01
1.019195560000000000e+02 2.802453799999999973e+01 1.183570859881086221e+02 5.469943629306841970e+00
1.353319700000000125e+02 1.899710500000000124e+01 9.423268949970405117e+01 5.044444121054045382e+00
1.194723599999999948e+02 1.724490399999999823e+01 1.322247078745321005e+02 2.713561108060299532e+01
1.346648600000000044e+02 1.416948599999999914e+01 1.344229962589740239e+02 2.001297092919072540e+01
1.132294200000000046e+02 1.691967400000000055e+01 1.335653947638646741e+02 3.462746838143539208e+01
1.234977099999999979e+02 1.764413300000000007e+01 1.232218701248732344e+02 2.151591149989942409e+01
1.158468500000000034e+02 2.654724699999999871e+01 1.322955852790050528e+02 4.501456921715142556e+00
1.309324000000000012e+02 9.878012000000000015e+00 9.824598688986652917e+01 3.361817711958187971e+01
1.014491600000000062e+02 2.277094299999999905e+01 1.072905532103370518e+02 2.747168580080050937e+00
1.009878700000000009e+02 1.558966700000000039e+01 9.791638503228259083e+01 2.075748406161319437e+01
1.087185099999999949e+02 1.082315200000000033e+01 9.740032073795659073e+01 1.066360924384727760e+01
1.079174000000000007e+02 2.103756999999999877e+01 1.363110365353939528e+02 2.191404809634837036e+01
1.110467699999999951e+02 3.238026399999999683e+01 1.068897507215568510e+02 3.231425647517091448e+01
1.222376000000000005e+02 3.524550000000000183e-01 1.204751881986412911e+02 1.724694000744135813e+00
1.210716900000000038e+02 6.892971000000000181e+00 1.043975502111445337e+02 2.742170973974445758e+01
1.156589100000000059e+02 2.078124199999999888e+01 1.205113958287095244e+02 1.039997807463613810e+01
1.099067840000000018e+02 1.686253999999999920e+01 1.253944041859094227e+02 6.135996607373671807e+00
1.211047800000000052e+02 2.653878999999999877e+01 9.287108691456053577e+01 9.635428334246665116e-01
1.053158899999999960e+02 1.049280700000000088e+01 1.314593187669633494e+02 2.343130051166498973e+01
1.138388060000000053e+02 1.427283199999999930e+01 9.386728656454688746e+01 3.644375897643608475e+00
1.212168499999999938e+02 5.970590000000000064e-01 1.168103504158470400e+02 2.512289018865663337e+01
1.179312000000000040e+02 9.954869000000000412e+00 1.187989209200676868e+02 2.503028902878915574e+01
1.363225999999999942e+02 2.142673699999999926e+01 1.113501406345832265e+02 1.838544366687966303e+01
1.123576999999999941e+02 3.279659999999999798e-01 1.173971493307861351e+02 1.292110408770699870e+01
1.221725399999999979e+02 1.971065000000000067e+00 1.312002830188677933e+02 3.215099859574553420e+01
1.294410000000000025e+02 2.921653200000000083e+01 1.306085172150741869e+02 3.283999620422716870e+00
1.206234199999999959e+02 2.294290000000000163e+00 1.055484947321348415e+02 1.800477828051023366e+01
1.294916100000000085e+02 2.620026999999999884e+00 9.447630619086550041e+01 2.739193502455746909e+01
1.056316000000000059e+02 1.004083999999999932e+01 1.051710810829271310e+02 8.900703622449281482e+00
1.000685000000000002e+02 2.550993300000000019e+01 1.374432737093398487e+02 2.148045942377648743e+01
1.131622399999999971e+02 1.624390599999999907e+01 9.798802752191173226e+01 2.339099653847671334e+01
1.052273249999999933e+02 1.942294899999999913e+01 1.198816845138100575e+02 2.345079385064176591e+01
9.678136000000000649e+01 1.699195500000000081e+01 1.196558520266592609e+02 6.598135646261018117e+00
1.109355999999999938e+02 1.694945099999999982e+01 1.031030598530877995e+02 2.104774873291635728e+01
1.061745300000000043e+02 2.465655100000000033e+01 1.368409107023137778e+02 1.394640556384536367e+01
1.161196300000000008e+02 2.374014299999999977e+01 1.093839894556735146e+02 9.317944713656428846e+00
1.109553400000000067e+02 1.066729000000000038e+00 1.063788227219204430e+02 7.756570954461265544e+00
1.020943999999999932e+02 1.659711000000000070e+01 1.071590742889257228e+02 1.979526098720089777e+01
1.125423660000000012e+02 2.072739999999999938e+01 1.164045906605582132e+02 3.451066547994276590e+01
1.376754999999999995e+02 1.454145600000000016e+01 1.298587285276541650e+02 3.941561940655185836e+00
1.033311999999999955e+02 8.036189999999999500e+00 1.041597477027447525e+02 2.767559132190177351e+01
1.083133540000000039e+02 2.792756299999999925e+01 1.183870068649577831e+02 2.144550785436993934e+01
1.274334099999999950e+02 7.574142000000000152e+00 1.129550542387314636e+02 2.641569846042461123e+01
1.043113299999999981e+02 9.546936000000000533e+00 9.308549428895763356e+01 1.900721038447264988e+01
1.086584299999999956e+02 1.116496899999999926e+01 9.484836003341541755e+01 2.010702301847507201e+01
1.088499999999999943e+02 2.839095999999999975e+01 1.025204461869471970e+02 2.100515262555779117e+01
1.111686299999999932e+02 3.224828000000000117e+01 1.053679809765661162e+02 2.156446611299789318e+00
1.003582999999999998e+02 2.007404500000000169e+01 9.911216033276971871e+01 8.868204803169410511e+00
1.067415100000000052e+02 2.775080900000000028e+01 1.044946190628265725e+02 2.292652152444521718e+01
1.346454300000000046e+02 1.258279899999999962e+01 9.758327809358119964e+01 1.562788901027925448e+01
1.360905899999999917e+02 1.229396599999999928e+01 9.522642779820996850e+01 1.876484269516469183e+01
1.047877660000000049e+02 2.743140400000000056e+01 9.338496511699739244e+01 2.952776632509275245e+01
1.050813700000000068e+02 4.424735000000000085e+00 1.314124843835353431e+02 1.433563181581522628e+01
