1.180998459999999994e+02 1.284827399999999997e+01 1.003298334311535882e+02 3.297012616825778508e+01
1.340509999999999877e+02 2.624378400000000156e+01 1.315600601221220245e+02 2.125974478122451572e+01
1.222376000000000005e+02 3.524550000000000183e-01 1.051006611338172121e+02 2.744932660635285959e+00
1.306183200000000113e+02 1.195261499999999977e+01 1.117202134523089398e+02 2.987983870905073047e+01
1.376202000000000112e+02 4.332929999999999837e-01 1.336636890029364508e+02 9.083307211972938333e+00
1.376754999999999995e+02 1.454145600000000016e+01 9.374531839003793721e+01 3.338413559927747798e+01
1.221774099999999947e+02 4.068751999999999924e+00 9.468096954463494797e+01 1.866983057188251394e+01
1.356977400000000102e+02 2.094952400000000026e+01 9.440513468595983682e+01 2.922819215132712500e+01
1.053874359999999939e+02 2.219917999999999836e+01 1.046783977744541687e+02 7.953387526991217094e+00
9.703319000000000472e+01 2.983398400000000095e+01 1.157839152461774574e+02 1.288568742332838291e+01
1.252770199999999932e+02 1.020389400000000002e+01 1.344256852014117953e+02 3.487997318714166628e+00
9.629457999999999629e+01 1.338857100000000067e+01 1.070806749385705530e+02 3.247362279875299862e+01
1.235559099999999972e+02 1.940806999999999949e+00 9.266915722779458520e+01 2.404613882045570605e+01
1.254782600000000059e+02 1.653575999999999979e+01 1.033012208410183064e+02 3.288756392835573905e+01
1.146143200000000064e+02 2.004928200000000160e+01 1.099144120447146804e+02 2.813721290522914131e+01
1.188802900000000022e+02 7.100107000000000390e+00 1.091135354502461468e+02 2.782831659560281778e+01
1.223638150000000024e+02 9.904870000000000729e+00 1.191570485768703236e+02 3.486342456533509448e+01
1.051628400000000028e+02 1.601568200000000175e+01 1.356785936371318542e+02 1.880196247645548269e+01
1.098299099999999981e+02 2.569585199999999858e+01 1.294601260262501228e+02 2.700156198580661382e+01
1.081589000000000027e+02 1.194670699999999997e+01 1.116591308960511526e+02 2.280693187642659581e+01
1.059683150000000040e+02 5.807024000000000186e+00 1.365148335797386494e+02 1.330373561505752811e+01
1.135665900000000050e+02 2.140552999999999884e+01 1.281689856322548451e+02 1.017361445431172573e+00
1.226265700000000010e+02 6.337415000000000020e+00 1.192999896493935381e+02 1.075673787359999700e+01
1.077314800000000048e+02 2.793261299999999991e+01 1.225117148103683604e+02 2.649818114726889995e+00
1.074125099999999975e+02 6.090900000000000425e+00 1.361036848809169157e+02 1.250939787860633201e+00
1.045930900000000037e+02 2.917896000000000001e+01 1.265342639803564566e+02 1.595311110435648416e+01
1.162993599999999930e+02 3.265582299999999805e+01 1.286508921297477741e+02 1.498365662940650367e+01
9.978853999999999758e+01 2.921312999999999960e+01 1.238472373813538923e+02 1.390760580119959400e+01
1.038073299999999932e+02 4.714067000000000007e+00 1.015934615670575170e+02 1.598401471457723311e+01
1.074296650000000000e+02 4.943573999999999913e+00 9.901109829710367194e+01 1.971910935549724542e+01
1.069558300000000060e+02 3.322021000000000157e+01 1.083719566835470829e+02 3.350991186622689355e+01
1.235410839999999979e+02 6.541074000000000055e+00 1.232443010721326004e+02 3.428777660576448483e+01
1.091882499999999965e+02 1.309954999999999981e+00 1.376745830431897275e+02 1.663887972976333884e+01
9.672302000000000533e+01 1.161534400000000034e+01 1.078440773415062068e+02 2.811774922109445285e+01
1.213759399999999999e+02 6.126888000000000112e+00 1.058916503279796189e+02 2.117450653611230393e+01
1.015794000000000068e+02 7.872015000000000207e+00 9.701778481479860261e+01 9.919545659053859765e+00
1.353151900000000012e+02 1.279140499999999925e+01 1.151466884106757789e+02 2.113113440246882035e+01
1.206880299999999977e+02 9.057698999999999501e+00 1.004461392485083451e+02 2.118638534067308044e+01
1.010690199999999948e+02 2.621159700000000115e+01 9.597300127414364113e+01 3.272931782847300752e+01
1.127789899999999932e+02 1.603903199999999885e+01 9.464718680014590291e+01 3.207034059295160944e+01
1.098771440000000013e+02 2.681062700000000021e+01 1.041386517628540531e+02 6.164222052775970795e+00
1.184589500000000015e+02 2.161511399999999838e+01 1.085910710541988067e+02 3.161632108809182995e+01
1.285522300000000087e+02 3.419751999999999903e+00 1.014974274771472551e+02 2.970522226464298043e+01
1.215111540000000048e+02 9.026956999999999454e+00 1.114584874936657286e+02 9.180629539865627464e+00
1.239286100000000062e+02 7.335130999999999624e+00 1.283827345157629622e+02 1.046689271603744054e+01
1.218052749999999946e+02 2.584820000000000118e+00 1.041856341277903937e+02 8.376417448829812429e+00
1.236907599999999974e+02 2.655348599999999948e+01 1.085327583885702012e+02 2.585360241384936941e+01
1.082205100000000044e+02 3.116235000000000088e+00 1.320534870763956974e+02 2.378511390393617120e+01
1.202229399999999941e+02 1.300534999999999997e+01 1.221788302033680225e+02 2.397748565875228977e+01
1.210841450000000066e+02 2.834050999999999831e+01 1.258107359399837719e+02 1.649610661613640517e+01
9.727756499999999562e+01 3.723578999999999972e+00 9.766146891019617726e+01 2.257135671469388782e+01
9.609209400000000301e+01 1.652753299999999825e+01 1.239734600298419309e+02 5.753982381222545683e+00
9.503709000000000628e+01 6.982403999999999833e+00 1.005515386603388492e+02 2.749237631870585119e+01
1.077591400000000021e+02 1.810984399999999894e+01 1.304661893141528424e+02 1.247789901498757281e+01
1.311417199999999923e+02 4.451149000000000022e+00 1.311820481193173578e+02 3.408986905587816807e+01
1.324309700000000021e+02 7.640058999999999934e+00 1.370774795289001133e+02 2.333809692562702409e+01
1.245430300000000017e+02 2.024064000000000085e+00 9.954043597655319786e+01 1.447079186758942804e+01
1.058240600000000029e+02 1.711543800000000104e+01 1.089297750592602654e+02 2.230648171125548984e+01
1.003102300000000042e+02 2.285036500000000004e+01 1.195154365050095038e+02 2.753039772181229417e+00
1.139112700000000018e+02 2.125302100000000038e+01 9.411487198963158107e+01 3.017295552342767806e+01
1.073470499999999959e+02 1.714681799999999967e+01 9.362582388811806311e+01 5.317712471842394706e+00
1.178990299999999962e+02 2.116672000000000153e+01 1.365166590977516989e+02 1.242357256939529364e+01
1.055944099999999963e+02 1.730002199999999846e+01 1.081518429138273660e+02 2.784490110575135446e+01
1.366002000000000010e+02 2.353372600000000148e+01 1.178313778647959964e+02 1.741731831302056577e+01
1.006493899999999968e+02 1.672829600000000028e+01 1.351593019893929863e+02 1.880881928894806521e+01
1.221144000000000034e+02 1.113166000000000011e+01 1.024616197591468847e+02 1.857627507031812897e+01
1.309361900000000105e+02 8.523167000000000826e+00 1.238831261081039230e+02 2.107469128319772622e+01
1.236492400000000060e+02 8.307256999999999891e+00 9.273046568357460728e+01 3.249937425860913010e+01
1.181114039999999932e+02 1.644512699999999938e+01 1.168754591928259430e+02 2.822798618414576133e+00
1.065502599999999944e+02 6.022739999999999760e+00 1.300088654545840257e+02 3.447607110777781969e+01
1.318671400000000062e+02 3.457867000000000246e+01 1.187990585535941790e+02 1.177652941217882443e+01
1.171391449999999992e+02 6.471200000000000563e-02 9.271419122916825017e+01 2.498866039702215147e+01
1.250190400000000039e+02 1.223044999999999938e+01 1.026419403009588933e+02 1.831571972774580104e+01
1.355842399999999941e+02 3.165399999999999991e+01 1.309680819495704043e+02 3.393618304408817465e+01
1.039746800000000064e+02 2.082602500000000134e+01 1.253713711736559162e+02 1.229078898066209291e+00
1.084516140000000064e+02 7.152399999999999869e-01 1.125117150436021376e+02 2.363092205496240439e+01
9.801369499999999846e+01 2.871176499999999976e+01 1.166782567298701139e+02 7.485156436331286134e-01
1.081480499999999978e+02 2.939423800000000142e+01 1.199969851236689067e+02 3.303345541152724252e+01
1.311959400000000073e+02 1.344396599999999964e+01 1.362794257286952870e+02 1.302225989537530637e+01
1.151021999999999963e+02 2.461723999999999890e+01 1.175380003786827672e+02 8.041705775286056124e+00
1.259025960000000026e+02 8.412031000000000702e+00 1.185013907631563939e+02 2.467530189628540782e+01
1.221725399999999979e+02 1.971065000000000067e+00 1.070211497263235714e+02 1.770884909153491193e+01
9.491244500000000528e+01 6.986594000000000193e+00 9.506201736680972658e+01 1.352755891590622372e+00
1.283420600000000036e+02 2.360160399999999825e+01 1.169849135883927289e+02 1.459308146789628324e+01
1.182651900000000040e+02 1.205452299999999966e+01 1.282088802864052184e+02 1.635194036876809065e+01
1.370396700000000010e+02 1.252472000000000030e+00 1.282483365412696799e+02 1.077229945969704339e+01
1.368379400000000032e+02 1.267808499999999938e+01 1.277300983705180357e+02 2.362205379357743240e+01
1.209633500000000055e+02 3.282480600000000237e+01 1.220058358644033518e+02 1.154831229055407604e+01
1.327581000000000131e+02 3.298633999999999844e+00 1.241064132748814473e+02 1.393909702214263113e+01
1.175521399999999943e+02 2.093461999999999890e+01 1.367616392743987035e+02 1.976608967071825518e+01
1.214690899999999942e+02 8.585041999999999618e+00 1.092548950588008552e+02 2.365582959226605198e+01
9.639709999999999468e+01 2.889318000000000097e+01 1.191579659999531771e+02 2.450742809024694324e+00
1.264986999999999995e+02 2.455890000000000128e+01 1.032528127386501637e+02 2.117538758460002057e+00
1.336111899999999935e+02 1.554583700000000057e+01 1.280358869719510437e+02 2.842419684092004672e+01
1.073123599999999982e+02 2.557497199999999893e+01 1.042717488180676924e+02 1.388874855557918941e+01
9.479399999999999693e+01 2.222920399999999930e+01 1.235646021172774738e+02 7.179370788640233592e+00
1.229188999999999936e+02 4.614900000000000252e-02 1.011711882127437860e+02 2.491473971054121606e+01
1.285975599999999872e+02 1.229112600000000022e+01 1.276452890308479482e+02 2.350080182013302377e+01
1.066953900000000033e+02 1.603808599999999984e+01 1.112245460714204484e+02 9.989250865396707368e+00
1.030357699999999994e+02 2.493956400000000073e+01 1.042227335360621936e+02 4.902149069515154167e+00
1.302385099999999909e+02 7.992467999999999684e+00 9.518557193145319673e+01 2.782902586372481935e+01
9.649259000000000697e+01 3.411601999999999890e+01 1.197906241841344439e+02 3.214435972125605190e+01
1.013219799999999964e+02 1.577685499999999941e+01 1.351713503816945661e+02 2.385452052432989944e+01
1.324789299999999912e+02 1.566821200000000047e+01 1.015221494669129498e+02 3.057643190823533175e+01
1.265415600000000040e+02 2.948997500000000116e+01 1.218014386220213652e+02 2.464101503361322187e+01
1.305003800000000069e+02 6.941775999999999947e+00 9.672593112768144863e+01 3.374264487228488463e+01
1.202658899999999988e+02 5.060309000000000168e+00 1.332806984753281085e+02 3.265839459141459855e+01
1.151589299999999980e+02 1.951465999999999923e+01 1.295148176612486566e+02 2.991244534639291430e+01
1.317752499999999998e+02 1.714565800000000095e+01 1.047230126320429235e+02 4.648641361114213666e+00
1.223558649999999943e+02 2.753307300000000168e+01 1.163996323867146145e+02 1.344444011906472980e+01
1.034684749999999980e+02 1.936773900000000026e+01 1.019119782510958458e+02 7.922342473185129741e+00
1.106924300000000017e+02 8.721729999999999761e-01 9.303391176651324201e+01 2.118988034972276324e+01
1.039038099999999929e+02 2.730013999999999896e+01 1.293445874498367800e+02 3.107182062911327591e+01
1.199876900000000006e+02 2.082039599999999879e+01 1.132708601273885449e+02 1.323447939044773314e+00
9.448524500000000614e+01 1.358393900000000087e+01 1.126321214149531471e+02 2.947102570312346970e+01
1.154087799999999930e+02 2.365899500000000089e+01 1.027111109193273819e+02 1.602929209625227003e+01
1.314637800000000141e+02 1.366797000000000040e+01 1.343000374501136776e+02 2.083855350864422817e+01
9.446862000000000137e+01 4.517010000000000192e-01 1.033064312751668012e+02 3.346739938486004462e+01
1.285246099999999956e+02 8.549483999999999639e+00 1.169018614850514126e+02 2.701622772864316246e+01
1.148343050000000005e+02 2.582363300000000095e+01 9.444354591461295456e+01 2.705721631843009689e+01
1.138190160000000049e+02 1.354168100000000052e+01 1.082249394410095817e+02 2.187953985168175564e+01
1.063896100000000047e+02 3.912881000000000054e+00 1.212391663750002522e+02 3.535050628305564491e+00
1.332452999999999861e+02 2.728622999999999799e+00 1.262898660908031587e+02 5.258690965931643646e+00
1.128123599999999982e+02 2.516570700000000116e+01 1.111369233872319029e+02 3.198601576944683700e+01
1.349317599999999970e+02 1.207422299999999993e+01 9.735619560247516802e+01 1.527273987397822452e+01
1.002415799999999990e+02 2.393959399999999960e+01 1.062563792068736035e+02 2.038792301520243377e+00
1.106722100000000069e+02 2.715277999999999992e+01 1.377739739729676103e+02 2.794638882706621885e+01
1.142723500000000030e+02 1.447158600000000028e+01 1.078069671810807364e+02 1.860122122039657810e+01
9.977344999999999686e+01 2.670044899999999899e+01 1.153656212726847770e+02 3.203630879023309230e+00
1.360389700000000062e+02 1.223838999999999899e+00 1.278811539828397628e+02 9.073409094985322554e+00
1.125811400000000049e+02 1.467424100000000031e+01 1.005732096071624113e+02 2.570627197623600324e+01
1.174641299999999973e+02 1.372731300000000054e+01 1.006421167982430234e+02 1.735848401579506373e+01
1.132756650000000036e+02 2.208142499999999941e+01 1.241236619421067218e+02 3.026378715832769117e+01
1.272252660000000049e+02 1.188927600000000062e+01 1.125878852946222253e+02 2.148397453722183315e+01
1.294410000000000025e+02 2.921653200000000083e+01 1.042040629801197298e+02 8.498367580296292800e+00
1.134188099999999935e+02 1.023753300000000088e+01 1.121815429090046479e+02 2.266231118180677839e+01
1.073580860000000001e+02 5.845627000000000351e+00 1.178899303630787756e+02 8.856229200398781032e+00
1.294916100000000085e+02 2.620026999999999884e+00 1.068892958472026038e+02 3.231839218188858354e+01
1.030680899999999980e+02 2.392125499999999860e+01 1.206402850850804214e+02 1.798154384715869725e+01
1.188353800000000007e+02 2.132730300000000057e+01 1.191315903432473249e+02 2.741161211038647139e+01
1.252612100000000055e+02 1.041665000000000063e+01 9.853676086487975283e+01 1.338932865285722329e+01
1.234273799999999994e+02 2.926879100000000022e+01 9.781088491443195210e+01 2.150973515395317293e+01
1.055970499999999959e+02 6.590237000000000123e+00 1.164501735238132767e+02 1.908431579606001804e+01
1.240439760000000007e+02 1.015085200000000043e+01 1.210866694289402687e+02 2.861973665035489489e+01
1.004126049999999992e+02 2.261345000000000027e+01 1.145725829729924357e+02 2.201388829479284226e+01
1.262176500000000061e+02 1.077972399999999986e+01 1.030355885010894212e+02 2.275068215556807161e+01
1.368892999999999915e+02 1.899810999999999916e+00 1.083804341729608609e+02 2.711212369342935347e+01
9.387247999999999593e+01 1.128198800000000013e+01 1.297865035398978648e+02 2.139352986490894892e+01
1.066686859999999939e+02 3.609456000000000220e+00 1.126150794167631801e+02 3.415663332534357721e-01
1.368218999999999994e+02 9.378269999999999662e-01 1.173401826582067429e+02 1.428668794075774784e+01
1.205864299999999929e+02 8.516370000000000218e+00 1.045611571975648246e+02 9.589912471687464190e+00
9.492020999999999731e+01 2.098355700000000112e+01 9.471971337032162808e+01 3.176694225573170272e+01
9.477239000000000146e+01 1.473772400000000005e+01 9.496443574792746745e+01 3.031764353000089685e+01
1.117416840000000064e+02 2.507232999999999823e+00 1.282059261110806290e+02 3.199418106260105432e+01
1.189017699999999991e+02 2.030833000000000155e+01 1.180851874036727196e+02 1.757321499252856301e+00
9.533898999999999546e+01 1.831156199999999856e+01 1.334039653422325671e+02 9.024496183935971416e+00
1.090715200000000067e+02 1.751669499999999857e+01 1.271185033092917394e+02 2.211381392541492019e+01
1.343265800000000070e+02 3.472433000000000192e+01 9.714321224841131652e+01 3.312076122240224407e+01
1.139202300000000037e+02 1.739189000000000007e+01 1.048070202846310792e+02 5.154661031999895116e+00
9.868321000000000254e+01 2.970345299999999966e+01 1.139445152188621933e+02 2.635221542499053982e+01
1.090962999999999994e+02 2.908158500000000046e+01 1.133853092022812348e+02 9.277477333462385900e+00
1.076719200000000001e+02 1.886546900000000093e+01 1.214467009802147288e+02 2.926693618912969086e+01
9.760130999999999801e+01 1.960865599999999986e+01 1.066219343056837374e+02 3.191094522371485454e+01
1.367545299999999884e+02 1.483705600000000047e+01 1.321660126741517729e+02 3.398396793894823276e+01
9.897588000000000363e+01 1.434022700000000050e+01 1.227867542688649820e+02 2.054800081837989012e+01
1.118961000000000041e+02 1.561135900000000021e+01 1.247012298467597162e+02 2.936251811947812840e+01
1.270234300000000047e+02 5.967240000000000322e+00 9.330006592994793380e+01 4.634769280356867860e+00
1.143885960000000068e+02 2.193498999999999910e+01 1.129636937918950252e+02 2.005208157155617954e+01
1.248241299999999967e+02 2.644671599999999856e+01 9.375094391053792720e+01 1.525322933386416047e+01
1.065664600000000064e+02 3.067689499999999825e+01 1.135736452404460977e+02 3.118533456683690019e+01
1.095981400000000008e+02 2.946638300000000044e+01 9.362865374228485393e+01 2.494940175208633448e+01
1.012475900000000024e+02 3.300020200000000159e+01 1.238544326572205563e+02 6.903776732673192029e+00
1.121058799999999991e+02 5.483360000000000456e-01 1.105071433900563562e+02 3.522880876535428030e-01
1.261208799999999997e+02 4.358299999999999674e-02 1.020122528364440058e+02 4.220555453004668500e+00
1.080707699999999960e+02 1.541756700000000002e+01 1.039625211445235351e+02 2.963518668539698808e+01
1.111774900000000059e+02 5.641610000000000236e-01 1.249994102870000177e+02 2.345675969304042496e+01
1.161219250000000045e+02 1.121271899999999988e+01 1.210867865282354927e+02 1.549788107986034369e+01
9.826783000000000357e+01 3.081710999999999956e+01 1.271631750301240231e+02 2.017281681601544108e+01
1.138388060000000053e+02 1.427283199999999930e+01 1.312563073119303567e+02 1.968032566495802715e+00
1.306562800000000095e+02 2.621539999999999981e-01 1.213670413451855552e+02 1.125591263051818558e+01
1.030200499999999977e+02 2.779550400000000110e+01 1.123700919004780587e+02 9.185503242839643256e-01
1.068714449999999943e+02 1.286970200000000020e+01 1.178115724201838503e+02 1.964192729474677490e+00
1.146455700000000064e+02 2.811013399999999862e+01 1.200566352088564912e+02 2.953577953867242556e+01
1.013447299999999984e+02 1.738253800000000027e+01 1.239381053139626943e+02 7.358554775507019308e+00
1.221287399999999934e+02 7.625099999999999767e+00 1.024000103013957386e+02 2.118631247948997753e+01
1.255835950000000025e+02 1.142485399999999984e+01 9.994415892617445252e+01 3.285122745414570034e+01
1.239506300000000039e+02 1.062640999999999991e+01 1.321816387523176388e+02 3.127247051469588257e+01
1.085328200000000010e+02 2.570951300000000117e+01 1.338142822834660421e+02 2.533097423174599427e+01
1.060613900000000029e+02 3.150582100000000096e+01 1.283447744898371070e+02 1.409490433437036927e+01
1.295190699999999993e+02 1.326800999999999897e+00 1.029721219682709545e+02 2.190083480972772634e+01
1.237617400000000032e+02 2.570814499999999825e+01 1.052496426644232344e+02 3.164865284171434823e+01
1.205819099999999935e+02 1.267323900000000059e+01 1.001264769513356185e+02 2.708758520616434495e+01
1.358911999999999978e+02 3.048414999999999875e+00 1.307148014929385340e+02 1.057994293467988989e+01
1.101968499999999977e+02 2.375801699999999883e+01 9.722717237488419073e+01 2.387585193752798673e+01
1.070288800000000009e+02 3.354578000000000060e+01 1.325058774636739258e+02 2.749826101965251723e+01
1.064823149999999998e+02 3.252676000000000123e+00 1.332552309577066580e+02 1.908727258107673563e+01
1.292091000000000065e+02 9.637442000000000064e+00 1.188507511697510921e+02 2.038811201052279998e+01
1.274613300000000038e+02 8.821358999999999284e+00 1.263717302941399083e+02 2.722325170545433437e+01
1.063641049999999950e+02 2.387164500000000089e+01 1.252389226004880811e+02 2.328036919504855362e+00
1.167539400000000001e+02 1.200967200000000012e+01 1.272954665201180262e+02 9.570459738534237148e-01
1.188607300000000038e+02 2.157856400000000008e+01 1.260881713553346515e+02 5.854071461141213462e+00
1.320785700000000134e+02 1.136370800000000081e+01 9.999808302078348277e+01 1.994827269374620116e+01
1.191825900000000047e+02 1.751293199999999928e+01 9.914333290533767240e+01 2.326382637371008144e+01
1.096788600000000002e+02 1.849008999999999903e+00 1.106829358982241018e+02 1.927314370696079493e+01
1.068959600000000023e+02 4.261408999999999558e+00 1.110784520629461127e+02 4.419452905499190010e+00
1.123585199999999986e+02 2.633208799999999883e+01 9.289784538317238116e+01 1.782405970466633605e+01
1.309324000000000012e+02 9.878012000000000015e+00 1.368430764564250808e+02 1.571361535091345552e+01
1.175999999999999943e+02 1.023433799999999927e+01 1.268198965749681122e+02 3.259895879480352754e+00
1.257966299999999933e+02 8.756054999999999922e+00 9.268618935422865945e+01 2.790812410438235958e+01
1.008170850000000058e+02 2.297933400000000148e+01 1.154482021064458621e+02 1.452386063902713964e+01
1.320423000000000116e+02 1.426623200000000047e+01 1.076442120251451229e+02 1.829144025010733543e+01
1.247720099999999945e+02 6.038419999999999899e-01 1.165750545636556410e+02 1.863927712283360849e+00
1.063705499999999944e+02 2.535100999999999871e+01 9.631167232236174414e+01 8.719697523604791556e+00
9.615071000000000367e+01 1.844079800000000091e+01 1.151901067807245056e+02 3.175964573311498995e+01
1.172544599999999946e+02 4.492557999999999829e+00 1.343090284635645162e+02 1.655525488808663326e+01
1.034372900000000044e+02 1.659929699999999997e+01 1.064674725374556061e+02 5.478131628247430385e+00
1.078603300000000047e+02 3.205924000000000262e+01 9.872480485566867969e+01 3.197038945885451255e+01
1.276584799999999973e+02 1.222587000000000046e+01 1.240658095140848616e+02 1.140428232939329689e+01
1.165767299999999977e+02 1.286235699999999937e+01 1.177463190685901111e+02 2.932809719392620096e+01
1.310145699999999920e+02 1.227133000000000074e+01 1.155406024736758894e+02 2.121120082548098651e+01
1.355338099999999883e+02 1.610411799999999971e+01 1.133477564217715212e+02 1.528939197684987938e+01
1.240121900000000039e+02 1.423227999999999938e+00 1.092824877680542102e+02 3.004769759038722299e+01
1.344405199999999923e+02 3.228481299999999976e+01 9.329533644297809758e+01 1.059457291414140379e+01
9.833840999999999610e+01 3.082450000000000045e+01 1.248777636791585337e+02 1.474040641104421567e+01
1.109355999999999938e+02 1.694945099999999982e+01 1.004264081123838253e+02 2.437047920349128916e+01
1.204627899999999983e+02 7.529904000000000153e+00 1.201978362247643730e+02 7.986062563003345716e+00
1.007646940000000058e+02 2.517087599999999981e+01 1.243896357616452377e+02 1.992197776388808705e+01
1.268311900000000065e+02 1.202138899999999921e+01 1.242619032990656933e+02 2.302443320533477689e+01
1.030134699999999981e+02 1.714922999999999931e+01 1.209634697172539575e+02 2.317544523726178340e+01
1.090422400000000067e+02 3.257660000000000000e-01 1.058885908835277547e+02 1.483207092444378361e+01
1.214991760000000056e+02 1.366147199999999984e+01 1.230093316385267315e+02 1.476742655355939604e+01
1.170113750000000010e+02 1.037751100000000015e+01 1.062650625925719510e+02 1.531720083692562184e+01
1.038845599999999934e+02 3.195431999999999917e+01 9.432222752065382565e+01 1.886342206639247010e+01
9.311654000000000053e+01 1.801235199999999992e+01 1.175944797477953472e+02 2.791011866620658566e+01
1.228012540000000001e+02 2.491700999999999944e+00 1.097626310235164340e+02 3.223511050052453442e+01
1.274994999999999976e+02 1.387982399999999927e+01 1.308597487373573642e+02 2.073566321908203847e+01
1.333230000000000075e+02 1.215278799999999926e+01 1.157293094951755990e+02 1.688725598883766210e+01
1.259750059999999934e+02 8.296856999999999260e+00 9.973591088253535020e+01 8.806114101014410167e+00
1.216335140000000052e+02 1.368565999999999949e+00 9.926707455644843492e+01 2.335163167956281072e+01
1.032809749999999980e+02 1.728598600000000118e+01 1.167173657576840782e+02 2.729749695546121302e+01
1.233216199999999958e+02 2.795254100000000008e+01 1.230504981063408252e+02 3.300439521751332705e+01
1.195968249999999955e+02 1.992211299999999952e+01 1.150544205307466683e+02 1.684650509112875838e+01
1.131172600000000017e+02 3.900424000000000113e+00 1.019186314010083692e+02 6.712253121208057394e+00
1.219884500000000003e+02 2.734084500000000162e+01 1.120465887329081340e+02 3.208125440790943639e+00
9.579921000000000220e+01 1.503351199999999999e+01 1.034529127167478322e+02 3.408056033348400859e+01
1.180546499999999952e+02 5.906247999999999720e+00 1.174664483124802103e+02 2.141831122931454345e+01
1.035319800000000043e+02 2.350300599999999918e+01 1.162379125713332968e+02 1.336707510587847558e+01
1.136198700000000059e+02 2.946215799999999874e+01 9.745514071477704476e+01 2.227202543504421683e+01
1.114416300000000035e+02 1.862790100000000137e+01 1.309234934389948819e+02 2.229999125558854800e+01
1.294545999999999992e+02 9.188390999999999309e+00 9.726305744355717309e+01 1.496863493036422277e+01
9.612255000000000393e+01 3.490480999999999767e+01 1.084024752774563183e+02 1.185145474433236679e+01
1.140755900000000054e+02 8.455011999999999972e+00 9.368839015973037476e+01 1.293268284136273039e+00
1.212857800000000026e+02 1.172821099999999994e+01 1.238943252053351785e+02 1.917799990243798547e+01
1.353685499999999990e+02 1.775348299999999924e+01 1.127917114390409665e+02 2.904704221919558904e+01
1.302130600000000129e+02 1.211599499999999985e+01 9.310002230886182417e+01 1.668087713745876499e+01
1.032475400000000008e+02 1.298222999999999949e+01 1.245365620693575579e+02 2.766734114742697148e+00
1.222516099999999994e+02 1.195663700000000063e+01 9.923314949537669349e+01 1.498186874782159173e+00
1.261416849999999954e+02 2.764416500000000099e+01 1.127993084253726011e+02 1.710389823450913482e+01
1.054974749999999943e+02 1.932288700000000148e+01 1.060191978732558198e+02 5.211991576273228510e+00
1.100357360000000000e+02 2.855119900000000044e+01 1.350060769882804550e+02 4.173507992875718386e+00
1.125423660000000012e+02 2.072739999999999938e+01 9.422163231192573107e+01 3.041232810282423316e+01
1.289606799999999964e+02 1.261729300000000009e+01 1.366776443587198173e+02 3.209177986157484952e+01
1.110863800000000055e+02 2.956343499999999835e+01 1.059199450579908728e+02 2.119851818854592906e+01
1.194439849999999979e+02 3.088717700000000121e+01 1.031618401804827840e+02 3.028814350992180948e+01
9.633222999999999558e+01 1.708403600000000111e+01 1.138440826883334580e+02 2.819616925975830668e+01
1.377009099999999933e+02 1.744961199999999835e+01 1.334256882739519199e+02 1.314508010500625801e+01
1.132487100000000027e+02 2.224254600000000082e+01 1.270320957261535995e+02 3.414170568151754281e+01
1.215970149999999990e+02 1.290440800000000010e+01 1.235790855851457337e+02 2.245302029471654137e+01
1.069824140000000057e+02 2.790228499999999912e+01 9.746256606160429214e+01 3.317900831562961450e+00
1.141925499999999971e+02 2.823162999999999911e+01 1.020249127935773714e+02 2.703925404398708210e+01
1.199050600000000060e+02 3.175273699999999977e+01 1.212423640173814618e+02 2.674598151094250298e+01
1.269099199999999996e+02 8.830450000000000799e+00 1.308166194572230268e+02 2.153329642627890905e+01
1.219563600000000037e+02 4.037063999999999986e+00 1.084620935279342575e+02 1.533033361502276293e+01
1.001488999999999976e+02 1.622813000000000017e+01 1.223204969903281381e+02 3.059484841936926713e+01
1.002380399999999980e+02 1.977633900000000011e+01 1.360819288016928397e+02 6.940898715594644663e+00
1.045258199999999960e+02 2.783367300000000100e+01 1.143519592663612059e+02 1.602658670964988019e+01
1.203130950000000041e+02 1.544907599999999981e+01 1.229291665398290405e+02 2.906128251848035760e+01
1.275956950000000063e+02 1.332109900000000025e+01 1.025536005460991476e+02 2.443517484110517390e+00
1.209731299999999976e+02 2.012263300000000044e+01 1.101831832937530606e+02 2.821174204196325874e+01
1.355708199999999977e+02 1.183108600000000088e+01 1.056036253412598285e+02 2.851770545503395837e+01
1.008948800000000006e+02 1.652329800000000048e+01 1.076410083345576112e+02 2.029599720448295486e+01
1.064599699999999984e+02 1.460681199999999968e+01 1.196787245055315339e+02 2.974506469572050449e+01
1.043716100000000040e+02 3.488888500000000192e+01 1.277097016051566953e+02 9.630551559957755359e+00
1.135080899999999957e+02 2.942609399999999908e+01 1.071051554838626316e+02 9.690658366410198621e-01
1.293298800000000028e+02 7.388890000000000180e-01 9.638356362049213999e+01 1.694830732392492578e+01
1.205011700000000019e+02 1.523211200000000076e+01 1.286641161654129064e+02 1.061083566001489054e+01
1.212094600000000071e+02 1.131169599999999953e+01 1.193980656490973331e+02 7.798234553368158295e+00
1.064971539999999948e+02 2.229241000000000028e+01 9.756196598233488260e+01 2.313259791885963068e+01
1.334171399999999892e+02 1.512338199999999944e+01 1.056870289667811420e+02 3.325372026463919894e+01
1.075570799999999991e+02 3.114085800000000148e+01 1.023677051880249422e+02 2.790713280593116608e+01
1.133772500000000036e+02 2.012534099999999881e+01 9.721152984697528154e+01 1.864538486803719763e+01
1.291559399999999869e+02 1.352395500000000084e+01 1.007894830124995877e+02 3.403544628287940554e+01
1.113093199999999996e+02 8.928800000000000736e+00 1.378734660758893256e+02 1.379835658911220975e+01
1.369482299999999952e+02 3.398439000000000210e+00 1.028645897718145648e+02 1.335334447131090485e+01
1.262086639999999989e+02 1.252762300000000018e+01 1.277976769990803945e+02 3.097310427757780360e+01
1.057186599999999999e+02 3.114640800000000098e+01 1.301916286737002508e+02 3.030707979202154512e+00
1.057339300000000009e+02 2.254277000000000086e+01 9.966680820903712856e+01 1.019846196130596816e+01
1.211908499999999975e+02 1.480161999999999978e+01 1.319586550423541382e+02 8.314053812008005195e+00
1.102047649999999948e+02 1.179222999999999910e+00 9.758260142211285881e+01 2.377319160717734192e+01
1.370959000000000003e+02 5.531164999999999665e+00 1.233237105083730256e+02 4.869997375896200964e+00
1.011475200000000001e+02 2.924591300000000160e+01 1.102453330466086214e+02 2.133369572028687955e+01
9.654631999999999437e+01 4.674180000000000001e-01 1.228320784948476643e+02 3.445663917492296235e+01
1.099067840000000018e+02 1.686253999999999920e+01 1.066308186927882673e+02 3.397247419287509729e+01
1.054755250000000046e+02 9.531067999999999429e+00 1.039133682044404736e+02 1.883979895650160685e+01
1.202836599999999976e+02 1.236480500000000049e+01 1.339141880748372841e+02 5.072862613930487541e+00
1.085241099999999932e+02 2.678840999999999894e+01 1.082842376286862986e+02 2.236059764911716030e+01
1.176570099999999996e+02 2.176196300000000150e+01 1.181855254959746730e+02 1.541218482697525971e+01
1.198547059999999931e+02 7.232410999999999923e+00 1.101693770601197997e+02 8.913048198927162602e+00
1.031805300000000045e+02 1.483915700000000015e+01 9.661988446668549102e+01 3.393377038302137549e+00
9.557426999999999850e+01 1.669002300000000005e+01 1.365844656280232243e+02 3.284453252735051620e+01
1.037843000000000018e+02 2.495760299999999887e+01 1.163030514122483652e+02 2.571866904919622598e+01
1.270006400000000042e+02 1.816579000000000121e+01 9.924813909582132965e+01 8.336579779744866414e+00
1.376184800000000052e+02 1.351674500000000023e+01 1.321936677391478270e+02 1.998101234006776750e+01
1.227206500000000062e+02 2.926232000000000166e+00 1.153819603915140561e+02 2.468886550003292513e+01
1.224132840000000044e+02 1.063505699999999976e+01 1.262265033030019481e+02 3.423650345533568640e+01
1.071597500000000025e+02 4.558792000000000399e+00 1.202881380609453430e+02 4.713246088732919503e+00
1.349553200000000004e+02 1.906885099999999866e+01 1.139131410979910726e+02 2.898169228188651658e+01
1.041709440000000058e+02 3.200216000000000349e+01 1.091389956727253292e+02 6.408435050989843340e+00
1.170933699999999931e+02 1.631709499999999835e+01 1.061212494089249958e+02 7.255031218039754926e+00
1.075261500000000012e+02 6.490721999999999881e+00 9.864458764008061564e+01 9.731553581110313544e+00
1.190581049999999976e+02 2.063319200000000109e+01 1.012234682781639492e+02 2.893554969722289982e+01
1.139474799999999988e+02 1.840344800000000092e+01 9.541986318357440666e+01 7.129962613754408984e+00
1.130387039999999956e+02 2.450758000000000081e+01 1.228393037624160655e+02 3.028124241216327306e+01
1.048792499999999990e+02 1.661124399999999923e+01 1.028576193887836183e+02 2.935999705453340525e+01
1.204013400000000047e+02 1.923368599999999873e+01 1.069916317441022642e+02 2.876648236768051348e+01
1.091388699999999972e+02 1.284375499999999981e+01 1.309416366971036894e+02 1.971883095064289293e+01
1.057738700000000023e+02 3.275798400000000044e+01 1.161530414112379788e+02 1.577189389085732962e+01
1.358929100000000005e+02 1.341391800000000067e+01 1.366029532434032774e+02 3.103162484467541660e+01
1.232273500000000013e+02 4.342469000000000356e+00 1.251232996459372657e+02 5.907512939583030587e+00
1.068862400000000008e+02 1.928219199999999844e+01 1.058151129678386013e+02 1.014947783498582723e+01
1.004663800000000009e+02 2.924779099999999943e+01 1.335777884501722781e+02 1.580856699151127920e+00
1.118994000000000000e+02 2.547696900000000042e+01 1.145294470702991987e+02 2.963734411244030298e+01
9.403598999999999819e+01 1.528279200000000060e+01 1.378574891355651744e+02 2.703680522184490798e+01
1.340829600000000141e+02 1.444733800000000024e+01 1.291279450979553474e+02 1.130675852557466321e+01
1.106396600000000063e+02 3.104340399999999889e+01 1.199350783290301763e+02 1.360783735844202091e+00
1.081139600000000058e+02 1.882120300000000057e+01 1.379077959386413568e+02 3.252824377558760460e+01
1.103507400000000018e+02 8.773649999999999505e-01 1.260338291907615655e+02 3.228576348348700442e+00
1.102496799999999979e+02 2.905307200000000023e+01 1.022589042991126718e+02 1.247215299406787281e+01
1.371154999999999973e+02 4.333319999999999950e-01 1.132595516585793689e+02 3.043134637246248886e+01
1.135055600000000027e+02 1.730492999999999881e+01 9.682960920103845126e+01 2.025962564658418330e+01
1.042165799999999933e+02 2.347071499999999844e+01 1.079801020556347453e+02 2.989111946533632747e+01
9.283028000000000191e+01 1.701686099999999868e+01 1.062432390905261173e+02 3.216632213952016883e+01
1.039350500000000039e+02 2.735918399999999906e+01 1.373914051841115906e+02 2.438210074130175897e+01
9.956425000000000125e+01 4.140374999999999694e+00 1.163173206220953517e+02 3.056559091461159028e+01
9.942723999999999762e+01 2.273704499999999840e+01 1.053410690502695957e+02 2.660977840253761606e+00
1.231007100000000065e+02 2.744201500000000138e+01 1.284700090311284555e+02 4.744309637913792344e+00
1.001638200000000012e+02 3.052398099999999914e+01 1.340785081585288481e+02 2.554129990246200776e+01
1.033215500000000020e+02 1.091743999999999915e+01 1.182437602116319653e+02 1.159546847704370087e+01
1.353658100000000104e+02 1.056605300000000014e+01 1.110789149893650034e+02 2.726521831485252889e+01
1.167996100000000013e+02 2.692645800000000023e+01 1.105462075815485292e+02 2.875769773654348427e+01
1.284304700000000139e+02 1.899298699999999940e+01 9.734715754294761325e+01 1.228289203332846213e+01
1.350442700000000116e+02 2.374550599999999889e+01 1.225771420559270410e+02 4.633113292529648319e+00
9.325641000000000247e+01 2.074531999999999954e+01 1.183091988864285611e+02 2.365745054303654982e+01
1.286689599999999984e+02 1.164122899999999916e+01 1.360714715657131819e+02 5.102457976282527063e+00
