1.364848299999999881e+02 3.996448500000000337e+01 1.288265059377748116e+02 5.950920046211807346e+01
1.365373400000000004e+02 6.179496400000000023e+01 1.045554482405884045e+02 5.021055477084303931e+01
1.048407799999999952e+02 5.370956400000000031e+01 1.293991153020026275e+02 5.157260029174815941e+01
1.127875099999999975e+02 5.171722400000000164e+01 1.359995504818139125e+02 4.623260749640429168e+01
1.016205499999999944e+02 4.588852299999999929e+01 1.174646750943248321e+02 6.455191540138655171e+01
9.412296000000000618e+01 4.571077999999999975e+01 1.266378235880813179e+02 5.356791871556090712e+01
1.152369699999999995e+02 3.844478999999999758e+01 1.032955121464153763e+02 5.640597625749870758e+01
1.133212099999999936e+02 5.477952200000000005e+01 1.109055215679189814e+02 3.976320669715204303e+01
9.625152599999999836e+01 4.471645699999999835e+01 1.352188205702773018e+02 4.797920958647803502e+01
1.150535050000000012e+02 6.566124000000000649e+01 1.282571409809110037e+02 5.017029728160970592e+01
1.074801099999999963e+02 6.513402999999999565e+01 1.059196633779607737e+02 5.468977766486295877e+01
1.193905259999999942e+02 5.925213000000000108e+01 1.116296482155953811e+02 4.426859338992296955e+01
1.154960599999999999e+02 4.745178200000000146e+01 1.209025448316506868e+02 5.727146616119805600e+01
1.071966199999999958e+02 4.421770500000000226e+01 1.032917626343476201e+02 5.920034840060051806e+01
1.008468600000000066e+02 4.232002299999999906e+01 1.182682361764541383e+02 6.453659634772954234e+01
1.373458699999999908e+02 4.606019200000000069e+01 9.696242402168923036e+01 6.726217985783497966e+01
1.282104199999999992e+02 6.347422999999999860e+01 1.328107831069598319e+02 6.086562324525010581e+01
1.379576600000000042e+02 6.805234000000000094e+01 1.031851921070361016e+02 5.316328976995858824e+01
1.070123439999999988e+02 4.699893999999999750e+01 1.264605794679751085e+02 4.934322307524624307e+01
1.193664299999999940e+02 6.594503000000000270e+01 1.358418640312589218e+02 4.621442249201669483e+01
1.025667650000000037e+02 6.151530000000000342e+01 1.006747098692148228e+02 6.105145401544955064e+01
1.255101200000000006e+02 3.564560300000000126e+01 9.635788668120130751e+01 4.171679046024603821e+01
1.107611899999999991e+02 5.196242000000000161e+01 1.378169376549148524e+02 6.094304471458639227e+01
1.033268099999999947e+02 6.551658999999999367e+01 1.127365760439260640e+02 6.221642377335889051e+01
1.360632300000000043e+02 5.379059999999999775e+01 1.057829222851229645e+02 4.616920637598034460e+01
1.259827999999999975e+02 6.793027999999999622e+01 1.216122336672033271e+02 4.535683887081544441e+01
1.378812599999999975e+02 6.130308500000000294e+01 9.710508489193881587e+01 5.010865985200616279e+01
1.025801600000000064e+02 3.572758499999999771e+01 9.743117265162258889e+01 6.620546653869016041e+01
1.271025999999999954e+02 4.968224699999999672e+01 1.017084491957282353e+02 5.138144763190207698e+01
1.259631959999999964e+02 4.027061499999999938e+01 1.142565113759880830e+02 3.706049276652981916e+01
1.165320899999999966e+02 6.510348000000000468e+01 9.832875021458755782e+01 3.868610430443977322e+01
1.359256100000000060e+02 6.001570499999999697e+01 1.044171878665150786e+02 6.596089992720268924e+01
9.332617000000000473e+01 5.874038000000000181e+01 1.163234858305703341e+02 5.389353574638665378e+01
1.283844300000000089e+02 3.821597299999999819e+01 9.212587882204132939e+01 6.131797425043968275e+01
1.088877999999999986e+02 5.428709400000000329e+01 9.918434243533644690e+01 6.875709746977673831e+01
1.131431050000000056e+02 5.806005499999999842e+01 9.754954531824340336e+01 5.274040998302919547e+01
9.648923999999999523e+01 4.041324600000000089e+01 1.274028970702602663e+02 6.519418646973237230e+01
1.073238450000000057e+02 5.579347200000000129e+01 1.337120771135334962e+02 3.981438564222276000e+01
1.328035299999999950e+02 4.911890999999999963e+01 1.284399271816786836e+02 6.902795165614639927e+01
1.118177259999999933e+02 4.837812000000000268e+01 1.142371627745659737e+02 6.234154211968385084e+01
1.277053149999999988e+02 6.054426600000000036e+01 1.290505786167236693e+02 5.394840548616588904e+01
1.346873300000000029e+02 4.790935000000000343e+01 1.023045410967109490e+02 4.538352686525973922e+01
1.000060299999999955e+02 6.571474499999999352e+01 1.267420651704804868e+02 5.403059786558088717e+01
1.160137200000000064e+02 4.994438999999999851e+01 9.576539546740850994e+01 5.949548135218413591e+01
1.135630900000000025e+02 5.915950999999999738e+01 1.231249022813521776e+02 6.221759852941367086e+01
1.295840900000000033e+02 3.991619500000000187e+01 1.265677322526609458e+02 5.875541231063219527e+01
1.357793399999999906e+02 5.437915399999999977e+01 1.294606025327902614e+02 6.680910271652591348e+01
1.300565300000000093e+02 3.656148999999999916e+01 1.082331780633844005e+02 3.660120042578432731e+01
1.237592899999999929e+02 5.824712000000000245e+01 1.235884147621351019e+02 3.821153093235836451e+01
1.326733199999999897e+02 5.832157500000000283e+01 1.167136877023494890e+02 5.069415117153577910e+01
9.581994000000000256e+01 4.366891499999999837e+01 1.374545362916778686e+02 6.488827586241391998e+01
1.130806599999999946e+02 5.598151800000000122e+01 9.877799769242771788e+01 5.663563132548613765e+01
1.022613139999999987e+02 4.893487499999999812e+01 1.032200041307661280e+02 5.457383567366902355e+01
1.107822900000000033e+02 5.304308999999999941e+01 1.246723867485093820e+02 6.854806013149692490e+01
1.264186250000000058e+02 5.780666000000000082e+01 1.168985779142551138e+02 6.226670890151667948e+01
1.046602550000000065e+02 3.515894300000000072e+01 1.064897395265119258e+02 3.530218896253926886e+01
1.208681399999999968e+02 6.975766000000000133e+01 1.146381071890744465e+02 5.490732229554291166e+01
1.045360699999999952e+02 5.214930700000000030e+01 1.065717023002524684e+02 3.913672839938715242e+01
1.043047600000000017e+02 5.100742000000000331e+01 1.193880681988413954e+02 6.706696439472707993e+01
1.367595000000000027e+02 5.676431999999999789e+01 9.980084229522623218e+01 5.899952307204839741e+01
1.099284999999999997e+02 6.729084000000000287e+01 1.050917953793534423e+02 3.719987143271719532e+01
1.134251399999999990e+02 6.658665999999999485e+01 1.124801421372894197e+02 6.609822292271276467e+01
1.069806800000000067e+02 5.912877300000000247e+01 1.026918575750087683e+02 6.956679697926603012e+01
1.055548500000000018e+02 4.341178000000000026e+01 1.218028354797120301e+02 6.772026396777550872e+01
1.197015099999999990e+02 3.940109300000000303e+01 1.152006518404291455e+02 5.913217258159002654e+01
1.054064599999999956e+02 5.157411199999999951e+01 1.054230226572103817e+02 4.949935853379395212e+01
1.082290299999999945e+02 4.555579399999999879e+01 1.207066077497404279e+02 4.686814105519433582e+01
1.350566300000000126e+02 4.480559000000000225e+01 1.272171763005009097e+02 4.006594397856260770e+01
1.374616699999999980e+02 3.592125300000000010e+01 1.291216180617306009e+02 5.555098894771720097e+01
9.495131999999999550e+01 5.423174699999999859e+01 1.019621935035534648e+02 5.668126326402496318e+01
1.276192300000000017e+02 6.958276999999999646e+01 9.933329541594908108e+01 6.127528609087389100e+01
1.232302200000000028e+02 5.847270999999999930e+01 1.284385233939596844e+02 6.515385081092850328e+01
9.432820999999999856e+01 6.398832999999999771e+01 1.266732145970283909e+02 4.039092880436663791e+01
1.147703699999999998e+02 6.392184400000000011e+01 1.229916802133259495e+02 4.921722414547414814e+01
1.132491150000000033e+02 5.881017700000000303e+01 9.362201194496282142e+01 5.790348117507187453e+01
1.026101199999999949e+02 5.731443800000000266e+01 1.085746146384057909e+02 4.012539349727210691e+01
1.019643400000000071e+02 3.545590200000000181e+01 1.279885183099088692e+02 3.529190115602948907e+01
1.196628699999999981e+02 6.098983799999999889e+01 1.127660946931140415e+02 4.796332979775108640e+01
1.265233699999999999e+02 5.946259700000000237e+01 1.360536532765256652e+02 6.290039079036431957e+01
1.087505199999999945e+02 5.733995000000000175e+01 1.362831110132727872e+02 6.237539201999620531e+01
1.120970899999999943e+02 4.923708299999999838e+01 1.362320214158662282e+02 6.706559153008805652e+01
1.372391000000000076e+02 6.389992999999999768e+01 1.137256805923764631e+02 6.550624300993274574e+01
9.651977999999999724e+01 4.117991299999999910e+01 1.162783320148180479e+02 4.975256976450674529e+01
1.327233400000000074e+02 6.787059999999999604e+01 9.646500998450432007e+01 5.638880532429026005e+01
1.086393659999999954e+02 6.617943599999999549e+01 1.269865496509524974e+02 3.602900469935104155e+01
1.128339840000000009e+02 5.258794400000000024e+01 1.277217667841750597e+02 5.417324122742073200e+01
9.726832000000000278e+01 5.954183600000000354e+01 1.323412410827344843e+02 6.626946900692296083e+01
1.354041100000000029e+02 3.887180299999999988e+01 1.165050672259413034e+02 5.451728103198638564e+01
9.670753999999999451e+01 4.132718700000000212e+01 9.348662904148345376e+01 5.822310250313120150e+01
1.228827440000000024e+02 5.697273299999999807e+01 1.201638318791537756e+02 3.997977498671502161e+01
1.235379199999999997e+02 5.688245400000000274e+01 9.359173321715942961e+01 6.460215839009723027e+01
1.017205900000000014e+02 6.254576000000000136e+01 1.015232290548105425e+02 4.752713554423917230e+01
1.183306599999999946e+02 5.445273600000000158e+01 1.123001741589242926e+02 5.934183912862073385e+01
1.290979199999999878e+02 4.165603999999999729e+01 1.024884094025840682e+02 6.671276588308391808e+01
1.121689200000000000e+02 5.632432000000000016e+01 1.100553810920282132e+02 5.977145196363522928e+01
9.686402999999999963e+01 3.992714300000000094e+01 1.208891167896864403e+02 6.020691115111935687e+01
1.131526999999999958e+02 6.835912999999999329e+01 1.016247804579838032e+02 6.421695754853934091e+01
1.250668950000000024e+02 5.613698999999999728e+01 1.051901727088752523e+02 5.621230607944330870e+01
1.322074100000000101e+02 5.899467500000000086e+01 1.226388489295177351e+02 4.735532740326224399e+01
1.073449800000000067e+02 6.644370000000000687e+01 1.360530742088535590e+02 6.668100832932458388e+01
1.133519440000000031e+02 6.681714999999999804e+01 9.940385090807109236e+01 6.649902250251315650e+01
1.041841699999999946e+02 6.042407200000000245e+01 9.636653662560949840e+01 5.134562030469993488e+01
9.685869599999999480e+01 4.664153000000000304e+01 1.088585048277967644e+02 5.959969861971363514e+01
9.672338000000000591e+01 6.738236999999999455e+01 1.028575395053843664e+02 6.846065494384689032e+01
1.091557799999999929e+02 6.643088500000000352e+01 1.313541986031304702e+02 3.818595843550004076e+01
1.274081900000000047e+02 6.178722400000000192e+01 1.286546336302880889e+02 4.060143943912461850e+01
1.027799499999999995e+02 4.438045999999999935e+01 9.444312766980570473e+01 4.403797574446399921e+01
1.348428299999999922e+02 6.892645000000000266e+01 1.078931055508560775e+02 6.562560911123347296e+01
1.103153899999999936e+02 4.677591699999999975e+01 9.523566752891848353e+01 5.584854378905739480e+01
9.322874000000000194e+01 4.567955800000000011e+01 1.132615180792002576e+02 4.573601503728549744e+01
1.009870599999999996e+02 5.311078299999999786e+01 9.883081663653690896e+01 4.901588371052174864e+01
1.095118700000000018e+02 6.987735999999999592e+01 1.348609053531916970e+02 6.980151251749580865e+01
9.853071599999999819e+01 4.018719500000000266e+01 1.253364782758034295e+02 6.791916156313131125e+01
1.180458449999999999e+02 6.715109999999999957e+01 1.320159814127538027e+02 4.466819709953950479e+01
1.065789000000000044e+02 5.354368999999999801e+01 9.411519111174956720e+01 6.739707961795559754e+01
1.356246500000000026e+02 5.434440000000000026e+01 1.107864661510517976e+02 4.532119613972512440e+01
1.368266900000000135e+02 5.016839000000000226e+01 1.041110750707457981e+02 6.484250398825020056e+01
1.219323899999999981e+02 5.665131800000000339e+01 1.300448683183329308e+02 6.009609569263267304e+01
1.074969600000000014e+02 5.234973999999999705e+01 1.055893733251976130e+02 6.465511834110773748e+01
9.213756999999999664e+01 5.450085399999999680e+01 1.316352760524701466e+02 4.497206487313814449e+01
1.019693759999999969e+02 3.966786599999999652e+01 9.834574618083935604e+01 4.406566494168220061e+01
1.260278899999999993e+02 5.749642599999999959e+01 1.096779154818787845e+02 6.251119859960370917e+01
1.343366499999999917e+02 4.501083400000000267e+01 1.134634677465633104e+02 4.382092301730857287e+01
1.352816599999999880e+02 6.902122500000000116e+01 1.239921686542900545e+02 6.692507338881642909e+01
9.406001000000000545e+01 3.944881999999999778e+01 1.342715609578034730e+02 5.449992216779722298e+01
1.060775600000000054e+02 4.742472000000000065e+01 1.028050797354090804e+02 6.836101678996448072e+01
1.003652199999999937e+02 3.889539299999999855e+01 1.070918739393152919e+02 6.673162044554803174e+01
1.093203199999999953e+02 6.651191000000000031e+01 1.006346409073069452e+02 3.562974458636894326e+01
1.308487399999999923e+02 6.716704599999999914e+01 1.074993080623324744e+02 5.172048586697715677e+01
9.421202999999999861e+01 6.090870000000000317e+01 1.197442209061860297e+02 4.091806378154661417e+01
1.192215699999999998e+02 4.709253999999999962e+01 1.362511590852005270e+02 3.527904882766702599e+01
1.078767600000000044e+02 5.177440299999999951e+01 1.013970024575919524e+02 6.503917990303108354e+01
1.273678050000000042e+02 4.063540299999999661e+01 9.582800224130491529e+01 5.005622635999116454e+01
9.276399000000000683e+01 4.047182000000000102e+01 1.075221927284508183e+02 4.574964566830239932e+01
1.157259999999999991e+02 5.756257200000000296e+01 1.077212576570881879e+02 5.748219715067182989e+01
1.289901600000000030e+02 3.846133999999999986e+01 1.284458551137672089e+02 4.476370458759173943e+01
1.047597659999999991e+02 5.342579700000000287e+01 1.140830484183533713e+02 5.346568273635058688e+01
1.191252999999999957e+02 5.451771500000000259e+01 9.359030425931528896e+01 4.144875046233015325e+01
1.237683999999999997e+02 4.733888600000000224e+01 1.137703661589767563e+02 4.670843226896685252e+01
1.140548900000000003e+02 6.417719999999999914e+01 1.346174024411287178e+02 6.236836448435755642e+01
9.345837000000000216e+01 6.431937399999999627e+01 9.749350368205247719e+01 6.165586998308606326e+01
1.236966400000000021e+02 5.796273399999999754e+01 1.032253527387748164e+02 4.234637127276084811e+01
1.212825700000000069e+02 6.390183600000000297e+01 1.376288407829915172e+02 5.702775608024244036e+01
1.349667399999999873e+02 4.896724999999999994e+01 1.267495510821629097e+02 4.081892414915412814e+01
1.219773799999999966e+02 5.959729800000000211e+01 1.260471596920251329e+02 6.115898751191478055e+01
1.249519700000000029e+02 3.945301400000000314e+01 1.092623005384434691e+02 4.651134209136743181e+01
1.282379599999999868e+02 6.275876199999999727e+01 9.987215065801098035e+01 5.181157409210641873e+01
1.177592000000000070e+02 6.768806499999999460e+01 9.396540947133905775e+01 5.016440012173145391e+01
1.306090199999999868e+02 3.541441999999999979e+01 1.061925076183819527e+02 6.517033692234963382e+01
1.052442700000000002e+02 5.953064299999999776e+01 1.038437815666629547e+02 5.993512444584491305e+01
1.150687300000000022e+02 5.993512299999999726e+01 9.646137064073386114e+01 4.222338749378944556e+01
9.992625999999999920e+01 6.632743999999999573e+01 1.093451176807038365e+02 4.555755941519636565e+01
1.318427700000000016e+02 4.220098000000000127e+01 1.291085195389961768e+02 3.836539924712844396e+01
1.075728150000000056e+02 6.970631000000000199e+01 9.214673496768170935e+01 6.958270837824363753e+01
1.085812449999999956e+02 5.405987999999999971e+01 1.295078180808058050e+02 4.259795654550423905e+01
1.303312400000000082e+02 4.228504600000000124e+01 1.180038050514965278e+02 4.033613689173616024e+01
1.137143250000000023e+02 6.302846000000000259e+01 1.149674321217026147e+02 3.560676805330005834e+01
1.274855600000000067e+02 6.543001999999999896e+01 1.281963724925284396e+02 3.555944534599917262e+01
1.260731799999999936e+02 5.804720999999999975e+01 1.053573642286168024e+02 4.524197756630161393e+01
1.188903499999999980e+02 6.277102699999999658e+01 1.008333357839284616e+02 6.157484278542145262e+01
1.082725449999999938e+02 3.607656999999999670e+01 1.346187017712314002e+02 6.954151444738620569e+01
1.062774299999999954e+02 6.175794599999999690e+01 9.646277721988479925e+01 6.654486718251288835e+01
1.187232000000000056e+02 3.828542999999999807e+01 1.061275056157666938e+02 6.452144541604756967e+01
1.244192900000000037e+02 3.773806799999999839e+01 1.086229555795792550e+02 4.598494239415475704e+01
9.874423000000000172e+01 3.547349499999999978e+01 1.206081468775570755e+02 4.241323591394573356e+01
1.289813200000000109e+02 6.302158399999999716e+01 1.192478842520808371e+02 6.001285886276414772e+01
1.255285300000000035e+02 4.067558700000000016e+01 1.247905160841044960e+02 3.777174159302856538e+01
1.104425800000000066e+02 5.839426999999999879e+01 9.341817316890957557e+01 5.503228210349780625e+01
1.361128699999999867e+02 6.609874999999999545e+01 1.210670386487501275e+02 4.516694674668169540e+01
1.234111900000000048e+02 4.187895199999999818e+01 1.227394305779489230e+02 5.031592422137303089e+01
1.310017100000000028e+02 4.182322299999999871e+01 1.229922615173617260e+02 4.324265109230919535e+01
1.241052250000000043e+02 6.197458000000000311e+01 9.557972439381462948e+01 6.754360287625691228e+01
1.141460950000000025e+02 5.843473399999999884e+01 1.141544975344049533e+02 6.003261303161711737e+01
9.431417000000000428e+01 4.569948200000000327e+01 1.090581636568736457e+02 4.576452383135909940e+01
9.783262999999999465e+01 3.560330600000000345e+01 1.303677122841235132e+02 6.705080000253406070e+01
1.222467350000000010e+02 4.242764300000000333e+01 1.213270148715509578e+02 6.615144386283458289e+01
9.244834000000000174e+01 3.952313999999999794e+01 1.341427451795383945e+02 3.947622470466104971e+01
1.361144299999999987e+02 5.436827499999999702e+01 1.281244487141193815e+02 5.317685348595206563e+01
1.314157899999999870e+02 6.696979000000000326e+01 1.107700171609049704e+02 6.460812007604124574e+01
1.312650600000000054e+02 6.732094999999999629e+01 1.172013622609922550e+02 5.928187875299525444e+01
1.147890550000000047e+02 4.520873000000000275e+01 1.015655693048969965e+02 5.724098024256906569e+01
1.287674599999999998e+02 5.786597400000000135e+01 9.326067955857260472e+01 6.039431383863659164e+01
1.334500700000000109e+02 5.219880299999999806e+01 9.555228525468690748e+01 5.877920582455377030e+01
1.159296999999999969e+02 5.250370800000000315e+01 1.297304083708825715e+02 4.802340563948176566e+01
9.200600000000000023e+01 4.198944000000000187e+01 1.304312435175932592e+02 4.843180259072308047e+01
1.287544599999999946e+02 3.814048799999999773e+01 1.098281596633907498e+02 4.179746560843000225e+01
1.110294700000000034e+02 5.223203699999999827e+01 1.178357809370377822e+02 5.498039288788029211e+01
1.350181100000000072e+02 6.460796000000000561e+01 1.084683018754290629e+02 4.032940322473448447e+01
1.212329100000000039e+02 5.265629599999999755e+01 1.196817961025610657e+02 5.005071963084468223e+01
1.300491600000000005e+02 5.058010000000000161e+01 1.330333050228968830e+02 5.647026716636858623e+01
9.589624999999999488e+01 4.540874000000000166e+01 1.350412835502476696e+02 5.052866322098255125e+01
1.018549959999999999e+02 3.931338499999999669e+01 1.064648458171806595e+02 6.197167613994938051e+01
9.562781999999999982e+01 3.736223199999999878e+01 1.304768178172291186e+02 4.745195462820728238e+01
1.136940500000000043e+02 6.762308000000000163e+01 1.338978904885797476e+02 4.199637684967555629e+01
9.536253999999999564e+01 5.861595499999999959e+01 1.369642053455916368e+02 4.232379119043763893e+01
1.313765400000000056e+02 5.610603700000000060e+01 1.040028396283519641e+02 4.125399683349513680e+01
1.328938799999999958e+02 5.120601700000000278e+01 1.008268070800169767e+02 5.488272813028903840e+01
1.320914500000000089e+02 3.841991999999999763e+01 9.625741092927083287e+01 4.427800493906037360e+01
1.211527559999999966e+02 6.379101599999999905e+01 9.926860379884442409e+01 5.937286438712278880e+01
1.100357060000000047e+02 5.279907999999999646e+01 1.174185007043664655e+02 5.034887272838250283e+01
1.261268539999999945e+02 5.741901000000000010e+01 1.237539372893894409e+02 5.682491643806632453e+01
1.240055540000000036e+02 5.586054000000000030e+01 1.178827707198147721e+02 4.016820651017199850e+01
1.012601200000000006e+02 4.201659000000000077e+01 1.085847636359837622e+02 6.560871713841609676e+01
1.054679799999999972e+02 6.488631399999999871e+01 1.108177682986258645e+02 5.814999130917340153e+01
1.015891340000000014e+02 4.724515000000000242e+01 1.124712767071105475e+02 6.709733167378723806e+01
9.607720000000000482e+01 4.594196000000000168e+01 1.375625399770325146e+02 4.656603129687761822e+01
1.233985100000000017e+02 4.811843999999999966e+01 9.884192439206410086e+01 5.115984416321967387e+01
1.180130300000000005e+02 4.970747800000000183e+01 1.019694281139091316e+02 5.660806329286393179e+01
1.001759339999999980e+02 6.224826399999999893e+01 9.984671978910783707e+01 6.939318730034773353e+01
1.182692899999999980e+02 4.664369599999999849e+01 1.048806973785263352e+02 5.805842401211200610e+01
1.017724000000000046e+02 3.981458700000000306e+01 9.786755179500769941e+01 4.093843097503234674e+01
1.280090500000000020e+02 5.772964000000000340e+01 9.704435370550055495e+01 5.076307900381953431e+01
1.234374159999999989e+02 6.095640000000000214e+01 1.204846620301969580e+02 5.514942028389869222e+01
9.914043999999999812e+01 4.100863300000000322e+01 1.320027899349830705e+02 6.183653628353597753e+01
9.912707500000000493e+01 4.119089000000000311e+01 1.197303310700805525e+02 5.851725161314782042e+01
1.300085599999999886e+02 6.276484299999999905e+01 1.095622583448074749e+02 6.874266169979316032e+01
1.314662600000000054e+02 3.549868399999999724e+01 1.226113262950112386e+02 6.958003108199727649e+01
1.082019039999999990e+02 5.525202999999999776e+01 1.286356009948873975e+02 5.633808531450409163e+01
1.152041550000000001e+02 5.687789999999999679e+01 1.061158853780645046e+02 4.328016798779955820e+01
1.218999560000000031e+02 6.755535999999999319e+01 1.270260483872033888e+02 4.176551755935021504e+01
1.370951799999999992e+02 4.932910499999999843e+01 1.098428869886408137e+02 6.460674168839032916e+01
1.375437300000000107e+02 5.089584700000000339e+01 9.386998145821215189e+01 6.265633353179425313e+01
1.210871000000000066e+02 6.922011000000000536e+01 1.278263524332581653e+02 4.209840822644644476e+01
1.012898299999999949e+02 4.361273599999999817e+01 1.321511337531451602e+02 5.264612999905388335e+01
1.352934400000000039e+02 4.433675800000000322e+01 1.186271381630049859e+02 3.965028156863390763e+01
1.330759999999999934e+02 4.629179800000000000e+01 1.054168511774253574e+02 5.005551226990912284e+01
1.103841800000000006e+02 4.689770500000000197e+01 1.293355363760247769e+02 5.164435283287828327e+01
9.941186999999999330e+01 5.925398299999999807e+01 1.166328164078663434e+02 6.258298546900886095e+01
9.593773000000000195e+01 3.950325000000000131e+01 9.429074004778416906e+01 6.446971405735030203e+01
1.205820200000000000e+02 6.491182999999999481e+01 1.126838038489747902e+02 4.490578442139148763e+01
9.580971999999999866e+01 3.681184999999999974e+01 1.291709367685686800e+02 3.849716328968742118e+01
1.033637899999999945e+02 4.567703999999999809e+01 9.613378121388993236e+01 5.182203148515605307e+01
1.173943600000000060e+02 5.623228000000000293e+01 1.143488329963485199e+02 3.844526454034706120e+01
1.289333499999999901e+02 3.834403600000000267e+01 1.156802287186264948e+02 6.215215893269943592e+01
1.360457000000000107e+02 6.921917000000000542e+01 9.817192571599306916e+01 5.953496638142622288e+01
1.289340799999999945e+02 6.449040999999999713e+01 1.340713041360441196e+02 6.361323165458954065e+01
1.170426700000000011e+02 4.732288400000000195e+01 1.334415519118403211e+02 3.594004710522722945e+01
1.372247199999999907e+02 4.474389299999999992e+01 9.948770808472497151e+01 6.423468829489677034e+01
1.075883599999999944e+02 5.282531000000000176e+01 9.864401924034879698e+01 5.342074909516946946e+01
9.481568000000000040e+01 6.422500999999999749e+01 1.238624767149146351e+02 6.554187688602607409e+01
9.674707999999999686e+01 6.697728999999999644e+01 1.378835541612327802e+02 6.340287259266519015e+01
1.178167399999999958e+02 5.192056999999999789e+01 1.256762330781280070e+02 6.163907121155333613e+01
1.008501399999999961e+02 4.273790999999999940e+01 9.988673826445973702e+01 5.544104978907247983e+01
1.310910599999999988e+02 6.709977999999999554e+01 1.092140140628247735e+02 4.013913930618328862e+01
1.238368799999999936e+02 5.063340999999999781e+01 1.187894192900848651e+02 6.661838758700159246e+01
1.289724400000000060e+02 3.861126999999999754e+01 1.174328052952762818e+02 5.937340017062393827e+01
1.118090739999999954e+02 5.815490299999999735e+01 1.109809503177153118e+02 3.672800216953734065e+01
1.219595199999999977e+02 6.421171999999999969e+01 9.743385156131542146e+01 5.793623660793629426e+01
9.939714999999999634e+01 4.046298600000000079e+01 9.525702171533930596e+01 3.643018286549524021e+01
9.683490999999999360e+01 4.251520500000000169e+01 1.165555230491766849e+02 6.438112005888510225e+01
1.229342350000000010e+02 3.806519000000000119e+01 1.194186104873003273e+02 5.245486332232000137e+01
9.709611999999999910e+01 4.712698400000000021e+01 1.259898238792330289e+02 6.387718544436839352e+01
1.312872999999999877e+02 4.876053199999999777e+01 1.373221951318210756e+02 5.190988185436336266e+01
1.375799000000000092e+02 4.596058299999999974e+01 1.359277382378942605e+02 4.745131469656161727e+01
1.225464999999999947e+02 5.409246399999999966e+01 1.128842348155693003e+02 4.094994601861119321e+01
9.255128000000000554e+01 4.156922999999999746e+01 1.234536130139156569e+02 5.383049241789194639e+01
1.157399800000000027e+02 3.658991600000000233e+01 1.064518441645654718e+02 6.367532480566073616e+01
1.238652000000000015e+02 5.845137799999999828e+01 1.348043726350644249e+02 5.183669208343597745e+01
1.068333499999999958e+02 5.119921999999999684e+01 1.159955266474634072e+02 4.361910434155349492e+01
1.342359199999999930e+02 3.987059399999999698e+01 1.205890047662588813e+02 6.930723584381071589e+01
1.313378899999999874e+02 5.852443300000000193e+01 1.245718914990722226e+02 3.588192248119136707e+01
1.183140999999999963e+02 6.589821999999999491e+01 1.057294888047187840e+02 6.426868315153252809e+01
1.035991999999999962e+02 6.410787999999999442e+01 1.015264000191359912e+02 5.684467866675336722e+01
1.066741399999999942e+02 5.427545500000000089e+01 9.257317172886608603e+01 4.185993655832528759e+01
1.292239700000000084e+02 5.908103599999999744e+01 9.371062328507056804e+01 6.490344715771260553e+01
1.024056499999999943e+02 6.380721299999999729e+01 1.104327395680757178e+02 6.544465717808523664e+01
1.298146000000000129e+02 3.878756299999999868e+01 1.374073789810469748e+02 6.596156833886479376e+01
9.642338599999999360e+01 4.365512999999999977e+01 1.196148388175990931e+02 6.810078252226450957e+01
1.225248200000000054e+02 3.767402299999999826e+01 1.058682113475807540e+02 4.769897050169927866e+01
1.330272199999999998e+02 6.612424000000000035e+01 1.330365902176532416e+02 5.576480879353749742e+01
1.026455500000000001e+02 6.412498999999999683e+01 1.094148300466652017e+02 6.605332461336789152e+01
1.046313899999999961e+02 4.612453000000000003e+01 1.116601645797032774e+02 4.361169502825082134e+01
1.352345899999999972e+02 6.453180000000000405e+01 1.287191014963290172e+02 5.412326993618329141e+01
1.324339799999999912e+02 4.008270300000000219e+01 1.239046905141199630e+02 4.409603579523728456e+01
1.067445450000000022e+02 6.478579000000000576e+01 9.543671101522350853e+01 6.325876475271096666e+01
1.119978299999999933e+02 6.080753700000000350e+01 9.335086631463177298e+01 4.920573836849160898e+01
1.271018449999999973e+02 4.009243000000000023e+01 1.197345183801612905e+02 4.632498440407755425e+01
1.217093100000000021e+02 6.044673999999999836e+01 1.160549935294583292e+02 6.429234156910209208e+01
1.055766699999999929e+02 6.246690999999999860e+01 9.414150595208175787e+01 6.657233617327889874e+01
1.160596000000000032e+02 4.229883600000000143e+01 1.147385283481930287e+02 6.789788182186771337e+01
1.349592700000000036e+02 6.470493000000000450e+01 1.212295623278539267e+02 5.414482678412608863e+01
1.074811100000000010e+02 4.658744999999999692e+01 1.080270866696458114e+02 6.499473719380324610e+01
9.558965000000000600e+01 4.558610000000000184e+01 1.047803000836045584e+02 6.359519891185828300e+01
1.148245239999999967e+02 4.082608799999999860e+01 9.432193600974477476e+01 4.261412880412507320e+01
1.033102899999999948e+02 4.848534999999999684e+01 9.712580285401516278e+01 6.733780108091687566e+01
1.325506699999999967e+02 6.594025000000000603e+01 1.142962761209300169e+02 5.170739431902578076e+01
9.706588999999999601e+01 4.277789299999999884e+01 9.213333775401625303e+01 6.289047635781825107e+01
1.253623350000000016e+02 3.945582600000000184e+01 1.218385103160387644e+02 6.969940946900777590e+01
1.073024599999999964e+02 6.782371500000000708e+01 1.090791690153006073e+02 6.806559447858100498e+01
1.165513700000000057e+02 6.182422600000000301e+01 1.158954935105847568e+02 6.623406102249157357e+01
9.771300999999999704e+01 3.548052200000000056e+01 1.125503203588688024e+02 6.298661824909535767e+01
1.194731199999999944e+02 6.513867000000000473e+01 9.359059281183418477e+01 6.384946568340986062e+01
1.110209600000000023e+02 6.774168000000000234e+01 1.350544865409463569e+02 5.622693066112402960e+01
1.236375599999999935e+02 5.699531000000000347e+01 1.302006883038853857e+02 5.097588041516571877e+01
1.211203500000000020e+02 4.883854300000000137e+01 1.107397516570608786e+02 3.876623938936008074e+01
1.355563199999999995e+02 6.550664500000000601e+01 1.110594942894496029e+02 3.675065685514637437e+01
1.000880659999999978e+02 5.430048399999999731e+01 1.346941439035386452e+02 6.212099137753423150e+01
1.376975300000000004e+02 4.240884400000000198e+01 1.221564006049943885e+02 4.572268178162559593e+01
1.105789099999999934e+02 5.851252000000000209e+01 1.328392666463304010e+02 4.604759985761744190e+01
1.323046400000000062e+02 4.222807999999999851e+01 1.137178931886700894e+02 5.493865153195653761e+01
1.312772500000000093e+02 3.568484999999999729e+01 1.037943431885511814e+02 5.124899997455017342e+01
1.272386699999999990e+02 6.697512999999999295e+01 1.052928357179168444e+02 5.781225330198401480e+01
1.360230899999999963e+02 5.236315499999999901e+01 1.024889632645606952e+02 6.009768451238565490e+01
1.369724099999999964e+02 4.917616999999999905e+01 1.317046004978115832e+02 6.176484473808129394e+01
1.278565700000000049e+02 3.811675000000000324e+01 1.019998352042683223e+02 3.957130948758592837e+01
1.088693849999999941e+02 6.344357000000000113e+01 1.151554768276581768e+02 4.938050159981567333e+01
1.036968150000000009e+02 4.178603400000000079e+01 1.325554947337120666e+02 4.413171996708335598e+01
1.264832200000000029e+02 3.970136300000000062e+01 1.154716771329287042e+02 6.015499090098681734e+01
1.121065750000000065e+02 6.760827999999999349e+01 1.356502763258654056e+02 4.611154754730486616e+01
1.252375300000000067e+02 5.622773000000000110e+01 1.345093058460621478e+02 6.889026781094504770e+01
1.061654599999999959e+02 5.734033199999999653e+01 1.310720313071048224e+02 4.820356783593199879e+01
1.375125299999999982e+02 5.513875199999999666e+01 9.566927035945570879e+01 6.692219814221019192e+01
1.087776499999999942e+02 5.057681000000000182e+01 1.133824620775554024e+02 6.692028399250393988e+01
1.273533699999999982e+02 5.781324800000000153e+01 9.737918758511729322e+01 5.060917273202156252e+01
1.322661699999999882e+02 4.410014999999999930e+01 1.218765021716815511e+02 4.476131809868351752e+01
1.029468300000000056e+02 4.661905699999999797e+01 1.252771220480730818e+02 5.491914839163028006e+01
1.245640099999999961e+02 6.136617999999999995e+01 1.300787056112905873e+02 6.688541339130013341e+01
1.114779000000000053e+02 5.723694600000000321e+01 1.319863944525413046e+02 4.555037384321414606e+01
1.330698199999999929e+02 4.641217999999999932e+01 1.083802331596786388e+02 4.387371822850996494e+01
1.008032900000000041e+02 3.587965799999999916e+01 1.162447619512120269e+02 5.985932447671832080e+01
1.327441599999999937e+02 3.867976999999999776e+01 1.285529247158960970e+02 4.895172521210999150e+01
