1.362494399999999928e+02 7.147281999999999691e+00 1.281721925825000881e+02 5.053817497663183111e+00
1.117229700000000037e+02 2.507940899999999829e+01 1.379677601178234738e+02 2.218567070345758907e+01
9.523578000000000543e+01 1.369793800000000061e+01 9.782290472166536688e+01 2.375233801463821237e+01
1.354983200000000068e+02 2.180336600000000047e+01 1.014859300101800557e+02 6.871197112932215134e+00
1.028446299999999951e+02 1.033540400000000048e+01 1.348204815159239160e+02 2.599850335597199447e+01
1.238157300000000021e+02 2.394317000000000029e+00 9.706387797278928531e+01 3.417576588641949087e+01
1.213265499999999975e+02 1.656940499999999972e+01 9.615266565444397884e+01 3.188545570753744940e+01
1.052273249999999933e+02 1.942294899999999913e+01 1.056157333965515051e+02 1.451652779538199844e+01
1.077555200000000042e+02 9.456590000000000273e-01 1.199229867446174893e+02 4.199502051857872953e-02
1.038147050000000036e+02 2.523268900000000059e+01 1.027512255843976305e+02 1.906550605582772562e+01
1.134743899999999996e+02 1.783001700000000156e+01 1.271856324833434684e+02 2.673196373353223976e+01
9.798886000000000251e+01 2.281648600000000116e+01 1.229528217573414537e+02 1.370799470322832292e+01
1.063641049999999950e+02 2.387164500000000089e+01 9.404289993195983755e+01 1.157470194618176684e+01
1.285316500000000133e+02 2.385472700000000046e+01 9.590709130471287835e+01 2.403903989438015643e+01
1.284270199999999988e+02 1.218423199999999973e+01 1.075206579192773688e+02 2.626898695332697375e+00
1.073292849999999987e+02 3.159566099999999977e+01 1.221110680058013003e+02 1.012585157507004574e+01
1.209356899999999939e+02 1.847487599999999830e+01 9.957729744832697349e+01 1.541423530789005092e+01
1.132667699999999940e+02 2.412417599999999851e+01 1.184066832294098788e+02 4.046861322922047144e+00
1.006111999999999966e+02 2.106609699999999918e+01 9.876087751365560052e+01 2.879752855705512005e+01
9.606447599999999909e+01 1.423127200000000059e+01 1.147514583423978678e+02 3.307297592473950942e+01
1.307253599999999949e+02 6.854900000000000437e-01 1.235169762102400028e+02 2.038228830860010632e+01
1.162825799999999958e+02 2.886048299999999855e+01 1.264089934936606596e+02 2.551801155087837714e+01
1.080991000000000071e+02 2.938798099999999991e+01 1.202277202351319119e+02 3.082812279104650699e+01
1.313251199999999983e+02 1.970950999999999897e+00 1.026081067307103467e+02 1.310500413703870670e+01
1.263779700000000048e+02 5.362957999999999892e+00 1.132998178824688722e+02 1.623539165574621279e+01
1.158009200000000050e+02 1.240815699999999921e+01 9.980385248214668081e+01 3.250149650045931082e+01
1.263779140000000041e+02 1.207870400000000011e+01 1.176916589120375534e+02 3.897702008307796229e-01
1.057339300000000009e+02 2.254277000000000086e+01 1.208219301169015978e+02 9.443659938928771425e+00
1.205011700000000019e+02 1.523211200000000076e+01 1.048789619564861084e+02 3.706673952048330278e+00
1.091223140000000029e+02 1.249098299999999995e+01 9.409969377432719284e+01 1.827923516502930568e+01
1.357358399999999961e+02 2.665312000000000126e+01 1.327608299179398159e+02 2.180342223890402664e+01
1.039118200000000058e+02 3.331466000000000349e+01 9.812456693174576117e+01 2.953614524549629472e+00
1.192325799999999987e+02 1.873827999999999960e+01 9.242455313568190434e+01 7.349372889288948940e+00
1.151589299999999980e+02 1.951465999999999923e+01 9.309393766034460782e+01 1.299428866436546315e+01
9.377822000000000457e+01 1.161443599999999954e+01 1.150784060163912841e+02 5.039216445347737050e+00
1.004608149999999966e+02 1.180514800000000086e+01 1.032061855828906971e+02 3.497759157228831128e+01
9.770518500000000017e+01 3.484497000000000355e+01 1.221867925299353459e+02 2.973013624548639200e+01
1.245328750000000042e+02 5.898450999999999667e+00 1.330889297459408738e+02 3.067173379806950706e+01
1.171072699999999998e+02 2.069869999999999877e+01 1.028956441974389406e+02 1.894264004171751736e+01
1.279248099999999937e+02 1.419645299999999999e+01 1.172247652880862887e+02 9.382972683211331599e+00
1.054250700000000052e+02 1.328714199999999934e+01 1.021380704743431096e+02 5.352144976580649249e+00
1.162190860000000043e+02 1.619126699999999985e+01 1.156656391414855420e+02 1.792887463191131303e+01
1.044278599999999955e+02 3.043076299999999890e+01 1.051619191227535453e+02 2.190839972173975525e+01
1.224305650000000014e+02 1.482882700000000042e+01 1.379949541716922568e+02 1.719949924104716033e+01
1.276584799999999973e+02 1.222587000000000046e+01 1.192517750017194373e+02 3.493837724958187607e+01
1.365897199999999998e+02 8.289113999999999649e+00 1.361903104414124641e+02 3.054453642929004786e+01
1.198467559999999992e+02 2.083139399999999952e+01 1.051686592328346848e+02 1.930195903906287924e+01
9.314667500000000189e+01 8.059920999999999225e+00 1.306447939832737859e+02 9.732208546986944597e+00
1.131937599999999975e+02 1.547869000000000028e+01 1.306340399211400154e+02 3.078142681270189129e+01
1.239836800000000068e+02 2.243474799999999902e+01 1.098431598255825037e+02 1.141367538592121278e+01
9.328924999999999557e+01 3.156033700000000053e+01 9.282389014332420629e+01 2.883682971132421002e+01
9.375951999999999487e+01 5.335786999999999836e+00 1.251773709595043300e+02 3.391117932095535537e+01
1.137233899999999949e+02 1.709985999999999962e+01 1.333947640300505668e+02 8.677482606591251368e+00
1.179852599999999967e+02 2.901504999999999868e+01 1.365862770876711920e+02 3.015165422036734455e+01
1.284484300000000019e+02 1.938568000000000069e+01 1.032456819586859780e+02 6.021650571034193433e+00
1.062773360000000054e+02 3.356752000000000180e+01 1.005180540958242403e+02 8.971973188547373468e+00
1.163839600000000019e+02 3.313588299999999975e+01 9.603603189455242273e+01 1.635784867776659013e+01
1.197277760000000058e+02 1.748821299999999823e+01 1.035493271493216696e+02 3.195771666543062439e-01
9.223060999999999865e+01 1.685863300000000109e+01 1.049386170329967030e+02 2.921724852125190353e+01
1.043387149999999934e+02 9.050921000000000660e+00 1.058585345660032715e+02 2.685175300288645150e+00
1.215895900000000012e+02 2.809661000000000186e+00 1.321243311126179378e+02 1.486928291290950632e+01
1.044680299999999988e+02 3.070377200000000073e+01 1.263696745028028090e+02 7.457323973990989785e+00
1.320393799999999942e+02 1.065912600000000054e+01 9.822690022938689935e+01 3.132276354980314537e+01
1.255492700000000070e+02 8.926770000000000538e-01 9.334969918411208312e+01 6.506240290495600931e+00
1.090517700000000048e+02 2.200368999999999797e+00 9.547901206369137128e+01 2.247433501259791910e+00
1.236211500000000001e+02 7.483664000000000094e+00 1.116363126917807449e+02 1.204523883169867560e+01
1.331738100000000031e+02 1.710335399999999950e+01 1.153188864228781938e+02 2.732505494181351580e+00
1.281042500000000075e+02 1.263489599999999946e+01 9.300590277818405127e+01 1.509929557589518900e+01
1.252033899999999988e+02 9.675684000000000395e+00 1.199998507960749663e+02 1.645817372325326033e+01
1.238034899999999965e+02 2.526756900000000172e+01 1.029441422612005681e+02 1.202854937127405854e+01
1.352699100000000101e+02 1.797872999999999877e+01 1.243270506798816797e+02 3.004042645022023805e+01
1.033924800000000062e+02 1.779240799999999822e+01 1.257830112966749709e+02 2.766776668192645872e+01
1.294812799999999982e+02 6.655688999999999744e+00 9.415532406707960433e+01 3.282350303842182626e+01
1.138528600000000068e+02 1.730878299999999825e+01 1.184936367281286067e+02 3.098110012877064534e+01
9.298394999999999300e+01 1.077677500000000066e+01 1.278650854365057796e+02 2.723798761058535689e+01
1.183000300000000067e+02 2.883506799999999970e+01 1.097740482822817540e+02 3.012669368070967835e+01
9.655464999999999520e+01 1.214202599999999954e+01 1.073494212895877808e+02 2.962723573769877206e+01
1.328190899999999885e+02 1.732873199999999869e+01 1.042292391992130831e+02 5.290099567784692702e+00
1.032274000000000029e+02 2.139972099999999955e+01 1.205173171305455497e+02 2.262032444790224872e+01
1.270421900000000051e+02 9.402692000000000050e+00 9.342220024862054117e+01 3.066281307669120082e+01
1.246458499999999958e+02 8.768022000000000205e+00 1.171534968421892842e+02 3.355351491409056308e+01
1.118774700000000024e+02 8.852149999999999741e-01 1.073845182417936428e+02 4.124741291153310563e+00
1.134008259999999950e+02 2.899073999999999884e+01 1.067905497484421176e+02 2.183999243391276579e+01
1.030875699999999995e+02 2.004662899999999937e+01 9.838783420541800240e+01 2.607852419620599349e+01
1.153295300000000054e+02 3.144066799999999873e+01 1.223229514907501709e+02 2.266068518925773390e+01
1.206557700000000040e+02 2.813215599999999839e+01 1.111176691268700836e+02 1.644206308457914290e+01
1.178697700000000026e+02 2.086379200000000012e+01 1.366832219454192057e+02 2.465390277108513573e+01
1.055706899999999990e+02 1.189837999999999951e+00 9.753566416015087270e+01 1.497181965042607921e+01
1.021893000000000029e+02 2.534525299999999959e+01 1.307352536705853936e+02 3.419435446125388722e+01
9.685811999999999955e+01 2.423231099999999927e+01 1.260523246626525236e+02 9.217615025551737062e+00
1.090132449999999977e+02 3.312825999999999738e+01 1.139705311602041462e+02 2.890128281613761452e+00
1.333482799999999884e+02 1.179657699999999920e+01 1.148036050611041645e+02 3.270941147362112389e+01
1.121361700000000070e+02 1.501207800000000070e+01 1.306661655435503349e+02 2.944331009022772605e+01
1.322587900000000047e+02 1.993284600000000140e+01 1.169262066137308551e+02 2.425355982645503872e+01
1.344775799999999890e+02 1.507870000000000044e+00 1.246471869119083635e+02 1.237818581719615807e+01
1.187104099999999960e+02 2.623511699999999891e+01 1.323563346035275288e+02 1.231110925777826637e+01
1.012192799999999977e+02 1.839170000000000016e+01 1.352973491815349689e+02 3.347001717435028212e+01
9.374456000000000699e+01 1.572163800000000045e+01 1.264049079675624796e+02 1.855471477074902964e+01
1.220900299999999987e+02 1.225796500000000044e+01 1.214922681047650315e+02 1.100577234123926118e+01
1.102189560000000057e+02 3.002410100000000170e+01 1.097492793936732198e+02 1.636153360673902313e+01
9.930594999999999573e+01 3.422701599999999900e+01 1.254584273800356868e+02 6.978256818211153067e+00
1.308998300000000086e+02 1.325305999999999962e+01 1.009723883803544595e+02 3.458152552071310737e+01
9.826783000000000357e+01 3.081710999999999956e+01 1.332427137326060063e+02 3.431267052224252012e+01
1.288829800000000034e+02 1.261915899999999979e+01 9.893547134715201707e+01 2.486180782345695306e+01
9.665582999999999458e+01 3.197328999999999866e+01 1.347960946370310751e+02 1.234632860073551441e+01
1.057738700000000023e+02 3.275798400000000044e+01 1.340455241723545043e+02 3.112393218678606743e+01
1.155546300000000031e+02 3.284311999999999898e+01 1.070998661228382787e+02 2.356256065917170872e+01
1.151436800000000034e+02 2.047480000000000133e-01 1.102535709590423636e+02 1.856927010301543390e+01
1.002415799999999990e+02 2.393959399999999960e+01 1.328615315362250158e+02 1.580701139318639292e+01
1.373541899999999885e+02 3.759332000000000118e+00 1.258651718755377829e+02 6.185354144823582700e+00
1.084375600000000048e+02 9.689182000000000627e+00 1.294089051918685414e+02 2.860824612884824347e+01
1.181575799999999958e+02 4.304343000000000252e+00 1.104555247049476066e+02 2.520763092508743952e+01
1.254169540000000040e+02 3.456313000000000191e+00 9.778708155223505116e+01 6.554286822767586784e+00
1.226914500000000032e+02 9.774010000000000531e+00 1.270083612975256528e+02 2.944559128661825653e+01
1.290645299999999907e+02 1.239838499999999932e+01 1.211057932437948637e+02 1.874941636541999657e+01
1.003582999999999998e+02 2.007404500000000169e+01 1.211635526950076098e+02 3.002074275571018802e+01
1.001291400000000067e+02 2.733772899999999950e+01 1.183620619365505036e+02 2.144514365870621830e+01
1.094473339999999979e+02 1.177907199999999932e+01 1.060392117322852812e+02 7.475563820762308964e+00
9.991494000000000142e+01 2.543089000000000155e+01 1.001274006436675990e+02 2.439185761491626181e+01
1.187812500000000000e+02 1.942212699999999970e+01 9.730004830632736912e+01 1.061900905499681969e+00
1.364737700000000018e+02 1.743399999999999950e-01 1.327701197586528394e+02 5.021533026708188352e+00
1.158565700000000049e+02 3.633550000000000058e+00 9.737095400117605948e+01 1.243562461292395760e+01
1.338282499999999970e+02 1.554138900000000056e+01 9.741840836407259019e+01 1.493850462286992986e+01
1.195313340000000011e+02 2.946656799999999876e+01 1.370245281209899417e+02 2.681057779161936239e+01
9.494267999999999574e+01 1.559491000000000049e+01 1.053488252901727691e+02 1.350672962126465926e+01
1.211231700000000018e+02 5.250886000000000386e+00 1.110623152876921012e+02 1.105847704022252564e+01
1.148955600000000032e+02 1.872133399999999881e+01 1.024183028218919134e+02 7.383620231570399817e+00
1.004696349999999967e+02 2.828714799999999840e+01 1.243337734709343607e+02 3.277672701045107573e+01
1.239505500000000069e+02 2.607684000000000069e+01 1.261485969050937967e+02 2.703347797230599703e+00
1.375819199999999967e+02 3.059993599999999958e+01 9.627259854602934297e+01 4.460114490451240421e+00
1.278750000000000000e+02 1.229543499999999945e+01 1.340770515372579439e+02 2.389258235090737514e+01
1.328224999999999909e+02 9.980590000000000295e-01 1.084413011228937194e+02 2.241970032754168329e+01
1.137429199999999980e+02 7.580604000000000120e+00 1.172987248778849505e+02 1.398995366669305440e+01
1.121061799999999948e+02 1.889255100000000098e+01 1.183196471378394392e+02 7.437846827910983727e+00
1.054084500000000020e+02 1.954587400000000130e+01 1.030334378296111311e+02 1.196807224750386922e+01
1.046536499999999990e+02 2.301015299999999897e+01 1.155303689871941799e+02 7.985811466677751547e+00
1.266753199999999993e+02 4.709200000000000053e-01 1.002150671876869126e+02 2.625036356349086475e+01
9.854899000000000342e+01 3.494611400000000145e+01 1.296956794857474051e+02 2.109339161338541402e+01
1.310744200000000035e+02 1.026574600000000004e+01 9.761670511341856127e+01 3.282225418144480500e+01
9.334006499999999562e+01 3.144961500000000143e+01 1.379153002500144396e+02 2.159341636776884243e+01
1.334347699999999861e+02 1.250006499999999932e+01 1.253657695596067612e+02 3.057230864749805832e+01
1.155710700000000060e+02 2.116927000000000092e+01 1.353866324924526623e+02 1.309661180936181424e+01
1.226028500000000037e+02 5.691279999999999673e-01 1.371804395234342167e+02 1.625208817294579333e+01
1.336111899999999935e+02 1.554583700000000057e+01 1.375402847192640934e+02 3.080906799697304166e+01
1.083261399999999952e+02 2.506166800000000094e+01 1.153352616100459045e+02 3.412133793314978902e+01
1.141692800000000005e+02 1.235545300000000069e+01 9.908530251106462572e+01 2.920051566935790532e+01
1.263477249999999970e+02 1.183359199999999944e+01 9.544445382770000208e+01 2.286518402444694686e+01
9.268550000000000466e+01 1.349525000000000041e+01 1.360802884801302923e+02 1.325158612870385610e+00
1.136269149999999968e+02 3.253883400000000137e+01 1.352110803490359103e+02 1.046097950431272672e+01
1.163919099999999958e+02 2.742319000000000173e+01 1.160735887298337161e+02 2.811229623128178545e+01
1.237918099999999981e+02 8.565723000000000198e+00 1.126642388602715670e+02 4.121836647628050798e+00
1.062188000000000017e+02 2.861942700000000173e+01 1.321824730107369419e+02 1.226192976798616829e+00
1.181739800000000002e+02 4.793574999999999697e+00 1.167373647563307486e+02 9.215989329642683359e+00
1.015461399999999941e+02 1.266830999999999996e+01 9.614817300729411897e+01 2.670817610628075656e+01
1.015174399999999935e+02 2.652536600000000178e+01 9.295562716950804827e+01 2.195165887384202108e+01
1.229477159999999998e+02 6.256848999999999883e+00 9.875485292221439693e+01 7.307759867559574296e+00
1.150612100000000027e+02 2.330619199999999935e+01 9.424322616904007077e+01 1.569776306437392499e+01
1.075561600000000055e+02 3.017339499999999930e+01 1.105817125083824521e+02 2.456557278225517393e+01
1.033774300000000039e+02 2.454024499999999875e+01 1.350141811030912891e+02 3.744831147828040052e+00
1.104863299999999953e+02 2.858129299999999873e+01 1.182427032353209739e+02 3.142665389865613434e+01
1.008585800000000035e+02 2.470123500000000050e+01 1.258426962535251477e+02 1.132351761855108663e+01
1.006942899999999952e+02 1.965247499999999903e+01 1.086412294652954529e+02 4.649371373941701080e+00
1.014060060000000050e+02 2.798674199999999956e+01 9.257396009356105537e+01 9.789081603762392447e+00
1.037843000000000018e+02 2.495760299999999887e+01 1.225728802428672850e+02 2.796914991096593184e+01
1.023858299999999986e+02 3.174859999999999971e+01 1.347544397649610346e+02 7.897727890882404900e+00
1.005446000000000026e+02 2.298269499999999965e+01 1.342122094858158903e+02 3.490515280331288217e+00
1.148437040000000025e+02 1.286086000000000062e+00 1.266669383645868550e+02 5.285966937978566982e+00
1.213082699999999932e+02 1.064965600000000023e+01 1.220801244924991238e+02 2.763039651825278220e+00
1.164684299999999979e+02 2.321980999999999895e+01 1.285471652665792703e+02 1.892571195944220719e+01
9.970417000000000485e+01 5.697381000000000029e+00 9.385654235159567804e+01 1.957671070558967275e+00
1.129650599999999940e+02 1.078936599999999935e+01 1.080137747766309246e+02 2.229465334342748406e+01
1.374842199999999934e+02 2.968403599999999898e+01 1.244967309033033018e+02 1.176365791896347979e+01
1.102286900000000003e+02 1.046059000000000072e+00 1.295232624662077114e+02 4.967030722896509154e+00
1.262945699999999931e+02 1.275773399999999924e+01 1.292330590661744623e+02 5.714851834015151510e+00
1.321620599999999968e+02 3.302540599999999671e+01 1.205493443202665276e+02 8.597129455856729052e+00
1.290160799999999881e+02 1.458741200000000049e+01 1.370723859224655996e+02 2.493478074037836123e+01
1.041502459999999957e+02 1.403871400000000058e+01 1.316660169459061365e+02 7.347848119918702459e+00
1.120859499999999969e+02 3.056650000000000200e-01 1.146340644794494494e+02 1.868669490595609872e+01
9.964494000000000540e+01 1.723302500000000137e+01 1.368529508802188843e+02 3.290399264926124090e+01
1.309782099999999900e+02 1.514523900000000012e+01 1.146894589895671288e+02 2.730969333037174351e+01
1.225711749999999967e+02 8.656041999999999348e+00 1.195124565758111146e+02 2.418742077778034272e+01
1.195968249999999955e+02 1.992211299999999952e+01 1.345351285989065389e+02 1.033935603927162461e+01
1.075523299999999978e+02 1.898231499999999983e+01 1.244043671900973038e+02 1.801783449696862149e+01
1.378439799999999877e+02 1.340997199999999978e+01 1.181317820491254054e+02 3.323230568392494888e+01
1.221725399999999979e+02 1.971065000000000067e+00 1.196786801583453155e+02 3.638672057646323399e+00
1.121904600000000016e+02 2.918436399999999864e+01 9.363483104065454654e+01 1.480762053782236354e-01
1.112103649999999959e+02 3.303426699999999983e+01 1.308151710794311953e+02 2.777632399130322582e+01
1.114407350000000037e+02 7.742717999999999989e+00 1.378592505264108752e+02 1.854420489721919640e+00
1.009766800000000018e+02 1.603761899999999940e+01 9.591023952829317523e+01 1.112344060097393594e+01
1.001120700000000028e+02 3.238637500000000102e+01 1.173317607445486743e+02 2.613077677287641976e+01
1.107904500000000070e+02 2.359705500000000100e+01 9.425966726312680066e+01 3.832052178558045252e+00
1.001996400000000023e+02 2.825486599999999981e+01 1.183976242670052841e+02 1.047564908125665362e+01
1.102720640000000003e+02 3.275916300000000092e+01 1.002141702236606164e+02 2.855052060714137951e+01
1.114416300000000035e+02 1.862790100000000137e+01 1.350369471515507485e+02 6.705637304754575645e+00
1.237547799999999967e+02 1.402938000000000018e+00 1.004139171824701435e+02 1.537883981262896960e+01
1.172544599999999946e+02 4.492557999999999829e+00 9.884788694384955932e+01 2.710755752479627745e+01
1.222061300000000017e+02 1.686747700000000094e+01 1.084410102497440107e+02 3.014350152984216180e+01
1.188096199999999953e+02 2.054302399999999906e+01 1.221216202261975639e+02 3.274908130156886443e+01
1.258002900000000039e+02 1.515819699999999948e+01 1.021543865981470987e+02 3.389193539471155248e+01
1.190598499999999973e+02 3.034787000000000035e+01 9.343438122843285498e+01 2.966473325621947410e+01
1.306752999999999929e+02 9.927132000000000289e+00 1.238065455360612646e+02 2.591862910783950369e+01
1.079605099999999993e+02 1.768438099999999835e+01 1.008089748064513742e+02 1.103213758863679850e+01
1.015625459999999975e+02 2.433977000000000146e+01 1.032168419195288749e+02 1.007078332576439905e+01
1.074754400000000061e+02 1.089594899999999988e+01 1.041697861964246954e+02 1.030043859765435776e+01
1.282847600000000057e+02 3.032500999999999891e+01 1.246613179044598212e+02 2.996893634737181955e+01
1.243289500000000061e+02 4.054715999999999987e+00 1.093383906564457391e+02 3.452899054693435232e+01
1.122416300000000007e+02 2.015619299999999825e+01 1.320203664879486496e+02 4.829273769098763047e+00
1.211755140000000068e+02 1.907758000000000065e+00 1.109753313893951230e+02 2.884903605380232250e+01
1.190807700000000011e+02 3.056827399999999884e+01 9.668793298358330901e+01 6.658534597731009086e+00
1.015277999999999992e+02 3.128450600000000037e+01 1.042214150170137685e+02 1.216814905635073440e+00
1.091890300000000025e+02 3.260968400000000145e+01 1.268718718614294687e+02 2.593003832107599038e+01
1.268372399999999942e+02 1.219269300000000023e+01 1.126254897278609093e+02 3.405240634657890553e+01
1.148805399999999963e+02 1.808004999999999995e+01 1.305721533652936444e+02 1.075554885763500401e+01
9.912027999999999395e+01 2.795212999999999948e+00 1.359039272910720797e+02 1.723719697340456136e+01
1.105533300000000025e+02 1.774503899999999845e+01 1.115949937858611065e+02 2.382726741815817206e+01
1.093420100000000019e+02 2.870751599999999826e+01 1.010397916337430644e+02 1.283897618434979293e+00
1.245154399999999981e+02 9.428326000000000207e+00 1.139420713131997331e+02 2.308347360898918055e+01
1.032632749999999930e+02 1.219237299999999991e+01 1.072355656869905260e+02 3.188611329660146865e+01
1.029551799999999986e+02 9.670108000000000814e+00 1.143372963346389213e+02 1.894828330870109312e+01
1.352196999999999889e+02 1.500439000000000078e+01 1.232204526618090483e+02 2.731746425811600076e+01
9.840713499999999669e+01 1.631413500000000028e+01 1.244435144371020669e+02 2.555771100724495426e+01
1.170933699999999931e+02 1.631709499999999835e+01 1.238273244918856477e+02 2.680282432354849220e+01
1.357253100000000074e+02 1.245660299999999943e+01 1.250819273393699973e+02 7.445448600073318879e+00
9.467365999999999815e+01 2.161741400000000013e+01 1.350438914726554458e+02 1.532469242359540118e+01
1.137217299999999938e+02 1.792692999999999870e+01 1.124022508203523785e+02 2.881554327063257759e+01
1.035319800000000043e+02 2.350300599999999918e+01 1.007291449247501731e+02 9.369048341588715800e+00
1.059951999999999970e+02 6.291195000000000093e+00 1.018390892525806635e+02 2.906803811011227090e+00
1.256887399999999957e+02 2.777485499999999874e+01 9.356065038238479303e+01 7.630475133327039750e+00
1.291792299999999898e+02 2.852098300000000108e+01 1.328540275852060120e+02 2.014374081937224759e+01
9.704301999999999850e+01 2.190484400000000065e+01 1.129521554352006376e+02 1.232293187489841557e+01
1.262176500000000061e+02 1.077972399999999986e+01 1.229606114765089728e+02 5.985577105886324967e-01
1.315461899999999957e+02 1.069641000000000020e+01 1.328222371684928191e+02 2.542270956807458759e+01
1.309739399999999989e+02 1.589856299999999933e+01 1.264532996706591206e+02 1.882245144250856228e+01
1.155358300000000042e+02 1.622392699999999977e+01 1.334024677751132231e+02 2.330118345812781655e+01
1.092301300000000026e+02 1.388265000000000082e+00 9.495051993507769339e+01 3.338896869045787241e+01
1.252670499999999976e+02 6.886218999999999646e+00 1.107625666306699088e+02 2.001800134596950898e+01
1.230655399999999986e+02 2.521284899999999851e+01 1.359338792491333550e+02 1.955153333149353401e+01
1.193540950000000009e+02 2.234399200000000008e+01 9.567340450355277426e+01 2.464328093931284158e+00
1.043716100000000040e+02 3.488888500000000192e+01 9.243091474905433813e+01 3.459957160089301453e+01
1.265867599999999982e+02 2.725253899999999874e+01 1.209755479293078082e+02 1.536149290348364005e+01
1.043034439999999989e+02 2.531816900000000103e+01 1.220952758575596420e+02 3.276290570114731793e+01
1.172795200000000051e+02 3.222731000000000279e+01 1.324505867449062748e+02 1.931782308988091046e+01
1.199050600000000060e+02 3.175273699999999977e+01 1.101071825193858444e+02 2.792415183349949004e+01
1.207403000000000048e+02 2.729732500000000073e+01 9.627438628910692842e+01 3.027971929106513826e+01
1.203134500000000031e+02 1.435539400000000043e+01 1.357381992430674416e+02 1.982337774779235318e+01
1.216711800000000068e+02 9.723228000000000648e+00 1.366319361538087094e+02 3.130695985511618673e+01
9.691795000000000471e+01 1.652892999999999901e+01 1.301942494259672003e+02 1.111787386121630838e+01
1.147083049999999957e+02 8.974520000000000053e+00 1.269049785112036375e+02 1.145118123424107281e+01
9.363790000000000191e+01 1.419008299999999956e+01 1.316502208170867334e+02 1.836660389410689831e+01
1.174641299999999973e+02 1.372731300000000054e+01 1.148314025485698977e+02 1.857919782439476108e+01
1.076679599999999937e+02 1.657210500000000053e+01 9.743958110880659262e+01 2.961388837667814578e+00
1.303126699999999971e+02 1.233215000000000039e+01 1.225615809667081209e+02 8.220808909472392401e+00
1.374500899999999888e+02 1.195299999999999974e-01 1.364680444779532991e+02 8.538224289921911847e+00
1.345187400000000082e+02 5.867039000000000115e+00 1.062133721037552618e+02 3.131934197928682906e+01
1.277554899999999947e+02 3.616579999999999795e-01 1.229104610750638784e+02 3.170058102746438422e+01
1.038878799999999956e+02 1.754072400000000087e+01 1.247899898896332900e+02 1.360526022281872294e+01
1.175527299999999968e+02 8.558901999999999788e+00 9.266513974995379499e+01 3.112643653060930404e+01
1.348829000000000065e+02 2.052607000000000070e+01 1.273032536337148173e+02 2.375361919095479735e+01
1.239107999999999947e+02 6.146923000000000137e+00 1.370032182902436375e+02 1.132806885046399792e+01
1.039401900000000012e+02 3.480512999999999835e+01 1.370998890002666428e+02 4.364583940380293292e+00
1.167885739999999970e+02 1.309459400000000073e+01 1.222455964364625487e+02 3.259173373457630873e+01
1.206739350000000002e+02 1.298873000000000033e+01 9.987523621561501841e+01 7.382526885544359097e+00
1.172197649999999953e+02 2.285182400000000058e+01 1.263667358781377743e+02 2.911134352511279388e+01
1.221421050000000008e+02 3.095749999999999780e+00 9.942353667758084157e+01 5.371807254396030018e+00
1.026315400000000011e+02 2.588017800000000079e+01 9.441655090655228832e+01 1.667372123934122641e+01
1.130770949999999999e+02 4.124679000000000428e+00 1.298097006199674865e+02 7.391884013625206862e+00
1.361025699999999858e+02 1.125332999999999917e+00 1.060828019738929129e+02 1.193058981253462392e+01
1.274487400000000008e+02 1.807417500000000032e+01 1.105576343458499196e+02 1.964859081277598207e+01
1.064608499999999935e+02 9.393880000000000008e-01 1.362506922836063836e+02 2.239823585450696797e+01
1.206372499999999945e+02 2.442647600000000097e+01 1.319312508846421110e+02 3.430993718721529717e+01
1.240809249999999935e+02 6.591707000000000427e+00 1.288301373591557990e+02 6.073716628053719369e+00
9.629457999999999629e+01 1.338857100000000067e+01 9.992469336090825038e+01 1.925354920751125931e+01
1.293453800000000058e+02 6.471390000000000420e+00 1.234969707127196159e+02 1.376017294349819942e+01
1.080335900000000038e+02 1.684796300000000002e+01 1.335358549843131755e+02 1.497643272322827457e+01
9.803163999999999589e+01 1.696888399999999919e+01 1.083908794270649878e+02 2.105739034490928674e+01
1.186891200000000026e+02 1.995852899999999863e+01 1.202911918864489849e+02 2.497734405547851111e+01
1.173637800000000055e+02 2.243377999999999872e+01 1.073390488727963543e+02 1.035225622129874168e+01
1.061299999999999955e+02 2.452101100000000145e+01 1.238458306735226984e+02 3.237000882897002185e+01
1.041709440000000058e+02 3.200216000000000349e+01 1.029826864243841840e+02 3.054364416163267393e+01
1.003128800000000069e+02 5.823364999999999903e+00 1.165279240957075615e+02 1.165363747262236771e+01
1.212857800000000026e+02 1.172821099999999994e+01 1.053918919582928027e+02 2.064815001013685425e+00
1.346369300000000067e+02 1.998772200000000154e+01 1.129151618658048619e+02 2.671565173839064755e+01
1.138202059999999989e+02 2.715001699999999829e+01 9.259970761135524242e+01 9.225400754229762246e-01
1.316434500000000014e+02 1.493856899999999932e+01 1.069635327330821895e+02 8.174964574523409411e+00
9.773923999999999523e+01 2.664898499999999970e+01 9.560509006397224141e+01 1.116289339571063444e+01
1.235559300000000036e+02 1.529815100000000072e+01 1.013685915023842199e+02 1.238787260188535377e+01
1.316634699999999896e+02 1.807625999999999955e+00 1.370927856516402983e+02 2.876212944128941373e+01
1.240439760000000007e+02 1.015085200000000043e+01 1.053069182562991841e+02 2.704608252855909356e+01
1.066953900000000033e+02 1.603808599999999984e+01 9.764118953270195789e+01 8.892631553543944634e+00
1.350677000000000021e+02 1.938467599999999891e+01 1.089188247592450125e+02 6.764501475562502364e+00
9.892251600000000167e+01 2.272678000000000154e+01 1.170244624905038080e+02 1.725528057124359194e+01
1.084982600000000019e+02 3.108806399999999925e+01 1.146670734138172065e+02 9.150238182578126711e+00
1.236726299999999981e+02 5.878521000000000107e+00 1.005969759753869539e+02 6.862848011483879684e-01
1.264437939999999969e+02 1.086875799999999970e+01 1.014575931709061649e+02 3.401733480139451871e+01
1.103286899999999946e+02 1.103283000000000014e+00 9.326435453099854556e+01 1.439867707667616337e+01
1.226557159999999982e+02 2.243978999999999946e+00 1.184150846448123104e+02 3.040592357667316747e+01
1.220412100000000066e+02 6.286381000000000441e+00 1.039489063661284973e+02 3.072318491837986798e+01
1.011728739999999931e+02 2.689438399999999874e+01 1.140015109024643607e+02 4.575324009459823316e+00
1.018827799999999968e+02 3.352686299999999875e+01 1.013921252804981776e+02 1.087212253267877315e+01
1.347100399999999922e+02 2.349114000000000146e+01 1.159957635664070779e+02 1.544635228975692165e+01
1.372445500000000038e+02 2.902828999999999837e+01 1.288135743023652822e+02 1.818817289735208220e+01
1.176945199999999971e+02 1.620680000000000121e+01 1.178011431360128540e+02 2.507525656055327445e+01
1.344713299999999947e+02 7.229739000000000360e+00 9.272504827225705526e+01 2.300985510496589015e+01
1.072628899999999987e+02 2.054226099999999988e+01 1.273684275509212540e+02 8.258599416895702205e+00
1.280316200000000038e+02 1.339511000000000074e+01 1.177711707433455928e+02 2.015986163300672018e+01
1.047613199999999978e+02 3.030030999999999963e+01 1.062930876001723703e+02 2.345941963548277442e+01
1.316590400000000045e+02 1.172049799999999919e+01 1.159443056369384237e+02 3.072498649458362152e+01
1.053158899999999960e+02 1.049280700000000088e+01 1.233039866397502067e+02 2.396174388569826519e+01
1.213764900000000040e+02 2.469732700000000136e+01 9.436279861571172489e+01 1.254437473925435320e+01
9.638512400000000468e+01 2.856113000000000124e+00 1.240627056743928449e+02 2.358926820947198522e+01
1.195396300000000025e+02 1.624786999999999892e+01 1.132062445992082900e+02 7.285746977910259048e+00
1.221129499999999979e+02 1.346994199999999964e+01 1.255020759316983430e+02 2.489772856100284670e+01
1.330209700000000055e+02 1.146183699999999916e+01 1.104763403227589009e+02 1.457427753938079462e+01
1.287451800000000048e+02 1.649514200000000130e+01 9.531766577715559663e+01 3.200207636620278606e+01
1.246799239999999998e+02 1.053680499999999931e+01 1.060524683433030475e+02 2.536338195008696061e+01
1.175501100000000037e+02 2.228393600000000063e+01 9.761318315483619301e+01 9.553692496157445646e+00
1.360654100000000142e+02 3.072567999999999966e+00 1.188901860836344895e+02 2.196566797272388882e+01
1.326306899999999871e+02 1.771947300000000070e+01 1.363756125716942051e+02 1.210811541429445803e+01
1.133772500000000036e+02 2.012534099999999881e+01 9.793826913355768227e+01 1.573480181262392286e+01
1.187323899999999952e+02 1.239340999999999937e+01 9.401397284269293664e+01 2.008392784017672739e+00
9.265568500000000540e+01 1.725636499999999884e+01 1.235343507184590663e+02 1.521199971218227809e+01
1.299980999999999938e+02 3.020912200000000070e+01 1.114208683275873142e+02 5.172996305508202219e+00
1.278989200000000039e+02 1.361626300000000001e+01 1.128207102710648542e+02 1.923948374863123689e+01
1.026942140000000023e+02 2.888301999999999836e+01 1.359404738624743914e+02 2.619506032739238677e+01
1.086775200000000012e+02 1.074131200000000064e+01 1.024743434661631198e+02 2.469100282052438189e+01
1.045258199999999960e+02 2.783367300000000100e+01 1.205053263726986188e+02 8.621903195299427836e+00
1.237956499999999949e+02 7.412607999999999642e+00 1.042209006546927128e+02 3.088707277302755827e+01
9.267458999999999492e+01 1.157550900000000027e+01 1.333997238819892175e+02 1.497498696628956161e+01
1.201112899999999968e+02 2.581527499999999975e+01 1.355278875879963039e+02 1.467783092439419335e+01
1.095285400000000067e+02 9.065305000000000391e+00 1.067153497640175033e+02 1.637874257662679156e+01
1.145527900000000017e+02 2.802338999999999913e+01 9.620877630400870828e+01 2.043158396861450754e+01
1.056270499999999970e+02 9.209861999999999327e+00 1.099375519818017324e+02 9.606185342488099410e-01
1.085145600000000030e+02 2.934184799999999882e+01 9.254365580717261253e+01 2.278107167938997790e+01
1.198547059999999931e+02 7.232410999999999923e+00 1.198501012396885841e+02 3.122120743549831445e+01
9.954317000000000348e+01 2.821960599999999886e+01 1.066688818887606374e+02 2.779811512598009315e+01
1.170113750000000010e+02 1.037751100000000015e+01 1.082810770339512487e+02 4.802791307695935430e+00
1.047513349999999974e+02 2.510048499999999905e+01 1.197772436199303456e+02 3.265901314620288787e+01
1.112575700000000012e+02 3.015491300000000052e+01 1.101131121082638060e+02 2.627058977568619369e+01
1.055944099999999963e+02 1.730002199999999846e+01 1.233573520516691815e+02 1.616673337513201858e+01
1.321534699999999987e+02 7.309249999999999581e+00 1.000076809412221195e+02 3.056795475339133006e+01
1.345958100000000002e+02 5.660169999999999924e+00 1.055577845747141623e+02 1.670404994145737021e+01
