1.273446660000000037e+02 1.365026600000000023e+01 1.125382588856960240e+02 1.019513792578344535e+01
1.239107999999999947e+02 6.146923000000000137e+00 1.347439190642780318e+02 2.989601538268340519e+01
1.114416300000000035e+02 1.862790100000000137e+01 1.061288015875439044e+02 2.197487621703539062e+01
1.067377000000000038e+02 2.727607499999999874e+01 1.186765094609867219e+02 8.911888390576216956e-02
1.236907599999999974e+02 2.655348599999999948e+01 1.288817282421579478e+02 6.209164785989995661e-01
1.130387039999999956e+02 2.450758000000000081e+01 9.445170925688681507e+01 3.414313856920408341e+00
1.239427000000000021e+02 2.807401000000000035e+00 9.810402064473282735e+01 3.068197260863484033e+01
9.977344999999999686e+01 2.670044899999999899e+01 1.145829407092590202e+02 3.453627028602489446e+01
1.158584060000000022e+02 1.987986000000000075e+01 1.017017793342692471e+02 5.356024868727103261e+00
1.167711800000000011e+02 1.044548600000000071e+01 1.038281200913877171e+02 2.040435504052688742e+01
1.176738359999999943e+02 1.385884099999999997e+01 1.193346695830042421e+02 9.571453401273496198e+00
1.009060400000000044e+02 2.837463199999999830e+01 1.066445926855540733e+02 1.322822705362931472e+01
1.007646940000000058e+02 2.517087599999999981e+01 1.194305124365103410e+02 2.213178037306765233e+01
1.331191900000000032e+02 8.421360999999999208e+00 1.202071915389729355e+02 1.271227348753242126e+01
1.159256900000000030e+02 2.697432299999999827e+01 9.508941751689140176e+01 1.440264526108256327e+01
1.006227399999999932e+02 1.954385600000000167e+01 1.075655965142089769e+02 4.730585292036522560e+00
1.159619799999999969e+02 3.274969500000000266e+01 1.314482415007792895e+02 2.259932910042899579e+01
1.221295800000000042e+02 8.650660999999999490e+00 1.259903442046888671e+02 1.308378230671861253e+01
1.211047800000000052e+02 2.653878999999999877e+01 9.773623983456032249e+01 9.283578546624132954e+00
1.007028959999999955e+02 2.068726699999999852e+01 1.222217402848722116e+02 1.445972476003285578e+01
1.090837899999999934e+02 1.109345000000000026e+00 9.347920051249072060e+01 1.052951730827458299e+01
1.202229399999999941e+02 1.300534999999999997e+01 9.271136798621016339e+01 1.643100583911646595e+01
1.082674300000000045e+02 2.621295500000000089e+01 1.347244742100800750e+02 2.584177898896358272e+01
1.189220300000000066e+02 1.942037399999999892e+01 1.212207081335559877e+02 2.531182534826961827e+01
1.221697539999999975e+02 5.261603000000000030e+00 1.148825391508843836e+02 9.443779387446382678e-01
1.028493699999999933e+02 2.885465800000000058e+01 1.196117954017522891e+02 2.832324876692529614e+01
1.034781339999999972e+02 1.418773999999999980e+01 9.567147170190457928e+01 8.438325566623470664e+00
1.055970499999999959e+02 6.590237000000000123e+00 1.052207241245831568e+02 2.817156050776274157e+01
1.049673540000000003e+02 2.282041399999999953e+01 1.057843902241549756e+02 1.304280510386725211e+01
1.270486300000000028e+02 1.419520600000000066e+01 1.030453518598462210e+02 3.086311513925785022e+01
1.221287399999999934e+02 7.625099999999999767e+00 1.130190172100358552e+02 3.290103042580368964e+01
1.007823300000000017e+02 2.154664599999999908e+01 1.287044734996368902e+02 5.825179854520894374e+00
9.805646500000000287e+01 1.719266899999999865e+01 1.143434792092047871e+02 1.862645627252797453e+01
1.374745599999999968e+02 3.138292099999999962e+01 1.240096289969333441e+02 1.406908391860497076e+01
1.231785699999999935e+02 1.163075599999999987e+01 1.339511960796276924e+02 9.482355788299305033e+00
1.087034450000000021e+02 1.879413800000000023e+01 1.009395297749224341e+02 7.595027060124982299e+00
1.147472199999999987e+02 3.243150700000000342e+01 1.326921884467812731e+02 3.267040998014795150e+01
1.129410900000000026e+02 1.928609799999999908e+01 1.319213744532505643e+02 1.456362256166664793e+01
1.269099199999999996e+02 8.830450000000000799e+00 1.317542229047091382e+02 2.674398839994808696e+01
1.349924800000000005e+02 2.427803000000000111e+01 1.100505131091162809e+02 1.493001329376229869e+01
1.074125099999999975e+02 6.090900000000000425e+00 1.179081641477609992e+02 2.814645226643484577e+01
1.071924700000000001e+02 1.362108100000000022e+01 1.085970306955868665e+02 5.429563142342924031e+00
1.117835000000000036e+02 4.146894999999999776e+00 9.576081237626199538e+01 2.618083520419185106e+01
1.302385099999999909e+02 7.992467999999999684e+00 1.210159058774137293e+02 1.323267825852602364e+01
1.179312000000000040e+02 9.954869000000000412e+00 9.996733914337742988e+01 1.361637716291224010e+01
1.065282440000000008e+02 1.715186000000000099e+00 1.039235270322550519e+02 5.973123247322175366e+00
1.235973099999999931e+02 1.219101299999999988e+01 1.340482722842151588e+02 1.160564768176925021e+01
1.081589000000000027e+02 1.194670699999999997e+01 1.370207972819721931e+02 7.857398911939558417e+00
1.061745300000000043e+02 2.465655100000000033e+01 1.062139251577661270e+02 1.924412951353048129e+01
1.227206500000000062e+02 2.926232000000000166e+00 1.167293493571960283e+02 1.459921019918093865e+00
1.182392499999999984e+02 2.503325500000000048e+01 1.082950727567943545e+02 3.331388622779471120e+01
1.310166999999999859e+02 1.584964599999999990e+01 1.332558212472593766e+02 1.192190600485725405e+01
1.370245700000000113e+02 1.147566899999999990e+01 1.051136751871668196e+02 1.782699317593371902e+01
1.162961800000000068e+02 2.799809799999999882e+01 1.099827068969388648e+02 2.341213360458317894e+01
1.135468599999999952e+02 1.324376900000000035e+01 1.327383074134353080e+02 6.480246875179070720e+00
1.042165799999999933e+02 2.347071499999999844e+01 1.374608841163159241e+02 9.236365507228718741e+00
9.579921000000000220e+01 1.503351199999999999e+01 1.167790054857604929e+02 2.327585086294219963e+01
1.264625999999999948e+02 7.166369999999999685e-01 1.001079995167870038e+02 3.679548090810753624e+00
1.222233659999999986e+02 2.248752000000000084e+00 1.052862662767661988e+02 2.549486308360850018e+01
1.044894199999999955e+02 3.404343999999999681e+01 1.183636284775248271e+02 2.982606845081204128e+01
1.045020300000000049e+02 3.012155500000000075e+01 1.134189890675227019e+02 1.516976006240613017e+01
1.173357539999999943e+02 2.219921099999999825e+01 1.001028357417340260e+02 2.378670705711343913e+01
1.287667099999999891e+02 1.207068300000000072e+01 1.315051319380849009e+02 4.315525328499058233e+00
1.172729949999999945e+02 2.140795900000000174e+01 1.289827163752482875e+02 1.218722350209135641e+01
1.166653400000000005e+02 4.134577000000000169e+00 1.378617708662074506e+02 2.272803439677407766e+01
1.132784039999999948e+02 2.408719599999999872e+01 1.257794287487594289e+02 2.136571737314018904e+01
1.123588600000000071e+02 5.283899999999999708e-02 1.190762491599299580e+02 9.243075539366522264e+00
1.337603000000000009e+02 1.258384500000000017e+01 1.051392634133364936e+02 5.449257827283127575e+00
1.240121900000000039e+02 1.423227999999999938e+00 1.085881946110185794e+02 1.603444411954773585e+01
1.078898599999999988e+02 1.824183700000000030e+01 1.372679179984046414e+02 1.469184852512391615e+01
1.133071060000000045e+02 3.074285100000000170e+01 9.823194271462593008e+01 5.854814237174139180e+00
1.005045199999999994e+02 2.882197800000000143e+01 1.272432715283759705e+02 2.676488523605495473e+01
1.312442299999999875e+02 1.030026800000000087e+01 1.211246680149290569e+02 2.276083050023440357e+00
1.215634399999999999e+02 8.080892999999999660e+00 1.231557679019037579e+02 2.247610712605360206e+01
1.130844799999999992e+02 1.852679300000000140e+01 1.068261534141527989e+02 1.119804202161309270e+00
1.148470839999999953e+02 1.232656199999999913e+01 9.568679409950924253e+01 2.052542158821971796e+01
1.119646900000000045e+02 1.463188599999999973e+01 9.592516434026504157e+01 2.838541346116540964e-01
1.020575599999999952e+02 3.032312399999999997e+01 1.335310946471678619e+02 8.012715423707831519e+00
1.181643140000000045e+02 2.271122000000000085e+01 1.247532199039385432e+02 3.525790097603920259e+00
1.147561599999999942e+02 1.838597100000000140e+01 1.258643072923422324e+02 2.891035943118277274e+00
1.174418639999999954e+02 1.991549499999999995e+01 1.338223304113849395e+02 2.098166912744883916e+01
1.286587700000000041e+02 1.192577099999999923e+01 1.208330662306744046e+02 2.798135928400811778e+01
1.305737499999999898e+02 2.831986999999999810e+00 1.290560501934352828e+02 2.876350434262828415e+01
1.257966299999999933e+02 8.756054999999999922e+00 1.227227818802934394e+02 2.123744027068640960e+01
9.882135999999999854e+01 3.069462800000000158e+01 1.285986469594077732e+02 3.377154430816306530e+01
1.022638800000000003e+02 3.262707999999999942e+01 1.063580094597898267e+02 3.713026403901758421e+00
1.140832999999999942e+02 2.683112699999999862e+01 1.197660912855379962e+02 2.324446871199877762e+01
1.142837099999999992e+02 1.745475199999999916e+01 1.107763768348681310e+02 6.846612285785635965e-01
1.091274599999999992e+02 2.936315300000000050e+01 1.010815017958958606e+02 3.240989728622229649e+01
1.136618399999999980e+02 2.985846499999999892e+01 1.206320833884961132e+02 2.722232535116886609e+01
1.294016699999999958e+02 5.396980000000000111e-01 1.041372993043673887e+02 2.353073892309194193e+01
1.294916100000000085e+02 2.620026999999999884e+00 9.480990223205684231e+01 9.901188644973641928e+00
1.056316000000000059e+02 1.004083999999999932e+01 1.024082661957361324e+02 3.330250728769867408e+01
1.176956899999999990e+02 6.060266000000000375e+00 1.289817931710711889e+02 4.234160374773721092e-01
9.462124000000000024e+01 2.250560199999999966e+01 1.064113893100123107e+02 1.226204231991215288e+01
1.008899150000000020e+02 2.474351700000000065e+01 9.792992057270632245e+01 1.391966374381921767e+01
1.137167199999999951e+02 2.209496700000000047e+01 1.376198298309968209e+02 1.391462702119872219e+01
1.053158899999999960e+02 1.049280700000000088e+01 1.337339802526026631e+02 1.279792073358346549e+01
1.034372900000000044e+02 1.659929699999999997e+01 1.277951482728764461e+02 4.438006358346621383e+00
1.371154999999999973e+02 4.333319999999999950e-01 1.192374128667078281e+02 1.766426917246655393e+01
1.303382699999999943e+02 1.019772700000000043e+01 1.268099538483175195e+02 3.173559387323126302e+01
1.053674550000000067e+02 7.722144000000000119e+00 9.993521824272795584e+01 3.133781004474667498e+01
1.283993499999999983e+02 1.234091600000000000e+01 1.172934085356447724e+02 2.762932126830692781e+01
1.197064500000000038e+02 1.762339400000000111e+01 1.142698099663397500e+02 2.548921861556624791e+01
1.088749899999999968e+02 2.917879299999999887e+01 1.304373167057511012e+02 2.504471556277774269e+01
9.686450000000000671e+01 3.287660000000000338e+01 1.029290827101761892e+02 2.612304981456371777e+01
1.133417740000000009e+02 1.599369000000000085e+01 1.054821895293170400e+02 6.114401189690705785e+00
1.015828300000000013e+02 3.012794999999999845e+01 1.184062452297957151e+02 2.046736770092590163e+01
1.331978300000000104e+02 1.207540099999999939e+01 1.181180121219081087e+02 7.788387703336778323e+00
1.240100000000000051e+02 1.279410900000000062e+01 9.296490049848317483e+01 1.286029992358873031e+01
1.015857799999999997e+02 1.553561999999999976e+01 1.113118067156149067e+02 3.270832041093116516e+01
1.265867599999999982e+02 2.725253899999999874e+01 1.300040078895971192e+02 3.013542323249945554e+01
1.232273500000000013e+02 4.342469000000000356e+00 1.078397040766752468e+02 1.723851781284671958e+01
9.312736999999999910e+01 1.080105299999999957e+01 1.307982330217995752e+02 4.310713336171806631e+00
1.355842399999999941e+02 3.165399999999999991e+01 1.117646606261750435e+02 1.028840145584769772e+01
1.038327500000000043e+02 1.301466800000000035e+01 1.124269060134548681e+02 3.076885923699748560e+01
1.109355999999999938e+02 1.694945099999999982e+01 1.265593554296714842e+02 2.957672559407704682e+01
1.227775699999999972e+02 3.331928000000000001e+00 1.053910306786235651e+02 1.130376537610702226e+00
1.148343050000000005e+02 2.582363300000000095e+01 9.642178951095210948e+01 2.029909739508440936e+01
1.088499999999999943e+02 2.839095999999999975e+01 1.328072036459595324e+02 2.095397240156443175e+01
9.786359400000000619e+01 2.648629000000000033e+01 1.243010241495402397e+02 1.152414171519972896e+01
9.801369499999999846e+01 2.871176499999999976e+01 1.373216121475440161e+02 3.220431377940022344e+01
1.093003099999999961e+02 1.012630000000000058e-01 9.932052670832037222e+01 2.937179959019593056e+00
1.002797900000000055e+02 2.030880499999999955e+01 1.143698288687374145e+02 7.894638049905941202e+00
1.026750949999999989e+02 3.487172699999999992e+01 9.219388316738705669e+01 3.441219458217913285e+01
1.165112840000000034e+02 2.327571899999999872e+01 1.254162197620082537e+02 1.809307291285795571e+01
1.318405300000000011e+02 1.077468200000000031e+01 9.834917010590821462e+01 2.925715494396095906e+01
1.073838200000000001e+02 2.117361000000000004e+01 1.110125603215978600e+02 7.797862937813738071e+00
1.293298800000000028e+02 7.388890000000000180e-01 1.208406957281439276e+02 5.294358404658672246e-01
1.349317599999999970e+02 1.207422299999999993e+01 1.240018481416166907e+02 9.354408512286779498e+00
1.212147099999999966e+02 1.824274799999999885e+01 1.044075420252854229e+02 3.244243416138252911e+01
1.376394999999999982e+02 1.949024400000000057e+01 1.037529014361326745e+02 2.572984608821064967e+01
9.942723999999999762e+01 2.273704499999999840e+01 9.573655251903944929e+01 1.145793001793756893e+01
1.281656299999999931e+02 6.427754000000000190e+00 1.051416068423938412e+02 2.717162761745208144e+01
1.125423660000000012e+02 2.072739999999999938e+01 1.376315924186502002e+02 4.277692262859678074e-01
1.291512099999999919e+02 1.286193699999999929e+01 1.028712131795638953e+02 5.556386398653744507e+00
9.884615999999999758e+01 1.700900999999999996e+01 1.289634571832775123e+02 4.397924608352663078e+00
1.370959000000000003e+02 5.531164999999999665e+00 1.269779308908273805e+02 2.542153824976474041e+01
1.111686299999999932e+02 3.224828000000000117e+01 1.182946619104522767e+02 1.997172027426561414e+01
1.122994499999999931e+02 1.439847999999999928e+01 1.201685601578725056e+02 2.652474353557107989e+01
1.274308900000000051e+02 1.213617600000000074e+01 1.333775905735066658e+02 2.424488940825302308e+01
1.175621500000000026e+02 1.813804400000000072e+01 1.112670530408333889e+02 7.786587562166163323e+00
9.369768000000000541e+01 1.855701600000000084e+01 1.261244334745518216e+02 8.494856590722042355e+00
1.222981000000000051e+02 3.382558000000000220e+01 1.367209932134458086e+02 2.459671291346511168e+01
9.359354000000000440e+01 1.516930999999999941e+01 9.489682604105570363e+01 1.718864786375861797e+01
1.286794999999999902e+02 1.162912799999999969e+01 1.005723184590648600e+02 3.527871683476516029e+00
9.911983499999999481e+01 3.033258400000000066e+01 1.216420079957744491e+02 3.313284119256171323e+01
1.169782000000000011e+02 4.263942000000000121e+00 1.299947119370726796e+02 1.338106156610687325e+00
1.229570539999999994e+02 1.920611999999999986e+00 1.104373380851716036e+02 1.932622275882127738e+01
1.327581000000000131e+02 3.298633999999999844e+00 1.361877199686089170e+02 9.157047003439373611e+00
1.135055600000000027e+02 1.730492999999999881e+01 9.226401385123486421e+01 2.673399093536378146e+01
1.284304700000000139e+02 1.899298699999999940e+01 9.715621153413434286e+01 2.643758311596491595e+01
1.305158500000000004e+02 8.179097000000000506e+00 1.228856631888968138e+02 2.875291827035605863e+01
1.262176500000000061e+02 1.077972399999999986e+01 1.368970644645909829e+02 4.815543143782941016e-01
1.048228900000000010e+02 3.249645600000000201e+01 1.366188254212165134e+02 8.422611333806912626e+00
1.063896100000000047e+02 3.912881000000000054e+00 9.335180595564986561e+01 8.277546425670994523e+00
1.227981199999999973e+02 3.281226699999999852e+01 1.192547621048836533e+02 8.606343230798799482e+00
1.086714099999999945e+02 1.278264599999999973e+01 1.156391373931755453e+02 2.811324663508351307e+01
1.082274599999999936e+02 2.717001000000000133e+01 1.167268159215631158e+02 3.445065591129235827e+01
1.134832399999999950e+02 1.777810300000000154e+01 9.462503362579548138e+01 2.957934089740531292e+01
1.132667699999999940e+02 2.412417599999999851e+01 1.236854395667176050e+02 2.514123189487332510e+01
1.073470499999999959e+02 1.714681799999999967e+01 1.177677814674408978e+02 1.165476928371160792e+00
1.063787499999999966e+02 2.825092300000000023e+01 1.265458070575388945e+02 5.371204945284689281e+00
1.234565599999999961e+02 1.023036199999999951e+01 1.018998929196725953e+02 9.344929972576258237e+00
1.065502599999999944e+02 6.022739999999999760e+00 1.178333249057196355e+02 2.990488462332141495e+01
1.030680899999999980e+02 2.392125499999999860e+01 1.002356710687583643e+02 2.708192155735773454e+01
1.049325299999999999e+02 2.927804199999999923e+01 1.011490562833167814e+02 2.493822199542508855e+01
1.264986999999999995e+02 2.455890000000000128e+01 9.664818911255605371e+01 1.700415198692505925e+01
1.031737439999999992e+02 5.745917000000000385e+00 1.284055825712026433e+02 1.049436995770190606e+01
1.344405199999999923e+02 3.228481299999999976e+01 1.030407141069541268e+02 2.329124367673466622e+01
1.010747149999999976e+02 1.745857799999999926e+01 9.568345142085189536e+01 1.832963282852197651e+01
1.213953300000000013e+02 5.272655000000000314e+00 1.221163737445016864e+02 5.735030014880027949e+00
1.242736299999999972e+02 6.831006000000000355e+00 1.127526009513407672e+02 6.270460911660919123e+00
9.423632999999999527e+01 1.031035299999999921e+01 1.012438899545511788e+02 2.446505770326942653e+01
1.307676400000000001e+02 9.199001000000000872e+00 9.936095621108842124e+01 2.308969999961264108e+01
9.612255000000000393e+01 3.490480999999999767e+01 1.210320749167551497e+02 1.780406512720684287e+00
9.989088999999999885e+01 2.683164999999999978e+01 1.030397582860746724e+02 1.035651372129212078e+01
1.008948800000000006e+02 1.652329800000000048e+01 1.006118867609900462e+02 1.008506628302768782e+01
1.016832100000000025e+02 1.628771199999999908e+01 1.122114259046415867e+02 1.036592269581171166e+01
1.201523200000000031e+02 2.317364500000000049e+01 1.285797214123563776e+02 1.337370147606627491e+01
1.060799499999999966e+02 9.110470000000000512e-01 9.619660225916551610e+01 1.081842216483545371e+01
1.150682749999999999e+02 1.918149599999999921e+01 9.576970531948526855e+01 2.992890956451988771e+01
1.014903900000000050e+02 3.396592700000000065e+01 1.121544042772116541e+02 1.045465260799138463e+01
1.297366499999999974e+02 1.097087800000000080e+01 1.161093594758199288e+02 2.542708308615356572e+01
9.699267600000000300e+01 3.332831000000000188e+01 1.217595562810438139e+02 3.019709869109499323e+01
1.343265800000000070e+02 3.472433000000000192e+01 1.016270324972464465e+02 1.969899268211551302e+01
9.890682999999999936e+01 1.802293200000000084e+01 1.093895609842174537e+02 1.759684510278798442e+01
1.004917399999999930e+02 3.001473800000000125e+01 1.222361530966358032e+02 1.911144471258882760e+01
1.305980999999999881e+02 1.224686600000000070e+01 9.243950405418090099e+01 2.077656644403919017e+01
9.339405999999999608e+01 1.624022300000000030e+01 1.358619236726891586e+02 2.130398921589064543e+01
1.277506199999999978e+02 9.857113000000000014e+00 1.033316989204691083e+02 1.168516757242457516e+01
1.287118000000000109e+02 8.186422000000000310e+00 1.004209181727188849e+02 1.348089284786417785e+01
1.130060650000000066e+02 2.550459999999999994e+01 9.351148560257320241e+01 3.112039202883697797e+01
1.314515000000000100e+02 1.002607700000000079e+01 9.246656186713815373e+01 3.076632860972226169e+01
1.377720300000000009e+02 1.174125100000000010e+01 1.085535784186408819e+02 6.274121132057651096e+00
1.290050699999999892e+02 1.324962900000000054e+01 1.139013614453744481e+02 2.484217252906936935e+01
1.344037299999999959e+02 3.264661399999999958e+01 1.020759359823534140e+02 3.426613360756479665e+01
1.214991760000000056e+02 1.366147199999999984e+01 1.075283966440516252e+02 3.020974734859907684e+01
1.286007500000000050e+02 8.765936999999999202e+00 1.286441510627839193e+02 3.780256729322166720e+00
1.154087799999999930e+02 2.365899500000000089e+01 1.283957557875415034e+02 6.371524143273502361e+00
1.199054399999999987e+02 1.518948900000000002e+01 1.131772223802622221e+02 1.679988322582012827e+01
1.045286559999999980e+02 2.332880600000000015e+01 1.246800404414619265e+02 2.626487004862659802e+01
1.093217539999999985e+02 1.300310099999999913e+01 1.167597514522355198e+02 3.232622387085662297e+01
1.244378499999999974e+02 2.619258100000000056e+01 1.218826977947485517e+02 2.034859163588663034e+00
1.078554800000000000e+02 1.840535399999999910e+01 9.497981778698670041e+01 2.834621291930986331e+01
1.012301199999999994e+02 1.617340499999999892e+01 1.154016917146813483e+02 3.457250962660312155e+01
9.548212999999999795e+01 1.554973200000000055e+01 9.530950134119611050e+01 5.226834183040662829e-01
1.189205999999999932e+02 1.653125000000000000e+01 1.074916170625951821e+02 1.062529204541670325e+01
1.167593700000000041e+02 2.162810899999999847e+01 9.983687282337771762e+01 1.613336915986434050e+01
1.209112899999999939e+02 7.267337999999999631e+00 1.112935043242920017e+02 1.162185070693974787e+01
1.229745099999999951e+02 1.295093400000000017e+01 1.147785016742345334e+02 3.448259909438893800e+01
1.171505300000000034e+02 2.386019699999999943e+01 1.258983101035272369e+02 1.880957485150690900e+01
1.006795400000000029e+02 2.482919000000000054e+01 1.325479321213369133e+02 1.507825219759714486e+01
1.161196300000000008e+02 2.374014299999999977e+01 9.682248565858054690e+01 2.485049447910242648e+01
1.063444439999999958e+02 3.975452000000000208e+00 1.129886764965619079e+02 3.061534639571090821e+01
9.482461499999999432e+01 7.552875000000000227e+00 1.137242063613325058e+02 7.333883491026437440e+00
9.397973000000000354e+01 1.450080900000000028e+01 1.018098864749475183e+02 1.022940060903069437e+01
9.897588000000000363e+01 1.434022700000000050e+01 9.670128974423015222e+01 1.530306494412218399e+01
1.140755900000000054e+02 8.455011999999999972e+00 1.078956230671511634e+02 2.760073175485958430e+00
1.212168499999999938e+02 5.970590000000000064e-01 1.303732223229351632e+02 3.181395310640946406e+01
1.000685000000000002e+02 2.550993300000000019e+01 1.274014267899505910e+02 6.218633055657233122e+00
1.205367660000000001e+02 1.833390400000000042e+01 1.182866350769471069e+02 9.968270271867973875e+00
1.078730850000000032e+02 3.194168000000000163e+01 1.323268140097097216e+02 1.467059192612824781e+01
9.974796999999999514e+01 3.379717300000000080e+01 1.186301938123686028e+02 9.320708564324499790e+00
1.325616899999999987e+02 2.183529300000000006e+01 9.246361841590398001e+01 1.269019518519929690e+01
1.005264739999999932e+02 1.630819999999999936e+01 9.644854617996544732e+01 3.127731941932185222e+01
1.013219799999999964e+02 1.577685499999999941e+01 1.121385618821043124e+02 2.359869300304711714e+01
1.006064200000000000e+02 2.769523600000000130e+01 1.070414262384988433e+02 3.106642432848046909e+01
1.140009500000000031e+02 2.463463799999999893e+01 1.364784333608249085e+02 1.412888235036826146e+01
1.051916099999999972e+02 9.920849000000000473e+00 1.096839389811094350e+02 2.488488721321084007e+00
1.084516140000000064e+02 7.152399999999999869e-01 1.353905912760198760e+02 3.119283362273323945e+01
1.042143250000000023e+02 3.424630400000000208e+01 1.246879184957221867e+02 3.307342201377495172e+01
9.410971999999999582e+01 1.075564600000000048e+01 1.314656407342510533e+02 1.223272976654291710e+01
9.848784999999999457e+01 2.775841000000000136e+01 9.992525618609312232e+01 1.410598267936562067e+00
9.999969000000000108e+01 2.509792300000000154e+01 1.128701855316105593e+02 1.498005065022130289e+01
1.207063399999999973e+02 1.393922799999999995e+01 1.278517289424710128e+02 1.899706943226942712e+01
1.112859399999999965e+02 7.286299999999999999e-01 1.003294011224293030e+02 3.339554369217007235e+01
1.262777600000000007e+02 1.555640400000000056e+01 1.197581387711898486e+02 1.530483219745828549e+01
1.174997939999999943e+02 1.471192300000000053e+01 1.141142574102763518e+02 1.356639696939420325e+01
1.215274660000000040e+02 9.855489999999999640e+00 1.266519367176582307e+02 1.527281765818830550e+01
1.068052100000000024e+02 1.683014100000000113e+01 1.309926931756185127e+02 2.317343545787388592e+01
1.359555699999999945e+02 2.916656499999999852e+01 1.027256358794473812e+02 1.163061996141752097e+01
1.231192999999999955e+02 3.669859999999999900e+00 1.376530878292088005e+02 9.694167239583157070e+00
1.358911999999999978e+02 3.048414999999999875e+00 1.261456411100166690e+02 1.195546887423144611e+01
1.196812299999999993e+02 2.088022600000000040e+01 1.098682057943909882e+02 2.101572347218612524e+00
1.034284499999999980e+02 2.847408899999999932e+01 1.034323269083590304e+02 2.709089923301398883e+01
1.110467699999999951e+02 3.238026399999999683e+01 1.140509980982674421e+02 1.053973147295211188e+00
1.181114039999999932e+02 1.644512699999999938e+01 1.091081804174878300e+02 1.909446277104230560e+01
9.715987400000000207e+01 1.592667499999999947e+01 9.423003213899427521e+01 1.522692136848854716e+01
1.206234199999999959e+02 2.294290000000000163e+00 1.078076920601876054e+02 2.154357397409136254e+01
1.035757499999999993e+02 1.086949599999999982e+01 9.269054686155672584e+01 2.222596134221057795e+01
1.323020500000000084e+02 3.039486999999999828e+00 1.093864089167471008e+02 1.830576718255726432e+00
1.020971899999999977e+02 2.676877800000000107e+01 1.263599647195448910e+02 1.057290884498387307e+01
1.139231400000000036e+02 3.106367300000000142e+01 1.272677441298903176e+02 1.254706268282044235e+01
1.204627899999999983e+02 7.529904000000000153e+00 9.500369612687086374e+01 9.062116626534027830e+00
1.225421139999999980e+02 1.088495900000000027e+01 1.269380679266782153e+02 2.502290562818582487e+01
1.225821150000000017e+02 6.734340000000000437e+00 1.092909459332818756e+02 1.994273204714464853e+01
1.083680499999999967e+02 2.084225800000000106e+01 9.640654708762416192e+01 2.395407115496814399e+01
1.325039999999999907e+02 4.645293999999999812e+00 1.175058934004988771e+02 3.039377922338570315e+01
1.064903999999999940e+02 1.390643999999999991e+00 1.068402388827439893e+02 7.316620493844368411e+00
1.066250150000000048e+02 2.543620000000000214e+00 1.114521572525966775e+02 1.662026122067172906e+01
1.289265900000000045e+02 1.218157399999999946e+01 1.143998882792358387e+02 2.224958104016262794e+01
1.130678500000000071e+02 1.070391300000000001e+01 1.264162586518703790e+02 1.218718067708016584e+01
1.200522399999999976e+02 3.491102000000000061e+01 1.327950401525340283e+02 2.755040922601457609e+01
1.115640259999999984e+02 1.853575000000000017e+01 1.290726095886252551e+02 3.082868898496052168e+01
1.292556600000000060e+02 1.137209400000000059e+01 1.140951631588805242e+02 2.218516885659064997e+01
1.007858499999999964e+02 2.466396100000000047e+01 1.178000897518568593e+02 3.278593559221614129e+01
1.365753499999999860e+02 3.356936300000000273e+01 9.837913493946803101e+01 2.831235629534076992e+01
1.010540500000000037e+02 1.139439199999999985e+01 1.198279117326926553e+02 2.207742572602665021e+01
1.105762799999999970e+02 1.713849599999999995e+01 1.316309114114459362e+02 1.581304132978537247e+01
1.373412800000000118e+02 7.320990000000000553e-01 1.060959208296404483e+02 1.807798391215196787e+01
1.194439849999999979e+02 3.088717700000000121e+01 1.344069618686888816e+02 3.188815830661979156e+00
1.351008600000000115e+02 2.345284300000000144e+01 1.174452279154421177e+02 3.291137362004409539e+01
1.123576999999999941e+02 3.279659999999999798e-01 1.120205307295243387e+02 2.668890815336056832e+01
9.910477000000000203e+01 2.538836900000000085e+01 1.348753001264552154e+02 1.461196671468138142e+01
1.194070700000000045e+02 1.974189399999999850e+01 1.282311360709242365e+02 1.965612371288353444e+01
1.295191499999999962e+02 3.220691300000000012e+01 1.154535263315370344e+02 1.771193252948036090e+01
1.287149499999999875e+02 8.613853000000000648e+00 1.010583635130115852e+02 1.701895243236028676e+01
9.974071999999999605e+01 1.632757600000000053e+01 9.813066372169127760e+01 1.115918853308562930e+01
1.258230060000000066e+02 9.050392999999999688e+00 1.112767811244216034e+02 2.437771005301288874e+00
1.004048300000000040e+02 2.599754000000000076e+01 1.368676924844029941e+02 3.464642549368017654e+01
1.205876159999999970e+02 1.334072899999999962e+01 1.290049787815835316e+02 3.077207819961409285e+01
1.019195560000000000e+02 2.802453799999999973e+01 1.375215001722370971e+02 2.830065575959687507e+01
1.088684839999999951e+02 1.869618999999999920e+00 1.365344171402516622e+02 7.833513749164272788e+00
1.233091349999999977e+02 7.443515999999999799e+00 1.012503624619831726e+02 1.813883831249718170e+01
1.090422400000000067e+02 3.257660000000000000e-01 1.037890046864962130e+02 2.747341146638871123e+01
9.987552999999999770e+01 8.232086999999999932e+00 1.289094625098615552e+02 3.370069567649321129e+01
1.235410839999999979e+02 6.541074000000000055e+00 1.199570243440682162e+02 2.062106931357523987e+00
9.234408600000000433e+01 1.566721100000000000e+01 9.867306315608949774e+01 1.770073806976469299e+01
1.328286300000000040e+02 1.854412800000000061e+01 9.456094402897363693e+01 1.516403533219482824e+01
1.092677800000000019e+02 3.181741999999999848e+00 1.043215913789042872e+02 1.027522022007512525e+01
1.015794000000000068e+02 7.872015000000000207e+00 1.292238145437783885e+02 3.320782806679120824e+01
1.324894099999999924e+02 1.522223000000000104e+00 9.476399149335186678e+01 3.484381593450281311e+00
1.363643999999999892e+02 1.274971000000000032e+01 1.087504296092606353e+02 2.156742628574189879e+01
1.205864299999999929e+02 8.516370000000000218e+00 1.014900877468687099e+02 2.532837508628992396e+01
1.306637699999999995e+02 1.285029600000000016e+01 9.315955045979146121e+01 1.367739266081304450e+01
1.121128999999999962e+02 1.959123999999999910e+01 1.264847174416257900e+02 7.090707789519939297e+00
1.089955800000000039e+02 1.639875599999999878e+01 9.775780090285618940e+01 1.371645747698440054e+01
9.808326999999999884e+01 2.820190200000000047e+01 1.103654460163434834e+02 8.716028252449406821e+00
1.061328350000000000e+02 2.596210900000000166e+01 1.164363424842646708e+02 1.539060795003513249e+01
1.346454300000000046e+02 1.258279899999999962e+01 1.306272468818548305e+02 3.105029791771191938e+01
1.276204900000000038e+02 1.005807899999999933e+01 1.300217087852396389e+02 1.135373868938976116e+01
1.221725399999999979e+02 1.971065000000000067e+00 1.148138821009848840e+02 3.203241451535443218e+01
1.074369499999999960e+02 2.925465799999999916e+01 1.051582827828647737e+02 1.935811833486662081e+00
1.065032039999999967e+02 4.921710000000000251e-01 1.102309962042581049e+02 3.216293895014091575e+00
1.364280100000000004e+02 4.255118000000000400e+00 1.350768921833677894e+02 2.818934005364668138e+01
1.353151900000000012e+02 1.279140499999999925e+01 1.095185251229065102e+02 3.496640833317943731e+01
1.180108199999999954e+02 1.392753899999999945e+01 1.277586312824420531e+02 7.395164731611873599e+00
1.069558300000000060e+02 3.322021000000000157e+01 9.896487041323491951e+01 1.921654066908232750e+01
1.255556260000000037e+02 1.372629099999999980e+01 1.128948318051253921e+02 3.793004967376129688e+00
1.166539499999999947e+02 2.553005200000000130e+01 9.704519905404735880e+01 9.385555528366131384e+00
1.044074200000000019e+02 1.407581799999999994e+01 1.361867635509052263e+02 4.912369487942269686e-01
1.068494100000000060e+02 1.800854100000000102e+01 1.129421925558900455e+02 2.217856087564846490e+01
1.367545299999999884e+02 1.483705600000000047e+01 1.134720413674570665e+02 3.208279604202578383e+01
1.205464199999999977e+02 1.931105200000000011e+01 9.885991011592832933e+01 1.665174790152146045e+01
1.250700149999999979e+02 1.553383900000000040e+01 1.263480676062685717e+02 3.161735775262439319e+01
1.099410100000000057e+02 2.527390700000000123e+01 1.360730073408996645e+02 1.555245710694459760e+01
9.953991000000000611e+01 1.765159200000000084e+01 1.051707879614332484e+02 1.932462471589778019e+01
1.340509999999999877e+02 2.624378400000000156e+01 9.224961811310575399e+01 3.469811736384075118e+01
1.002892999999999972e+02 2.375831000000000159e+01 1.227061433787309142e+02 2.250833117822020224e+00
1.259789300000000054e+02 8.138935999999999282e+00 1.162853208067016055e+02 9.905211356842082537e+00
1.068714449999999943e+02 1.286970200000000020e+01 1.321486756230290780e+02 1.384513652976580822e+01
1.205678249999999991e+02 2.621988100000000088e+01 9.244303621605327237e+01 1.851853695656235743e+01
1.064764899999999983e+02 2.161875300000000166e+01 1.162100578097007428e+02 1.699693357244724723e+01
1.252770199999999932e+02 1.020389400000000002e+01 9.996768856530897551e+01 2.400006836452246262e+01
1.114765500000000031e+02 2.000540499999999966e+01 1.238589269606316776e+02 1.339508642307716535e+01
1.365897199999999998e+02 8.289113999999999649e+00 1.160854016340362591e+02 1.171992973136292271e+01
1.137061499999999938e+02 2.920176500000000175e+01 1.128688196356203548e+02 8.489986405120474089e+00
1.207382000000000062e+02 1.915753600000000034e+01 1.315341536503693760e+02 5.466986678358622065e+00
1.117162550000000039e+02 2.099041700000000077e+01 1.099348364654158274e+02 2.951295626733423560e+01
1.040049199999999985e+02 2.438359600000000071e+01 1.008289367637794527e+02 2.960703876604548412e+01
1.030357699999999994e+02 2.493956400000000073e+01 1.085287785640840639e+02 1.927389321019640533e+01
1.134008259999999950e+02 2.899073999999999884e+01 9.260702719133328742e+01 1.872604069379224967e+01
1.210836500000000058e+02 1.404887100000000011e+01 1.078206615143054847e+02 5.523141830810452291e+00
1.289106299999999976e+02 7.094847999999999821e+00 1.337958475963119156e+02 3.122653952914248521e+01
1.293635400000000004e+02 1.894171000000000049e+00 1.012892847863949441e+02 1.932535835747053454e+01
1.123958300000000037e+02 1.957101600000000019e+01 9.275153405848976718e+01 7.907165076530763059e+00
1.222486099999999993e+02 1.220074699999999979e+01 1.050758691618935643e+02 3.305912231301537929e+01
1.055329299999999932e+02 8.244474999999999554e+00 1.342332073877154812e+02 2.706148431812660604e+01
1.072773499999999984e+02 2.767564799999999892e+01 1.073454237331197021e+02 6.397722274318923930e+00
9.823951999999999884e+01 1.669737599999999844e+01 1.305260536912058456e+02 1.891280729797837878e+01
1.068959600000000023e+02 4.261408999999999558e+00 1.165663186455368958e+02 8.591892699455701887e+00
1.222444500000000005e+02 8.908201999999999288e+00 1.025328981338578558e+02 2.302310671809858533e+01
9.723202000000000567e+01 2.960429800000000000e+01 1.114920160825443816e+02 2.334056553941293188e+01
1.221657000000000011e+02 3.453664999999999985e+00 1.206675078182202725e+02 2.103191813840517099e+01
1.102168700000000001e+02 2.640597199999999845e+01 1.371894020538463224e+02 3.362388057164982236e+00
1.269610100000000017e+02 1.226305200000000006e+01 1.200081357644984053e+02 2.789965577442816524e+01
1.148329200000000014e+02 2.281423799999999957e+01 1.327492518204521730e+02 8.698809489018628938e+00
1.096788600000000002e+02 1.849008999999999903e+00 1.012255373508497769e+02 1.112693991398854187e+01
1.127789899999999932e+02 1.603903199999999885e+01 9.200448636689154114e+01 1.197584941349476573e+01
1.094431699999999950e+02 2.603854600000000019e+01 1.340511898953554919e+02 1.057450228840174411e+01
1.252033899999999988e+02 9.675684000000000395e+00 1.032589655321812927e+02 2.572917077573883660e+01
1.206880299999999977e+02 9.057698999999999501e+00 1.339251769966685970e+02 1.203930577968506910e+01
1.130644759999999991e+02 5.041568999999999967e+00 1.126975820431122486e+02 1.361159590844280665e+01
1.087185099999999949e+02 1.082315200000000033e+01 1.257185390208850606e+02 1.534747421523253408e+01
9.363790000000000191e+01 1.419008299999999956e+01 1.247532817486691101e+02 2.515613710004962300e+01
9.893878999999999735e+01 2.680315399999999926e+01 1.270456301855138435e+02 9.403466597481472178e+00
1.153614500000000049e+02 1.834740400000000093e+01 1.066418898141676834e+02 3.167855351036340039e+01
1.037949100000000016e+02 1.724506999999999834e+01 9.633103683753638791e+01 2.722849027202719085e+01
1.194723599999999948e+02 1.724490399999999823e+01 1.276475734497374503e+02 1.473900294857779159e+01
9.639709999999999468e+01 2.889318000000000097e+01 1.036177517460824049e+02 4.234507422228423579e+00
1.050813700000000068e+02 4.424735000000000085e+00 9.836000424268523545e+01 3.937918813064984036e+00
1.222112300000000005e+02 1.084067199999999964e+01 1.127782518376557164e+02 2.280147108098551811e+01
1.201075060000000008e+02 6.985503999999999714e+00 1.122530952324172233e+02 1.713519437699071801e+01
1.131231460000000055e+02 2.764571000000000112e+00 1.188108448819646128e+02 3.220527810625920750e+01
1.063831100000000021e+02 8.929643999999999693e+00 1.307887793982115170e+02 2.395506293430475253e+01
1.130037300000000045e+02 2.547221800000000158e+01 1.120874706385924355e+02 2.444304694093355224e+01
1.309324000000000012e+02 9.878012000000000015e+00 1.037980401692371686e+02 1.558916783037457776e+01
1.110863800000000055e+02 2.956343499999999835e+01 1.046551756396469415e+02 2.156773402330074418e+01
1.017952350000000052e+02 1.828858599999999868e+01 1.127855595128003614e+02 2.953111095030403632e+01
1.230443949999999944e+02 4.896641999999999939e+00 1.002160268069414286e+02 2.356409691463861122e+01
1.120762000000000000e+02 7.865459999999999674e-01 9.452726622592145134e+01 2.777929987797824296e+01
1.255835950000000025e+02 1.142485399999999984e+01 1.051433200798296639e+02 1.404993369529803182e+01
1.109553400000000067e+02 1.066729000000000038e+00 1.357985681031536274e+02 2.071626372853407361e+01
9.448524500000000614e+01 1.358393900000000087e+01 9.681041293056257757e+01 8.480385383056209037e+00
1.195463639999999970e+02 2.841035700000000119e+01 1.341206982769589615e+02 1.688693180942215655e+00
1.064823149999999998e+02 3.252676000000000123e+00 9.306591062369672329e+01 2.499851221204000851e+01
1.217480850000000032e+02 1.688053000000000026e+00 9.911061573132759861e+01 2.919710136064592731e+01
1.024364300000000014e+02 2.697588299999999961e+01 1.036719180482451321e+02 1.679967022716679992e+01
1.139247359999999958e+02 2.117171300000000045e+01 1.065560111066025826e+02 7.432550887016739161e+00
1.085890660000000025e+02 5.622329999999999828e-01 9.693358988145689636e+01 1.754048538473267627e+01
1.128090440000000001e+02 2.218561000000000050e+01 1.221659843088651769e+02 1.687322742845442480e+00
1.235097959999999944e+02 2.681490999999999847e+00 1.121929819765359468e+02 3.172858961698328173e+01
9.288236999999999455e+01 2.260556000000000054e+01 1.272553841876311651e+02 2.495747667592796759e+01
1.211260759999999976e+02 1.171536500000000025e+01 1.296640053173108242e+02 4.041816111619956686e+00
1.331729400000000112e+02 1.186766300000000030e+01 1.334796744019159860e+02 8.845138401342587997e+00
1.075895799999999980e+02 1.972467400000000026e+01 1.173095963376807020e+02 1.169705882630099403e+01
1.165767299999999977e+02 1.286235699999999937e+01 9.488740579406879760e+01 1.991317379847597024e+01
9.765413999999999817e+01 2.677711499999999845e+01 1.058540553865465768e+02 6.874252276608564749e+00
1.009766800000000018e+02 1.603761899999999940e+01 1.112594558498790889e+02 2.873502695296377496e+01
1.063328249999999997e+02 1.094751899999999978e+01 1.306323026580843134e+02 2.644264057985706629e+01
1.210841450000000066e+02 2.834050999999999831e+01 1.165946444899904577e+02 2.956840467378243531e+01
1.067997500000000031e+02 2.827483199999999997e+01 1.259250741696025813e+02 2.393794294362966468e+01
1.219884500000000003e+02 2.734084500000000162e+01 1.032272510958165554e+02 3.233493344122829427e+01
1.164321900000000056e+02 1.890602499999999964e+01 1.221940694911204162e+02 3.490137657527464654e+01
1.358888900000000035e+02 4.520160999999999873e+00 1.163127873862810304e+02 2.177241766577122206e+01
9.713448999999999955e+01 2.390841500000000153e+01 9.431456670514927509e+01 2.028457869071484154e+01
1.099067840000000018e+02 1.686253999999999920e+01 1.354832942768437647e+02 3.440169853752946949e+01
1.134846040000000045e+02 1.515536099999999919e+01 1.249892306127914594e+02 3.270520356088793079e+01
1.324696399999999983e+02 1.699832699999999974e+01 9.875209462475737610e+01 2.020059356002704831e+01
1.148769499999999937e+02 6.728119999999999656e-01 1.316786825236638663e+02 1.735048513149873273e+01
1.311990399999999966e+02 2.885759999999999881e+00 1.308497332641653372e+02 1.818722998765627352e+01
1.237617400000000032e+02 2.570814499999999825e+01 1.309551568065442950e+02 2.756885828092809376e+01
1.356722699999999975e+02 1.789586800000000011e+01 9.615410780086976672e+01 1.016229373625861498e+01
