1.331451700000000073e+02 1.564029200000000053e+01 9.800469985129473116e+01 1.712282093601514532e+01
1.079864000000000033e+02 3.225813699999999784e+01 1.276823426776079344e+02 9.883346178578124253e+00
1.268019900000000035e+02 6.239142000000000188e+00 1.255804203713477989e+02 5.405346277543465305e+00
1.049807359999999932e+02 3.378130699999999820e+01 1.063766359464672178e+02 1.149771293779881631e+00
1.204013400000000047e+02 1.923368599999999873e+01 1.067084849493653849e+02 8.386910114884447154e+00
1.078628099999999961e+02 2.795533599999999907e+01 1.009267576281167464e+02 1.751537213421522310e+01
1.114088299999999947e+02 2.254265600000000092e+01 1.041317846283276367e+02 3.249981941173014377e+01
1.033886799999999937e+02 2.024487500000000040e+01 1.016610511525305043e+02 3.368880778647848739e+00
1.103507400000000018e+02 8.773649999999999505e-01 9.933527461401111225e+01 6.543887464529857034e+00
1.054926999999999992e+02 8.352017999999999276e+00 1.023644742720876479e+02 3.292442636085522167e+01
1.221774099999999947e+02 4.068751999999999924e+00 1.210157882483450464e+02 3.282578330658822807e+01
1.057738700000000023e+02 3.275798400000000044e+01 1.359967128508589553e+02 1.968828573236850943e+01
1.370396700000000010e+02 1.252472000000000030e+00 1.205213715705660604e+02 1.676813751248160855e+01
1.144742360000000048e+02 2.767989000000000033e+01 1.306084145418122375e+02 3.457234620847757611e+01
1.206926299999999941e+02 6.446999999999999953e-02 1.180668226058643739e+02 9.568738460411299940e+00
1.271800499999999943e+02 1.194703699999999991e+01 1.193180125573797454e+02 2.011999760122699499e+01
1.148955600000000032e+02 1.872133399999999881e+01 1.087555399685815587e+02 1.095193445813777444e+01
1.352699100000000101e+02 1.797872999999999877e+01 1.201474970405622997e+02 1.820979060729506571e+01
1.041709440000000058e+02 3.200216000000000349e+01 1.142594303867722942e+02 7.271325752485528149e+00
1.274859500000000025e+02 2.643822899999999976e+01 1.264636630646779736e+02 7.813902925003381128e+00
1.339961700000000064e+02 3.438096600000000080e+01 9.444550081158789112e+01 2.519336069988031213e+01
1.276148699999999963e+02 1.206080700000000050e+01 1.281030720875954785e+02 1.503438884648991447e+01
1.182972699999999975e+02 1.483025899999999986e+01 1.208436469331812191e+02 1.619617859683791394e+01
1.292091000000000065e+02 9.637442000000000064e+00 1.375962449267929628e+02 1.561981550211052294e+01
1.118961000000000041e+02 1.561135900000000021e+01 1.156002721158106112e+02 3.165111263489336935e+01
1.228186299999999989e+02 2.599601699999999838e+01 1.346699265815719002e+02 3.350078919055967930e+01
1.338926400000000001e+02 1.374230400000000074e+01 1.339817300512836482e+02 6.044557608504084634e+00
1.066970400000000012e+02 2.854751200000000111e+01 1.343295897561949062e+02 1.000764103363270507e+01
1.149692299999999960e+02 2.266322900000000118e+01 1.022309842877454003e+02 1.819353637241170674e+01
1.285425299999999993e+02 2.874658000000000158e+01 1.121996288923532603e+02 3.064766341410480877e+00
9.511124399999999923e+01 2.042535200000000017e+01 1.105538066117082110e+02 3.210496278923240965e+01
1.033215500000000020e+02 1.091743999999999915e+01 9.274061174259480822e+01 1.700500220485499625e+01
1.335451400000000035e+02 1.390628799999999998e+01 1.138781223906450606e+02 3.398321126902897049e+01
1.106384299999999996e+02 3.058228099999999827e+01 1.031602186180796963e+02 3.369899022135120958e+01
1.352128999999999905e+02 5.011090000000000266e+00 9.447516249428655044e+01 1.494216041980493515e+00
1.146455700000000064e+02 2.811013399999999862e+01 1.144006648845297320e+02 7.166602142455930746e+00
1.121307599999999951e+02 2.552255800000000008e+01 1.144334257030341462e+02 2.647889404440529049e+01
1.287615499999999997e+02 1.689361399999999946e+01 9.878537015639128072e+01 1.053241556384851840e+01
1.324983000000000004e+02 4.275179999999999758e+00 1.309795353454519216e+02 2.526319183699560877e+00
1.297281600000000026e+02 1.556633399999999945e+01 1.231365682897242522e+02 1.468267916248319516e+01
1.261324800000000010e+02 2.826121900000000053e+01 1.062028704591945569e+02 1.414116590852488997e+01
1.081945400000000035e+02 1.628570200000000057e+01 1.070084206774970568e+02 3.238823570329194013e+01
1.004969799999999935e+02 2.176606200000000158e+01 1.239772344220742184e+02 2.755643648126403278e+01
9.755183399999999949e+01 3.184772999999999854e+01 1.328352161117507535e+02 3.118090042928253069e+01
1.228618239999999986e+02 3.672254999999999825e+00 1.334171460881998428e+02 1.990249069024872952e+01
9.491244500000000528e+01 6.986594000000000193e+00 1.165906226678353050e+02 2.654758822213181446e+01
1.308280000000000030e+02 1.675008999999999970e+00 1.209366157700807491e+02 1.969244075236065683e+01
1.106396600000000063e+02 3.104340399999999889e+01 1.127442848780153213e+02 2.533572105284774167e+01
1.055583699999999965e+02 3.125904999999999845e+01 1.370944473268846195e+02 3.773850332899994608e+00
1.148805399999999963e+02 1.808004999999999995e+01 1.275179927869939149e+02 2.817388385297750020e+01
1.252612100000000055e+02 1.041665000000000063e+01 1.375756116192596892e+02 1.959435830703079517e+01
1.132756650000000036e+02 2.208142499999999941e+01 9.399403810504759349e+01 8.871984733984859872e+00
1.081673300000000069e+02 3.137665000000000148e+01 1.102164102522339704e+02 3.281770583543986675e+01
1.023442150000000055e+02 1.525748100000000029e+01 1.059086145865486088e+02 1.359533942522510230e+01
1.252029399999999981e+02 8.083719000000000321e+00 1.185489033867720536e+02 2.286837826760468673e+01
9.655877999999999872e+01 1.599573400000000056e+01 1.375974698249185622e+02 2.663782736850509636e+01
1.245328750000000042e+02 5.898450999999999667e+00 1.123345748144626555e+02 8.697871212645798877e+00
1.204545700000000039e+02 7.107947000000000237e+00 1.043673941659177160e+02 1.706356494078256603e+01
9.774904999999999688e+01 2.897119999999999962e+01 1.305602444288630295e+02 5.563940106021451726e+00
1.074345600000000047e+02 3.142921400000000176e+01 1.247686597442153982e+02 1.307473356933928343e+01
1.058196200000000005e+02 1.893849399999999861e+01 1.076120554527743991e+02 1.896020106190926668e+01
1.286751700000000085e+02 8.353201000000000320e+00 1.220973568962225926e+02 2.874242371077042790e+01
1.261416849999999954e+02 2.764416500000000099e+01 1.051886919875276192e+02 3.338906164451717729e+01
1.316590400000000045e+02 1.172049799999999919e+01 9.565820891016576866e+01 2.139829770063984782e+01
1.205801850000000002e+02 1.364764599999999994e+01 1.061005370165735400e+02 9.793608062190278796e-01
1.224305650000000014e+02 1.482882700000000042e+01 1.048392470648783359e+02 1.571824485844532582e+01
1.362818499999999915e+02 1.441225500000000004e+01 1.090727205846069694e+02 2.304925964831043217e+01
1.375393200000000036e+02 1.340690000000000026e+01 1.248527902411121602e+02 1.368030918676348229e+01
1.009878700000000009e+02 1.558966700000000039e+01 1.029506534164277269e+02 3.033386851751201974e+01
1.216506349999999941e+02 9.985416000000000736e+00 1.190099102018120334e+02 2.300012104828904924e+01
1.349069200000000137e+02 4.621629999999999905e-01 1.349898043298790640e+02 1.337482826181233619e+01
1.076719200000000001e+02 1.886546900000000093e+01 1.326406012110312531e+02 2.071280476015568794e+01
1.065728000000000009e+02 5.804099999999999815e-01 1.057387770086981504e+02 1.618872018240554311e+01
1.092301300000000026e+02 1.388265000000000082e+00 1.365414875191785882e+02 2.937052906267696883e+01
1.060613900000000029e+02 3.150582100000000096e+01 1.070073778249778087e+02 1.480658026687691198e+00
1.180998459999999994e+02 1.284827399999999997e+01 1.092234367605822882e+02 3.206016035375309059e+01
1.042875439999999969e+02 1.675788000000000011e+01 1.070304844606995971e+02 2.180528181721075143e+01
9.908189000000000135e+01 3.429287999999999670e+01 1.303669787711574770e+02 2.189914595415551091e+01
1.340829600000000141e+02 1.444733800000000024e+01 1.166957362530079934e+02 2.262137382819538090e+01
1.236492400000000060e+02 8.307256999999999891e+00 1.133345423454886429e+02 2.392301221161446279e+01
1.321269700000000000e+02 2.966490999999999989e+00 1.287226013552647146e+02 2.188165904504436554e+01
1.054755250000000046e+02 9.531067999999999429e+00 1.228099999740054500e+02 1.519971878189594605e+01
1.217343299999999999e+02 1.486597700000000088e+01 1.163702409239658664e+02 1.547414742974004653e+01
1.355880699999999877e+02 2.913927999999999852e+00 1.129784145031078140e+02 3.429084902344662567e+01
1.179293399999999963e+02 2.794945999999999842e+01 1.104985957681141002e+02 3.152702577831957598e+01
1.290645299999999907e+02 1.239838499999999932e+01 1.231665984583247564e+02 1.791458370964655700e+01
1.129113159999999993e+02 2.588991400000000098e+01 1.098682224141379038e+02 3.280519444914170180e+01
1.200400099999999952e+02 2.610586400000000040e+01 1.320094243872587185e+02 1.896315936601244090e+01
1.193644560000000041e+02 2.596516599999999997e+01 1.309555015723089753e+02 1.562593541309595935e+01
1.286689599999999984e+02 1.164122899999999916e+01 1.294646108077863005e+02 4.490038046079848577e+00
1.096538500000000056e+02 3.307865999999999929e+01 1.133612080578999013e+02 2.531664629680613032e+01
9.423469500000000210e+01 8.636367999999999157e+00 1.232747255440991125e+02 1.602909161160888729e+01
1.020639400000000023e+02 1.681472199999999972e+01 1.170389649574997435e+02 1.271925222271083378e+01
1.220030500000000018e+02 1.467741900000000044e+01 9.228698654096359633e+01 2.983736277298017825e+01
1.138190160000000049e+02 1.354168100000000052e+01 1.251399075117787305e+02 2.152674630699034353e+01
1.283577600000000132e+02 3.503263000000000016e+00 1.155893879454602313e+02 2.137812264096069370e+01
1.179452600000000047e+02 3.413794299999999993e+01 1.045698742558412846e+02 2.933041265403799969e+01
1.355431199999999876e+02 2.001708199999999849e+01 1.210895392869670957e+02 2.191709138806132273e+01
1.190581049999999976e+02 2.063319200000000109e+01 1.225239224531778603e+02 2.541416514024710338e+01
1.161219250000000045e+02 1.121271899999999988e+01 1.249252240696413594e+02 3.079131940067987117e+01
1.230953449999999947e+02 4.679204000000000363e+00 1.114813207048924824e+02 1.161455136588072712e+01
1.258002900000000039e+02 1.515819699999999948e+01 1.083164657582452719e+02 3.108002444144942089e+01
1.286331199999999910e+02 8.588366999999999862e+00 1.228201923615351774e+02 5.350894330474705640e+00
1.299641100000000051e+02 1.389185499999999962e+01 1.293170733682326841e+02 4.349354829848090631e+00
1.066365299999999934e+02 1.226323999999999970e+01 9.807454524212087676e+01 3.354416625517384176e+01
1.108996999999999957e+02 3.483259000000000327e+01 1.240390258453517447e+02 9.314496978280370598e+00
1.152771500000000060e+02 4.479098999999999720e+00 1.032277478606863355e+02 2.880644318782823277e+01
1.130173300000000012e+02 1.738992299999999958e+01 1.043509502415176655e+02 3.038062118587042670e-01
1.168420299999999941e+02 1.809422899999999856e+01 1.371028804927947817e+02 1.280063859892184652e+01
1.325071299999999894e+02 3.182958000000000176e+00 1.026037331466803977e+02 2.645496253947198895e+01
1.262960360000000009e+02 2.761617000000000033e+01 1.100066290191674909e+02 2.715520696793294331e+00
1.303903999999999996e+02 2.805204999999999949e+00 1.283654556817886032e+02 3.101349163846444412e+01
1.059587700000000012e+02 8.478775999999999868e+00 1.055693919538498591e+02 1.636720778692306411e+01
1.096028799999999990e+02 2.265409999999999968e+01 1.070155303115707000e+02 6.092142956910024054e+00
1.158468500000000034e+02 2.654724699999999871e+01 9.317534055209870303e+01 1.418081581849575734e+01
9.918323499999999626e+01 1.574674699999999916e+01 1.125710268127087375e+02 1.846883855464788171e+00
1.314637800000000141e+02 1.366797000000000040e+01 1.171808848625952351e+02 2.813871959201923190e+01
1.245766100000000023e+02 8.309366000000000696e+00 1.207581159312787236e+02 1.453313179429505198e+01
1.185999149999999958e+02 1.150301600000000057e+01 9.244302939334836822e+01 3.765760903785102531e+00
1.208478199999999987e+02 2.691405000000000047e+00 1.257387978035348794e+02 2.021467966343119471e+01
1.078109199999999959e+02 3.159997999999999863e+01 1.096106615293891764e+02 3.318360696072463156e+01
1.355432900000000132e+02 8.343788999999999234e+00 1.040888175249614136e+02 7.291013006632346638e+00
1.130484199999999930e+02 2.044042800000000071e+01 9.850540739773718713e+01 1.348318110764915900e+01
9.689548999999999523e+01 3.139643900000000087e+01 1.006456343311101591e+02 3.197410697042912986e+01
1.015848000000000013e+02 2.689655000000000129e+01 1.116469577036416183e+02 2.013570910838672390e+01
1.304027600000000007e+02 8.559516999999999598e+00 1.328531495688511654e+02 2.284608653090478114e+01
9.442122000000000526e+01 2.540277000000000118e+00 9.457182224444015617e+01 3.691080240046247241e+00
9.954317000000000348e+01 2.821960599999999886e+01 1.275605814745350415e+02 1.103016657792164601e+01
1.040678560000000061e+02 3.964449000000000112e+00 1.143155341966055119e+02 1.272875063131671780e+01
9.492020999999999731e+01 2.098355700000000112e+01 1.212636206514729622e+02 2.884293350454762006e+01
1.080926400000000029e+02 3.690646999999999789e+00 1.105340009884824042e+02 2.061430792775551168e+01
1.239288300000000049e+02 7.131028999999999840e+00 1.048534725506950025e+02 8.828620772291797536e+00
1.064135899999999992e+02 2.078034999999999854e+01 1.295410053888799098e+02 2.970846200449183172e+01
1.058240600000000029e+02 1.711543800000000104e+01 1.211389984465404979e+02 2.776468863034105894e+01
1.150612100000000027e+02 2.330619199999999935e+01 1.075648114390412928e+02 4.407122969095966347e+00
1.226914500000000032e+02 9.774010000000000531e+00 1.271630166820593786e+02 1.447321569301390554e+01
1.175795600000000007e+02 5.611371000000000109e+00 1.329106299779740255e+02 2.376806134019208727e+01
1.254562600000000003e+02 3.918108000000000146e+00 1.347070516538802281e+02 2.205769923692495738e+01
1.239226299999999981e+02 1.168934499999999943e+01 1.319035279763170081e+02 1.461985226560395645e+01
1.274613300000000038e+02 8.821358999999999284e+00 1.140315529124885359e+02 2.496931995672872162e+01
1.247555499999999995e+02 1.558736700000000042e+01 1.061065801787907361e+02 1.635117299358470433e+01
1.098299099999999981e+02 2.569585199999999858e+01 1.139348505971454415e+02 2.620934121663524508e+01
1.216711800000000068e+02 9.723228000000000648e+00 1.345945593067444577e+02 9.765935692120757849e+00
1.117229700000000037e+02 2.507940899999999829e+01 1.359816322489257345e+02 2.459959859876095933e+01
1.198547059999999931e+02 7.232410999999999923e+00 1.125756485318715647e+02 1.880814841533765858e+01
1.104863299999999953e+02 2.858129299999999873e+01 1.352164251859408637e+02 1.406940000996534579e+01
1.263779140000000041e+02 1.207870400000000011e+01 1.166967218859618640e+02 5.672031318033608827e+00
1.031240300000000047e+02 2.424801599999999979e+01 1.124894880930443009e+02 2.717760252166260670e+01
1.286027200000000050e+02 8.726665000000000560e+00 9.785414239845610496e+01 1.409058902188624884e+01
1.353658100000000104e+02 1.056605300000000014e+01 1.032687779786332669e+02 1.734890407166864268e+00
1.074754400000000061e+02 1.089594899999999988e+01 1.096158046654435338e+02 2.681578228649629381e+01
1.185020800000000065e+02 3.043984199999999873e+01 1.203017486237631033e+02 2.642283157781777803e+01
1.179629500000000064e+02 1.794520599999999888e+01 1.013893496169480528e+02 3.245065429606783880e+01
1.267007399999999961e+02 1.415362099999999934e+01 1.227250363012910270e+02 1.464397235228566707e+01
1.039138399999999933e+02 1.255168100000000031e+01 9.415366663215834819e+01 3.260643814109560878e+01
1.324309700000000021e+02 7.640058999999999934e+00 1.354876325214557937e+02 4.374513112742403287e+00
1.117770399999999995e+02 2.602037199999999828e+01 1.223948389573162956e+02 1.863823401356305354e+01
1.185986900000000048e+02 1.763774300000000039e+01 1.273112744244220949e+02 1.301537255257122538e+01
1.265864399999999961e+02 1.194002500000000033e+01 1.016504496029812543e+02 7.726089899938405559e+00
1.242183150000000040e+02 2.629088000000000136e+01 1.037139855825657264e+02 2.026815551697830031e+01
1.003582999999999998e+02 2.007404500000000169e+01 1.342827290938649298e+02 1.393012699653918851e+01
1.047332300000000060e+02 2.698434299999999908e+01 1.082354041621809984e+02 8.613726723104711880e+00
1.264931950000000001e+02 3.052376699999999943e+01 1.035246310024638490e+02 3.158052225452881601e+01
1.020793800000000005e+02 2.128403700000000143e+01 1.162509651907887473e+02 1.573162995469202308e+01
1.378785100000000057e+02 1.122782400000000003e+01 1.168365108515384350e+02 1.290739885805882992e+01
1.237547799999999967e+02 1.402938000000000018e+00 1.197965469148605990e+02 2.640092784423168837e+01
9.760130999999999801e+01 1.960865599999999986e+01 1.244443693470768437e+02 8.672866541125555884e+00
1.221421050000000008e+02 3.095749999999999780e+00 1.227520378606411668e+02 2.434927626130287592e+01
1.100269849999999963e+02 1.782430499999999896e+01 1.317150274308884832e+02 2.807384263523682577e+01
1.177207499999999953e+02 1.377951799999999949e+01 1.152225918058372258e+02 2.295455065597560917e+01
1.003102300000000042e+02 2.285036500000000004e+01 1.297541726370231743e+02 1.034498267525301252e+01
1.063641049999999950e+02 2.387164500000000089e+01 1.006694712829431779e+02 1.169822987185525243e+01
1.260793199999999956e+02 1.507600200000000079e+01 9.701424401696337441e+01 9.636754343418065361e+00
1.024698099999999954e+02 2.152501900000000035e+01 1.245573270079264034e+02 2.038541679118662131e+01
1.035987200000000001e+02 1.906737000000000037e+01 9.472627058667893607e+01 8.860404334031169782e+00
1.114736800000000017e+02 2.004428000000000054e+01 1.014906081068326671e+02 2.109384259547864460e+01
1.007371399999999966e+02 2.470236600000000138e+01 1.223777922014592576e+02 5.402811633135336855e+00
1.281042500000000075e+02 1.263489599999999946e+01 9.715869093241634857e+01 1.474852749402421637e+01
1.202836599999999976e+02 1.236480500000000049e+01 1.377559648122042404e+02 1.231761466650124071e+01
1.166195600000000070e+02 2.389059299999999908e+01 1.125438743407785864e+02 9.175520687702224620e+00
1.116215100000000007e+02 2.149703999999999837e+01 9.897997918183421007e+01 1.373244210825125933e+01
1.066686859999999939e+02 3.609456000000000220e+00 9.230397540647295784e+01 2.412753403932938667e+01
1.272999200000000002e+02 3.150138899999999964e+01 1.213052947720877626e+02 4.467203985254544207e+00
1.347473899999999958e+02 1.456310399999999916e+01 9.990630048544932151e+01 1.741065367153417753e+00
1.078603300000000047e+02 3.205924000000000262e+01 1.053900419053140780e+02 1.602901224931693136e+01
9.981167000000000655e+01 2.547162799999999905e+01 1.252201341693116774e+02 8.343600962840033830e+00
1.057254400000000061e+02 1.247801699999999947e+01 1.229044656889450096e+02 8.347167577531630300e+00
9.286606600000000356e+01 6.433735999999999677e+00 1.001918101554676639e+02 1.414405247504653929e+01
1.180868300000000062e+02 8.296312000000000353e+00 1.054626598871157626e+02 1.604072739707559592e+01
1.312255999999999858e+02 1.041509199999999957e+01 1.306217438193389455e+02 1.462311773953392979e+01
1.037843000000000018e+02 2.495760299999999887e+01 1.080828409124067946e+02 3.167914435973497334e+01
1.246774400000000043e+02 1.209600299999999962e+01 1.360466100194580008e+02 2.434291195411880437e+01
1.092710799999999978e+02 1.336278599999999983e+01 1.228355377966689730e+02 2.970553284884155687e+01
1.275640800000000041e+02 1.488677000000000028e+01 1.010938103012844920e+02 4.671076594974536533e+00
1.209731299999999976e+02 2.012263300000000044e+01 1.288984614431777800e+02 1.876671781036116471e+01
1.273195599999999956e+02 1.021326400000000056e+01 1.366186118473763997e+02 1.634940823741746385e+01
1.106924300000000017e+02 8.721729999999999761e-01 1.129222473203036969e+02 3.340974574965036936e+01
1.192735749999999939e+02 1.863693999999999917e+01 9.958353210019552648e+01 8.544828318846237281e+00
1.288786599999999964e+02 1.183304700000000054e+01 1.364812017646373192e+02 2.168188039782176446e+01
1.310145699999999920e+02 1.227133000000000074e+01 1.081986404536963136e+02 1.183980372084944221e+01
1.149821199999999948e+02 1.282922100000000043e+01 1.151928484085257054e+02 1.155761989350505559e+01
1.176570099999999996e+02 2.176196300000000150e+01 1.183987936704274233e+02 9.634221635799642414e+00
1.062813639999999964e+02 9.905939000000000050e+00 1.352551405972256191e+02 9.170680740530560371e+00
1.084680560000000042e+02 1.681018399999999957e+01 1.338792095251023682e+02 2.900992170464148145e+01
1.226265700000000010e+02 6.337415000000000020e+00 1.058942474242604845e+02 1.633451941983160793e+01
1.101968499999999977e+02 2.375801699999999883e+01 1.264689264419857295e+02 8.850957899472508217e+00
1.291601900000000001e+02 1.209166300000000049e+01 1.113208053613188326e+02 1.291124033377857749e+00
1.066084100000000063e+02 3.491856800000000050e+01 1.169473353442694901e+02 1.473431432685196185e+01
1.123523600000000044e+02 2.472185899999999847e+01 1.193717056987582765e+02 2.179143113120229458e+01
1.085241099999999932e+02 2.678840999999999894e+01 1.297362940493713381e+02 1.528107134201367145e+01
1.123661100000000062e+02 1.985620899999999978e+01 1.370098374183147030e+02 3.054067552568384514e+01
1.182651900000000040e+02 1.205452299999999966e+01 1.294032416086607498e+02 2.607128137998449802e+01
1.043113299999999981e+02 9.546936000000000533e+00 1.234365944161794744e+02 1.917406712615915154e+01
1.003025499999999965e+02 1.609912900000000135e+01 1.104910488758884526e+02 3.490887365315099800e+01
1.254603199999999958e+02 1.298301599999999922e+01 1.226942576121693094e+02 2.449351166213059727e+01
1.231597299999999962e+02 7.689467999999999748e+00 1.088042350656898236e+02 2.737841414621531300e+01
1.283342100000000130e+02 2.203216400000000164e+01 1.263831924267898046e+02 3.426239933700594520e+01
9.877991500000000258e+01 1.703118500000000068e+01 9.440897315369593912e+01 1.796043468118479325e+01
1.211231700000000018e+02 5.250886000000000386e+00 1.135829619256746810e+02 8.019199560359989931e+00
1.006978600000000057e+02 1.544444200000000045e+01 1.083690111564103802e+02 1.330540089343580767e+01
1.020694000000000017e+02 1.701910399999999868e+01 1.131556707181037780e+02 2.120260334347571174e+01
1.294410000000000025e+02 2.921653200000000083e+01 1.267681774268913273e+02 2.992810340197383567e+01
1.048792499999999990e+02 1.661124399999999923e+01 9.860671351797036266e+01 2.890711629842785513e+01
9.963335999999999615e+01 3.011660600000000088e+01 1.350918137071233218e+02 8.752234608697170515e+00
1.124703750000000042e+02 1.702895499999999984e+01 1.286830933541436650e+02 1.114176645295550649e+01
1.251776499999999999e+02 9.960960999999999288e+00 1.209953000097127926e+02 3.466891059853696078e+01
1.181156600000000054e+02 2.807990600000000114e+01 1.293408915211488193e+02 2.185517812181433683e+01
9.922207000000000221e+01 4.366456999999999589e+00 1.339010084494050545e+02 2.800968661421666539e+01
1.083700699999999983e+02 1.887853999999999921e+00 9.926841363078835911e+01 2.073217510160720778e+01
1.118422850000000039e+02 1.812244600000000005e+01 1.085183841001657754e+02 3.830484155077716224e+00
1.188802900000000022e+02 7.100107000000000390e+00 1.159544933074563744e+02 1.248004332954765871e+00
1.345495300000000043e+02 6.859785999999999717e+00 1.238907757452881526e+02 2.745538132701839018e+01
9.897129999999999939e+01 1.955711399999999855e+01 1.328385869474489596e+02 2.037893764362316062e+01
1.305723099999999874e+02 3.448748799999999903e+01 1.155606742280473043e+02 7.253984323498126052e+00
1.032809749999999980e+02 1.728598600000000118e+01 9.466984096962804074e+01 3.195930712790568506e+01
1.223116799999999955e+02 7.156254999999999811e+00 1.058033174701423036e+02 1.068789777091414095e+01
1.265958100000000002e+02 2.633954999999999913e+01 9.364492382133170167e+01 5.912432172034706390e+00
1.292459900000000061e+02 4.137847999999999971e+00 1.258016940765255356e+02 4.788289546616175230e+00
1.044513100000000065e+02 2.886278000000000077e+01 9.846184698758683851e+01 1.650666670232538991e+01
1.151904700000000048e+02 8.768988999999999479e+00 1.205896741228332019e+02 2.448924928891844388e+01
1.206544499999999971e+02 1.271279400000000059e+01 1.366627589435223626e+02 1.781921652874702033e+01
1.224160899999999970e+02 7.696626000000000190e+00 9.939635246981481487e+01 3.244488802073738576e+00
1.276514700000000033e+02 1.503062899999999935e+01 1.004165606112976832e+02 2.540873085597463898e+01
1.110726800000000054e+02 1.657695800000000119e+01 1.266962608269929831e+02 1.857023266130965311e+01
1.134364199999999983e+02 3.037878600000000162e+01 1.041817225768830468e+02 1.541272010436755657e+01
1.191146099999999990e+02 1.880997299999999939e+01 1.266000810935791350e+02 9.536816733420538483e+00
1.135725199999999973e+02 1.487359700000000018e+01 1.049270505327073977e+02 4.117045002538863407e+00
1.207911699999999939e+02 1.297105099999999922e+01 1.235127262132340178e+02 1.896262035100304288e+01
1.151021999999999963e+02 2.461723999999999890e+01 1.065197552994514183e+02 2.799297332982097686e+01
1.055944099999999963e+02 1.730002199999999846e+01 1.060093241163928752e+02 2.189003797383426431e+01
1.057339300000000009e+02 2.254277000000000086e+01 1.302030787224120445e+02 1.983447368773927622e+01
1.304119399999999871e+02 1.130974800000000080e+01 1.328994802565292730e+02 1.019574419995228176e+01
1.104307500000000033e+02 1.658255600000000030e+01 1.087657622167953377e+02 2.963773316835740523e+00
1.046525000000000034e+02 2.365267400000000109e+01 1.051114364915512311e+02 2.755223235431847684e+01
1.363225999999999942e+02 2.142673699999999926e+01 9.583371192725513765e+01 1.303731138726698546e+01
1.255558699999999988e+02 4.544313999999999965e+00 1.172996185187478346e+02 3.079822165753225249e+01
1.218254000000000019e+02 4.371687999999999796e+00 1.233315656479974649e+02 7.097916438153978547e+00
1.320423000000000116e+02 1.426623200000000047e+01 9.273708045433455993e+01 1.010437224079951868e+01
1.343044899999999870e+02 1.360846100000000014e+01 1.245153381509505550e+02 3.403976947312139600e+01
1.008096900000000034e+02 1.563741100000000017e+01 1.322157940546084092e+02 3.332033304898165227e+01
1.203130950000000041e+02 1.544907599999999981e+01 1.366039990794660923e+02 1.111657123000310499e+01
1.067001900000000063e+02 1.305196199999999962e+01 9.580486125964432631e+01 2.136016089047633315e+01
1.211944400000000002e+02 7.120269999999999655e+00 1.099025983751944011e+02 2.651108717742166121e+01
1.103286899999999946e+02 1.103283000000000014e+00 1.100731553704670631e+02 2.038292158719532665e+01
1.248241299999999967e+02 2.644671599999999856e+01 9.823169262130427626e+01 2.467891921559455426e+01
1.234977099999999979e+02 1.764413300000000007e+01 1.329951578828021468e+02 1.986173770625060797e+01
1.191021599999999978e+02 1.562066500000000069e+01 1.006377980911200467e+02 1.948949528920782104e+00
1.259750059999999934e+02 8.296856999999999260e+00 9.562165903888129037e+01 2.681956145881447995e+01
1.079673540000000003e+02 1.237299100000000074e+01 9.707019757566450835e+01 2.338962568765118633e+01
1.252135240000000067e+02 1.563707699999999967e+01 1.270295421552964967e+02 3.010544662226110191e+01
1.128123599999999982e+02 2.516570700000000116e+01 1.283716807466381056e+02 2.131332611779740560e+01
1.134188099999999935e+02 1.023753300000000088e+01 1.282437298664546006e+02 3.419875449700971615e+01
1.128938299999999941e+02 1.716561099999999840e+01 1.133476133635498257e+02 2.169026894205980938e+01
1.090715200000000067e+02 1.751669499999999857e+01 1.130854829707601681e+02 1.849220431043526247e+01
1.066784899999999965e+02 8.027340000000000586e+00 1.344587119036493164e+02 2.154476922089646962e+01
1.301593200000000081e+02 3.440213800000000077e+01 1.162436556758563171e+02 6.582946176549867801e+00
1.332002899999999954e+02 1.412760000000000127e-01 9.966110607637956775e+01 2.546662489143558972e+01
1.213336639999999989e+02 1.455452499999999993e+01 1.158167406452408414e+02 2.857791614106375278e+01
1.355708199999999977e+02 1.183108600000000088e+01 1.109710229857645487e+02 2.028634739914948426e+01
1.377753099999999904e+02 1.232100499999999954e+01 1.176703650372372607e+02 3.063109981874124443e+01
1.259025960000000026e+02 8.412031000000000702e+00 9.558335539542206050e+01 3.963317097738779715e+00
1.065015499999999946e+02 2.745592699999999908e+01 1.069322763038150441e+02 1.109337303184391388e+01
1.167996100000000013e+02 2.692645800000000023e+01 9.343851567650779089e+01 3.477238128072198720e+01
1.252556299999999965e+02 7.355453999999999937e+00 1.267710697764303092e+02 1.384965433863272466e+01
1.183964100000000030e+02 2.882246400000000008e+01 1.074613816316997656e+02 2.564333147981733774e+01
9.277315000000000111e+01 1.838847499999999968e+01 1.324388534603858432e+02 1.430975521805840645e+00
1.056335140000000052e+02 2.491520699999999877e+01 1.252868497409126860e+02 1.680593445612354131e+01
1.077314800000000048e+02 2.793261299999999991e+01 9.374374530016106633e+01 5.927728663572218171e-02
1.093420100000000019e+02 2.870751599999999826e+01 9.468790011521953431e+01 1.800955962168792368e+01
1.234837399999999974e+02 2.555160000000000209e-01 1.257920798390181858e+02 7.871736095061281802e+00
1.153960299999999961e+02 3.187136999999999887e+01 9.475458570863081320e+01 2.337322414318521169e+01
9.488523999999999603e+01 3.360560600000000164e+01 1.294290039593776669e+02 1.473307329947608935e+01
1.035432399999999973e+02 2.423743999999999943e+01 1.323597227015808357e+02 1.043337178225470652e+01
1.233387599999999935e+02 2.847430000000000128e+00 1.181037269964247258e+02 9.105058747264594743e+00
1.020943999999999932e+02 1.659711000000000070e+01 1.052256744038494958e+02 3.229495314897905445e+01
1.031805300000000045e+02 1.483915700000000015e+01 1.150647997839989785e+02 2.493775235065442430e+01
1.270234300000000047e+02 5.967240000000000322e+00 1.378980049762273552e+02 1.630773881639428780e+01
1.216318360000000069e+02 6.971199999999999619e+00 1.166427759018952486e+02 4.346001334008962047e+00
1.335680000000000121e+02 1.057251199999999969e+01 1.328713506427168909e+02 3.437058226864611044e+01
1.245154399999999981e+02 9.428326000000000207e+00 1.099359932533461688e+02 4.822592711541878074e+00
1.357156699999999887e+02 3.125895300000000177e+01 1.315891419721877469e+02 1.467872854577896291e+01
1.376754999999999995e+02 1.454145600000000016e+01 1.013681483753350250e+02 3.340521782590958821e+01
1.254233859999999936e+02 2.886179999999999968e+00 1.113266326661072014e+02 2.037620489197017903e+01
1.281946399999999926e+02 1.151056699999999999e+01 1.053581557187020508e+02 1.844569947959245582e+01
1.210699099999999930e+02 1.798126600000000153e+01 1.124438425341416092e+02 1.046064642738869921e+01
1.270311099999999982e+02 9.210869000000000639e+00 1.186798477340229709e+02 2.568561714384895112e+01
1.297718999999999880e+02 1.096346999999999916e+01 1.004395362297344150e+02 2.815997274861265609e+01
1.087744299999999953e+02 9.552899999999999725e-01 1.202058464400447519e+02 3.164371627429643041e+01
1.129650599999999940e+02 1.078936599999999935e+01 1.112088395999041381e+02 2.213595892028673617e+01
1.028996700000000004e+02 1.578575000000000017e+01 1.363112089339841191e+02 3.137691308362661502e+01
1.178697700000000026e+02 2.086379200000000012e+01 1.278879795113819569e+02 1.286992573702769871e+00
1.004126049999999992e+02 2.261345000000000027e+01 1.193689991787510394e+02 8.061458706912899785e+00
1.285522300000000087e+02 3.419751999999999903e+00 1.071337483799468941e+02 2.469118116482103176e+01
1.006953599999999938e+02 1.924044200000000160e+01 1.262993283961325233e+02 2.811149459015685181e+01
1.033311999999999955e+02 8.036189999999999500e+00 1.011324511775443398e+02 3.106764198317367587e+01
1.349553200000000004e+02 1.906885099999999866e+01 1.279446957441135737e+02 2.796693755471739351e+01
1.248270700000000062e+02 4.432827999999999768e+00 1.062922120281366603e+02 2.355564931794456918e+00
1.209879799999999932e+02 1.243783900000000031e+01 1.164914935253645325e+02 1.562313926055192681e+01
1.366002000000000010e+02 2.353372600000000148e+01 1.235737829915106403e+02 1.057083971827727353e+01
1.274986999999999995e+02 1.990880800000000050e+01 1.319763346873629644e+02 4.892284352171031081e+00
1.333230000000000075e+02 1.215278799999999926e+01 1.339259867326988171e+02 1.512285405570732344e+01
1.227520700000000033e+02 1.170782999999999907e+00 1.089220695632324123e+02 2.827047215764479660e+01
1.172544599999999946e+02 4.492557999999999829e+00 9.465209078497218798e+01 1.988336044132324076e+01
1.286662800000000004e+02 5.189660000000000384e-01 1.019354622214808188e+02 2.007130332035581688e+01
1.068336939999999942e+02 1.901988000000000056e+01 1.108149535754973982e+02 4.460055092586764580e+00
1.091388699999999972e+02 1.284375499999999981e+01 1.263165734247083094e+02 1.252052402600820002e+01
1.195968249999999955e+02 1.992211299999999952e+01 1.352360523131229968e+02 1.709998671118563252e+01
1.125651100000000042e+02 1.389909199999999956e+01 1.124950142321436459e+02 2.734217312078667916e+01
1.090013050000000021e+02 2.906080000000000041e+01 1.140042025753264738e+02 1.440049864212432063e+01
1.193820400000000035e+02 7.351111999999999647e+00 1.120288158695702236e+02 1.152817264628320260e+01
9.868321000000000254e+01 2.970345299999999966e+01 1.245168045898015237e+02 3.336735059557939564e+01
1.268339900000000000e+02 8.518722999999999601e+00 1.180834810605188210e+02 8.829822124434512531e+00
1.073292849999999987e+02 3.159566099999999977e+01 9.822542688243956377e+01 2.991392801322700024e+01
1.066743699999999961e+02 3.105507700000000071e+01 1.353848308253031973e+02 7.616226522571463597e+00
1.306742099999999880e+02 8.577165000000000816e+00 1.092558501437522267e+02 2.591931351039207954e+01
1.358086700000000064e+02 1.854602399999999918e+01 1.026847665601134594e+02 2.814943051731810808e+00
1.086584299999999956e+02 1.116496899999999926e+01 1.200831839030789183e+02 2.521725750577397118e-01
1.098771440000000013e+02 2.681062700000000021e+01 1.135919014802202298e+02 1.081379167725718382e+01
9.543803400000000181e+01 2.144368199999999902e+01 1.113455127019089161e+02 1.216499432119537616e+01
1.231007100000000065e+02 2.744201500000000138e+01 1.242491228187086421e+02 7.930388325846133846e+00
1.200969999999999942e+02 1.983857199999999921e+01 1.118499579448438936e+02 1.173292811071879704e+01
