1.477149999999999963e+01 5.495580000000000354e+01 3.656719796832060609e+01 5.227157347328750348e+01
8.302600999999999232e+00 5.731612400000000207e+01 1.216093869417856332e+01 3.747134468249625172e+01
6.329129000000000005e+00 3.680866600000000233e+01 3.357344058459432290e+01 3.992536088602997069e+01
4.500731300000000346e+01 4.218724999999999881e+01 7.850695520680863737e+00 4.546720506582746424e+01
2.904558000000000195e+00 5.451090599999999853e+01 3.521090402720337664e+01 6.285503598962162641e+01
3.649638000000000204e+01 4.375628700000000038e+01 2.595169476709494205e+01 5.325893526998403615e+01
6.009555999999999898e+00 6.410734999999999673e+01 4.470791862751045898e+01 5.930939599277823504e+01
1.129758499999999977e+01 3.747743599999999731e+01 7.377115086009130351e+00 6.291156967099697539e+01
2.539324399999999926e+01 6.024038999999999788e+01 7.544324307125196860e+00 5.250050094168385328e+01
2.670815000000000161e+00 5.141639299999999935e+01 1.175466890289687427e+01 5.931758957041392932e+01
3.337870000000000203e+01 6.814159399999999778e+01 2.364311444237507587e+01 3.702499982863614036e+01
1.779481499999999983e+01 5.507051500000000033e+01 1.187168672284618154e+01 6.943283734669461182e+01
1.312459000000000042e+00 3.676269500000000079e+01 6.150794187927980161e+00 6.587368223117125865e+01
1.433635100000000051e+01 4.915472400000000164e+01 3.222736660642244289e+01 5.712070603349266662e+01
1.511579099999999976e+01 5.677027999999999963e+01 2.973760013835934046e+01 6.770664790568559965e+01
3.003408200000000150e+01 4.147755999999999688e+01 2.812009355597751181e+01 6.357676602084291062e+01
4.251333199999999835e+01 4.783775299999999930e+01 3.723133667788288648e+01 4.261418304449410499e+01
1.688383899999999826e+01 6.872863999999999862e+01 3.441315769625767729e+01 4.544871585987428375e+01
3.976872300000000138e+01 4.182928499999999872e+01 3.595110417769848965e+01 5.833020240723842420e+01
1.886508399999999952e+01 5.834556599999999804e+01 3.698731079137323263e+01 4.989362585999698041e+01
1.041146900000000031e+01 6.011702300000000321e+01 9.708330812207490723e+00 4.211083610027781532e+01
1.268288300000000035e+01 5.779910000000000281e+01 3.990064982556146589e+01 5.566315505247403905e+01
1.382319799999999965e+01 4.889654999999999774e+01 5.310767574715209882e+00 6.254778502871177182e+01
1.943727099999999908e+01 5.995989600000000053e+01 2.953433854498523914e+01 6.518352754449514919e+01
4.568303699999999878e+01 3.630753700000000350e+01 3.812044214213467086e+01 5.336332342125157169e+01
4.050164399999999887e+01 6.437727999999999895e+01 2.244565585540116714e+01 5.391926691535873317e+01
6.375562000000000396e+00 4.790955999999999904e+01 1.168806571215964851e+01 5.875207260356837935e+01
1.374290700000000065e+01 3.531032600000000343e+01 2.786294390613343808e+01 3.859603961707894371e+01
4.395738999999999663e+01 6.639521000000000583e+01 6.343702639592429193e+00 6.572052676601092003e+01
4.287133399999999739e+01 5.014114000000000004e+01 4.307760589060791290e+01 5.605733026244185169e+01
1.387270400000000059e+01 3.556823299999999932e+01 1.054855703428295044e+01 3.572992368873940450e+01
1.775804499999999919e+01 4.373046000000000078e+01 3.113476214639553774e+01 4.891860434507752586e+01
1.076181899999999914e+01 5.881987399999999866e+01 1.000166142742548026e+01 4.556311955362902211e+01
3.645649999999999835e+01 6.856850000000000023e+01 1.845070140059161901e+01 6.997626126906833122e+01
7.842927000000000426e+00 5.966224299999999658e+01 2.579710402321641638e+01 4.495653835246238117e+01
1.564140800000000020e+01 4.788031399999999849e+01 3.850245423807627532e+01 5.670966240526507818e+01
2.110351999999999961e+01 5.057375700000000052e+01 1.064691588500211594e+01 4.330395093288508690e+01
2.223412000000000166e+00 6.158464399999999728e+01 4.001656634459711626e+01 4.805711697344518996e+01
1.154576999999999920e+01 5.723457700000000159e+01 1.858031158193034216e+01 5.340931340958152873e+01
2.447791899999999998e+01 5.748138800000000259e+01 4.578446700045854634e+00 5.697722053476569215e+01
2.955125800000000069e+01 5.548604600000000175e+01 5.820956518364629240e+00 6.473247681613301552e+01
4.430118999999999829e+01 5.715690599999999932e+01 1.625192689315046835e+01 6.160246777316967837e+01
8.950730000000000075e+00 5.707348300000000307e+01 3.374247112841688079e+01 6.426358829793713312e+01
2.839045499999999933e+01 5.611057999999999879e+01 3.240812378189708909e+01 5.955309652996389502e+01
8.128757999999999484e+00 5.414629999999999654e+01 1.867097348437845028e+01 6.002982823973339066e+01
2.770133799999999979e+01 4.904314000000000107e+01 2.089866726828769217e+01 4.362358130638102693e+01
1.771556700000000006e+01 5.204643599999999992e+01 1.459908739429194569e+01 3.786049949092939926e+01
4.027568399999999826e+01 5.346336000000000155e+01 2.257969037352134833e+01 4.045864607480242370e+01
2.925828000000000095e+00 6.909365999999999985e+01 1.239942066060194037e+01 4.577254210580465354e+01
3.734517000000000309e+01 4.888995700000000255e+01 3.146611865769391159e+01 3.589378675084795134e+01
7.703439000000000370e+00 6.812961599999999862e+01 3.912749819368755055e+01 4.713190501415466827e+01
1.153839400000000026e+01 5.489689299999999861e+01 3.487167793812673722e+01 4.989538639768449002e+01
1.992976000000000170e+01 5.954831699999999728e+01 1.713877211163504910e+01 5.819571576149539283e+01
4.243479500000000115e+01 5.994040999999999997e+01 6.575027497127292619e+00 6.137317810293470899e+01
1.229472400000000043e+01 5.785528599999999955e+01 4.786538240494152774e+00 3.652865312600534509e+01
3.177699499999999944e+01 5.335653299999999888e+01 4.622022057213451163e+00 5.096407837499688753e+01
2.476857400000000098e+01 3.830488199999999921e+01 3.005150304858621979e+01 5.034377691863826243e+01
9.631619000000000597e+00 5.678448000000000206e+01 3.398947926987066381e+01 5.627599789791288742e+01
4.916303000000000090e+00 4.511918000000000006e+01 2.359669343858679724e+01 4.398182869950478846e+01
1.118388799999999961e+01 5.883819600000000349e+01 8.035818058743519288e+00 5.405653289362979308e+01
2.159208900000000142e+01 6.456528500000000292e+01 1.293747485119282814e+01 4.185024626216456056e+01
3.667203500000000105e+01 5.253309000000000140e+01 3.089499911006823751e+01 5.943693279384738304e+01
3.171725999999999956e+01 3.737540400000000318e+01 1.285722035722922874e+00 6.034890508289342392e+01
3.811621499999999685e+01 5.702847700000000231e+01 2.870269506713963992e+01 4.029733412226721612e+01
4.064463400000000348e+01 3.748122000000000043e+01 3.353260821026393756e+01 6.767486028258304032e+01
2.465796299999999874e+01 5.367492699999999672e+01 3.928394903330338650e+01 6.053354172476890227e+01
2.210020300000000049e+01 5.495329999999999870e+01 1.031570469943679669e+01 5.134356625719787814e+01
5.971942000000000306e+00 6.326541499999999729e+01 1.939661387015689442e+01 6.666703349016721347e+01
1.507446500000000000e+01 5.454809999999999803e+01 2.181071492900721775e+00 4.817023740046786884e+01
2.184437000000000140e+01 6.438705000000000211e+01 2.219623799357148819e+00 6.840504381153681379e+01
1.831714399999999898e+01 5.870022999999999769e+01 3.954808138946749807e+01 4.502729045166624644e+01
2.595387000000000111e+00 5.622023800000000193e+01 8.973738319036364430e+00 4.321377794900161007e+01
1.187956299999999921e+01 4.880324600000000146e+01 1.853598242084442660e+01 5.586518581632752500e+01
1.853736999999999924e+01 5.868032000000000181e+01 2.697188565702369090e+00 3.927210427095645429e+01
3.761818000000000239e+01 4.655321500000000157e+01 1.585708406113181823e+01 4.220472136977478783e+01
2.466176400000000157e+01 3.546220399999999984e+01 3.549193335871389365e+01 6.994333422878980855e+01
2.985684399999999883e+01 5.292759000000000214e+01 1.309708095682816698e+01 5.717188245170513028e+01
3.923720999999999748e+01 5.712739599999999740e+01 2.878008780873613048e+01 5.119686867585045320e+01
2.649867599999999968e+01 5.640153999999999712e+01 1.544732860050054057e+01 4.824298086483574366e+01
3.055974799999999902e+01 5.830293700000000001e+01 4.284757662762209662e+01 6.539466643547245894e+01
1.615033299999999983e+01 3.847984300000000246e+01 2.240744824810242619e+00 6.853559423377106441e+01
1.284955000000000069e+01 4.692763999999999669e+01 4.308441115987764647e+01 4.106501590437994764e+01
1.508210999999999968e+00 4.790751600000000110e+01 3.157116860896345045e+01 4.191974679572599882e+01
4.326841399999999993e+01 6.627173600000000420e+01 3.222433350762155158e+01 3.751525649817280339e+01
1.399274899999999988e+01 3.622932399999999831e+01 4.398909190264834734e+01 5.557204181430282830e+01
2.378284599999999926e+01 5.373933799999999650e+01 2.885495994501646422e+01 4.170587667107609775e+01
4.444030999999999665e+01 4.677908999999999651e+01 2.866287551273995149e+01 5.860952144346954640e+01
1.867393900000000073e+01 6.097509000000000157e+01 2.619897180970571426e+01 4.518319775638148883e+01
6.818109999999999893e+00 5.640887000000000029e+01 4.260430436003848342e+01 5.486138380796398906e+01
9.191095000000000681e+00 6.151413699999999807e+01 1.417711504376519827e+01 3.737496068804958327e+01
8.035541999999999518e+00 5.824181399999999798e+01 1.393393594801466762e+01 6.624493394183916450e+01
2.896644000000000219e+00 3.639158599999999666e+01 3.309886985248388669e+01 5.326922938782726646e+01
1.368329400000000007e+01 5.763781399999999877e+01 3.691942963709887238e+01 6.895432103363731358e+01
3.915731999999999857e+01 5.536071799999999854e+01 1.842716684706484642e+01 3.907376441265245859e+01
9.535398000000000707e+00 6.342616999999999905e+01 4.063707057642587728e+01 6.653328914501358327e+01
2.720608299999999957e+01 6.321461000000000041e+01 1.580977355928624206e+01 6.812207765548146199e+01
1.651682000000000095e+00 5.896168999999999727e+01 3.701769371615868920e+01 3.884400801016222005e+01
2.377868700000000146e+01 4.735770999999999731e+01 4.438190836086882918e+00 5.612571469634118415e+01
4.284730499999999864e+01 5.980679299999999898e+01 2.050719115431059336e+01 6.704603207950768251e+01
1.021738999999999997e+01 3.719040300000000343e+01 4.357254762795414393e+01 6.893806266982946340e+01
1.396907900000000069e+01 5.843611500000000092e+01 6.777814733108150413e+00 5.353705586048049270e+01
1.811249000000000109e+01 4.680225000000000080e+01 1.779530252605701790e+01 4.039020953991948204e+01
2.215020000000000167e+01 5.683286700000000025e+01 1.563185803087264958e+01 6.762818298241882076e+01
7.701620000000000132e+00 6.837472999999999956e+01 4.251982444594180066e+01 4.586697044166641035e+01
1.514985899999999930e+01 5.438495600000000252e+01 3.601471406095231487e+01 5.662214010017403609e+01
2.888486899999999835e+01 5.736704300000000245e+01 1.220938714714800000e+01 5.300955438635790529e+01
2.950891100000000122e+01 5.544928699999999822e+01 2.405759726466492054e+01 6.693207858646115938e+01
2.019312700000000049e+01 6.357387500000000102e+01 1.821898183289274797e+01 4.198391035250313763e+01
1.287596100000000021e+01 4.261514300000000333e+01 3.245671910003098759e+01 5.572887467940023498e+01
4.660190000000000166e-01 6.161782999999999788e+01 8.546131965213364268e+00 3.644751997541472832e+01
1.035653899999999972e+01 5.880953199999999725e+01 3.981656498330119476e-01 4.930834869902398765e+01
1.920691499999999863e+01 5.303544999999999732e+01 2.766776293045275992e+01 3.751110096299915142e+01
3.137108599999999825e+01 5.353583499999999873e+01 1.664141296087399269e+01 5.889075088857129003e+01
2.365939000000000014e+00 6.099974999999999881e+01 2.090171904458126306e+01 6.797422201805488839e+01
2.290627999999999886e+01 5.717220999999999975e+01 7.593705463179865056e+00 5.067988367372529268e+01
2.327441599999999866e+01 6.096310799999999830e+01 2.699767543873439646e+00 4.512108271023964789e+01
4.928863999999999912e+00 3.607365800000000178e+01 9.870474181294209615e+00 5.552668082985523057e+01
1.207272099999999959e+01 6.210712000000000188e+01 1.331738047902987176e+01 5.444252928588227292e+01
1.441732999999999931e+00 4.859839600000000104e+01 1.331346306276045866e+01 6.516124314969820830e+01
1.184601800000000082e+01 3.603687299999999993e+01 2.964928055220208236e+01 4.256231457104358640e+01
4.218086999999999875e+01 5.064628199999999936e+01 7.396862455847415418e+00 6.900351929899665038e+01
4.393646600000000291e+01 5.706488999999999834e+01 3.619408835949842285e+01 6.979518410697930619e+01
4.504204999999999792e+00 5.053030400000000100e+01 1.483010479120615122e+00 4.658186705477583445e+01
9.782237999999999545e+00 5.453354999999999819e+01 2.224286841621136546e+01 4.042826297198271135e+01
1.351284500000000044e+01 4.419599500000000347e+01 1.070004313491535086e+01 6.228781199681930048e+01
2.333440399999999926e+01 4.284572200000000208e+01 5.571788187045116025e+00 3.521830564664033147e+01
4.919510000000000272e-01 3.859337000000000018e+01 4.511429452987174926e+01 4.771386307325977327e+01
3.318348699999999951e+01 5.610168000000000177e+01 3.955976971936902942e+01 3.806921291927324091e+01
4.472232000000000340e+01 4.419908999999999821e+01 4.348184452311246417e+01 3.822083694808710419e+01
1.098808900000000044e+01 6.037163000000000324e+01 1.963642706903781843e+01 4.371786527732864158e+01
8.620910999999999547e+00 6.208039000000000129e+01 2.388573545697477840e+01 3.700718888567762832e+01
2.591426799999999986e+01 4.905017500000000297e+01 3.353641445004319621e+01 4.466936051400719521e+01
1.141605700000000034e+01 6.056696300000000122e+01 1.501526829200807178e+01 5.620913065751950910e+01
3.903687299999999993e+01 4.433725700000000103e+01 2.128590465890276207e+01 4.862417273637662873e+01
2.205181100000000072e+01 3.523134999999999906e+01 3.854761380057635023e+01 4.918626588964533397e+01
4.008670800000000156e+01 3.686939000000000277e+01 4.103967224142617454e+01 3.567084804293202893e+01
4.561905699999999797e+01 6.370855000000000246e+01 2.514321206490943261e+00 6.475686637286391090e+01
4.108551400000000342e+01 4.542605199999999854e+01 1.087736059538859656e-01 3.651068660422798473e+01
1.518427600000000055e+01 3.650966300000000331e+01 2.874406295554878454e+01 5.513740610741602666e+01
2.653495399999999904e+01 5.132546599999999870e+01 1.187698901026527487e+01 5.286347726058519925e+01
1.506352399999999925e+01 5.295835999999999899e+01 2.464591468000320695e+00 6.053041134610788987e+01
1.071711200000000019e+01 5.412476300000000151e+01 1.195578570587998435e-01 5.444606003261149851e+01
2.278520800000000079e+01 5.562189999999999657e+01 1.043018079769914053e+01 4.993774231644188433e+01
3.886488299999999896e+01 4.924759000000000242e+01 2.528636030282245173e+01 5.593550368636578440e+01
7.741817000000000171e+00 4.160178400000000210e+01 1.907195534210613985e+01 4.024933305048293164e+01
4.387283699999999698e+01 3.557026700000000119e+01 2.086946853071025743e+01 3.984593012110420318e+01
7.881446999999999647e+00 6.411060000000000514e+01 3.066272114733279963e+01 6.070190228175439984e+01
1.982188800000000128e+01 4.205255499999999813e+01 3.629539937369223424e+01 6.412662748425574932e+01
5.548391999999999769e+00 4.565305000000000035e+01 1.610858703508543499e+01 6.285058312716167706e+01
4.238647000000000276e+01 6.111351400000000211e+01 4.586847827950744261e+01 6.195821975590875752e+01
2.823313500000000076e+01 3.510986700000000127e+01 3.066396375807991603e+01 4.037063591750581537e+01
2.974889800000000051e+01 5.763965000000000316e+01 3.873589862334160472e+01 5.005522045859748914e+01
2.888567199999999957e+01 5.721918000000000148e+01 2.889366865533734696e+01 5.577582374771036200e+01
2.247894700000000157e+01 6.923373399999999833e+01 3.133242485506684005e+01 5.679721142529930944e+01
8.650494999999999379e+00 5.168935400000000158e+01 1.953330317634850033e+01 6.405128434349177269e+01
4.264042299999999841e+01 6.011877400000000193e+01 6.977758767782062499e+00 6.546594219782915047e+01
2.295298199999999866e+01 6.450052999999999770e+01 4.042748526476955107e+01 4.853096277514850954e+01
2.241394199999999870e+01 5.949081799999999731e+01 4.166872367880959871e+01 3.640911897967985311e+01
1.451383799999999979e+01 5.435032300000000305e+01 2.843294980180717690e+00 6.200912194358825502e+01
1.556488700000000058e+01 5.799484300000000303e+01 2.665332120526284854e+01 6.310440701717788414e+01
3.823479499999999831e+01 4.735200499999999835e+01 3.243530867345634050e+01 3.637052687535219064e+01
3.150669900000000112e+01 5.339257400000000331e+01 2.546631321799547010e+01 5.406075862392284392e+01
3.951232000000000255e+01 6.266030500000000103e+01 9.274285164924059188e+00 6.883691418133824413e+01
1.484744199999999914e+01 5.254046999999999912e+01 3.096726287068176475e+01 3.619805641810911112e+01
1.933521800000000113e+01 3.957661399999999929e+01 2.070905496457532280e+01 5.163180415788500000e+01
2.238163799999999881e+01 5.393168599999999913e+01 2.265012342938980794e+01 6.158291252260069371e+01
1.610338799999999893e+01 5.343564200000000142e+01 1.559844721524478750e+01 5.038434833288769710e+01
1.740452200000000005e+01 4.770371600000000001e+01 1.798494984654600160e+01 3.699832844786693187e+01
1.630300000000000082e-01 4.799763999999999697e+01 2.581775250427109203e+00 6.821649999511677720e+01
2.173366700000000051e+01 5.972152299999999769e+01 4.249881598727039744e+01 6.597658141224539463e+01
3.537763600000000253e+01 3.669556399999999741e+01 2.461244220233109914e+01 3.639503265957667821e+01
3.874560000000000315e+01 4.674595999999999663e+01 2.937562924149179366e+01 6.244486181156899107e+01
1.967638799999999932e+01 6.197135000000000105e+01 3.681955842269012891e+01 3.736998965799578087e+01
1.617995499999999964e+01 4.679462999999999795e+01 3.131210146975304909e+01 3.965222934500343399e+01
4.406509799999999899e+01 4.338492000000000104e+01 3.154156778853089449e+01 5.197313658724061725e+01
4.111417000000000144e+01 4.007924299999999818e+01 4.047186879689833461e+01 4.793948623402020814e+01
1.370985899999999980e+01 5.395781999999999812e+01 1.210240199374346659e+01 6.518775000056587032e+01
3.946430000000000149e+01 5.963102299999999900e+01 6.286723746426459591e+00 6.453772871573616499e+01
2.261649900000000102e+01 5.594103199999999987e+01 1.926343702323988438e+01 6.335282963125757050e+01
1.129326499999999989e+01 5.664357400000000098e+01 1.495178741088762209e+01 5.501922537130904090e+01
2.700179899999999833e+01 3.514806000000000097e+01 4.568848032082112098e+01 6.998941285734404971e+01
4.425141500000000150e+01 4.896997499999999803e+01 4.316423119363888361e+01 5.104297891385441233e+01
5.426651999999999809e+00 5.104739000000000004e+01 2.821096160121404850e+01 6.420329332481614415e+01
8.402846999999999511e+00 5.412539999999999907e+01 4.040297707582820408e+01 5.720791276298200501e+01
2.431377200000000016e+01 4.484258700000000175e+01 4.514157188003301968e+01 3.571422829177773650e+01
2.606998600000000010e+01 5.443525700000000001e+01 4.594459319376420581e+01 3.680843564854027505e+01
1.258185399999999987e+01 4.394642000000000337e+01 1.303361070656388776e+01 4.134571398253453367e+01
4.806416999999999717e+00 3.732761800000000108e+01 4.012263140342511747e+01 6.207726115227716690e+01
2.103705400000000125e+01 3.997971700000000084e+01 3.036940400605899271e+01 5.292063305663669581e+01
4.346745299999999901e+01 5.798573700000000031e+01 3.199931995101760407e+01 5.874767406991725238e+01
1.182230099999999950e+01 5.460882600000000053e+01 1.495098736220604074e+01 4.742482243066391590e+01
1.367576200000000064e+01 5.083623000000000047e+01 2.329541770527320566e+01 4.216351218467544015e+01
3.325391799999999876e+01 6.939197500000000218e+01 3.445536580255148529e-02 6.489937375721764568e+01
4.405638499999999880e+01 4.849936000000000291e+01 7.869265199146244782e+00 6.644976587624583431e+01
1.504237799999999936e+01 6.410210399999999709e+01 4.126484037323189824e+01 3.935124538113026915e+01
3.140849000000000046e+01 4.062901699999999749e+01 1.280234027332382674e+01 6.079727620605572724e+01
2.680108999999999853e+01 4.612908600000000092e+01 4.514877618177298757e+01 5.787848059423740210e+01
4.223771299999999940e+01 4.053162999999999982e+01 3.030321750050608998e+01 5.370435973224369519e+01
1.298964199999999991e+01 5.725214400000000126e+01 1.789831831947942575e+01 5.383773746747755240e+01
3.971639999999999837e+00 4.969277199999999794e+01 4.390747683169192328e+01 3.630194669223648418e+01
1.793926799999999844e+01 5.304739800000000116e+01 3.560751293611847501e+01 3.699220901984082133e+01
3.764399000000000051e+00 5.442169599999999718e+01 4.343354061791974630e+01 3.949955037337386443e+01
3.606507500000000022e+01 4.464204399999999850e+01 1.231837654313207508e+01 5.658739535108994545e+01
1.555455000000000076e+01 5.569803999999999888e+01 2.276485922290761721e+01 5.030432256836249394e+01
1.178267999999999915e+01 4.135792000000000002e+01 1.326045729181150046e+00 5.624073302448847755e+01
1.231530599999999964e+01 6.220145000000000124e+01 3.685436645281700407e+01 4.911933083788025556e+01
3.440533999999999981e+00 6.347988999999999749e+01 3.073036775099095053e+01 6.621063250966027169e+01
1.266952000000000078e+00 5.349620000000000175e+01 4.226324122458823496e+01 3.816077043443237926e+01
2.338615000000000066e+01 5.615073999999999899e+01 6.939588075662465272e+00 4.370545639211825062e+01
4.539128000000000185e+01 5.068228500000000025e+01 4.486980525015284371e+01 4.088765989045114679e+01
4.251416400000000095e+01 4.732582500000000181e+01 2.768406241107694754e+01 5.545413342804837953e+01
3.751324000000000325e+01 4.183794999999999931e+01 2.065753364977998530e+01 5.296508998308026861e+01
4.226343500000000120e+01 5.597084999999999866e+01 1.691921671481824418e+01 6.910003746128946034e+01
1.861857200000000034e+01 4.571632000000000318e+01 1.807170934292673437e+01 4.387750955560665034e+01
4.109379200000000054e+01 6.426427999999999940e+01 6.439849057162840396e+00 5.557921582970413965e+01
3.573833499999999930e+01 5.216803999999999775e+01 1.521814528308100378e+01 3.707968792629530697e+01
1.199676299999999962e+01 5.924573999999999785e+01 1.933781166879488467e+01 5.053518499232438899e+01
3.769088399999999695e+01 5.436887000000000114e+01 2.364120688645908075e+01 5.797187577132348935e+01
1.747127000000000052e+01 4.760023000000000337e+01 2.971452689663987456e+00 4.471787504379329903e+01
4.585573000000000121e+01 5.001910000000000167e+01 4.792605963053003570e+00 6.833766374773398411e+01
2.251361299999999943e+01 5.361928000000000338e+01 2.491120957453622609e+01 3.947859580196956131e+01
2.514253000000000071e+00 6.442355999999999483e+01 3.275214860143122309e+01 6.689418189057928998e+01
3.038861299999999943e+01 6.973216999999999643e+01 4.045198382209747479e+01 5.858178636143978224e+01
2.083869999999999933e+01 5.874726499999999874e+01 3.826281175509451771e+01 4.142086784035524971e+01
3.525687000000000015e+00 6.809649000000000285e+01 1.669228298137638689e+01 3.903234642591193193e+01
1.579499799999999965e+01 4.497953400000000101e+01 1.327303111543170644e+01 3.893653575532891864e+01
1.221760800000000025e+01 3.978011699999999706e+01 4.383666295559272896e+00 6.559427978246033319e+01
1.107895899999999934e+01 6.609166999999999348e+01 2.953874827107012280e+01 3.750144151338921716e+01
3.039706599999999881e+01 5.247428500000000184e+01 3.045511375351786754e+01 4.301719924847245125e+01
2.913737499999999869e+01 6.986656000000000688e+01 9.338570379691809364e+00 3.941434601528594328e+01
5.014173000000000435e+00 3.572509399999999857e+01 4.071632417970271689e+01 3.543248136376149660e+01
1.850956000000000046e+01 3.841942999999999842e+01 2.736412392935856630e+01 3.643586432950381493e+01
1.717481199999999930e+01 4.939264699999999664e+01 3.917244800877728750e+01 5.753936916429090331e+01
2.721157999999999966e+00 5.875473000000000212e+01 4.210386138514318333e+01 6.972754450545508575e+01
2.434148599999999973e+01 5.538674999999999926e+01 4.453796972730941661e+01 5.969609582468581266e+01
3.146999200000000130e+01 5.395680999999999727e+01 1.626723066683925722e+01 4.269859131476147951e+01
1.616721499999999878e+01 4.710561400000000276e+01 2.034401634738915376e+01 5.463479382112464577e+01
4.320056999999999903e+01 4.976563000000000159e+01 2.442493940183268464e+01 6.859775094716047761e+01
1.090090900000000040e+01 3.807943000000000211e+01 4.572128707072650400e+01 4.111402632921582523e+01
4.051774199999999837e+01 4.839182699999999926e+01 3.355406431449857507e+01 4.453516702278840000e+01
2.816203499999999948e+01 5.399354999999999905e+01 1.107991008030900915e+01 5.056182250017366187e+01
3.212254699999999730e+01 6.583066599999999369e+01 1.684237596780999713e+00 5.705511859734008340e+01
2.100891299999999973e+01 5.862799499999999853e+01 3.283953217617069242e+01 4.802249298315390291e+01
1.590551999999999921e+01 4.373169699999999693e+01 2.970977911651472070e+00 6.762231534505733066e+01
2.603287699999999916e+01 5.626235599999999692e+01 2.931231444522906315e+01 3.977507384742708751e+01
3.416704000000000008e+01 3.998250999999999777e+01 1.256885433866447244e+01 4.271787503128563657e+01
3.847637000000000285e+01 4.535535399999999839e+01 2.952982426088428980e+01 3.983348814742790012e+01
8.107670999999999850e+00 6.089752000000000010e+01 2.397373402715237134e+01 5.940574374199343310e+01
9.670422999999999547e+00 5.976294299999999993e+01 1.321143669028039014e+01 5.402177590635605497e+01
4.236173200000000350e+01 6.305404699999999707e+01 2.194682682752040037e+00 6.054120116321311684e+01
3.484821000000000168e+01 5.335891999999999769e+01 5.163854492237107685e-01 3.790039421141529630e+01
2.148122800000000154e+01 5.522621500000000339e+01 3.796922792179265116e+01 4.863768368727937741e+01
4.472981300000000005e+01 4.115422000000000224e+01 1.522434449341528406e+01 6.379484751140708454e+01
1.591282099999999922e+01 3.896981999999999857e+01 3.648850037228895360e+01 4.410407267720223956e+01
3.974408999999999992e+01 4.331575000000000131e+01 3.690167206904032327e+01 4.299290472846392674e+01
3.538345000000000340e+01 3.926977000000000118e+01 3.534804144848543928e+01 6.065355157839734090e+01
1.340849900000000083e+01 4.567194400000000343e+01 2.570406747965300909e+01 3.909297385733627550e+01
8.520414000000000598e+00 5.457184199999999663e+01 3.968052209512310213e+01 5.610363867686308481e+01
2.601584199999999925e+01 5.164471999999999952e+01 2.876095397932357756e+01 4.574986196985416598e+01
2.592763700000000071e+01 5.350442999999999927e+01 1.151062918877563845e+01 5.441455551769313104e+01
1.062628600000000034e+01 4.931256499999999932e+01 3.477550948415836451e+00 4.036478496313502262e+01
2.464877500000000055e+01 4.523374599999999646e+01 4.040874153573516736e+01 4.841434514503560393e+01
9.009099999999999886e-01 5.879302599999999757e+01 3.541428219351715256e+01 4.819266157396978656e+01
2.180602000000000018e+01 5.786097999999999786e+01 2.103627605181967297e+01 3.931911914447343293e+01
9.384755000000000180e+00 5.910114999999999696e+01 6.449422971137389382e+00 4.539262020227262440e+01
6.007257000000000069e+00 5.304531500000000221e+01 2.167662127700380736e+01 5.287263906295481775e+01
2.101255199999999945e+01 5.147966799999999665e+01 7.530714616787081539e+00 5.234153635195606569e+01
1.956522999999999968e+01 4.478271999999999764e+01 1.289965898209051387e+00 4.377741744831426018e+01
1.744542300000000168e+01 5.826115999999999673e+01 4.412134678025924472e+01 4.078642968418129300e+01
3.994542700000000224e+01 5.712681599999999804e+01 3.199170427158087904e+01 6.053631031995472256e+01
1.758663999999999916e+01 4.775787400000000105e+01 8.282853174876558811e+00 5.891464768785755979e+01
1.467177799999999976e+01 5.773542799999999886e+01 2.223277735702390956e+01 5.716503536791672957e+01
1.826121900000000053e+01 3.891745399999999933e+01 3.358617830933523152e+01 3.958361987229561407e+01
1.204120499999999971e+01 5.724673500000000104e+01 3.087548121509982479e+01 5.909545608255987048e+01
3.907248299999999830e+01 6.171650700000000001e+01 3.195547657588632617e+01 3.957686933966412113e+01
1.911808999999999870e+01 4.007876600000000167e+01 2.959532697613995822e+01 5.011916315577530412e+01
1.826876800000000145e+01 4.380782700000000318e+01 3.395295322268719218e+01 6.115424519512475854e+01
1.400631599999999999e+01 5.078443000000000040e+01 1.388828860405071630e+01 6.288105970655019661e+01
6.941837999999999731e+00 5.484263599999999883e+01 4.135529420706764370e+01 6.006941543002358230e+01
