1.205367660000000001e+02 1.833390400000000042e+01 1.281564059344025566e+02 3.311790583649042929e+01
9.448524500000000614e+01 1.358393900000000087e+01 1.063691898658607755e+02 2.666522712799988781e+01
1.221697539999999975e+02 5.261603000000000030e+00 1.323586151011917593e+02 3.352673493384473602e+01
1.026750949999999989e+02 3.487172699999999992e+01 1.172128199881013444e+02 5.753987529359452680e+00
1.091274599999999992e+02 2.936315300000000050e+01 1.097031312375408163e+02 6.565595419013297906e+00
1.138526399999999938e+02 2.842907299999999893e+01 1.093412163431861615e+02 2.607227699028928036e+00
9.977344999999999686e+01 2.670044899999999899e+01 9.444794594930785081e+01 3.537647937118371555e+00
1.130644759999999991e+02 5.041568999999999967e+00 9.774809238220507268e+01 3.455712043943770340e+01
1.055970499999999959e+02 6.590237000000000123e+00 1.304982574033567744e+02 1.029358340245643078e+01
1.068052100000000024e+02 1.683014100000000113e+01 9.773743434386032902e+01 2.248092518823775876e+01
1.019195560000000000e+02 2.802453799999999973e+01 1.282953407335032807e+02 1.910905881658047889e+01
1.048228900000000010e+02 3.249645600000000201e+01 1.264941966062807239e+02 1.864049822582733285e+01
1.222376000000000005e+02 3.524550000000000183e-01 1.360314934195693297e+02 1.369697563252736394e+01
1.235410839999999979e+02 6.541074000000000055e+00 9.630809017216499512e+01 2.884421533546103333e+01
1.102149799999999971e+02 2.830182999999999893e+01 1.108727727056654686e+02 3.202278829113247838e+01
1.080927049999999952e+02 1.663354700000000008e+01 1.301493419116100085e+02 9.295387902177942863e-01
1.014491600000000062e+02 2.277094299999999905e+01 1.157773739875702859e+02 3.435819388319040257e+01
9.942723999999999762e+01 2.273704499999999840e+01 1.161705369557481902e+02 3.475818662589419406e-01
9.868321000000000254e+01 2.970345299999999966e+01 1.027647374552158226e+02 7.376755970280245656e+00
1.351008600000000115e+02 2.345284300000000144e+01 1.265681029429697873e+02 1.027477822455250411e+01
1.211230850000000032e+02 1.021513700000000036e+01 1.086055181553926730e+02 2.830494206316521044e+01
1.007646940000000058e+02 2.517087599999999981e+01 1.247976626585932820e+02 2.015722782301034144e+01
1.209112899999999939e+02 7.267337999999999631e+00 1.146424470738199943e+02 2.187432401436612661e+00
9.605414600000000291e+01 3.418947000000000003e+01 1.008962612558613472e+02 1.398876931493602171e+01
1.219842399999999998e+02 1.118587100000000056e+01 1.201846403310116784e+02 1.022974819814090530e+01
9.548212999999999795e+01 1.554973200000000055e+01 1.191980539722134438e+02 1.072207698485975058e+01
1.175621500000000026e+02 1.813804400000000072e+01 1.139469046212460626e+02 2.739706732966942226e+00
1.061289500000000032e+02 1.904555099999999968e+01 1.183050363675558287e+02 3.462927681128923751e+01
1.289265900000000045e+02 1.218157399999999946e+01 1.193118270869857724e+02 2.910523980026729518e+01
1.205819099999999935e+02 1.267323900000000059e+01 1.121795540202188590e+02 4.753916151861229622e+00
1.370396700000000010e+02 1.252472000000000030e+00 1.285159378281834393e+02 2.807066222766263763e+01
1.234837399999999974e+02 2.555160000000000209e-01 1.207790626287765861e+02 3.275894932042847785e+01
1.060799499999999966e+02 9.110470000000000512e-01 1.245755203951501215e+02 1.670938303137194936e+01
1.121128999999999962e+02 1.959123999999999910e+01 1.344702037740168805e+02 1.843506455131510080e+01
1.021120999999999981e+02 2.292310000000000159e+01 1.317760413892113718e+02 3.033288845957719460e+01
1.125423660000000012e+02 2.072739999999999938e+01 9.630347387589672792e+01 2.655979751213525830e+01
1.294916100000000085e+02 2.620026999999999884e+00 1.086534111253426858e+02 3.407595668481921081e+01
1.063831100000000021e+02 8.929643999999999693e+00 9.874463205813701450e+01 2.977849069642963187e+01
1.063184499999999986e+02 2.189414199999999866e+01 1.352342723591327172e+02 1.796558137403268773e+01
1.274613300000000038e+02 8.821358999999999284e+00 1.314446797660439472e+02 3.173348788008715715e+01
9.910477000000000203e+01 2.538836900000000085e+01 1.077056623742250565e+02 1.441384745974258941e+01
9.908189000000000135e+01 3.429287999999999670e+01 1.009193206435225392e+02 1.784992871147583315e+00
1.241735800000000012e+02 1.073339700000000008e+01 1.375554686695491000e+02 2.494338024135756626e+01
1.142837099999999992e+02 1.745475199999999916e+01 1.254014678649527923e+02 1.329830697733673794e+00
9.515203999999999951e+01 1.569428800000000024e+01 1.028089259135358589e+02 1.327879952328242652e+01
1.211231700000000018e+02 5.250886000000000386e+00 1.066178995869325377e+02 2.598317921363413063e+01
1.324488800000000026e+02 9.132956999999999326e+00 1.348394821637228915e+02 6.815745514564081065e-01
1.353151900000000012e+02 1.279140499999999925e+01 1.291887901966804577e+02 3.080303685101712219e+01
1.226914500000000032e+02 9.774010000000000531e+00 9.743625346888637750e+01 3.270216683539577218e+01
1.259750059999999934e+02 8.296856999999999260e+00 1.225262579063537203e+02 1.885729462821170088e+01
1.032657399999999939e+02 2.896160700000000077e+01 1.139447355223927758e+02 2.147267372264051488e+01
1.294410000000000025e+02 2.921653200000000083e+01 1.122306307564841745e+02 1.303698384493812146e+00
1.136618399999999980e+02 2.985846499999999892e+01 1.014115577530025263e+02 1.395420774158389143e+01
1.371154999999999973e+02 4.333319999999999950e-01 9.945855279445062536e+01 1.842542869265309236e+01
1.150682749999999999e+02 1.918149599999999921e+01 1.118178473126793051e+02 3.241862139304929968e+01
1.076719200000000001e+02 1.886546900000000093e+01 1.363670360906825181e+02 3.259720168566683896e+01
1.224132840000000044e+02 1.063505699999999976e+01 9.560817867201753018e+01 3.194956778225533256e+01
1.286007500000000050e+02 8.765936999999999202e+00 1.278659167866999269e+02 1.665775796931837860e+01
1.101968499999999977e+02 2.375801699999999883e+01 1.373993603095583467e+02 3.121582375918517727e+01
1.028493699999999933e+02 2.885465800000000058e+01 1.142545541915143303e+02 1.375480353838283420e+01
1.230936200000000014e+02 4.996221000000000245e+00 1.289163703774245562e+02 1.020604383125920389e+00
1.293298800000000028e+02 7.388890000000000180e-01 1.074928202262741763e+02 2.281292494998029774e+00
9.882135999999999854e+01 3.069462800000000158e+01 1.183251376349165440e+02 3.378335993807387183e+01
1.063705499999999944e+02 2.535100999999999871e+01 1.067153161327076560e+02 2.507133066363456209e+01
1.216711800000000068e+02 9.723228000000000648e+00 9.257853053520963726e+01 3.293399145379023452e+01
1.201523200000000031e+02 2.317364500000000049e+01 1.021555409429581402e+02 3.464458171530145236e+00
1.084680560000000042e+02 1.681018399999999957e+01 1.047048317021127986e+02 2.249210452362847334e+01
1.068494100000000060e+02 1.800854100000000102e+01 1.284241172152206900e+02 2.125184035840438312e+01
1.306561399999999935e+02 2.535673000000000066e+00 1.306221908242432050e+02 3.001214916127755572e+01
1.277506199999999978e+02 9.857113000000000014e+00 1.045792635772386490e+02 1.374930794480973795e+01
1.065502599999999944e+02 6.022739999999999760e+00 9.583363397470664324e+01 8.721616945748202454e+00
1.174997939999999943e+02 1.471192300000000053e+01 9.294649538145657175e+01 1.495545658663276711e+01
1.044074200000000019e+02 1.407581799999999994e+01 1.168155244276712637e+02 3.098454924487538165e+01
1.270486300000000028e+02 1.419520600000000066e+01 1.159624212669749568e+02 3.272931165299399758e+00
1.217480850000000032e+02 1.688053000000000026e+00 1.330119560524623807e+02 2.740779098283089255e+01
1.118961000000000041e+02 1.561135900000000021e+01 1.351155866208919178e+02 1.252933904063935167e+01
1.019945450000000022e+02 1.624662599999999912e+01 1.002228866445911848e+02 2.547491659428094835e+01
1.034284499999999980e+02 2.847408899999999932e+01 1.173216445598822304e+02 4.722189767666209015e+00
1.078730850000000032e+02 3.194168000000000163e+01 1.370369640381162242e+02 1.272876492195771370e+01
1.162961800000000068e+02 2.799809799999999882e+01 9.559365645314595383e+01 1.774002977621587718e+01
1.286662800000000004e+02 5.189660000000000384e-01 1.130779166091424912e+02 1.738303711026119203e+01
9.446862000000000137e+01 4.517010000000000192e-01 1.297670627506083747e+02 1.655442183009640189e+01
1.109553400000000067e+02 1.066729000000000038e+00 1.316029311938389128e+02 9.914441613258544450e+00
1.174418639999999954e+02 1.991549499999999995e+01 1.091758866437006361e+02 1.456301383212014322e+01
1.159256900000000030e+02 2.697432299999999827e+01 1.143815335345036743e+02 2.175642300020387410e+01
1.086584299999999956e+02 1.116496899999999926e+01 1.049434163328307505e+02 3.161040685845264520e+01
1.231007100000000065e+02 2.744201500000000138e+01 1.345496615300784242e+02 3.324567015815399884e+01
1.378785100000000057e+02 1.122782400000000003e+01 1.283520456686789259e+02 1.394593712481305303e+01
1.139247359999999958e+02 2.117171300000000045e+01 1.048143743683772726e+02 4.196485087950528658e+00
1.075523299999999978e+02 1.898231499999999983e+01 1.336727325977403211e+02 1.859395418002787181e+01
1.126016500000000065e+02 1.711163499999999971e+01 1.339691910276057456e+02 1.212164878279648761e+01
1.189205999999999932e+02 1.653125000000000000e+01 9.728262781523406488e+01 2.118157742688926248e+01
9.953991000000000611e+01 1.765159200000000084e+01 1.110375747955855132e+02 2.954152060848615235e+01
1.020639400000000023e+02 1.681472199999999972e+01 9.211202492615930737e+01 2.697955478201673785e+01
1.002797900000000055e+02 2.030880499999999955e+01 1.209107200449028028e+02 1.379452736614480202e+01
1.028629600000000011e+02 1.609947599999999923e+01 1.177378548732859400e+02 9.972225661145722952e+00
1.123576999999999941e+02 3.279659999999999798e-01 9.582081637672386876e+01 1.880209161545492691e+01
1.126715200000000010e+02 1.748623999999999867e+01 9.758998654191283606e+01 7.870792249537037932e+00
1.221657000000000011e+02 3.453664999999999985e+00 1.116299928252438178e+02 9.632521197454060768e+00
1.134964499999999958e+02 2.987325299999999828e+01 1.362084234997888359e+02 2.631237358823371153e+01
1.193820400000000035e+02 7.351111999999999647e+00 1.188567551359094381e+02 2.080901416802604587e+01
9.989088999999999885e+01 2.683164999999999978e+01 1.110565706174920706e+02 2.611586875859818235e+01
1.179629500000000064e+02 1.794520599999999888e+01 1.316320547688872011e+02 3.442864185009802469e+01
1.033886799999999937e+02 2.024487500000000040e+01 1.362162925750587021e+02 6.498463067870567933e+00
9.369768000000000541e+01 1.855701600000000084e+01 1.259738834353848347e+02 3.377076348983287346e+01
1.088684839999999951e+02 1.869618999999999920e+00 1.195632188434154699e+02 1.839955773941330364e+01
1.286794999999999902e+02 1.162912799999999969e+01 9.980016465924101965e+01 7.256799913942519886e+00
1.314515000000000100e+02 1.002607700000000079e+01 1.278874003514740991e+02 2.265831352464618575e+01
1.215111540000000048e+02 9.026956999999999454e+00 1.200690945415244926e+02 2.686137687644931660e+01
1.221725399999999979e+02 1.971065000000000067e+00 9.861406013583241759e+01 1.446741624929933145e+01
1.370959000000000003e+02 5.531164999999999665e+00 1.089414647204174145e+02 1.793954353811315272e+01
1.183520900000000040e+02 1.158915299999999959e+01 1.303143822827556164e+02 3.184066729177553512e+00
1.287615499999999997e+02 1.689361399999999946e+01 1.228078798939560841e+02 3.154136681240310836e+01
1.140832999999999942e+02 2.683112699999999862e+01 1.018883564825589190e+02 1.725865321513282780e+01
9.588267000000000451e+01 2.653397000000000006e+01 1.138582507787426863e+02 2.035535247071682008e+01
1.176570099999999996e+02 2.176196300000000150e+01 1.033936143349284720e+02 3.487702670246006420e+01
1.056316000000000059e+02 1.004083999999999932e+01 9.220102211341415455e+01 2.366209250965120603e+01
1.061745300000000043e+02 2.465655100000000033e+01 9.252954416646751667e+01 1.060077104604773268e+01
1.134008259999999950e+02 2.899073999999999884e+01 1.049794242950335814e+02 1.534155172027885783e+01
1.133071060000000045e+02 3.074285100000000170e+01 1.062858863863850587e+02 3.243571098083069870e+01
1.331191900000000032e+02 8.421360999999999208e+00 1.032651883726816919e+02 2.950157913276291666e+01
9.723202000000000567e+01 2.960429800000000000e+01 1.184898785626246251e+02 1.494454512870503926e+01
1.205876159999999970e+02 1.334072899999999962e+01 1.003544007400176810e+02 1.038563566098816082e+01
9.805646500000000287e+01 1.719266899999999865e+01 1.326014641440756918e+02 1.740857643320598669e+01
1.065032039999999967e+02 4.921710000000000251e-01 1.024289982791945732e+02 7.486766176882297508e+00
1.294755900000000111e+02 2.914704899999999910e+01 1.213967280432854920e+02 2.232082787020886361e+00
1.196812299999999993e+02 2.088022600000000040e+01 1.056299151504978653e+02 2.705507418026969546e+01
1.179488199999999978e+02 1.651808199999999971e+01 1.017134294462018858e+02 3.369447446066012475e+01
1.190581049999999976e+02 2.063319200000000109e+01 1.017546298997555141e+02 1.191654704626235173e+01
1.239107999999999947e+02 6.146923000000000137e+00 1.284732650618635148e+02 1.132027787322427148e+00
1.013173800000000000e+02 1.780067999999999984e+01 1.227481231533917025e+02 2.903365143460671760e+01
9.848784999999999457e+01 2.775841000000000136e+01 1.020086682794574244e+02 2.689617699344773172e+01
1.083133540000000039e+02 2.792756299999999925e+01 1.331511711751784901e+02 2.371916824428895509e+01
1.086714099999999945e+02 1.278264599999999973e+01 9.481246485052909634e+01 1.705869485095456639e+01
1.349519999999999982e+02 1.169487200000000016e+01 9.588798282694682484e+01 7.415620678659782250e+00
1.030357699999999994e+02 2.493956400000000073e+01 1.298426117717362445e+02 1.851621651828804005e+01
9.288236999999999455e+01 2.260556000000000054e+01 9.481541839619734446e+01 1.850690519903942288e+01
1.283993499999999983e+02 1.234091600000000000e+01 1.067910110126889265e+02 3.453498569825647024e+01
9.899518999999999380e+01 3.035501000000000005e+01 1.285095858246588989e+02 1.261725235653354460e+01
1.073891449999999992e+02 2.746964799999999940e+01 1.090175140578242718e+02 1.051300951913075998e+01
9.715987400000000207e+01 1.592667499999999947e+01 1.149990026568324453e+02 2.671914788405945984e+01
1.303266000000000133e+02 5.151488999999999763e+00 1.076734631106958489e+02 3.149298717974524209e+01
1.105124739999999974e+02 2.767481799999999836e+01 1.346566507965951018e+02 2.592866513817005281e+00
1.209513000000000034e+02 1.574554299999999962e+01 9.946361042063071523e+01 2.909872112090087271e+01
1.216335140000000052e+02 1.368565999999999949e+00 1.261278408684746069e+02 1.173133109870574842e+01
1.305723099999999874e+02 3.448748799999999903e+01 1.369537881089942175e+02 3.064758652660238880e+01
1.164659599999999955e+02 1.853562499999999957e+01 1.210170134152056676e+02 9.284404878703167441e+00
1.349069200000000137e+02 4.621629999999999905e-01 1.041505442550648581e+02 7.607615435409291749e+00
1.194439849999999979e+02 3.088717700000000121e+01 1.173605834345216863e+02 1.496894654956425263e+01
1.073838200000000001e+02 2.117361000000000004e+01 1.119378245496662601e+02 3.465110923714667734e+01
1.257966299999999933e+02 8.756054999999999922e+00 1.047319801641940558e+02 5.628717640508615006e+00
1.369361299999999915e+02 1.332057299999999955e+01 9.889272260975191386e+01 2.753939791643111423e+00
1.006227399999999932e+02 1.954385600000000167e+01 1.342213120370057311e+02 7.745254118018562117e+00
9.893878999999999735e+01 2.680315399999999926e+01 1.038720943322419146e+02 1.164416835594657407e+01
1.201075060000000008e+02 6.985503999999999714e+00 1.134613564718390535e+02 2.464067459167813823e+01
1.248270700000000062e+02 4.432827999999999768e+00 9.275584376936600961e+01 4.817189976836078191e-01
1.301707000000000107e+02 5.522420000000000107e-01 1.303961536384204010e+02 3.380954355958481727e+01
1.265867599999999982e+02 2.725253899999999874e+01 1.357414293280412778e+02 1.661591547134654689e+01
1.240100000000000051e+02 1.279410900000000062e+01 9.484100007389547216e+01 2.050906616387333514e+01
1.012301199999999994e+02 1.617340499999999892e+01 1.365483073378454151e+02 3.024039449272861191e+01
9.264901000000000408e+01 2.078608699999999843e+01 1.193429669632562309e+02 1.268028618891048254e+01
1.049673540000000003e+02 2.282041399999999953e+01 1.035927384452470648e+02 1.074286288472173112e+00
1.211047800000000052e+02 2.653878999999999877e+01 9.556782405562607607e+01 1.363146075439194149e+01
1.161196300000000008e+02 2.374014299999999977e+01 1.049978680448935364e+02 3.044375253576141471e+00
1.153614500000000049e+02 1.834740400000000093e+01 1.281321243155119021e+02 3.368728787058525853e+01
9.922207000000000221e+01 4.366456999999999589e+00 1.208188099996974074e+02 3.112314794453630640e+01
1.112859399999999965e+02 7.286299999999999999e-01 1.087948993327525784e+02 1.321785810910551362e+01
1.206880299999999977e+02 9.057698999999999501e+00 1.350369212080489945e+02 3.034711401146951459e+01
9.462124000000000024e+01 2.250560199999999966e+01 9.660885882708247152e+01 2.203410956606721172e+01
1.029471499999999935e+02 1.203110299999999988e+01 1.125165845459446246e+02 5.823126324004985754e+00
1.233474350000000044e+02 2.519231399999999965e+01 1.142617461527425462e+02 3.058394324588497426e+01
1.066582599999999985e+02 2.877814700000000059e+01 1.178363092545966140e+02 2.275133688714929292e+01
1.102168700000000001e+02 2.640597199999999845e+01 1.213291597962944763e+02 1.174659512398119077e+01
1.191146099999999990e+02 1.880997299999999939e+01 1.066180514413444627e+02 3.127404963479679267e+01
9.423632999999999527e+01 1.031035299999999921e+01 1.285601154149327101e+02 1.605817424301424268e+01
1.038123300000000029e+02 1.618331999999999837e+01 1.066807966672327410e+02 1.208332290434157663e+01
1.242736299999999972e+02 6.831006000000000355e+00 1.315080945110071866e+02 1.611263077062160542e+00
1.132784039999999948e+02 2.408719599999999872e+01 1.229495165174197524e+02 1.664681610294155689e+01
1.039862200000000030e+02 2.419322400000000073e+01 1.005560822924102098e+02 8.513524915292739692e+00
1.106924300000000017e+02 8.721729999999999761e-01 1.145206208233003053e+02 1.077584446341087343e+01
1.228618239999999986e+02 3.672254999999999825e+00 1.321681366585087858e+02 2.058885315557857254e+01
1.030680899999999980e+02 2.392125499999999860e+01 9.932606868475086515e+01 8.352766544806593529e+00
1.374745599999999968e+02 3.138292099999999962e+01 1.010762500153433336e+02 6.710757497784811676e+00
1.344037299999999959e+02 3.264661399999999958e+01 1.314458732724901893e+02 6.982488234685587436e+00
1.132039199999999965e+02 1.668616300000000052e+01 1.084038428530083422e+02 5.427553017496960841e+00
1.273195599999999956e+02 1.021326400000000056e+01 1.092445178953637992e+02 4.777137139004333788e-01
1.297366499999999974e+02 1.097087800000000080e+01 1.141151861055710413e+02 2.625113706562067506e+01
1.323020500000000084e+02 3.039486999999999828e+00 9.455133430657002691e+01 1.967105721641550886e+01
1.231785699999999935e+02 1.163075599999999987e+01 1.141368726889782010e+02 3.226175257955388620e+00
1.302130600000000129e+02 1.211599499999999985e+01 1.199774690540700846e+02 2.577367258068008482e-02
1.167593700000000041e+02 2.162810899999999847e+01 1.160409466106568885e+02 1.542989766890495318e+01
1.028035200000000060e+02 2.750330200000000147e+01 1.353887853770860374e+02 1.997371835564776887e+01
1.153960299999999961e+02 3.187136999999999887e+01 1.179780699545360676e+02 8.439524663904933277e+00
1.209411199999999980e+02 1.190699900000000078e+01 1.096916524485195055e+02 6.577968904805092665e-01
1.179312000000000040e+02 9.954869000000000412e+00 1.240745474113476092e+02 9.552886875224396945e+00
1.063896100000000047e+02 3.912881000000000054e+00 1.306317730740316847e+02 1.400079215045134262e+01
1.050813700000000068e+02 4.424735000000000085e+00 9.423527803882046783e+01 8.557967586189862530e+00
1.325616899999999987e+02 2.183529300000000006e+01 1.314734248151890483e+02 3.101042966793022160e+01
1.067997500000000031e+02 2.827483199999999997e+01 1.289685149220465803e+02 2.759403374284011612e+00
1.197064500000000038e+02 1.762339400000000111e+01 1.105197383820214156e+02 1.496297205256674268e+01
1.339961700000000064e+02 3.438096600000000080e+01 1.330660983628493454e+02 3.310824320941313914e+01
1.208478199999999987e+02 2.691405000000000047e+00 1.020360336811065736e+02 1.770049492560204030e+01
1.253882700000000057e+02 1.252098200000000006e+01 1.007896339419240519e+02 1.961986470071019184e+01
1.227206500000000062e+02 2.926232000000000166e+00 1.316417344470720252e+02 2.467621416331075324e+01
1.065750199999999950e+02 2.890432200000000051e+01 1.049018292475661269e+02 1.343722610479845336e+01
1.099067840000000018e+02 1.686253999999999920e+01 1.157268178529264873e+02 1.616506977520192834e+01
1.079864000000000033e+02 3.225813699999999784e+01 1.186802275670279130e+02 1.711458089069122579e+01
1.270234300000000047e+02 5.967240000000000322e+00 1.333396807898236318e+02 3.132883427568745560e+01
1.172721250000000026e+02 1.818978299999999848e+01 1.081934272508622144e+02 2.646587642561802411e+01
1.146143200000000064e+02 2.004928200000000160e+01 9.776696512819509621e+01 2.108994400422133708e+01
1.148044000000000011e+02 2.044948799999999878e+01 1.162882691111409201e+02 2.258045729247109534e+01
1.088499999999999943e+02 2.839095999999999975e+01 1.069751220137162164e+02 2.861491019529126234e+01
1.007858499999999964e+02 2.466396100000000047e+01 1.216293454197639363e+02 1.626900086796084821e+01
9.890682999999999936e+01 1.802293200000000084e+01 1.078699264491749830e+02 2.105705076644899254e+00
1.071924700000000001e+02 1.362108100000000022e+01 1.353632379384025626e+02 3.053651225653227996e+01
9.689548999999999523e+01 3.139643900000000087e+01 1.143156360086140779e+02 8.182064723910590587e+00
1.078109199999999959e+02 3.159997999999999863e+01 1.016814866745340851e+02 3.366237253088256409e+01
1.287149499999999875e+02 8.613853000000000648e+00 1.159174810486035909e+02 1.362794510980489093e+01
1.269099199999999996e+02 8.830450000000000799e+00 1.006619429804895844e+02 3.143204623053832947e+01
1.134832399999999950e+02 1.777810300000000154e+01 1.021383445562045864e+02 1.531012390292447733e+01
1.049325299999999999e+02 2.927804199999999923e+01 1.210404857082378953e+02 1.542729606916439700e+01
1.081180899999999951e+02 3.227875000000000227e+01 9.444241280754080492e+01 2.544730345812687311e+00
1.158468500000000034e+02 2.654724699999999871e+01 1.139888544591903923e+02 3.030134955384949080e+01
1.328286300000000040e+02 1.854412800000000061e+01 1.376967517835070112e+02 2.787099027854186417e+01
1.252029399999999981e+02 8.083719000000000321e+00 1.055340588034836742e+02 2.260200319156384197e+01
1.129410900000000026e+02 1.928609799999999908e+01 1.266284188402277806e+02 4.993027277503879091e+00
1.279676800000000014e+02 9.560188000000000130e+00 1.335622438579403592e+02 3.266249066878010154e+01
1.288786599999999964e+02 1.183304700000000054e+01 1.033628526601997919e+02 9.731366291302375515e+00
1.166653400000000005e+02 4.134577000000000169e+00 1.335801607587964384e+02 1.463791191303907269e+01
1.159619799999999969e+02 3.274969500000000266e+01 1.236315026184439176e+02 1.828091001046371389e+01
1.017952350000000052e+02 1.828858599999999868e+01 1.011305126185112755e+02 3.399862109354374695e+01
1.286587700000000041e+02 1.192577099999999923e+01 1.320940837783573159e+02 2.967350263361760909e+01
1.135468599999999952e+02 1.324376900000000035e+01 1.141158422645314232e+02 1.375495380243614818e+01
1.242183150000000040e+02 2.629088000000000136e+01 9.376021208277241215e+01 2.596540131742153434e+01
1.197646199999999936e+02 2.030460199999999915e+01 9.646265818684351245e+01 2.300697690594867595e+01
1.305616899999999987e+02 5.040212999999999610e+00 1.310630506859319553e+02 1.342672206329327089e+01
1.349924800000000005e+02 2.427803000000000111e+01 1.333081848995196026e+02 3.344901617569041719e+01
1.117577739999999977e+02 2.046753999999999962e+01 1.297853412411795091e+02 1.136717628828963100e+01
1.058196200000000005e+02 1.893849399999999861e+01 1.276042416040236276e+02 1.928089290648227649e+00
1.169782000000000011e+02 4.263942000000000121e+00 1.248026842472165896e+02 7.507263970429202793e+00
1.117162550000000039e+02 2.099041700000000077e+01 1.192916836999454091e+02 1.478012554310007509e+01
1.289122600000000034e+02 1.145462200000000053e+01 1.227484499116053911e+02 8.467452298562159640e+00
1.045020300000000049e+02 3.012155500000000075e+01 9.246601964133836304e+01 2.485117747380374453e+01
1.308442000000000007e+02 8.125244999999999607e+00 1.011588695957329804e+02 9.090028238638076630e+00
1.130060650000000066e+02 2.550459999999999994e+01 1.370660105694742583e+02 5.757237578883088069e+00
1.072773499999999984e+02 2.767564799999999892e+01 1.162722534877289036e+02 2.898952883186953500e+01
1.130173300000000012e+02 1.738992299999999958e+01 1.373307250874916008e+02 4.801382801771548969e+00
1.287667099999999891e+02 1.207068300000000072e+01 9.502178174426177293e+01 6.926486322608413460e+00
1.215634399999999999e+02 8.080892999999999660e+00 1.366296836691391547e+02 2.281261974540117166e+01
1.279808500000000038e+02 1.237441800000000036e+01 1.335372226212633393e+02 2.096686980636220099e+01
1.082674300000000045e+02 2.621295500000000089e+01 9.791297191823630897e+01 2.226481164817812441e+01
1.006978600000000057e+02 1.544444200000000045e+01 9.354204462019912114e+01 1.013539080593934383e+00
1.365897199999999998e+02 8.289113999999999649e+00 1.238546069273069321e+02 1.356780356177837810e+01
1.287118000000000109e+02 8.186422000000000310e+00 1.204819978438190589e+02 1.870691462616209577e+01
1.195463639999999970e+02 2.841035700000000119e+01 1.136581926919557901e+02 1.416244728541438569e+00
1.179452600000000047e+02 3.413794299999999993e+01 1.015969140415805612e+02 2.533115827710077639e+01
1.041200560000000053e+02 2.495909899999999837e+01 1.245197979547583031e+02 7.042343732225112340e+00
1.171882999999999981e+02 2.439474999999999838e+01 9.814005367671413183e+01 1.561321471023836693e+01
1.324696399999999983e+02 1.699832699999999974e+01 1.370248516222070805e+02 3.055194262677177619e+01
1.008899150000000020e+02 2.474351700000000065e+01 1.310593077606159227e+02 2.561575944687921602e-02
1.167711800000000011e+02 1.044548600000000071e+01 9.783319288637537170e+01 2.362375544654546289e+01
1.213336639999999989e+02 1.455452499999999993e+01 9.236911128418503836e+01 2.170438264454385191e+01
1.008948800000000006e+02 1.652329800000000048e+01 1.322896934348528077e+02 1.565732682145749699e+01
1.110126900000000063e+02 2.886413999999999902e+01 9.406423607809369969e+01 1.049160223920775969e+01
1.222444500000000005e+02 8.908201999999999288e+00 1.363801032674080602e+02 1.116191079447088086e+01
1.114765500000000031e+02 2.000540499999999966e+01 1.301840970306743657e+02 3.460927715432634244e+01
9.492020999999999731e+01 2.098355700000000112e+01 1.295101361522916648e+02 3.423379511243749285e+00
1.010747149999999976e+02 1.745857799999999926e+01 1.187633591939570721e+02 3.409971675933253721e+01
9.965353399999999340e+01 2.953445800000000077e+01 1.021645885353696315e+02 2.547136886402910960e+01
1.048792499999999990e+02 1.661124399999999923e+01 1.359456252847035671e+02 1.350626267051383600e+01
1.147472199999999987e+02 3.243150700000000342e+01 1.012183731461944944e+02 3.041889700733531043e+01
1.064903999999999940e+02 1.390643999999999991e+00 1.032416204365470662e+02 6.663804636821724969e+00
1.281946399999999926e+02 1.151056699999999999e+01 1.096619357074735035e+02 1.597924776019724291e+01
1.291559399999999869e+02 1.352395500000000084e+01 1.180632553440653822e+02 1.622728000744032428e+01
1.098299099999999981e+02 2.569585199999999858e+01 1.025248008685290699e+02 1.165472871677290279e+01
1.344861300000000028e+02 1.449819800000000036e+01 1.287571907540441032e+02 8.393522108032540174e+00
1.108547200000000004e+02 1.948833799999999883e+01 1.144715375470332503e+02 1.223011662151616186e+01
1.007823300000000017e+02 2.154664599999999908e+01 1.181907195313085879e+02 2.891551800290874752e+01
1.318405300000000011e+02 1.077468200000000031e+01 1.133081785345929688e+02 1.566526373737339739e+01
1.203130950000000041e+02 1.544907599999999981e+01 1.026670620860210477e+02 2.082189904596855357e+01
1.189017699999999991e+02 2.030833000000000155e+01 1.119638819432261698e+02 2.844873430705039752e+01
1.137167199999999951e+02 2.209496700000000047e+01 1.152132540203350857e+02 2.321180120550369708e+01
9.686450000000000671e+01 3.287660000000000338e+01 1.314253897159727842e+02 3.179506063571119157e+01
1.135055600000000027e+02 1.730492999999999881e+01 1.324678712670764185e+02 2.699038273452869774e+01
1.181860400000000055e+02 2.456443600000000060e+01 1.357867133156798332e+02 2.197463199271114664e+00
1.349417400000000100e+02 3.249795499999999748e+01 1.098365353261891357e+02 3.175064976684513596e+01
1.207063399999999973e+02 1.393922799999999995e+01 1.287301742482007967e+02 1.190239329076752028e+01
1.120762000000000000e+02 7.865459999999999674e-01 1.344875776764122293e+02 4.669826874308581566e+00
1.344432400000000030e+02 7.931499999999999773e+00 1.318032450382406751e+02 5.322727656898765147e+00
1.221287399999999934e+02 7.625099999999999767e+00 1.086026226563384114e+02 5.485062619061771727e+00
1.353685499999999990e+02 1.775348299999999924e+01 1.101770529254278728e+02 1.359000469089847485e+01
1.135725199999999973e+02 1.487359700000000018e+01 1.330896734310989018e+02 3.136838642834195667e+01
1.290050699999999892e+02 1.324962900000000054e+01 1.307174920689794817e+02 2.552209146449118649e+01
9.569082000000000221e+01 2.712815700000000163e+01 1.218883528651219308e+02 3.714267392983623850e+00
1.111686299999999932e+02 3.224828000000000117e+01 9.492965860169557857e+01 2.794638093547200342e+01
9.911983499999999481e+01 3.033258400000000066e+01 1.207234647577625424e+02 1.620778489682366796e+01
1.229570539999999994e+02 1.920611999999999986e+00 1.278878267850492989e+02 2.926262130819292295e+01
1.088749899999999968e+02 2.917879299999999887e+01 1.231804617538531801e+02 3.458381060118401962e+01
1.140009500000000031e+02 2.463463799999999893e+01 1.363467442906150211e+02 9.609231270329415819e-01
1.009878700000000009e+02 1.558966700000000039e+01 1.048322787910396698e+02 1.822126070740782211e+01
1.181806899999999985e+02 1.782495300000000071e+01 1.361766004235203695e+02 6.210517740608080040e+00
1.211260759999999976e+02 1.171536500000000025e+01 1.188595778182900915e+02 5.393358925721400965e+00
9.410971999999999582e+01 1.075564600000000048e+01 1.365877539619586116e+02 5.553581119245727393e+00
1.233091349999999977e+02 7.443515999999999799e+00 1.310031112331086547e+02 1.753992389676863439e+01
1.230953449999999947e+02 4.679204000000000363e+00 1.243811237675295871e+02 3.425705580414136620e+01
1.002700300000000055e+02 1.703686300000000031e+01 1.123269983946086938e+02 2.480534274028193309e+01
1.199054399999999987e+02 1.518948900000000002e+01 9.857216848751552618e+01 1.900141453867049535e+01
1.074369499999999960e+02 2.925465799999999916e+01 1.085242555750723028e+02 2.670612022168517541e+01
1.213953300000000013e+02 5.272655000000000314e+00 1.191835570583604635e+02 2.884644625140521867e+01
1.279924850000000021e+02 1.403315199999999940e+01 1.041212950737699856e+02 2.328358136702241055e+01
1.101911099999999948e+02 1.101826999999999934e+01 1.300023832825037289e+02 9.363911369915756122e-01
1.073470499999999959e+02 1.714681799999999967e+01 1.015168721390608368e+02 4.836366285425644840e+00
1.366617899999999963e+02 1.230031400000000019e+01 9.293843551084283661e+01 2.401610317603535272e+00
1.162218600000000066e+02 1.465482599999999991e+01 1.376300092465959608e+02 2.843001928971603931e+01
1.320785700000000134e+02 1.136370800000000081e+01 1.211941796403723686e+02 7.756218728491645287e+00
1.368218999999999994e+02 9.378269999999999662e-01 1.185847725123084047e+02 3.719067466234216468e+00
1.069558300000000060e+02 3.322021000000000157e+01 1.321834733524177352e+02 2.930558992903158710e+01
1.217343299999999999e+02 1.486597700000000088e+01 1.143280841762952349e+02 1.697017913295982083e+01
1.311990399999999966e+02 2.885759999999999881e+00 1.159108130321111503e+02 2.251435680537127837e+01
9.982527000000000328e+01 2.515078700000000111e+01 1.231503674117034564e+02 7.961573122730125629e-01
1.056286400000000043e+02 2.796617300000000128e+01 9.651573791553353487e+01 6.629056086441743822e+00
1.285522300000000087e+02 3.419751999999999903e+00 1.096422788906064341e+02 1.594137474447499159e+01
1.331451700000000073e+02 1.564029200000000053e+01 1.125214966701538231e+02 3.377516182509899778e+01
1.099410100000000057e+02 2.527390700000000123e+01 1.082979465882337422e+02 1.435374575604481118e-01
9.639709999999999468e+01 2.889318000000000097e+01 9.791863551799237086e+01 2.357662175170367647e+01
1.305737499999999898e+02 2.831986999999999810e+00 1.246993136584627848e+02 1.117246312147580234e+01
1.230443949999999944e+02 4.896641999999999939e+00 1.171229069631192772e+02 7.596562059134136291e+00
1.218649499999999932e+02 3.051391999999999882e+01 1.071012181412050808e+02 1.173734012310784358e+01
9.713448999999999955e+01 2.390841500000000153e+01 1.040645516438621598e+02 2.481085896386945322e+01
1.148805399999999963e+02 1.808004999999999995e+01 1.313767623501167350e+02 3.097759746405561643e+01
1.290645299999999907e+02 1.239838499999999932e+01 1.000503812612575274e+02 2.398241085505718218e+01
1.327581000000000131e+02 3.298633999999999844e+00 1.089888464107570769e+02 2.328580819810767011e+01
1.031240300000000047e+02 2.424801599999999979e+01 1.280575641617915892e+02 1.968538773711884460e+01
1.152771500000000060e+02 4.479098999999999720e+00 9.999882494010455503e+01 2.910945179075299194e+01
1.134188099999999935e+02 1.023753300000000088e+01 1.295881971395302230e+02 2.474456178063938694e+01
1.068714449999999943e+02 1.286970200000000020e+01 1.241603191799808599e+02 1.555929724974139816e+01
1.349317599999999970e+02 1.207422299999999993e+01 1.256286766081025519e+02 2.061882891070073143e+01
1.058240600000000029e+02 1.711543800000000104e+01 1.175360049731072394e+02 9.419645465533393880e-01
1.212147099999999966e+02 1.824274799999999885e+01 1.091604280528686814e+02 1.236756228339960728e+01
9.981167000000000655e+01 2.547162799999999905e+01 9.508947335207307106e+01 1.945503894321289451e+01
1.195968249999999955e+02 1.992211299999999952e+01 9.761054142611152429e+01 1.235182937171913764e+01
1.182651900000000040e+02 1.205452299999999966e+01 9.694803117334002707e+01 1.472189034116977524e+01
1.123958300000000037e+02 1.957101600000000019e+01 1.301702952558949846e+02 2.346588758589746959e+01
1.274334099999999950e+02 7.574142000000000152e+00 1.142548243715935712e+02 9.492242429525456160e+00
1.129178600000000046e+02 2.190700100000000106e+01 1.177247020934311479e+02 2.028854816341420886e+01
9.999969000000000108e+01 2.509792300000000154e+01 1.320935335785531777e+02 1.079211098275483138e+01
1.138388060000000053e+02 1.427283199999999930e+01 1.226193571145025487e+02 2.319831936103856407e+01
1.205864299999999929e+02 8.516370000000000218e+00 1.375472588042449047e+02 1.734547537878334822e+00
1.206926299999999941e+02 6.446999999999999953e-02 1.223921956043487569e+02 1.091176612187117811e+01
1.139231400000000036e+02 3.106367300000000142e+01 1.186342974385235891e+02 2.770432836709874280e+01
9.808326999999999884e+01 2.820190200000000047e+01 1.092807164102120225e+02 2.651445405129954747e+00
1.331729400000000112e+02 1.186766300000000030e+01 9.223409941717549998e+01 2.570135592196029961e+01
1.093003099999999961e+02 1.012630000000000058e-01 1.134841510243919913e+02 6.186488267207328029e+00
1.130678500000000071e+02 1.070391300000000001e+01 1.090259893573671661e+02 2.673581572848744514e+01
1.140301000000000045e+02 2.309675000000000011e+01 1.373328742733521892e+02 1.831974601735991826e+01
1.130844799999999992e+02 1.852679300000000140e+01 1.160456110743000409e+02 1.107077042370490716e+01
1.273446660000000037e+02 1.365026600000000023e+01 1.266816140950028853e+02 2.371985006577697064e+01
1.083680499999999967e+02 2.084225800000000106e+01 1.058751657405684341e+02 2.885037310405625988e+01
1.087034450000000021e+02 1.879413800000000023e+01 1.101066343088041890e+02 7.453357614961786837e+00
1.090837899999999934e+02 1.109345000000000026e+00 1.254625631261097283e+02 2.687255309118487645e+01
1.346648600000000044e+02 1.416948599999999914e+01 1.027254017710165783e+02 1.022754894879951593e+01
1.352128999999999905e+02 5.011090000000000266e+00 1.001217739958203765e+02 1.299381559622342408e+01
1.096788600000000002e+02 1.849008999999999903e+00 1.370109615791369038e+02 7.921744431341540604e+00
1.063328249999999997e+02 1.094751899999999978e+01 1.073205904177740706e+02 1.571216183025780744e+01
1.035757499999999993e+02 1.086949599999999982e+01 9.405529401723219962e+01 3.419050657825025752e+01
1.006839099999999974e+02 4.718844999999999956e+00 9.663656418420995919e+01 1.815392486449664489e+01
1.130484199999999930e+02 2.044042800000000071e+01 1.221329587493357991e+02 1.882924981525205510e+01
1.134364199999999983e+02 3.037878600000000162e+01 9.611547998802559789e+01 8.886245841868865014e+00
1.038327500000000043e+02 1.301466800000000035e+01 1.318259143875263817e+02 2.347746283029114522e+01
1.175795600000000007e+02 5.611371000000000109e+00 1.214612674705671793e+02 8.347767442909098889e+00
1.042143250000000023e+02 3.424630400000000208e+01 1.343059429355748193e+02 3.361584404773766011e+01
1.245766100000000023e+02 8.309366000000000696e+00 1.255283063340602610e+02 9.551200118363748715e+00
1.220304600000000050e+02 5.662862999999999758e+00 1.350447180510130920e+02 2.040676572319857840e+01
1.265958100000000002e+02 2.633954999999999913e+01 1.206246337421256953e+02 1.153501591146979521e+01
9.844208500000000583e+01 2.976761600000000030e+01 1.336562238740827695e+02 2.305908690467899369e+00
9.286606600000000356e+01 6.433735999999999677e+00 1.285726336176429072e+02 1.287133004709314399e+01
1.225343299999999971e+02 4.270537000000000027e+00 1.092921915735789042e+02 3.997140788352371299e-01
1.221295800000000042e+02 8.650660999999999490e+00 1.193431916703844280e+02 1.400900476448057042e+01
1.213342499999999973e+02 2.617049000000000181e+00 1.259486026756885906e+02 3.475727104364634101e+01
1.147561599999999942e+02 1.838597100000000140e+01 1.069158121190742321e+02 2.277345795371254411e+01
