7.331856999999999402e+01 6.896445500000000095e+01 5.698068775706184397e+01 4.823715565373792202e+01
5.682670999999999850e+01 4.389077000000000339e+01 8.354573104414782847e+01 4.377711681153186873e+01
5.009697299999999842e+01 3.689758299999999736e+01 5.843588261680091023e+01 6.495975963112030627e+01
8.198730000000000473e+01 4.021397400000000033e+01 5.065093268315884245e+01 5.588201781506354848e+01
8.780607999999999436e+01 3.907204000000000121e+01 6.179903005615685174e+01 6.535168016077795983e+01
6.202784299999999718e+01 4.203117799999999704e+01 6.123966800175295333e+01 4.739399532775618695e+01
6.978509999999999991e+01 6.200424000000000291e+01 4.967935328976952292e+01 6.801427659471491438e+01
8.133104000000000156e+01 4.018990699999999805e+01 7.389448653797819588e+01 4.420430247036428995e+01
6.970458000000000709e+01 6.621998999999999569e+01 6.166532924658470449e+01 6.276928953700155489e+01
4.811440699999999993e+01 5.367403999999999797e+01 8.891927699760165638e+01 5.986760390815805977e+01
4.902411000000000030e+01 6.334384500000000173e+01 8.969775468744623481e+01 6.077123805165496151e+01
8.278986999999999341e+01 6.091132700000000000e+01 6.185269276156060414e+01 3.875133249377592648e+01
8.147925999999999647e+01 6.052933000000000163e+01 5.681452454897083726e+01 4.246277678685913770e+01
5.363974799999999732e+01 5.208994299999999811e+01 8.899426537468889364e+01 6.952035366567714902e+01
6.146526300000000020e+01 6.553976000000000113e+01 9.096891537861748134e+01 5.305056761919148300e+01
6.612401599999999746e+01 6.489065999999999690e+01 6.529139935574815468e+01 6.849176190728344693e+01
7.069325999999999510e+01 4.742500700000000080e+01 5.855212242461030314e+01 4.947338835990491646e+01
6.294104999999999706e+01 4.766602699999999970e+01 8.663963449764510472e+01 4.792245970052081816e+01
5.508444200000000279e+01 4.897662400000000105e+01 8.825508036051009242e+01 4.297108267166551343e+01
6.510826000000000136e+01 6.686397599999999386e+01 7.271717671647371617e+01 3.637950818946599441e+01
6.587717999999999563e+01 6.489995600000000309e+01 5.821343628667902692e+01 4.495969091839134535e+01
5.233660499999999871e+01 4.819270000000000209e+01 6.321612796283676516e+01 6.341172768070654797e+01
4.775593599999999839e+01 6.639164999999999850e+01 7.363284791782277239e+01 3.971198515662032236e+01
5.538620000000000232e+01 4.611807600000000207e+01 8.358320232125522864e+01 5.492478775026193460e+01
5.403204000000000207e+01 5.116592800000000096e+01 5.877354342499175033e+01 3.913957765007778278e+01
5.548542400000000185e+01 5.831977499999999992e+01 7.592943702955611229e+01 6.281543660211232094e+01
8.765320599999999729e+01 4.874345000000000283e+01 7.678633752776110555e+01 5.923625098343079287e+01
5.286175000000000068e+01 5.095715299999999814e+01 7.377618125756713141e+01 6.121023220673073695e+01
7.961629999999999541e+01 6.026303999999999661e+01 7.006270481840131481e+01 6.864081677448206165e+01
8.257880400000000520e+01 3.717007399999999961e+01 8.000566495088376939e+01 3.872070680258428865e+01
7.405304999999999893e+01 4.455815499999999929e+01 8.806531529980379958e+01 4.540285656432038763e+01
5.070465999999999696e+01 5.043927800000000161e+01 5.348345144094972170e+01 5.027776264392957728e+01
4.630128500000000003e+01 6.632629000000000019e+01 8.372446125354494484e+01 5.616122253419293031e+01
5.933621000000000123e+01 6.236477299999999957e+01 7.880845198623420345e+01 4.584721833633135191e+01
6.389004500000000064e+01 5.658246199999999959e+01 6.577589538940796388e+01 4.943857678205566231e+01
7.644329000000000462e+01 4.657066300000000325e+01 7.124423952468563925e+01 3.889717086027650339e+01
8.212173500000000104e+01 4.029014200000000301e+01 9.037815388905082159e+01 3.778671015347219964e+01
8.573838999999999544e+01 6.890942400000000134e+01 4.862465193169725808e+01 5.939496678408450236e+01
7.637748999999999455e+01 6.877970000000000539e+01 6.811806753347967458e+01 3.648789694295134467e+01
7.580970000000000653e+01 3.922681800000000152e+01 5.660851664392448868e+01 4.522793224848825844e+01
7.907899999999999352e+01 5.651028000000000162e+01 9.135927454975160344e+01 6.734763507049711961e+01
6.587963000000000591e+01 5.883500699999999739e+01 4.759859468899750823e+01 6.858008926215781287e+01
7.929738600000000304e+01 5.334486799999999818e+01 5.691908872671126574e+01 4.806516101275917663e+01
5.556812000000000040e+01 6.750840999999999781e+01 6.524177501485978325e+01 6.926687986583303314e+01
4.983039500000000288e+01 5.025559599999999705e+01 8.272574919624949530e+01 4.954759135465064901e+01
7.686307499999999493e+01 4.832139999999999702e+01 6.021948916788392836e+01 5.912301852255960455e+01
6.199449500000000057e+01 4.123483000000000231e+01 6.671475395160013022e+01 6.890672571294996374e+01
5.078484300000000218e+01 4.311047400000000351e+01 8.122709741170618258e+01 6.079143574142780437e+01
4.954738600000000304e+01 3.824540700000000015e+01 8.273015831700821821e+01 5.035933493327254951e+01
8.155437000000000580e+01 4.750036999999999665e+01 6.326120541445943957e+01 4.526584222547867142e+01
7.364605000000000246e+01 4.980917699999999826e+01 5.290989002399945207e+01 6.784606386172195869e+01
8.554076000000000590e+01 4.526500699999999711e+01 5.671629830206310885e+01 6.178896649919813910e+01
6.629274999999999807e+01 6.353835699999999775e+01 5.294243039114453353e+01 5.734376308600317174e+01
5.200366600000000261e+01 5.103144000000000347e+01 8.300367012750206186e+01 4.149599129077735427e+01
5.532457999999999743e+01 5.113638999999999868e+01 7.385961019882279288e+01 6.669765440604359696e+01
6.837843999999999767e+01 4.865468200000000110e+01 8.802816620873338138e+01 3.852848196566455385e+01
8.675363000000000113e+01 4.346631599999999906e+01 8.136788722997798118e+01 5.576300228173899143e+01
8.540730000000000643e+01 3.939616000000000184e+01 6.848069438497344663e+01 4.298482669883068752e+01
6.023380300000000176e+01 5.545163999999999760e+01 8.670187785017088800e+01 4.009689944830459751e+01
8.642296000000000333e+01 4.440330999999999761e+01 8.096601627842650828e+01 5.567343587981861219e+01
4.670871700000000004e+01 6.377425999999999817e+01 8.142596971375968451e+01 6.792691310387942849e+01
5.309535600000000244e+01 4.823342000000000240e+01 4.743557860324936826e+01 4.207472478736885790e+01
7.759128599999999665e+01 6.280809399999999698e+01 7.122159019679537550e+01 6.232392377748605838e+01
5.828899400000000242e+01 5.992299700000000229e+01 6.706124483177434570e+01 5.645017180582235028e+01
5.209573000000000320e+01 6.484472999999999843e+01 6.519461173993229863e+01 4.318727403126237618e+01
8.512422999999999718e+01 4.689227999999999952e+01 6.759048964397251780e+01 4.283147875279082228e+01
5.608556699999999751e+01 4.873567200000000099e+01 7.175374057269445416e+01 6.402426872320012308e+01
4.735890200000000050e+01 6.803895599999999888e+01 6.599342068589946564e+01 4.736075878560647823e+01
6.524366000000000554e+01 5.117226399999999842e+01 5.599846725037329520e+01 4.583185495063271730e+01
5.429485999999999990e+01 4.884084000000000003e+01 5.850412851429735639e+01 4.669813399361862594e+01
6.844832999999999856e+01 5.730413399999999768e+01 8.571786305882334034e+01 5.453195255851907319e+01
7.841535000000000366e+01 5.517078399999999760e+01 7.426719805169123845e+01 3.896321934248141616e+01
6.703991999999999507e+01 6.934390000000000498e+01 7.293814881023138241e+01 6.195421061776254135e+01
7.866431400000000451e+01 4.014864000000000033e+01 5.087363294022965476e+01 6.357463414229293619e+01
6.322707700000000131e+01 6.364811999999999870e+01 7.253547399794248918e+01 5.199437977117558063e+01
4.666504299999999716e+01 4.539951700000000301e+01 4.859106942551525066e+01 5.269069006029997126e+01
6.521347000000000094e+01 6.587377999999999645e+01 8.826763365809755157e+01 5.542020360154135972e+01
5.336617300000000341e+01 4.647099299999999999e+01 5.403771215012199036e+01 5.788211273411828017e+01
4.962999299999999891e+01 4.012511400000000350e+01 7.624680266920975669e+01 4.413194658441655349e+01
5.293442000000000291e+01 5.253999699999999962e+01 7.548870378262746783e+01 6.622414843006121998e+01
9.114764399999999966e+01 4.278615599999999830e+01 5.529737131226524127e+01 6.322866074119711755e+01
6.539163999999999533e+01 6.597992000000000701e+01 6.312817819121598006e+01 6.946501382029639160e+01
7.551157999999999504e+01 5.821988999999999947e+01 6.992251273169665637e+01 6.738517827268032079e+01
5.817465200000000181e+01 4.617281700000000200e+01 7.653390592527451020e+01 4.976128632881382430e+01
6.463611600000000124e+01 5.428184499999999701e+01 5.688019230266860404e+01 5.758582462897722110e+01
4.800569000000000131e+01 6.700045000000000073e+01 4.633251591987676221e+01 4.845673307786711348e+01
6.485940600000000700e+01 4.863174399999999764e+01 6.720507156437322749e+01 6.464802219690815832e+01
8.212149999999999750e+01 6.805886999999999887e+01 6.762707704448985169e+01 5.020203280091084252e+01
6.137015999999999849e+01 5.204327399999999670e+01 5.445208987305004200e+01 4.932803165629485420e+01
7.284009600000000262e+01 6.049586000000000041e+01 6.962995771379046062e+01 6.756788327285880769e+01
8.719392399999999554e+01 4.024371299999999962e+01 7.857495740207994572e+01 5.390341716031230135e+01
5.600366000000000355e+01 5.997305300000000017e+01 6.342080173970933998e+01 3.898540950601645250e+01
7.401948000000000150e+01 4.625668699999999944e+01 7.838218008183838492e+01 5.744717047905108842e+01
7.229880500000000154e+01 6.385471299999999673e+01 5.191335058477843489e+01 6.369351221237567984e+01
4.872610499999999689e+01 4.301434700000000078e+01 4.772849729260044427e+01 4.228426024105266379e+01
7.304407500000000653e+01 4.884670599999999752e+01 9.136456799941339568e+01 6.471164443656937237e+01
8.173636999999999375e+01 6.784996999999999900e+01 5.476520976736921398e+01 4.820380461792224480e+01
5.082811699999999888e+01 4.560262699999999825e+01 5.873885531674265792e+01 6.529433520683608094e+01
7.803538500000000511e+01 6.149983600000000195e+01 8.600342955919812482e+01 6.872533293018460654e+01
6.902935999999999694e+01 4.476595999999999975e+01 5.691327948803725434e+01 6.511612447188755937e+01
7.410056000000000154e+01 6.981937999999999533e+01 8.574320453394201991e+01 4.546479424458370033e+01
5.364372600000000091e+01 4.968298699999999712e+01 7.688946834689883758e+01 5.724277280941917212e+01
7.896323999999999899e+01 4.627617300000000000e+01 6.222023007616883916e+01 4.784107316041868785e+01
5.105628999999999706e+01 3.829506700000000308e+01 5.139760005517555896e+01 6.372705366991992548e+01
6.139316600000000079e+01 4.326026499999999686e+01 8.792214813439170484e+01 4.793650811138044787e+01
6.608248000000000388e+01 5.590762300000000096e+01 8.472976280951198191e+01 6.410027489894389419e+01
6.354970999999999748e+01 6.169022799999999762e+01 7.398611944778747329e+01 5.699216831408845962e+01
4.956040600000000040e+01 4.586153399999999891e+01 5.530668686008818469e+01 4.409064062313444765e+01
8.315384000000000242e+01 4.671061999999999870e+01 7.094390216927813242e+01 6.263080889247447658e+01
4.672376599999999769e+01 6.962304000000000315e+01 8.732833989024504717e+01 5.592404913346111073e+01
8.874388000000000432e+01 3.593610400000000027e+01 8.267592416487471496e+01 3.543017578297557435e+01
7.745943499999999915e+01 5.897106600000000043e+01 7.325764215437754956e+01 3.687953225877385677e+01
5.388501000000000118e+01 5.712486599999999726e+01 4.601996485418160177e+01 4.050493803405841220e+01
5.532318000000000069e+01 4.998246400000000023e+01 6.675478964341454002e+01 4.366975995461815074e+01
8.190829499999999541e+01 6.691291999999999973e+01 8.167692352879859641e+01 6.770143939621115692e+01
8.813251499999999794e+01 3.577533999999999992e+01 5.461270231957195165e+01 5.361065894438279145e+01
8.314601999999999293e+01 6.420999000000000478e+01 6.927613102381444321e+01 3.977728800911518192e+01
8.186610400000000709e+01 4.375295299999999799e+01 8.949287852717910141e+01 4.140596294456923943e+01
7.359251000000000431e+01 6.916764000000000578e+01 8.307309017267488116e+01 5.306101863273672592e+01
8.693619499999999789e+01 3.656411399999999645e+01 6.162134922980733620e+01 5.056418920422685659e+01
6.598450499999999863e+01 5.182002299999999906e+01 6.231325835558656934e+01 5.630191850789621100e+01
4.935990499999999770e+01 5.605839499999999731e+01 6.331001545919000506e+01 3.617083228490022861e+01
8.352984999999999616e+01 6.076507999999999754e+01 5.645574696230760026e+01 6.148060886170780748e+01
5.350283400000000000e+01 5.982513800000000259e+01 4.956190819495147082e+01 6.312850978572843985e+01
6.258970000000000056e+01 5.024907000000000323e+01 6.333723079523711874e+01 5.005196975087105216e+01
5.421309999999999718e+01 5.728742199999999940e+01 5.593090429499814320e+01 6.614809543775866985e+01
5.059288999999999703e+01 3.766018700000000052e+01 5.773628316402084693e+01 5.268210676214482646e+01
5.330595799999999684e+01 4.996555299999999988e+01 6.110910864702324830e+01 3.631455963524798847e+01
5.922205000000000297e+01 5.737902499999999861e+01 5.057760289027746836e+01 4.721810087278009860e+01
6.856942999999999699e+01 6.211330800000000352e+01 8.558818624275562570e+01 4.257881094942293743e+01
8.806625999999999976e+01 3.729690000000000083e+01 8.899510439296872732e+01 4.370206767476397403e+01
5.104829000000000150e+01 4.921446199999999749e+01 9.005356754383413431e+01 4.543362068744366411e+01
5.755927700000000158e+01 5.955747600000000119e+01 8.220688329343823852e+01 5.787620591078670884e+01
8.338657999999999504e+01 4.855832300000000146e+01 6.974629808572429113e+01 5.052240746393835025e+01
8.686418999999999357e+01 4.387660999999999945e+01 6.251440532050007448e+01 6.067623881431703126e+01
7.489607999999999777e+01 6.228779999999999717e+01 5.449899806136557601e+01 5.962916238258610235e+01
7.797402999999999906e+01 3.943486000000000047e+01 8.604261108747866160e+01 5.337565248604146007e+01
5.461650999999999812e+01 4.942170000000000130e+01 5.013931168159928831e+01 5.802328002028241372e+01
7.031310000000000571e+01 5.214257400000000331e+01 8.396812163502031012e+01 4.835346958408185003e+01
4.934065600000000273e+01 6.204409400000000119e+01 6.322356405358773657e+01 5.205564296918516476e+01
6.627116999999999791e+01 6.753251000000000204e+01 6.407767900596863342e+01 4.198861707110066277e+01
9.128652999999999906e+01 3.925340700000000282e+01 8.932032525750508967e+01 4.978464116402792428e+01
6.516343999999999426e+01 5.234572000000000003e+01 5.563001995359746132e+01 5.865414960024323676e+01
4.682751499999999822e+01 6.578252000000000521e+01 6.401512456059671763e+01 6.699407500568221963e+01
7.979953999999999326e+01 5.222890999999999906e+01 5.078708373973704937e+01 4.801911044780007387e+01
5.190478000000000236e+01 4.889708699999999908e+01 4.603140691444020405e+01 3.910747191133713585e+01
8.226090999999999553e+01 4.668988999999999834e+01 7.423320332687049472e+01 4.690681921621633421e+01
7.976686999999999728e+01 5.359152999999999878e+01 7.767473237708074407e+01 4.018264796543815720e+01
5.107068600000000202e+01 4.920833600000000274e+01 8.281853719029297167e+01 6.284565208091176203e+01
5.968653499999999923e+01 5.329252199999999817e+01 7.376340782663493201e+01 3.986026140911602056e+01
7.263685999999999865e+01 6.816455000000000553e+01 4.886476605597518841e+01 3.772490814545481186e+01
5.547576000000000107e+01 4.883494999999999919e+01 5.760006424426957494e+01 4.542485994857557330e+01
5.123778500000000236e+01 5.036023000000000138e+01 8.173901345578329369e+01 3.502449767554120541e+01
7.498845000000000027e+01 4.247617300000000284e+01 5.956968514949146964e+01 4.731796724144361121e+01
7.430379000000000644e+01 4.396401000000000181e+01 6.989561647484975992e+01 6.332518331745071549e+01
8.275954000000000121e+01 4.590746699999999691e+01 6.572896480929179575e+01 6.805094868867453783e+01
8.852997600000000489e+01 3.797641399999999834e+01 7.297001032197408676e+01 5.268925580743419346e+01
6.426962000000000330e+01 5.232027999999999679e+01 5.801739104974670624e+01 6.718997170130789698e+01
7.306785000000000707e+01 6.972611000000000558e+01 7.001824022783549140e+01 3.942241522384079389e+01
7.484981500000000665e+01 5.974059299999999695e+01 5.269223208930678481e+01 3.637610304724286436e+01
7.581678999999999746e+01 4.425414700000000323e+01 5.247520044393007765e+01 6.794596508006728186e+01
5.187998199999999827e+01 5.008856000000000108e+01 8.714568630560893325e+01 6.898412580594373367e+01
5.130496600000000029e+01 5.294500699999999682e+01 8.963403721413308745e+01 6.400502756595065534e+01
7.586669000000000551e+01 4.302570699999999704e+01 5.652804156301775862e+01 4.033943245898840502e+01
7.081449000000000638e+01 6.198342999999999847e+01 4.738182726266769151e+01 4.868727502190381529e+01
9.175052999999999770e+01 4.081071500000000185e+01 7.320274067887748970e+01 5.550908257622310060e+01
5.397681000000000040e+01 4.585221500000000106e+01 7.196571026793145620e+01 4.635142656703523301e+01
5.246391700000000213e+01 4.780145600000000172e+01 7.104637438161786633e+01 5.038164923504670867e+01
8.975776000000000465e+01 4.615767999999999915e+01 7.438776960556691620e+01 5.582109556434275532e+01
8.969199999999999307e+01 4.165841700000000003e+01 6.429209044276461782e+01 4.251302858580337585e+01
4.713255699999999848e+01 6.185589600000000132e+01 7.459281338281563478e+01 6.018382733473751500e+01
7.974235500000000343e+01 4.118516000000000332e+01 8.927131797610772423e+01 5.248746618748287318e+01
8.433438999999999908e+01 3.928714000000000084e+01 7.111620254922431172e+01 4.426398404292626765e+01
8.821962999999999511e+01 4.613478500000000082e+01 4.940476140295834995e+01 4.822153068035662216e+01
6.651388000000000034e+01 5.359824799999999811e+01 8.906959967258995903e+01 5.306655790337260470e+01
5.748829700000000287e+01 5.595329300000000217e+01 5.735410778872898874e+01 6.977649522539303462e+01
7.071802499999999725e+01 6.659735000000000582e+01 4.914794960193634665e+01 4.365163356643675741e+01
5.382874699999999990e+01 4.077295699999999812e+01 8.817624662514811007e+01 3.675167787351024629e+01
6.372266799999999876e+01 4.694447999999999865e+01 6.388229456798478623e+01 6.470901128210184083e+01
6.697539999999999338e+01 6.363968700000000212e+01 7.453956110012205727e+01 5.800625609491305568e+01
6.673151400000000422e+01 6.244692200000000071e+01 6.753637874003617014e+01 4.973651411172428993e+01
7.618917999999999324e+01 6.078967999999999705e+01 5.869843442695778180e+01 6.094213352585847332e+01
6.587040000000000362e+01 5.346339400000000097e+01 6.752380801801295718e+01 6.637476377179682174e+01
7.095891600000000210e+01 6.641106000000000620e+01 6.014957571591883578e+01 5.762537594210952818e+01
5.290209999999999724e+01 5.713993500000000125e+01 6.117865497057836421e+01 5.038714520589370949e+01
5.167446499999999787e+01 5.289345600000000047e+01 7.866653705150818610e+01 4.244692749816320543e+01
4.807733000000000345e+01 3.790756999999999977e+01 6.900499523106432775e+01 4.216418919336238247e+01
8.906516999999999484e+01 5.928731499999999954e+01 5.897945036910130767e+01 5.663220716107626629e+01
4.985574299999999681e+01 4.845098000000000127e+01 7.566866971626316740e+01 4.188606532892715961e+01
5.493115600000000143e+01 5.014291399999999754e+01 8.260285165490078896e+01 5.411355785959045051e+01
5.115114200000000011e+01 5.064909000000000106e+01 4.766383187160889889e+01 6.114418629302645058e+01
4.957694599999999951e+01 4.986617999999999995e+01 7.895439902400491405e+01 3.500302317693692089e+01
6.020953399999999789e+01 4.516971999999999809e+01 7.274755310238920458e+01 3.957092136845892583e+01
9.046371999999999503e+01 6.047626999999999953e+01 6.600463548537254610e+01 4.883298788639604737e+01
6.487651999999999930e+01 6.894028000000000134e+01 5.715395390003938303e+01 4.491441517583551502e+01
8.245322400000000584e+01 4.621737699999999904e+01 7.868797272594595427e+01 4.213055262301944737e+01
5.835997799999999813e+01 5.780623599999999840e+01 5.143808569522863650e+01 4.545423796870025512e+01
8.506038999999999817e+01 4.297482699999999767e+01 5.567830862690021121e+01 4.242208320435598523e+01
6.425799600000000567e+01 5.414581299999999686e+01 5.530446767895459459e+01 3.955697508693853592e+01
7.341700000000000159e+01 6.530172000000000310e+01 6.223868501613011972e+01 4.503207534249315813e+01
6.500728999999999758e+01 4.928378000000000014e+01 8.250538283909176585e+01 5.603296816695366545e+01
7.632841000000000520e+01 4.523435599999999823e+01 4.827299725575824141e+01 6.034023711919709854e+01
8.061682999999999311e+01 5.918603000000000236e+01 8.482597351091405358e+01 5.013710746436070309e+01
6.766622999999999877e+01 4.396661000000000286e+01 6.858589516356462923e+01 4.873189620286689916e+01
6.249164600000000291e+01 4.798640400000000028e+01 4.709865858095158586e+01 3.517226144361272588e+01
6.404304500000000644e+01 6.398645400000000194e+01 8.729285631484486885e+01 3.815486204761772626e+01
5.076733399999999818e+01 3.719605599999999868e+01 6.965595502508330128e+01 4.670529358603874925e+01
5.286663999999999675e+01 5.036919000000000324e+01 6.372236859187130165e+01 6.752800826273625034e+01
5.690837499999999949e+01 5.480534999999999712e+01 7.759823164344064139e+01 5.167809201054781454e+01
8.953078999999999610e+01 5.023995000000000033e+01 7.127592701117191609e+01 3.811555924977360377e+01
8.201357000000000141e+01 5.219725799999999793e+01 6.063910765034464134e+01 5.387084329220199663e+01
8.942528000000000077e+01 4.575683200000000284e+01 6.479534647229456823e+01 5.946517802050958323e+01
5.561010000000000275e+01 5.018833999999999662e+01 7.658598820176253241e+01 6.382327785629631478e+01
5.408736999999999995e+01 4.822462500000000318e+01 6.306740173074917521e+01 4.286742280012308015e+01
5.333182500000000203e+01 6.591305499999999995e+01 6.760860590953961946e+01 4.707103348343455451e+01
5.844738999999999862e+01 6.888080999999999676e+01 4.785153230069227703e+01 6.437099039108755960e+01
8.650522599999999329e+01 4.590870699999999971e+01 8.996285312162801517e+01 5.339275494893922769e+01
8.324456000000000699e+01 4.588488799999999657e+01 6.679493860461330712e+01 6.929491356720174622e+01
7.109244999999999948e+01 6.140245399999999876e+01 7.791456483746257788e+01 3.911122199628557183e+01
7.151955399999999941e+01 4.778076599999999985e+01 6.879396632760381181e+01 3.671779031601815291e+01
4.760193000000000296e+01 4.378117999999999910e+01 8.718331317342563125e+01 5.906301487347687384e+01
6.008419800000000066e+01 6.724903000000000475e+01 5.764432198486356640e+01 3.508959761450309145e+01
5.724761600000000072e+01 6.143712200000000223e+01 4.984150060985636088e+01 5.448065332303969655e+01
9.098907499999999970e+01 4.332945999999999742e+01 6.051174936392753523e+01 4.397593045712508086e+01
8.726282500000000653e+01 4.679518999999999807e+01 9.124887841251003806e+01 4.517824078377757502e+01
8.956656999999999869e+01 4.467163999999999646e+01 9.003296904107054388e+01 5.429139458030148546e+01
5.401004799999999761e+01 4.541924000000000206e+01 8.125351828886479666e+01 3.523752150110431813e+01
4.669586999999999932e+01 6.332151799999999753e+01 8.446792309772402518e+01 6.786742014568415016e+01
6.310660000000000025e+01 4.440919000000000239e+01 5.051608946911699149e+01 4.265473443414730070e+01
7.233463000000000420e+01 4.200035499999999900e+01 6.454769118659922356e+01 5.478069206510518541e+01
6.421460000000000434e+01 4.855725000000000335e+01 8.761500344654575656e+01 3.957245173724535192e+01
9.030997499999999434e+01 6.902100000000000080e+01 5.560539967677286199e+01 4.152312947472867677e+01
7.273438000000000159e+01 5.694560599999999795e+01 8.104903340332717221e+01 5.979523331628286087e+01
7.346007000000000176e+01 5.386707700000000187e+01 4.685243111543803707e+01 6.686972631375628850e+01
5.855407699999999949e+01 6.542522999999999911e+01 5.685348733818641875e+01 5.797049170364381609e+01
7.865295999999999310e+01 6.845534499999999412e+01 8.699130388071220921e+01 4.414487265035323560e+01
7.513997999999999422e+01 6.129621000000000208e+01 7.832262447873188194e+01 5.716581804529977262e+01
5.782506000000000057e+01 5.586100400000000121e+01 7.962534811309024008e+01 3.851916765973020063e+01
7.769123999999999342e+01 6.373434000000000310e+01 4.640192286058643845e+01 4.635470104064479102e+01
5.031473499999999888e+01 4.109745999999999810e+01 8.231630446606385476e+01 3.607623695476604553e+01
8.403638499999999567e+01 3.503270299999999793e+01 7.346076253483769847e+01 6.818424849267972832e+01
7.502486000000000388e+01 3.932047299999999979e+01 8.790044525167863299e+01 6.856514304977801544e+01
5.653450999999999738e+01 6.000314000000000192e+01 9.119462599921146762e+01 6.345957891551978491e+01
6.529474000000000444e+01 5.300702700000000078e+01 6.872862838681385256e+01 5.427976755376739249e+01
7.948573000000000377e+01 4.482542399999999816e+01 7.788343634711473840e+01 4.802662313322029775e+01
8.947969999999999402e+01 4.378523299999999807e+01 5.540700232926093349e+01 3.640406035538526908e+01
5.567817000000000149e+01 4.392220999999999975e+01 6.938361618495125072e+01 4.606256833391476846e+01
5.249409500000000151e+01 4.657718299999999800e+01 8.028444718760184173e+01 4.334288196151670292e+01
7.590055999999999869e+01 4.194827999999999690e+01 4.865268388047413595e+01 3.818039592350206846e+01
5.509714999999999918e+01 5.106415599999999699e+01 4.755472573741091225e+01 5.759169699305167001e+01
7.865703600000000506e+01 4.475950199999999768e+01 8.069295636423947826e+01 4.750174631380485124e+01
7.803976000000000113e+01 6.198502700000000232e+01 7.933458840438606785e+01 4.192280423074603135e+01
6.052741600000000233e+01 5.478904299999999949e+01 9.153984886751773331e+01 6.733373693506372604e+01
8.982984000000000435e+01 5.302496299999999962e+01 7.409553745045035100e+01 3.775410035303431044e+01
7.085715000000000430e+01 6.628178400000000181e+01 6.619800568931162843e+01 4.913818179682861143e+01
5.841998699999999900e+01 3.671247499999999775e+01 6.351713197902577690e+01 6.660302738665740208e+01
7.569961000000000695e+01 4.516561000000000092e+01 7.596259795814142990e+01 5.692240765454201323e+01
5.972766500000000178e+01 4.440487300000000204e+01 7.355879338171502013e+01 5.932313554582781734e+01
7.871864999999999668e+01 4.122878299999999996e+01 5.221638547495559379e+01 5.037062711913218749e+01
6.594256000000000029e+01 5.268306400000000167e+01 7.166370631736788255e+01 5.850631997754329205e+01
4.819915000000000305e+01 4.407435199999999753e+01 9.145144384851653285e+01 6.827324087744759140e+01
6.581596999999999298e+01 5.677728700000000117e+01 5.743483353114145018e+01 5.027484399155841999e+01
5.144386699999999735e+01 5.034185399999999788e+01 9.030677602668932025e+01 5.783736790734442934e+01
7.121519499999999425e+01 6.740169500000000369e+01 8.143565401463089870e+01 3.890002573893240623e+01
6.599164000000000385e+01 6.924809000000000481e+01 5.769388374368811867e+01 3.736619480007538385e+01
6.783283000000000129e+01 6.381229799999999841e+01 7.922832081027863182e+01 6.027475962505359064e+01
7.265532000000000323e+01 6.310888700000000284e+01 6.022195702967427167e+01 5.909661949607586706e+01
8.999599000000000615e+01 5.482777999999999707e+01 8.840620336891177544e+01 5.649449942676194780e+01
5.400205600000000317e+01 6.589191399999999987e+01 6.050597549404362496e+01 4.428670843533871704e+01
8.431788000000000238e+01 4.659002999999999872e+01 5.253926043383476951e+01 6.190388137846332484e+01
7.806696999999999775e+01 5.320942300000000103e+01 7.781694496302451114e+01 5.662669805816299373e+01
8.275775000000000148e+01 5.044425600000000287e+01 7.630223178956042318e+01 5.664809167790708244e+01
6.336164500000000288e+01 6.252990700000000146e+01 6.802730546249388510e+01 4.332326329572477874e+01
5.768971599999999711e+01 5.626144399999999735e+01 4.800574101232309943e+01 5.391775852388763468e+01
8.003162399999999366e+01 4.691811799999999977e+01 7.199089125810968426e+01 5.814062929401679014e+01
4.924508000000000152e+01 4.573075999999999652e+01 4.938952984215111286e+01 5.656621258223522375e+01
5.177651600000000087e+01 4.928925000000000267e+01 4.961583369731821591e+01 3.962326226959932995e+01
7.354685000000000628e+01 6.983608999999999867e+01 5.291544578677023480e+01 4.714286957512103271e+01
5.062283299999999997e+01 6.234966699999999662e+01 6.111154660463100186e+01 4.625758700781789656e+01
5.525240699999999805e+01 6.121945999999999799e+01 9.164028642880769837e+01 4.306673030178768613e+01
5.566822400000000215e+01 5.443486999999999654e+01 6.830722798723536471e+01 4.847474486192326992e+01
6.313089000000000084e+01 5.214475000000000193e+01 7.345393776856710133e+01 3.649761904334890517e+01
7.941040999999999883e+01 5.451766200000000140e+01 4.891769372529844873e+01 6.659102015297315802e+01
6.066973000000000127e+01 5.684465399999999846e+01 7.377864227462852398e+01 5.133583478777993037e+01
6.234524499999999847e+01 6.152044999999999675e+01 4.763511139280036844e+01 6.411141955637657475e+01
8.818219000000000563e+01 5.422068800000000266e+01 4.654495654397769755e+01 3.654799020020477229e+01
8.831159999999999854e+01 3.731616999999999962e+01 4.685824518804739114e+01 4.512211971318178882e+01
6.441042000000000201e+01 5.155160999999999660e+01 8.335640200899845809e+01 4.044906859924439857e+01
8.027527000000000612e+01 4.288470000000000226e+01 6.348576058108196918e+01 6.319526196396704165e+01
8.252343000000000472e+01 6.853699000000000296e+01 8.186230511073490845e+01 5.326602881925926170e+01
7.357657000000000380e+01 5.390614000000000061e+01 6.936616500984116840e+01 6.941941898120290944e+01
5.339186500000000279e+01 4.860521299999999911e+01 4.923151835624970118e+01 5.837184522801047137e+01
6.069254300000000057e+01 4.137232600000000105e+01 7.275347602924580315e+01 3.658258875001467914e+01
8.590979000000000099e+01 3.523488600000000304e+01 6.088098683519697829e+01 6.500095764151242861e+01
8.794871500000000708e+01 4.199166000000000309e+01 7.936402383256174176e+01 5.259662641093311208e+01
5.285132200000000324e+01 4.104751000000000261e+01 7.964880293215017559e+01 5.261980150261834410e+01
5.964972699999999861e+01 4.230685400000000129e+01 8.497439984259531798e+01 5.323061578575891417e+01
7.236713399999999297e+01 5.359680600000000084e+01 4.788232907347705947e+01 6.846482682791373975e+01
6.066823600000000027e+01 4.825421000000000049e+01 5.501848650797587226e+01 4.568001673873735058e+01
6.306450699999999898e+01 6.159660999999999831e+01 5.878215431441890360e+01 6.564578659279912642e+01
8.737299000000000149e+01 4.577764499999999970e+01 5.776962082549933086e+01 4.436942880999929173e+01
5.267781399999999792e+01 4.952029799999999682e+01 9.173623750059928739e+01 5.569923652221425669e+01
7.224148599999999476e+01 6.894777000000000555e+01 8.661476181559758913e+01 4.177722496515924178e+01
7.208037600000000111e+01 6.865512999999999977e+01 7.256062920914610004e+01 5.968676718217833610e+01
5.288052700000000073e+01 4.685767400000000293e+01 7.262738576046609751e+01 5.389249824461650462e+01
4.616987000000000307e+01 4.086637999999999948e+01 7.629076375452950742e+01 4.370502190165554168e+01
8.153354000000000212e+01 5.439672000000000196e+01 8.618001791133934830e+01 4.086177852938563149e+01
6.471316500000000360e+01 5.324251000000000289e+01 9.119703353109693467e+01 4.280144763594820745e+01
