1.256516600000000068e+02 1.016526799999999930e+01 1.128988810758505252e+02 2.122809746661290475e+01
1.223859400000000051e+02 2.499089199999999877e+01 1.170252424542783558e+02 8.155282362878674363e+00
1.163926539999999932e+02 2.069149399999999872e+01 1.365737389004314366e+02 2.307929147885595711e+01
1.186871260000000063e+02 2.867317600000000155e+01 1.191744410230902389e+02 1.000056927771025528e+01
1.317859200000000044e+02 1.148811999999999944e+00 1.249459735499954718e+02 1.052199654394300188e+00
1.078628099999999961e+02 2.795533599999999907e+01 1.039904671366852966e+02 2.461503605051241195e+01
1.252589700000000050e+02 9.306459000000000259e+00 9.675215445366649192e+01 3.263249389078927010e+01
1.079200000000000017e+02 1.787225700000000117e+01 1.190554519664212023e+02 1.361614286049194078e+01
1.157281399999999962e+02 9.804192000000000462e+00 1.376785578791242983e+02 4.047259893948400133e+00
1.101968499999999977e+02 2.375801699999999883e+01 9.511475697452327438e+01 1.833179675127151143e+01
1.334347699999999861e+02 1.250006499999999932e+01 9.391982989844200347e+01 3.432148908032532919e+00
1.355843000000000131e+02 4.260162000000000226e+00 9.364447699260600189e+01 2.197386870777914680e+01
1.082932799999999958e+02 1.325382199999999955e+01 1.377540195069436777e+02 2.605546285530650152e+01
1.279891360000000020e+02 3.089619599999999977e+01 1.151970957564041242e+02 4.271342295998470817e+00
1.176709749999999985e+02 1.542742499999999950e+01 1.065022294883700340e+02 3.277036091998104439e+01
9.896905499999999734e+01 1.199011899999999997e+01 1.267350859172186119e+02 1.903844808379222542e+01
1.335707899999999881e+02 7.717627000000000237e+00 1.034596077374327336e+02 3.552248370684837120e+00
1.322924700000000087e+02 3.461343999999999976e+00 9.672122745355125062e+01 5.338582470634795074e-01
1.223199099999999930e+02 8.781103999999999132e+00 1.291685417795143280e+02 2.710153656102040287e+01
1.321549200000000042e+02 1.124238199999999921e+01 9.598619385101700630e+01 3.244138788538225349e+00
1.079575040000000001e+02 1.263439100000000082e+01 1.108543839487221874e+02 1.298085871759171361e+01
1.126559400000000011e+02 2.004866000000000170e+01 1.113888643990769793e+02 8.468125752426811204e+00
1.096028799999999990e+02 2.265409999999999968e+01 1.106824630795539122e+02 2.914616734095523753e+01
1.312892899999999941e+02 8.332789999999999919e-01 1.185059038601321504e+02 3.180759916914454166e+01
1.265958100000000002e+02 2.633954999999999913e+01 1.327037834459613066e+02 3.030688918696323952e+01
1.224793549999999982e+02 7.707499000000000322e+00 1.141336698697600411e+02 1.282178196816449933e+01
9.769305400000000361e+01 2.981127000000000038e+01 9.998355296750320065e+01 2.240342299249025970e+01
1.066970400000000012e+02 2.854751200000000111e+01 1.075939861389261694e+02 1.642447176532778030e+01
1.346411899999999946e+02 1.026627900000000082e+01 1.188879763071947906e+02 4.141458037205132392e+00
1.095285400000000067e+02 9.065305000000000391e+00 1.294669507796067194e+02 2.853485443784564168e+01
1.316434500000000014e+02 1.493856899999999932e+01 1.094601710314976799e+02 1.858763188481129092e+01
1.155358300000000042e+02 1.622392699999999977e+01 9.357353590396934351e+01 4.386149900654989775e-01
1.032632749999999930e+02 1.219237299999999991e+01 9.806126138889574406e+01 2.229105608303590103e+01
1.254233859999999936e+02 2.886179999999999968e+00 1.235696598290405035e+02 5.896827745770232276e+00
1.360078000000000031e+02 2.576470000000000149e-01 9.948035223112455583e+01 7.147591010140905254e+00
1.243271699999999953e+02 7.188932999999999574e+00 1.028927437027230383e+02 8.879128959742114802e+00
1.063205999999999989e+02 2.726726199999999878e+01 1.007088977767932221e+02 2.941324932330640962e+01
1.300579799999999864e+02 1.264828400000000030e+01 1.365144647007278991e+02 2.038614166209510969e+00
1.066796700000000016e+02 7.535884000000000249e+00 9.288125091980754178e+01 1.362660980304653435e+00
1.036002399999999994e+02 2.780374499999999927e+01 1.041245965818634147e+02 1.714271062712935034e+01
1.305309399999999869e+02 1.832883000000000040e+00 9.556465455147964860e+01 3.128489132939804307e+01
1.007396800000000070e+02 2.936620900000000134e+01 1.208681342715037630e+02 2.112817571746536949e+00
1.245430300000000017e+02 2.024064000000000085e+00 1.055945674610677969e+02 1.653960584421645308e+01
9.870685600000000193e+01 3.065115199999999973e+01 9.461301746126670764e+01 9.397291669193297281e+00
1.138388060000000053e+02 1.427283199999999930e+01 1.027028839534117424e+02 1.831434416254047903e+01
9.964494000000000540e+01 1.723302500000000137e+01 1.216401610617677136e+02 9.924009413960879655e+00
1.211858299999999957e+02 1.439466200000000029e+01 1.099918313200655859e+02 5.617099576137222883e+00
1.198479700000000037e+02 1.432430399999999970e+01 1.299348661703602090e+02 6.800961244915309400e+00
9.976784499999999412e+01 1.927317000000000036e+01 1.345093577535348857e+02 3.386075273488391701e+01
1.076193600000000004e+02 3.246417199999999781e+01 9.875484658805936533e+01 2.624385237303732055e+01
1.024698099999999954e+02 2.152501900000000035e+01 1.373964028224139327e+02 7.699662147608278495e+00
1.325005299999999977e+02 3.386753999999999820e+00 1.003591507744407210e+02 1.072203798737784197e+01
1.328910400000000038e+02 8.964817999999999287e+00 1.150983255351985690e+02 1.467281266946240059e+01
1.006978600000000057e+02 1.544444200000000045e+01 1.358381214131073307e+02 2.907624878341855634e+01
9.786359400000000619e+01 2.648629000000000033e+01 1.185442669926990220e+02 1.026861134524317976e+01
1.270006400000000042e+02 1.816579000000000121e+01 9.826047418762500740e+01 1.019943495732341177e+01
1.059761100000000056e+02 1.393128699999999931e+01 1.169612122409542394e+02 1.429645498128510184e+01
1.112696700000000050e+02 3.022276300000000049e+01 1.185809111867280450e+02 3.447823991793227094e+01
1.198308099999999996e+02 6.406725999999999921e+00 1.096134446017356083e+02 1.126841661023073904e+01
9.837677999999999656e+01 1.711163099999999915e+01 1.100856896298512169e+02 2.417641217147781685e+00
1.175501100000000037e+02 2.228393600000000063e+01 9.398880151888954515e+01 1.707189348804061257e-01
1.266348200000000048e+02 1.015843199999999946e+01 1.062434644167609576e+02 6.544836227971933873e+00
1.151904700000000048e+02 8.768988999999999479e+00 1.128524893670363269e+02 1.806512866696929365e+01
1.230953449999999947e+02 4.679204000000000363e+00 1.342338030200625667e+02 3.341238070983735042e+01
1.158168639999999954e+02 1.917301000000000144e+01 1.070416264099596191e+02 2.395293535883708813e+01
1.242691959999999938e+02 1.142593199999999953e+01 1.038867810758143833e+02 1.358504168042585469e+01
1.344725300000000061e+02 1.219967600000000019e+01 9.589983187548232024e+01 5.026371675781025949e+00
1.268339900000000000e+02 8.518722999999999601e+00 9.665924961360224188e+01 1.286260401203412762e+01
1.131172600000000017e+02 3.900424000000000113e+00 1.005624015241053257e+02 2.605910753752213083e+01
1.160514000000000010e+02 1.774400500000000136e+01 1.361221255635982175e+02 2.830839326615908647e+01
1.074696660000000037e+02 2.101574099999999845e+01 1.198243367078399046e+02 2.634207332535849488e+01
1.186984199999999987e+02 2.059347700000000003e+01 1.334079405791425756e+02 1.673458969885971115e+01
1.226914500000000032e+02 9.774010000000000531e+00 1.213676575702232299e+02 3.287422480362620547e+01
1.276584799999999973e+02 1.222587000000000046e+01 1.054022861482917932e+02 3.245798115600282330e+01
1.141297760000000068e+02 1.230455800000000011e+01 1.300650446952633388e+02 1.918402938907376409e+01
1.035537400000000048e+02 1.997163199999999961e+01 1.188308812162335784e+02 3.456315942231991301e+01
1.117049099999999981e+02 1.392223999999999906e+00 1.080952078263235876e+02 2.064915337978387910e+01
1.213759399999999999e+02 6.126888000000000112e+00 1.165405127029423085e+02 2.060417752796477942e+01
1.228110300000000024e+02 3.387436300000000244e+01 1.089657049180315340e+02 6.157224647344616386e+00
9.981167000000000655e+01 2.547162799999999905e+01 1.363660830378386208e+02 3.044396090178735292e+01
1.042617649999999969e+02 3.389239500000000049e+01 1.315090090991022294e+02 3.308826463528819772e+01
1.094473339999999979e+02 1.177907199999999932e+01 1.376465344312934462e+02 1.035361332456327155e+01
1.306314800000000105e+02 8.258822000000000330e+00 9.841510090803227229e+01 1.105449413298306993e+01
1.219534450000000021e+02 1.283245199999999997e+01 1.287352114417922451e+02 1.663398499507417583e+01
1.294545999999999992e+02 9.188390999999999309e+00 1.267999660307573890e+02 1.119030258419784829e+01
1.200120299999999958e+02 1.021003699999999981e+01 1.008681070205917365e+02 1.277724062842166664e+00
1.080361099999999936e+02 1.718792499999999990e+01 1.308224540893527035e+02 3.088165027280472685e+01
1.042071399999999954e+02 2.416523600000000016e+01 1.155603796080698231e+02 1.388587812477672401e+01
1.120912100000000038e+02 1.901806600000000103e+01 9.582240075954041458e+01 6.241212489933666063e+00
1.286331199999999910e+02 8.588366999999999862e+00 1.079229950538311584e+02 3.465876542153036155e+01
1.320740999999999872e+02 1.848265000000000047e+00 9.974582420170553121e+01 1.075356326321891309e+01
1.213764900000000040e+02 2.469732700000000136e+01 9.645561234596596023e+01 1.980292102209609695e+01
1.242767939999999953e+02 1.730797799999999853e+01 1.025062390818505946e+02 2.842805912879809327e+01
9.848254000000000019e+01 1.238479700000000072e+01 1.064953478957350228e+02 1.952697890955892035e+01
1.200400099999999952e+02 2.610586400000000040e+01 1.223759955814057889e+02 1.209827422298297428e+01
1.112436100000000039e+02 2.032483699999999871e+01 1.039569637036575216e+02 1.780717248375777118e+01
1.261702599999999990e+02 1.025340600000000002e+01 1.006208418697203939e+02 3.439910098871209243e+00
1.194903400000000033e+02 3.607584999999999820e+00 1.211637587948126509e+02 3.364985566523908034e+01
1.013317260000000033e+02 1.842222999999999900e+01 1.285612324752306392e+02 2.522711667447193307e+01
1.137233899999999949e+02 1.709985999999999962e+01 9.510799479936305545e+01 5.061142067850070703e+00
9.259988400000000297e+01 2.367274499999999904e+01 1.195368326762973936e+02 2.648460442006845383e+00
1.101622600000000034e+02 1.989431400000000139e+01 1.350515436816279760e+02 2.944414820059542492e+01
9.246334000000000231e+01 2.259457400000000149e+01 1.356942733568390338e+02 6.867877934092981640e+00
1.076191199999999952e+02 1.390333000000000041e+01 9.229255059365266334e+01 8.166844773355016684e+00
1.209332399999999978e+02 4.291426999999999659e+00 1.200724720455140186e+02 1.146832249006959081e+01
1.336429300000000069e+02 3.344457200000000086e+01 1.347423855318394885e+02 5.593920529978792189e+00
1.364125400000000070e+02 5.074269000000000140e+00 1.159736915217686573e+02 1.419729373396969407e+01
1.304027600000000007e+02 8.559516999999999598e+00 1.216332036567617791e+02 2.266113452896967573e+01
9.917235599999999351e+01 3.751396000000000175e+00 1.132234314589164796e+02 2.560653176603072367e+01
1.240809249999999935e+02 6.591707000000000427e+00 1.324643347418882229e+02 1.098818899865522392e-01
9.316916999999999405e+01 2.071798700000000082e+01 1.197046596241561929e+02 7.543381451551651296e+00
1.221720300000000066e+02 1.133912999999999949e+00 1.288987862726515914e+02 2.464849999784685330e+00
1.232071839999999980e+02 5.683360000000000412e+00 1.256966043744992589e+02 7.469304954465615154e+00
1.296772300000000087e+02 1.906320600000000098e+01 1.351334290241433393e+02 2.358466981651883998e+01
1.030134699999999981e+02 1.714922999999999931e+01 1.259213086944898095e+02 1.726611278677794203e+01
1.344713299999999947e+02 7.229739000000000360e+00 9.957753990477885964e+01 1.811624966384089319e+01
1.202836599999999976e+02 1.236480500000000049e+01 1.373604893403714584e+02 2.347040716541892724e+00
1.337334099999999921e+02 1.174421099999999996e+01 1.020955759033055017e+02 2.218033672682604163e+01
9.227406000000000574e+01 3.304460499999999712e+01 9.676673658717476201e+01 2.160570114665994268e+01
1.340406999999999869e+02 1.551334300000000077e+01 1.091585396596533855e+02 1.920508837812564451e+01
1.269413799999999952e+02 1.102734000000000059e+01 1.286865998479708253e+02 1.605593187472029015e+01
1.021756199999999950e+02 3.471291399999999783e+01 1.180184252287372431e+02 1.564391358810681787e+01
9.702769499999999425e+01 1.544913900000000062e+01 1.354885205009400693e+02 1.868889297694440188e+01
1.212701299999999947e+02 2.817777299999999840e+01 1.128663755376626199e+02 3.228225635697435791e+01
1.208098899999999958e+02 7.181657999999999653e+00 1.032132421091390881e+02 2.180812474233716358e+01
1.157065050000000070e+02 2.677872500000000144e+01 1.352081924080410715e+02 1.647366105756866972e+01
9.953327000000000169e+01 3.251387999999999945e+00 1.082367082019037241e+02 5.589850806293643615e+00
1.051251800000000003e+02 1.633457399999999993e+01 1.324250602550831104e+02 2.291245857986603696e+01
1.253308099999999996e+02 7.591994999999999827e+00 1.078849068378598872e+02 1.495020088910042766e+01
1.038845599999999934e+02 3.195431999999999917e+01 1.012456832880573927e+02 3.222318943875034591e+01
9.837326000000000192e+01 3.410959199999999925e+01 9.315769991634887504e+01 1.970846125073278898e+01
1.247619399999999956e+02 9.340144000000000446e+00 1.379013074331141127e+02 2.544637342690073112e+01
9.234408600000000433e+01 1.566721100000000000e+01 1.190824962531104205e+02 6.719953732850251882e+00
1.370140499999999975e+02 4.836790000000000256e-01 9.807499919451547044e+01 1.241464026760019834e+01
1.044672000000000054e+02 2.678827000000000069e+01 1.196406865812129467e+02 1.526965337953108737e+01
9.956425000000000125e+01 4.140374999999999694e+00 1.054820669031030178e+02 2.942722106864722065e+01
1.203019100000000066e+02 1.458833100000000016e+01 1.351553185364867886e+02 1.543699070984900068e+01
9.759405999999999892e+01 2.387597699999999890e+01 9.822892384397565024e+01 2.641978256171933381e+01
9.910522000000000276e+01 3.279547000000000168e+01 1.365465339131892222e+02 1.512147214233913139e+01
1.091882499999999965e+02 1.309954999999999981e+00 1.211707884717401527e+02 7.910675131818995176e+00
1.365625000000000000e+02 4.542181000000000246e+00 1.128479274436586195e+02 4.357328518393189576e+00
1.224646400000000028e+02 9.642804999999999183e+00 1.239442305696733087e+02 3.094793886120573490e+00
1.322572000000000116e+02 3.068806599999999918e+01 1.148102944477863190e+02 9.112170626719573008e+00
1.161019799999999975e+02 1.999378799999999856e+01 1.192723568120766515e+02 1.855409758034293333e+01
1.227853800000000035e+02 1.303865900000000089e+01 1.020528412162427969e+02 2.305635207250504592e+01
1.136838999999999942e+02 7.916674000000000433e+00 9.423308467093573881e+01 1.015168933801306217e+01
1.095601599999999962e+02 7.776652999999999594e+00 1.117484344799928522e+02 1.519969301537790152e+01
1.252029399999999981e+02 8.083719000000000321e+00 1.205196502555483988e+02 2.905896913249043934e+01
1.370409500000000094e+02 1.239135399999999976e+01 9.608101091504703106e+01 1.137398805761521281e+01
1.265932540000000017e+02 1.222334599999999938e+01 1.284753886295504230e+02 7.579960931417677905e+00
1.126078700000000055e+02 3.151124000000000080e+01 1.131067376355242402e+02 2.918635415702119484e+00
9.863116999999999734e+01 1.653774299999999897e+01 1.348768266682382944e+02 2.631743671244235117e+01
1.057738700000000023e+02 3.275798400000000044e+01 1.347490178610549378e+02 2.831187283418203293e+01
9.777725999999999829e+01 2.998679200000000122e+01 1.196232911316680116e+02 9.668065906337178106e+00
1.206926299999999941e+02 6.446999999999999953e-02 1.206892037559776725e+02 1.769036649469458311e+01
1.225042339999999967e+02 1.649009999999999920e-01 9.326005697063330047e+01 3.988998823194988219e+00
1.089160159999999991e+02 2.865912000000000148e+01 1.268541487395300749e+02 3.470279325323085118e+01
1.138875000000000028e+02 2.546468499999999935e+01 1.005209317116123060e+02 3.403468163479230668e+01
1.112019999999999982e+02 3.053739399999999904e+01 1.189608607975596186e+02 1.109292094518709426e+01
1.251190799999999967e+02 3.508843000000000156e+00 1.327985307530787793e+02 1.359238889326635835e+01
1.359735400000000141e+02 1.186464299999999916e+01 1.257214197222459120e+02 2.539198000697814095e+01
1.230225999999999971e+02 2.613516399999999962e+01 1.166603964579196742e+02 2.846819717398396676e+01
1.313251199999999983e+02 1.970950999999999897e+00 9.291286699054376186e+01 2.686904911429882503e+01
1.118793399999999991e+02 2.173621999999999943e+01 1.042285439487280740e+02 2.431549612248032588e+01
1.196281400000000019e+02 1.788663000000000025e+01 1.123923793543135616e+02 3.347647168888151015e+01
1.120548550000000034e+02 2.349282799999999938e+01 9.923877803316248958e+01 1.897447118629191820e+01
1.052273249999999933e+02 1.942294899999999913e+01 1.348857185137187003e+02 1.045979129749810177e+01
1.377009099999999933e+02 1.744961199999999835e+01 9.412217301417062743e+01 2.937716820075495150e+01
1.311500399999999900e+02 1.637280700000000166e+01 1.205751730785427469e+02 6.478475982907561104e-01
1.216861899999999963e+02 5.113725999999999772e+00 1.211678538153386739e+02 1.462587907045157465e+01
1.081454540000000009e+02 1.781690800000000152e+01 1.317035234088368441e+02 1.777330396059029738e+01
1.261208799999999997e+02 4.358299999999999674e-02 1.323296421386941120e+02 1.023201276107598900e+01
9.372405999999999437e+01 1.342323200000000050e+01 1.198717747816290569e+02 2.280008202104123072e+01
1.181739800000000002e+02 4.793574999999999697e+00 1.075228621334516106e+02 2.265850093959838318e+01
1.137217299999999938e+02 1.792692999999999870e+01 1.086708857139319804e+02 7.369135839443294422e+00
1.126536600000000021e+02 3.041060299999999827e+01 1.186383838774889341e+02 1.868799300003630393e+01
1.118994000000000000e+02 2.547696900000000042e+01 1.082788078588823311e+02 2.850073156040578226e+01
1.252585899999999981e+02 1.716240000000000165e+01 1.040313872816192031e+02 1.367954550719763951e+01
1.168364799999999946e+02 1.399938000000000038e+01 9.279266718190736185e+01 3.359857540146707322e+01
9.773923999999999523e+01 2.664898499999999970e+01 1.318229544728696681e+02 1.194993693254088818e+01
1.332356299999999862e+02 1.143084499999999970e+01 1.098106294142131105e+02 2.851207017260167476e+01
1.225821150000000017e+02 6.734340000000000437e+00 1.269987162692147820e+02 3.496988023289285508e+01
1.157052900000000051e+02 1.591784200000000027e+01 1.116681499305425405e+02 2.058874052582347147e+01
1.251848200000000020e+02 1.125601799999999919e+01 1.103017695513806302e+02 1.135690219026101033e+01
1.022144499999999994e+02 1.785275800000000146e+01 1.298816060143630864e+02 1.879687982202065655e+01
1.106477799999999974e+02 1.668314399999999864e+01 1.290983024183611292e+02 7.711346821572636401e+00
1.048761899999999940e+02 7.204839999999999911e+00 1.225302221558228553e+02 1.384845897698577843e+01
1.228791599999999988e+02 4.713161000000000378e+00 1.012858105490746397e+02 8.173493408577137131e+00
1.091047099999999972e+02 1.614342999999999861e+01 1.357034057166779917e+02 3.251914496397318999e+01
1.103286899999999946e+02 1.103283000000000014e+00 1.009249889207661539e+02 3.003364210253482014e+01
1.213263800000000003e+02 7.033171000000000284e+00 1.297423218475113060e+02 4.962248676519362967e+00
1.110576999999999970e+02 2.251671800000000090e+01 1.053088191629950217e+02 1.652182976566088968e+01
1.072924900000000008e+02 4.719795999999999658e+00 1.238329544677961138e+02 2.089562111855912718e+01
1.242653049999999979e+02 2.646184999999999832e+01 1.331908889170217094e+02 9.180600454607558802e+00
1.195336000000000070e+02 2.107474699999999856e+01 1.187270669609612952e+02 2.255424389780979055e+01
9.922207000000000221e+01 4.366456999999999589e+00 9.535837894573236895e+01 3.234553010878119750e+01
9.268550000000000466e+01 1.349525000000000041e+01 1.366080790682470365e+02 2.842418191759777812e+01
1.188096199999999953e+02 2.054302399999999906e+01 1.313143587011717273e+02 7.169297184599463080e+00
1.034483000000000033e+02 1.582784599999999919e+01 1.314237410037901554e+02 1.561445489228055550e+01
1.035880400000000066e+02 2.894725800000000149e+01 1.142333147439440921e+02 5.578044611596840952e+00
1.044838000000000022e+02 1.342248200000000047e+01 1.284327085770059398e+02 1.271769138056538795e+00
1.120317840000000018e+02 4.466455999999999982e+00 1.055059974909199241e+02 1.253266715930327813e+01
1.334271500000000117e+02 5.831828999999999930e+00 9.840544859672081657e+01 1.869757278185000970e+01
1.090013050000000021e+02 2.906080000000000041e+01 9.974497255430841847e+01 2.544203033024333038e+01
1.239505500000000069e+02 2.607684000000000069e+01 1.232842205076814537e+02 2.369560089074581555e+01
1.169782000000000011e+02 4.263942000000000121e+00 1.232280036848767253e+02 2.710946051984189964e+01
1.312701700000000073e+02 7.801018000000000008e+00 1.351121178835039700e+02 7.488774635519479972e+00
1.252612100000000055e+02 1.041665000000000063e+01 1.024250979847612655e+02 1.079521181958173415e+01
1.033917200000000065e+02 1.700448599999999999e+01 9.412836724733682559e+01 7.123834902979703010e+00
9.795529000000000508e+01 3.154197900000000132e+01 1.061491024728559864e+02 1.735909999477518006e+00
1.026683040000000062e+02 3.145880100000000112e+01 1.016010010805240427e+02 5.955876484261268811e-01
9.235886999999999603e+01 1.914923500000000089e+01 1.137123401480073994e+02 1.024861625026087797e+00
1.215128200000000049e+02 7.236866000000000021e+00 1.034660417064635425e+02 3.324198585976833442e+01
1.011356349999999935e+02 2.307807400000000086e+01 1.242194149929269429e+02 8.319330108478419916e+00
1.364737700000000018e+02 1.743399999999999950e-01 1.272084493822663802e+02 2.016536261663432938e+01
1.213383699999999976e+02 1.526827899999999971e+01 9.504546708603272975e+01 2.491931865715448424e+01
1.301648099999999886e+02 2.850279000000000007e+00 1.208816490930567085e+02 3.340933102248594366e+01
1.065756499999999960e+02 1.578832599999999964e+01 1.234026277020175399e+02 1.497244560756728760e+01
1.301707000000000107e+02 5.522420000000000107e-01 1.151745863909816592e+02 1.120186668581712119e+01
1.239987200000000058e+02 1.221376000000000062e+01 1.086289795994265432e+02 1.497605757322605236e+01
1.002981199999999973e+02 1.661615799999999865e+01 1.085349022923405187e+02 1.456432323792229155e+01
1.297554599999999994e+02 1.352958600000000011e+01 9.864317717691393739e+01 7.056122397227182486e-01
9.386674499999999455e+01 5.584399000000000335e+00 1.291408470437156097e+02 1.608756060347888805e+01
1.293453800000000058e+02 6.471390000000000420e+00 1.213024216197858465e+02 1.386015627519073590e+01
1.230402299999999940e+02 4.911928999999999768e+00 1.042875149207107341e+02 1.943254661786585658e+01
1.004653550000000024e+02 2.291803200000000018e+01 9.833080414066110109e+01 1.244718580030833976e+01
1.284270199999999988e+02 1.218423199999999973e+01 1.043496211133347487e+02 1.729159830251316521e+01
1.194025400000000019e+02 1.383303100000000008e+01 9.270737525617167307e+01 1.724973649597720637e+01
1.286503399999999999e+02 9.222193000000000751e+00 1.301784792072584196e+02 3.495266996180581032e+01
1.235079999999999956e+02 6.106423000000000378e+00 1.275981373505165237e+02 1.009674930569837947e+01
1.033719099999999997e+02 1.696872000000000114e+01 1.210321383776010009e+02 9.141007780817650641e+00
1.117416840000000064e+02 2.507232999999999823e+00 1.050818017163338425e+02 4.543447119411780921e-01
1.333482799999999884e+02 1.179657699999999920e+01 1.180197831731117759e+02 5.658248102873112195e+00
1.177526100000000042e+02 1.388057899999999911e+01 1.080158639621910055e+02 6.824048357786000274e+00
9.677979999999999450e+01 2.492586299999999966e+01 1.080363423660731570e+02 1.767688965790470856e+00
1.050466700000000060e+02 3.215268700000000024e+01 1.191961244899413828e+02 1.432362270151828021e+01
1.184060999999999950e+02 2.751430300000000173e+01 1.352845996718389188e+02 3.116712756659418559e+01
1.330436100000000010e+02 5.649435999999999680e+00 1.281657888245621564e+02 1.702457901625124137e+01
1.209356899999999939e+02 1.847487599999999830e+01 1.237763988012972618e+02 2.508308805474835879e+01
1.165163100000000043e+02 1.731350000000000122e+01 1.032796085989014188e+02 2.367994328715777996e+01
1.320393799999999942e+02 1.065912600000000054e+01 1.319423331811551634e+02 1.976248501243926725e+01
1.009766800000000018e+02 1.603761899999999940e+01 1.035220744992206505e+02 3.084063106800553911e+01
1.286794999999999902e+02 1.162912799999999969e+01 9.349559722197562905e+01 1.891774318861577342e+01
1.103891600000000039e+02 1.311397000000000013e+01 1.364759157485711398e+02 2.131075064119487195e+01
1.262086639999999989e+02 1.252762300000000018e+01 9.444779680528627352e+01 7.055778106603900035e+00
1.231007100000000065e+02 2.744201500000000138e+01 1.241853859064977286e+02 1.351832599629769227e+01
1.355338099999999883e+02 1.610411799999999971e+01 1.027121054866365029e+02 1.461168010784092974e+00
1.091388699999999972e+02 1.284375499999999981e+01 1.370494804335774290e+02 6.366136246043526903e+00
9.807389000000000578e+01 5.529252999999999751e+00 1.222080566337953798e+02 2.601225270629126740e+01
1.249771099999999961e+02 7.792497000000000007e+00 9.873624118392203286e+01 3.156919506322801539e+01
1.035901900000000069e+02 1.228295299999999912e+01 1.103326251958529269e+02 2.705566111714508537e+01
1.006953599999999938e+02 1.924044200000000160e+01 1.216094132307783298e+02 3.332674448656685939e+01
1.047547299999999950e+02 2.526352299999999929e+01 1.134805180384243215e+02 1.408157386307509285e+01
1.132446699999999993e+02 9.736542999999999282e+00 1.152256906774621115e+02 1.599173463750995694e+01
1.347100399999999922e+02 2.349114000000000146e+01 1.054808646344953473e+02 2.799677643795941862e+01
1.137852199999999954e+02 3.434114999999999807e+00 1.279322373198944689e+02 3.074248127672530018e+01
1.218254000000000019e+02 4.371687999999999796e+00 9.743927889687671495e+01 1.740299316717989342e+01
1.020694000000000017e+02 1.701910399999999868e+01 1.340155916463787094e+02 2.688481220863148735e+01
1.003165500000000065e+02 2.031352599999999953e+01 1.008300041928679605e+02 8.680675413389787876e-01
1.215895900000000012e+02 2.809661000000000186e+00 1.228769412477332708e+02 2.707877224868523669e+01
1.298959499999999991e+02 8.606319999999999526e-01 1.175694545373886086e+02 4.764685007500055747e+00
1.069345299999999952e+02 1.615287800000000118e+01 1.208784686347227506e+02 2.711896370520509691e+01
9.569414000000000442e+01 1.667584799999999845e+01 1.329024921966936574e+02 2.212996615929150934e+01
1.104307500000000033e+02 1.658255600000000030e+01 9.208745236402118906e+01 4.019773616226451907e+00
1.323611999999999966e+02 2.658707000000000154e+00 1.066817430414754142e+02 2.876837503013791775e+01
1.197852249999999970e+02 2.018067599999999828e+01 1.016784703726049059e+02 3.220796630860344578e+01
1.365897199999999998e+02 8.289113999999999649e+00 1.096931127313300465e+02 4.157183734883338921e+00
1.082240139999999968e+02 1.718820200000000042e+01 1.119605206416004535e+02 5.151184265459997746e+00
9.328924999999999557e+01 3.156033700000000053e+01 1.337495674144417421e+02 3.097557549118302234e+01
1.223095550000000031e+02 6.959836000000000134e+00 1.082299200396229537e+02 2.221053790391870919e+01
9.286606600000000356e+01 6.433735999999999677e+00 1.347208898021130494e+02 2.124266002285071764e+01
1.131021300000000025e+02 2.185754800000000131e+01 1.338804710982999495e+02 2.382520209479404016e+01
1.087510759999999976e+02 3.164195799999999892e+01 1.303347746833102860e+02 1.745492711209914560e+01
1.370396700000000010e+02 1.252472000000000030e+00 1.318279714993224445e+02 3.104517596409708258e+00
1.138202059999999989e+02 2.715001699999999829e+01 1.262626683220703825e+02 2.416795157192234100e+01
1.061159439999999989e+02 1.674496999999999858e+01 1.228755955055851388e+02 2.182020016529146034e+01
1.043034439999999989e+02 2.531816900000000103e+01 1.012555956349716269e+02 2.282553508668070208e+01
1.282690399999999897e+02 1.507000900000000065e+01 1.248290195146932575e+02 6.366650780606835092e+00
1.219429800000000057e+02 2.861848399999999870e+01 1.079251940821937126e+02 2.722793925289068895e+01
1.210844600000000071e+02 1.806569000000000003e+01 1.256913223521952432e+02 1.089465263498198766e+01
9.496506499999999562e+01 1.844687000000000054e+01 1.112519870098334422e+02 6.734367355556137191e+00
1.322036099999999976e+02 1.174737499999999990e+01 1.147103838392122697e+02 2.837849147620100965e+01
9.918323499999999626e+01 1.574674699999999916e+01 1.243403300443430481e+02 8.460250354892734137e+00
1.208724399999999974e+02 1.864813399999999888e+01 1.010098620563653355e+02 1.662009637699154041e+01
1.023442150000000055e+02 1.525748100000000029e+01 9.977180493133302264e+01 7.165255848346308909e+00
1.057990400000000051e+02 3.190045200000000136e+01 1.332831640841267813e+02 2.600277762357942990e+01
1.271800499999999943e+02 1.194703699999999991e+01 1.337009347176344249e+02 3.493763381164008308e+01
1.076321700000000021e+02 2.834407799999999966e+01 9.400604242962558033e+01 8.738940464403254893e+00
1.016100799999999964e+02 3.099292999999999854e+00 1.121041547443447115e+02 2.878149829443682250e+01
1.334171399999999892e+02 1.512338199999999944e+01 1.310306129928937651e+02 3.246643136251914541e+01
1.268372399999999942e+02 1.219269300000000023e+01 1.145033187204912224e+02 3.034001094212733562e+01
1.026525400000000019e+02 2.417004999999999981e+01 1.314371366347807566e+02 3.398551287600754733e+01
1.050820499999999953e+02 2.205601499999999859e+01 1.217583852720394901e+02 1.656472614349052108e+01
1.126394800000000060e+02 2.614243899999999954e+01 1.225594627368975864e+02 2.280114763169454051e+01
1.220831000000000017e+02 5.744365000000000165e+00 9.785644040435558111e+01 2.681117595455653646e+00
1.360048400000000015e+02 3.302933000000000163e+01 9.238722510323506754e+01 1.204518130910698659e+01
1.090517700000000048e+02 2.200368999999999797e+00 1.319653613073447787e+02 9.698686879114076120e+00
1.154792300000000012e+02 2.154279000000000011e+01 1.379226860040408269e+02 4.720128073290384307e+00
1.151589299999999980e+02 1.951465999999999923e+01 1.041215358546263445e+02 1.596848119448853254e+01
9.473981999999999459e+01 2.849587999999999965e+01 1.286250541484876635e+02 1.993800589422509262e+01
1.357116200000000106e+02 1.112729399999999913e+01 1.130271678581491983e+02 7.449394861820693770e+00
1.056755140000000068e+02 1.161763900000000049e+01 9.486606653899498554e+01 2.585189127641472950e+01
1.242170399999999972e+02 4.273613000000000106e+00 1.000116685724451173e+02 3.221153754330667596e+01
1.216226649999999978e+02 1.979902000000000051e+00 1.048220917621283093e+02 1.124220065482833064e+01
1.042875439999999969e+02 1.675788000000000011e+01 9.348900789705596992e+01 1.555303377352967331e+01
9.727756499999999562e+01 3.723578999999999972e+00 9.799730864038643574e+01 3.315308701591446550e+01
9.716106000000000620e+01 7.533805000000000085e+00 1.193060485330099141e+02 2.227282903054683061e+01
1.146455700000000064e+02 2.811013399999999862e+01 1.196221069843908822e+02 6.596016298029373282e+00
1.177359500000000025e+02 2.799352999999999980e+01 1.310956391000167969e+02 2.582508251021668144e+01
1.338978899999999896e+02 2.646328499999999906e+01 1.237886919658834728e+02 2.629913425493257861e+01
1.083700699999999983e+02 1.887853999999999921e+00 1.102642033833607798e+02 1.173599847560070053e+01
1.054548599999999965e+02 9.613756999999999664e+00 1.092029726157464751e+02 2.473818968331062251e+01
9.395074499999999773e+01 4.193800000000000305e-02 1.123988849951222448e+02 2.484063951255108904e+01
1.194438099999999991e+02 1.440121899999999933e+01 1.031758122852865114e+02 2.642530281373174006e+01
1.266330499999999972e+02 1.331447200000000031e+01 1.232099014036117950e+02 1.352443151164650992e+01
1.374690400000000068e+02 1.354197600000000001e+01 1.345735651468917240e+02 2.313156471479524967e+01
1.067373699999999985e+02 7.307849000000000039e+00 1.352813310056773162e+02 2.558057579962157746e+01
1.195968249999999955e+02 1.992211299999999952e+01 1.058330527588858700e+02 1.445399892084301996e+01
9.340278999999999598e+01 4.793091000000000435e+00 1.139322289212814212e+02 1.171885977446167626e+00
1.265720440000000053e+02 1.206812399999999919e+01 1.067077567192040419e+02 2.789995660772040509e+01
1.284484300000000019e+02 1.938568000000000069e+01 1.263351049176481808e+02 2.473037234009443353e+01
1.132961650000000020e+02 1.924570299999999889e+01 9.623668435803395482e+01 1.689652752128410995e+01
1.095801239999999979e+02 1.812407500000000127e+01 9.243064622651652940e+01 3.035171816671513056e+01
9.495396999999999821e+01 2.414154399999999967e+01 1.160549020437544954e+02 6.153855007813169298e-01
1.128787499999999966e+02 1.904178399999999982e+01 1.269082572397064723e+02 1.795132245419078121e+00
9.454372399999999743e+01 1.753575000000000017e+01 1.152019748176832081e+02 1.747375542593827991e+00
1.238512039999999956e+02 3.261127000000000109e+00 1.264135618370367524e+02 1.521279518350996973e+01
1.227991499999999974e+02 4.803893000000000413e+00 9.685664362617292511e+01 2.995708259554900721e+01
1.281042500000000075e+02 1.263489599999999946e+01 1.215005608488172868e+02 3.299147430070360798e+01
1.303903999999999996e+02 2.805204999999999949e+00 1.098787312897716930e+02 3.495236558687069106e+01
1.146435599999999937e+02 3.327002300000000190e+01 1.215421743266405201e+02 1.901033495295208553e+01
9.467365999999999815e+01 2.161741400000000013e+01 1.334187451879500941e+02 1.592512637918273732e+01
1.182807600000000008e+02 1.631771699999999825e+01 1.248526306270154578e+02 1.239958827215161286e+01
1.066686859999999939e+02 3.609456000000000220e+00 1.329232632900168767e+02 3.243358426227195679e+01
1.194074999999999989e+02 1.403686100000000003e+01 1.340787294695355172e+02 5.132255194537139076e+00
9.670185999999999638e+01 2.384459500000000176e+01 1.369527795290585175e+02 2.902166478339950473e+01
1.184388299999999958e+02 2.426000000000000031e-02 1.225903659060089410e+02 2.262283884456267380e+00
1.073030239999999935e+02 2.762692600000000098e+01 1.110735705259420172e+02 9.843919593730693363e-01
1.198241399999999999e+02 4.847177000000000291e+00 1.314924149494203789e+02 2.100055613980078562e+00
1.220760999999999967e+02 2.869069000000000003e+01 1.351502343618230668e+02 1.211222372356557919e+01
1.107922400000000067e+02 2.889390600000000120e+01 1.020962224483364480e+02 2.051461891107895852e+01
