2.094399800000000056e+01 5.866058999999999912e+01 2.715554863104487993e+01 6.854935651753058323e+01
1.448131799999999991e+01 5.734082000000000079e+01 1.517771454672697695e+00 3.611389690415971643e+01
1.895639399999999952e+01 6.185614799999999747e+01 1.970837753651338531e+01 6.570898167788902811e+01
3.723375699999999711e+01 4.605458500000000299e+01 4.198117381992175012e+01 5.320418161146594827e+01
1.396907900000000069e+01 5.843611500000000092e+01 2.630721949061736353e+01 3.610238134752258787e+01
2.645406300000000144e+01 4.975816999999999979e+01 3.204949200867530834e+01 5.199135834404478373e+01
3.769088399999999695e+01 5.436887000000000114e+01 3.090995285608678955e+01 5.575597905064125825e+01
1.672015400000000085e+01 5.736960200000000043e+01 3.762599373792296120e+01 5.281146112965704731e+01
9.777056999999999221e+00 6.614091999999999416e+01 4.237611183557898187e+01 6.690227353060467408e+01
2.606998600000000010e+01 5.443525700000000001e+01 4.137667495192770417e+01 4.170214606122929268e+01
2.601584199999999925e+01 5.164471999999999952e+01 1.432095598017384575e+01 3.760529580100217117e+01
2.888567199999999957e+01 5.721918000000000148e+01 1.916502650487995396e+01 6.857957789114584557e+01
2.582378200000000135e+01 6.063582000000000249e+01 4.025649557202090989e+01 3.881726159319330804e+01
9.782237999999999545e+00 5.453354999999999819e+01 1.656382451386750532e+01 6.442299989293877616e+01
2.576320499999999925e+01 5.315726500000000243e+01 2.589819475372805613e+01 4.528976797298940937e+01
1.508210999999999968e+00 4.790751600000000110e+01 3.255961348749786044e+00 4.641212858605973679e+01
3.318348699999999951e+01 5.610168000000000177e+01 2.446804427971918017e+01 5.828155082004100507e+01
1.832833000000000112e+01 6.259794600000000031e+01 1.527267963170803178e+01 3.821723976854929106e+01
8.561552999999999969e+00 6.115383500000000083e+01 3.719033040156686098e+01 5.522727437621971092e+01
1.444843700000000020e+01 4.999035299999999893e+01 1.074843314418477291e+01 5.675298919106342055e+01
2.437430799999999920e+01 4.264974999999999739e+01 2.577634376805677263e+01 6.343269745761529066e+01
2.888486899999999835e+01 5.736704300000000245e+01 3.762198253996442787e+01 4.535693529845005401e+01
3.811621499999999685e+01 5.702847700000000231e+01 2.963301361081427387e+01 6.432761439619281418e+01
2.506180000000000163e+01 4.018956000000000017e+01 2.210199287262636858e+01 3.732937468058705832e+01
1.867393900000000073e+01 6.097509000000000157e+01 2.076291050742052136e+01 6.307732413725271670e+01
9.780222999999999445e+00 6.434031000000000233e+01 1.529885792144240320e+01 5.797394129293870435e+01
3.974408999999999992e+01 4.331575000000000131e+01 2.638460527470105177e+00 5.929005387865632315e+01
3.573833499999999930e+01 5.216803999999999775e+01 1.872754544047108283e+00 5.736397482621438115e+01
6.007257000000000069e+00 5.304531500000000221e+01 2.486384745526812168e+01 4.892734892232543586e+01
1.374290700000000065e+01 3.531032600000000343e+01 4.338583114243516548e+01 5.838066881535240782e+01
2.278309000000000140e+00 6.008339999999999748e+01 2.018226660960796437e+01 3.603271021346328951e+01
3.764399000000000051e+00 5.442169599999999718e+01 2.206161707898965041e+00 5.599467666333207205e+01
3.907248299999999830e+01 6.171650700000000001e+01 9.399281335656125336e+00 6.105102612866274114e+01
3.094522999999999868e+01 4.991616400000000198e+01 1.262751747937306313e+01 5.503862798477016582e+01
1.017620199999999997e+01 5.810672399999999982e+01 1.988096730548867797e+01 5.294994623903221509e+01
7.406789999999999985e+00 5.974472000000000094e+01 6.967797251096505384e+00 3.656793638708861494e+01
4.304643000000000086e+01 3.714912999999999954e+01 3.766005422002469771e+01 6.160807035143088939e+01
4.138396500000000344e+01 5.604575299999999771e+01 5.250299323413680774e-01 3.620470292025904513e+01
1.850956000000000046e+01 3.841942999999999842e+01 3.624256355105791272e+01 5.213620245778668050e+01
9.123061999999999117e+00 6.282880800000000221e+01 2.731657254745299568e+01 6.181298355720808502e+01
3.137108599999999825e+01 5.353583499999999873e+01 3.802669604755345745e+01 3.839149314712189209e+01
1.591037299999999988e+01 6.378378000000000014e+01 3.024191739448168192e+01 6.890778367236197255e+01
2.019312700000000049e+01 6.357387500000000102e+01 3.494932144772930371e+01 3.862752970960599441e+01
4.010786999999999836e+01 4.826076499999999925e+01 4.241905749538299375e+01 4.237570275645854423e+01
2.620334000000000074e+01 5.652613000000000198e+01 2.967670263449454282e+01 4.132367348008867225e+01
1.436451899999999959e+01 5.543335299999999677e+01 4.177824587989093175e+01 3.572644913143940926e+01
2.738343599999999967e+01 3.635428000000000281e+01 3.300520325923354648e+01 6.915925251734657309e+01
4.199839999999999662e+01 5.477158000000000015e+01 1.255586501146829548e+01 4.175615008148011498e+01
2.899023400000000095e+01 4.436712299999999942e+01 7.670836197095594500e+00 5.409616246242883619e+01
3.165490999999999833e+00 5.479666000000000281e+01 3.506793906749827272e+01 6.858274570076690679e+01
7.701620000000000132e+00 6.837472999999999956e+01 2.100381589224478063e+01 3.547367942349276859e+01
3.005353399999999908e+01 5.361134700000000208e+01 3.758214898843505836e+01 5.013182247194630037e+01
8.785565000000000069e+00 5.429687500000000000e+01 2.391815892088643380e+01 4.820828605237240083e+01
3.802300999999999931e+01 5.636061000000000121e+01 1.111920134661233206e+01 6.503369992263276345e+01
3.761818000000000239e+01 4.655321500000000157e+01 1.088398424741224524e+01 3.855317470165664417e+01
4.248104000000000013e+01 5.961892000000000280e+01 1.157762472211276972e+01 6.565908104018825497e+01
1.204120499999999971e+01 5.724673500000000104e+01 2.544119967863844067e+01 3.912314555172821429e+01
1.229472400000000043e+01 5.785528599999999955e+01 4.220883955574792878e+01 5.936692857372803189e+01
2.819861200000000068e+01 5.461393400000000042e+01 2.992694392417789473e+01 4.079874775918054297e+01
3.799981700000000018e+01 4.890085599999999744e+01 1.785127193652469302e+01 6.545310213176291825e+01
2.344557199999999852e+01 6.032480000000000331e+01 1.794758069459592775e+01 4.273614649029960333e+01
2.247894700000000157e+01 6.923373399999999833e+01 7.357311836404628380e+00 6.821972894472162352e+01
2.756252100000000027e+01 4.873610299999999995e+01 1.775506910741238897e+01 6.572990750301362084e+01
1.736998399999999876e+01 5.959009600000000262e+01 6.048374997488856764e-01 5.972337469243495178e+01
4.500731300000000346e+01 4.218724999999999881e+01 8.994061791456115174e+00 4.482176331290460780e+01
1.529484099999999991e+01 5.446101000000000170e+01 3.248246184683620896e+01 4.536884152294039296e+01
2.678280300000000125e+01 3.695114999999999839e+01 1.163796114240996182e+01 5.639961497596341644e+01
1.312459000000000042e+00 3.676269500000000079e+01 4.905812579331233714e+00 5.157213872037132063e+01
1.413638000000000083e+01 3.659718000000000160e+01 6.898303179385446349e+00 5.083091500207269320e+01
6.329129000000000005e+00 3.680866600000000233e+01 3.538266978103818161e+01 5.789197797596102646e+01
3.951232000000000255e+01 6.266030500000000103e+01 2.368056874258881450e+01 4.067318690660914626e+01
3.554685200000000123e+01 5.331913399999999825e+01 2.127698842870572804e+01 6.950610594735286440e+01
1.129758499999999977e+01 3.747743599999999731e+01 1.801384402676935892e+01 3.523388396238566145e+01
2.100891299999999973e+01 5.862799499999999853e+01 2.220238745895335697e+01 6.396513179002687366e+01
1.736906799999999862e+01 5.937378700000000009e+01 4.075158908270390157e+01 5.073977380909525436e+01
3.751324000000000325e+01 4.183794999999999931e+01 1.016876894001384990e+01 4.755455439230550496e+01
2.448159599999999969e+01 4.357869999999999777e+01 7.745537979095949765e+00 5.033779807433116815e+01
3.880069999999999908e+01 3.652320999999999884e+01 1.852316591082600539e+01 5.727739476673248475e+01
7.703439000000000370e+00 6.812961599999999862e+01 2.254419976944178217e+01 6.093002960605980434e+01
3.303834499999999963e+01 4.922323200000000298e+01 2.951175834455301583e+01 4.511611142943038999e+01
2.690281099999999981e+01 3.586659999999999826e+01 6.581158594871808099e+00 4.876234255634399517e+01
1.023534300000000030e+01 5.935090300000000241e+01 2.181417666205330974e+01 3.557718955831794716e+01
1.178748500000000021e+01 5.661796999999999969e+01 1.358365728762852953e+01 3.864165254187297194e+01
4.568495599999999968e+01 4.346253600000000006e+01 2.143611109715130070e+01 6.811405316548501787e+01
3.640991199999999850e+01 4.143310499999999763e+01 2.176753387171307708e+01 6.704027720814386271e+01
2.101255199999999945e+01 5.147966799999999665e+01 2.300951348549982356e+01 3.605696239044972629e+01
4.539128000000000185e+01 5.068228500000000025e+01 4.406593440408799722e+01 4.902223757020232853e+01
2.764995800000000159e+01 4.205445000000000277e+01 3.015321686483450847e+01 4.979909485182412965e+01
3.640218999999999738e+01 5.716356999999999999e+01 3.649647721481946405e+01 5.701661999703544836e+01
2.093201300000000131e+01 4.171021700000000010e+01 3.020271129053528014e+01 4.272288526844310752e+01
2.986247300000000138e+01 5.445429000000000030e+01 1.592716718276099286e-02 6.965818680834462384e+01
4.460793999999999926e+00 6.182227699999999970e+01 2.258488897269942086e+01 4.946779930825616844e+01
9.447857000000000838e+00 6.100621399999999994e+01 2.170450158531908968e+01 6.166033198480639044e+01
2.676995799999999903e+01 5.814197999999999666e+01 1.103976709382749988e+01 6.099407083163077914e+01
4.444030999999999665e+01 4.677908999999999651e+01 7.150374436861542726e+00 6.336148779956415922e+01
4.206835000000000235e+01 4.441762500000000102e+01 1.013313191711617556e+01 4.609389487969466614e+01
6.930100999999999623e+00 4.932079999999999842e+01 2.441561021346771909e+01 4.650320870711167487e+01
1.667413000000000167e+01 4.867561700000000258e+01 3.798592132357993023e+01 4.879257723171215844e+01
2.594866400000000084e+01 6.678055999999999415e+01 8.694122210279665808e+00 4.518072312060716200e+01
3.847637000000000285e+01 4.535535399999999839e+01 6.811919973924698724e+00 5.147996767525354755e+01
1.615033299999999983e+01 3.847984300000000246e+01 8.711123161769059209e+00 4.691939358347102029e+01
1.543543099999999946e+01 4.036592499999999717e+01 1.882196497926285872e+01 6.439862004399819284e+01
2.034913299999999836e+01 5.886168299999999931e+01 9.306016097482379124e-01 4.276255693665794411e+01
1.184601800000000082e+01 3.603687299999999993e+01 2.630080825722380666e+01 5.576004955594022050e+01
2.274924000000000035e+01 5.384718999999999767e+01 4.320124101299008856e+01 3.853159432870316436e+01
1.506908699999999968e+01 5.752830999999999761e+01 1.358937534462354080e+01 5.034845859018831504e+01
3.805592000000000041e+01 5.198823000000000150e+01 8.050082567474019513e+00 3.772676458340719563e+01
4.425141500000000150e+01 4.896997499999999803e+01 3.373738262690141454e+01 5.234588335858083497e+01
1.734387200000000107e+01 3.666249499999999983e+01 1.659523013517807399e+01 5.224339281540325430e+01
3.645649999999999835e+01 6.856850000000000023e+01 1.870785523428260788e+01 4.516437686204825752e+01
4.590393999999999863e+01 4.410218400000000116e+01 6.491709986367124152e+00 4.117328294004758504e+01
1.590143699999999960e+01 5.918668399999999963e+01 2.722023530777845224e+01 5.707891115798875603e+01
2.043900500000000164e+01 4.086438799999999816e+01 1.565356332155642249e+01 5.688915083817687446e+01
1.306229599999999991e+01 4.826935000000000286e+01 5.110465996463140925e+00 5.231886117970266525e+01
4.127610800000000069e+01 5.088773299999999722e+01 7.053204127151574632e+00 5.465204276785162563e+01
2.750574900000000156e+01 5.298383700000000118e+01 1.504398682487895655e+01 5.165152597493814568e+01
1.982188800000000128e+01 4.205255499999999813e+01 6.451671117889048013e+00 5.015985295443633163e+01
2.209011699999999934e+01 6.915774000000000399e+01 1.013524943695252034e+01 6.995656801992868168e+01
1.973092799999999869e+01 6.009018700000000024e+01 7.673338327747126542e+00 6.802167569692193183e+01
1.090090900000000040e+01 3.807943000000000211e+01 1.005608996467847760e+01 4.079502817075758969e+01
4.154355999999999938e+01 6.410099999999999909e+01 3.960934959747666539e+01 6.659811462563155260e+01
2.972828300000000112e+01 5.583885599999999982e+01 4.310548245523437849e-01 6.766363275071161354e+01
1.843470800000000054e+01 3.713052400000000119e+01 1.257762742429007652e+01 3.646091236021430149e+01
2.365939000000000014e+00 6.099974999999999881e+01 3.067554409775029711e+01 5.273020418102950657e+01
2.595387000000000111e+00 5.622023800000000193e+01 4.306730571990676282e+01 6.253503005873590581e+01
2.789372300000000138e+01 5.365411000000000286e+01 1.800279684468489094e+01 3.997762026043099581e+01
4.529326999999999970e+01 4.384725999999999857e+01 4.541715329879393437e+01 6.534703918670999201e+01
4.070667999999999864e+01 6.272796999999999912e+01 4.028023548384526720e+01 6.348934229741375646e+01
6.375562000000000396e+00 4.790955999999999904e+01 6.426529156036658641e+00 4.029994234017427601e+01
1.695798999999999879e+01 5.944569400000000314e+01 2.083912669563805053e+01 4.119817789815769515e+01
8.302600999999999232e+00 5.731612400000000207e+01 2.547617507754289434e+01 4.889574750568799288e+01
1.076181899999999914e+01 5.881987399999999866e+01 6.344691785178984134e+00 5.368261574634922084e+01
1.025509899999999952e+01 4.798558799999999991e+01 2.632919522613364549e+01 4.972472881020043900e+01
3.236693999999999960e+00 6.044221000000000288e+01 1.833093543955592253e+01 4.727258118097056894e+01
2.040858800000000173e+01 4.501469000000000165e+01 1.619094278700693934e+01 3.913073300699154800e+01
3.828636000000000195e+01 4.357527499999999776e+01 4.060813953975075208e+01 5.318194864610489958e+01
1.402747199999999950e+01 5.472702400000000011e+01 1.469217994716889564e+01 5.783960730987857346e+01
4.287133399999999739e+01 5.014114000000000004e+01 3.034086858206638482e+00 3.714330275624119793e+01
1.361084800000000072e+01 5.798697299999999899e+01 3.917325501670080001e+01 4.979457795400874431e+01
1.883284000000000091e+01 4.351474799999999732e+01 3.407740272668387149e+01 6.472448902135556636e+01
1.728610799999999870e+01 6.920991999999999678e+01 2.667930970049165129e+00 5.110176185502798774e+01
2.412726800000000082e+01 6.435965000000000202e+01 4.225294048549626780e+01 4.882095590142793640e+01
1.009028400000000047e+01 6.087116600000000233e+01 4.555991504447243301e+01 6.870484392394317297e+01
3.662800000000000084e-02 5.969099400000000344e+01 6.367461204915172424e+00 4.725928033833663022e+01
4.387977200000000266e+01 4.059535199999999833e+01 2.718816064175348046e+01 5.377377602956651970e+01
2.290627999999999886e+01 5.717220999999999975e+01 4.011497076543268037e+01 3.915813014828792404e+01
8.527647999999999229e+00 5.856698599999999999e+01 3.255404023882978493e+01 5.611279134006826297e+01
9.191095000000000681e+00 6.151413699999999807e+01 3.488782207955419601e+00 6.960744062878134741e+01
1.366292800000000085e+01 4.642143200000000292e+01 1.216587651852672103e+01 6.782135207027076262e+01
9.122965000000000657e+00 6.154932399999999859e+01 4.335386091017097954e+01 5.040820131356843348e+01
5.472330000000000361e+00 5.335338600000000042e+01 1.502863175251397898e+01 4.736188403864287011e+01
4.238647000000000276e+01 6.111351400000000211e+01 3.905377876666929637e+01 5.855527393438867989e+01
1.240054199999999973e+01 3.821096000000000004e+01 2.070930279784710137e+01 3.978626768746245546e+01
3.549851999999999919e+01 4.136945000000000050e+01 2.690945829288980207e+01 6.728381334490171639e+01
1.460647200000000012e+01 5.690053000000000338e+01 4.444330601187653684e+01 3.665162959920930774e+01
2.241394199999999870e+01 5.949081799999999731e+01 3.494761917736801138e+01 6.913973691656194376e+01
2.545573800000000020e+01 3.504720300000000321e+01 4.662435480434042212e+00 6.510732139960535392e+01
2.184437000000000140e+01 6.438705000000000211e+01 2.647716083461170911e+01 4.132432099482248589e+01
1.780761700000000047e+01 5.876729199999999764e+01 3.208179982149511034e+01 3.604487162273122181e+01
1.472657700000000069e+01 6.407922000000000651e+01 2.207317724283899807e+01 5.562478778637047583e+01
1.805271499999999918e+01 5.954354000000000013e+01 1.633736409065232564e+01 5.738044459427377575e+01
2.377868700000000146e+01 4.735770999999999731e+01 2.342867669581065115e+01 4.725461149067252364e+01
4.004395000000000238e+01 4.399806999999999846e+01 4.591919870696479222e+01 4.519302708496811505e+01
1.155016499999999979e+01 5.874340000000000117e+01 1.471098569511807508e+00 6.303691779874520762e+01
1.518427600000000055e+01 3.650966300000000331e+01 9.627463238219032604e+00 5.143982557210132711e+01
4.531563599999999781e+01 3.939200000000000301e+01 2.021224212947657506e+01 6.999484522178872226e+01
8.277164000000000854e+00 3.667758599999999802e+01 4.016458139979558695e+01 5.149854838533124735e+01
3.367631000000000085e+01 4.416268500000000330e+01 3.182065724457960343e+01 6.230670420355330208e+01
2.435888900000000135e+01 4.030353499999999656e+01 1.099509008606759153e+00 5.688321203460424158e+01
6.119261999999999979e+00 4.910499200000000286e+01 8.380634542243901919e+00 5.813136769764764722e+01
9.768584999999999852e+00 4.877152300000000196e+01 2.927438315348283737e+01 5.429305463840437085e+01
1.107895899999999934e+01 6.609166999999999348e+01 8.977714837677046589e+00 4.453933730002108149e+01
1.511579099999999976e+01 5.677027999999999963e+01 3.763943359931965915e+01 5.633644186285101796e+01
2.569198000000000093e+01 3.798456000000000188e+01 3.706019056063348671e+01 5.111279840407109987e+01
5.806896000000000058e+00 5.836661999999999750e+01 3.200145778604297675e+01 4.445119466821985554e+01
1.397349600000000081e+01 3.581828000000000145e+01 8.107649352168500911e+00 6.990550355536771576e+01
1.716041600000000145e+01 4.202801000000000187e+01 2.908402383876427244e+00 5.362795093847253725e+01
9.670422999999999547e+00 5.976294299999999993e+01 3.103964934116677732e+00 5.127553144572989652e+01
3.707959699999999970e+01 5.148483000000000231e+01 3.732565515556434121e+00 5.469842091674009055e+01
3.194447900000000118e+01 6.281984700000000288e+01 3.487494995951017529e+01 4.178302123027764026e+01
1.601095400000000168e+01 3.978267999999999915e+01 4.580817377200746421e+01 5.630698120060556278e+01
2.503682699999999883e+01 3.724097400000000135e+01 2.756575433824830412e+01 6.333786966896527559e+01
2.465796299999999874e+01 5.367492699999999672e+01 1.808196355777324982e+01 6.110570322692482392e+01
3.826542299999999841e+01 4.119959000000000060e+01 4.370907634789704233e+00 3.866501266861691732e+01
1.630300000000000082e-01 4.799763999999999697e+01 3.985673535022685066e+00 5.699595030834663589e+01
1.507446500000000000e+01 5.454809999999999803e+01 1.480964586062053456e+01 3.863748572928538039e+01
8.342302000000000106e+00 6.709614000000000544e+01 1.969500955164579281e+01 6.105202710981160408e+01
1.400631599999999999e+01 5.078443000000000040e+01 1.085997295843568011e+01 5.779973403148135702e+01
8.116940000000000266e-01 6.840770999999999447e+01 3.583667329744762498e+01 4.035978016542711799e+01
1.712204200000000043e+01 3.712295499999999748e+01 2.560762828685437142e+00 5.838814480996071410e+01
4.143897199999999970e+01 4.557254999999999967e+01 9.474427671506228776e+00 5.290988758004381509e+01
4.226343500000000120e+01 5.597084999999999866e+01 2.648434556015444130e+01 4.268603442296314654e+01
2.514253000000000071e+00 6.442355999999999483e+01 1.751713733843208942e+01 3.624542875585572688e+01
8.620910999999999547e+00 6.208039000000000129e+01 2.383370668044974039e+01 4.334270968088465992e+01
1.633725700000000103e+01 5.619579699999999889e+01 1.749451480069576093e+01 6.949633393496623057e+01
1.207272099999999959e+01 6.210712000000000188e+01 5.134218586861486244e+00 6.712833060017993603e+01
1.187956299999999921e+01 4.880324600000000146e+01 4.156182688084915355e+01 6.411172231863210413e+01
1.928472000000000008e+01 5.951088000000000022e+01 3.018860697709516572e+01 5.158328379037439504e+01
2.774669000000000096e+01 4.858664699999999925e+01 2.436800318595796355e+01 5.418466132244484612e+01
4.236173200000000350e+01 6.305404699999999707e+01 4.369064927480630445e+01 3.575214518960915910e+01
4.329437999999999676e+01 4.878723999999999705e+01 9.730155924068007778e+00 4.729404793467365664e+01
7.238199999999999967e+00 6.923973999999999762e+01 4.198193496118675228e+01 5.473376134248015035e+01
1.933521800000000113e+01 3.957661399999999929e+01 4.399924430651079632e+00 5.525604322198337570e+01
3.416704000000000008e+01 3.998250999999999777e+01 1.870911600447804801e+01 3.778543807183113756e+01
3.734930399999999651e+01 4.099488999999999805e+01 4.260408860712966828e+01 4.778885370692864143e+01
1.257836999999999961e+01 4.189283799999999758e+01 6.111190229362823523e+00 3.909463694814782997e+01
3.761019499999999738e+01 4.242291000000000167e+01 1.892781806007820933e+01 3.715377510807515193e+01
1.374759300000000017e+01 4.440596399999999733e+01 1.903260936282578442e+01 5.594586997917337357e+01
4.193101000000000056e+01 5.099340399999999818e+01 3.319110522951410047e+01 3.781910361917807961e+01
3.573116999999999877e+01 5.765273299999999779e+01 1.130648939329865144e+01 6.803636635350032691e+01
2.103705400000000125e+01 3.997971700000000084e+01 2.907828161979837844e+01 5.310278472967097230e+01
1.758663999999999916e+01 4.775787400000000105e+01 3.812613567726851471e+01 6.246406298589828054e+01
2.466761999999999944e+01 6.107224300000000028e+01 2.064399129266682564e+01 6.191015011817248848e+01
1.153839400000000026e+01 5.489689299999999861e+01 3.688710210982425508e+01 6.815929534325456984e+01
2.215020000000000167e+01 5.683286700000000025e+01 4.434063805780054324e+00 4.299061878190931196e+01
2.780376000000000047e+01 5.933233599999999797e+01 4.433587472042848532e+01 3.943162617197876330e+01
3.800296800000000275e+01 4.214656000000000091e+01 3.976574544107131004e+01 4.379000582828368948e+01
2.656410999999999856e+00 5.552497499999999775e+01 1.498487513756930412e+01 3.855092620481583765e+01
4.737674000000000163e+00 3.939408499999999691e+01 2.712716625067838905e+01 4.189339279929949811e+01
3.862569400000000286e+01 5.523660300000000234e+01 4.048639780784585085e+00 3.835570620708728029e+01
3.537763600000000253e+01 3.669556399999999741e+01 3.856365118855816121e+01 4.598626425616509295e+01
1.266952000000000078e+00 5.349620000000000175e+01 2.346294215788606863e+01 5.821346635308819373e+01
2.985684399999999883e+01 5.292759000000000214e+01 2.238453495658309933e+01 4.876473969126575270e+01
1.360373200000000082e+01 4.181773799999999852e+01 3.707006730846167386e+00 5.705765107210140030e+01
1.547579200000000021e+01 5.343662299999999732e+01 1.985556682302794584e+01 3.932794332411157967e+01
4.791161999999999921e+00 5.754554000000000258e+01 3.179562185409332997e+00 3.949074270272020470e+01
5.426651999999999809e+00 5.104739000000000004e+01 1.828739207305531167e+01 5.787328506108777049e+01
2.603287699999999916e+01 5.626235599999999692e+01 4.817702694889941739e+00 3.944253987781559800e+01
2.727367999999999881e+01 5.382822999999999780e+01 2.541201401583326458e+01 5.543221767568874014e+01
8.138958999999999833e+00 5.887785300000000177e+01 7.505764652657313185e+00 5.498579357392230094e+01
1.736120199999999869e+01 4.410666299999999751e+01 1.581082916912320968e+01 6.339609079921990542e+01
2.333440399999999926e+01 4.284572200000000208e+01 1.752279453420176125e+01 5.812045715173831439e+01
2.459522799999999876e+01 3.698029300000000319e+01 3.121256748662631253e+01 5.430834101389089597e+01
2.448983999999999828e+00 5.987508400000000108e+01 2.225650269862675668e-01 4.245610300537798310e+01
1.338759100000000046e+01 5.478294999999999959e+01 3.382281688422060739e+01 3.563874419900464829e+01
3.988503000000000043e+01 5.418994500000000158e+01 5.518462542586425101e+00 6.423826693190642345e+01
1.599001699999999992e+01 3.817820700000000045e+01 1.134723410516955155e+01 6.491142379934187545e+01
1.869069000000000003e+01 5.685184499999999730e+01 1.207285055011951691e+01 3.720559717758884233e+01
3.231607400000000041e+01 4.133830600000000288e+01 1.786659029234956897e+00 4.077119959297556306e+01
2.816203499999999948e+01 5.399354999999999905e+01 3.667664128278531166e+00 4.437573333319456026e+01
2.343892699999999962e+01 5.418700400000000172e+01 8.155613933868906429e+00 3.862870611840821056e+01
2.036801300000000126e+01 6.939857499999999391e+01 2.787196249201373277e+01 5.494976565523326428e+01
2.157373600000000025e+01 6.523790999999999940e+01 4.537973294702810634e+00 4.800964328147779980e+01
6.865090000000000359e-01 5.697820000000000107e+01 3.381330547053188695e+01 3.927351257141069851e+01
1.740452200000000005e+01 4.770371600000000001e+01 2.764625536203940470e+01 5.207195527061580265e+01
3.114416999999999991e+00 5.429412500000000108e+01 1.006456948313866562e+01 6.444961669028710105e+01
7.741817000000000171e+00 4.160178400000000210e+01 1.294306627498762374e+01 4.276228630861580626e+01
3.146999200000000130e+01 5.395680999999999727e+01 1.910795575239263755e+01 3.788158716665785875e+01
2.580251900000000020e+01 5.287455700000000292e+01 1.061844174794018514e+01 6.641031442512911553e+01
1.493619799999999920e+01 5.490868400000000094e+01 4.282785217127460697e+01 4.722799373831978187e+01
5.187176000000000009e+00 3.840986300000000142e+01 1.987147560560713400e+00 3.765147035459706615e+01
4.108551400000000342e+01 4.542605199999999854e+01 3.529021623442179845e+01 5.928974215723894758e+01
5.588593000000000366e+00 5.875545999999999935e+01 6.461603977731610549e+00 3.881920050573797454e+01
1.532064000000000092e+00 5.994895999999999958e+01 4.159959778297287869e+01 4.994356592411266860e+01
3.888106000000000062e+00 5.048085400000000078e+01 4.105033372350739995e+01 6.783940946511718550e+01
2.649867599999999968e+01 5.640153999999999712e+01 1.176960365582123202e+01 3.673976465653893086e+01
2.988736199999999954e+01 5.273558400000000290e+01 3.481772903342162095e+01 4.445257837301849690e+01
1.744542300000000168e+01 5.826115999999999673e+01 9.625019744843608116e-01 3.899546251790183504e+01
1.621991699999999881e+01 3.698929600000000306e+01 1.369732210255629568e+01 4.940524288183854651e+01
1.542130099999999970e+01 4.807432000000000016e+01 1.365832376012105165e+01 4.788857667620492720e+01
1.148402800000000035e+01 6.071932999999999936e+01 5.807220659465700763e+00 3.751319436271248975e+01
5.017045999999999673e+00 6.124369399999999786e+01 1.460661637533635115e+01 4.765426212614448787e+01
3.667219500000000210e+01 4.137001000000000062e+01 3.153341362855471885e+01 5.264626653383986365e+01
4.241102000000000061e+01 6.938985399999999970e+01 2.981908418027738250e+01 4.894489580287872599e+01
1.106544399999999939e+01 5.727572599999999881e+01 2.980610356712875486e+01 5.702733713533788773e+01
2.950891100000000122e+01 5.544928699999999822e+01 9.856078660286215154e+00 6.754819787943694109e+01
1.045987500000000026e+01 3.811186200000000213e+01 1.274752520501113207e+00 5.817415553977450315e+01
2.166530799999999957e+01 4.966210999999999842e+01 2.267681021820680698e+01 3.600839958084115722e+01
3.475337600000000293e+01 6.024270599999999831e+01 1.533367886712136574e+01 4.907159461178766691e+01
1.021738999999999997e+01 3.719040300000000343e+01 3.080823632255370370e+01 4.854219547117717326e+01
2.295298199999999866e+01 6.450052999999999770e+01 2.084955264404086250e+01 5.735302918128705585e+01
3.649638000000000204e+01 4.375628700000000038e+01 1.778811619331921889e+01 4.323565600825944699e+01
2.961089899999999986e+01 5.490640299999999741e+01 1.997108259328303959e+01 4.333615271902837662e+01
1.441732999999999931e+00 4.859839600000000104e+01 1.613353834618256855e+01 6.012988273461416355e+01
3.421444300000000283e+01 5.633475500000000125e+01 4.195599798057454421e+01 5.434496439405587154e+01
3.709942000000000206e+01 5.630762000000000000e+01 4.273367674165824326e+01 6.935134962611252263e+01
2.378284599999999926e+01 5.373933799999999650e+01 2.005096545971510125e+01 3.860435947127525935e+01
1.340849900000000083e+01 4.567194400000000343e+01 6.482316158516472804e+00 4.645188762020282525e+01
1.711997600000000119e+01 5.842860399999999998e+01 2.361633371181900287e+01 5.979580490350677735e+01
2.925828000000000095e+00 6.909365999999999985e+01 5.460926673228088113e-01 4.870509149664419368e+01
4.585573000000000121e+01 5.001910000000000167e+01 2.521745891668079054e+01 4.401882231606187190e+01
4.556079499999999882e+01 5.608969499999999897e+01 4.477491429689170133e+01 5.563171550567096801e+01
9.063480999999999455e+00 5.233923000000000059e+01 1.018415655426741928e+01 6.653439287273437230e+01
