5.556812000000000040e+01 6.750840999999999781e+01 4.983527363562944856e+01 5.188603335929902016e+01
6.052741600000000233e+01 5.478904299999999949e+01 7.843452623536961710e+01 4.254881656512745991e+01
6.612401599999999746e+01 6.489065999999999690e+01 5.110333187387998777e+01 6.470615850148088555e+01
8.338657999999999504e+01 4.855832300000000146e+01 5.015393640575791068e+01 5.170632486862469079e+01
5.408736999999999995e+01 4.822462500000000318e+01 6.108544255914382859e+01 5.303787845652729516e+01
5.979800000000000182e+01 4.706063999999999936e+01 5.013216956639002575e+01 5.833841813406318977e+01
5.600366000000000355e+01 5.997305300000000017e+01 6.899607530074703732e+01 3.917783244057731906e+01
8.431788000000000238e+01 4.659002999999999872e+01 8.699868558569716015e+01 3.825132270952758518e+01
5.078484300000000218e+01 4.311047400000000351e+01 9.018095564265085784e+01 5.429716685398528142e+01
5.257021999999999906e+01 3.671679699999999968e+01 7.718422734950442532e+01 4.197954639921412223e+01
7.492061599999999544e+01 4.819925299999999879e+01 6.922269763702799139e+01 6.732952524649880388e+01
5.293442000000000291e+01 5.253999699999999962e+01 6.535380716839716797e+01 5.791547880247187408e+01
8.765320599999999729e+01 4.874345000000000283e+01 8.590594837085362201e+01 6.640504374109468699e+01
8.190829499999999541e+01 6.691291999999999973e+01 6.493467993944213390e+01 4.653431109276553457e+01
5.246391700000000213e+01 4.780145600000000172e+01 7.875381872278079243e+01 4.210583047793963374e+01
8.642296000000000333e+01 4.440330999999999761e+01 6.157534620977978079e+01 4.720313345952710193e+01
5.532318000000000069e+01 4.998246400000000023e+01 5.199640760594716227e+01 5.262214239145575334e+01
8.064327000000000112e+01 6.800568400000000224e+01 8.212151297252043491e+01 5.652262217174927628e+01
5.567817000000000149e+01 4.392220999999999975e+01 4.658073570218545711e+01 6.211975880066615474e+01
7.637121000000000492e+01 6.265274000000000143e+01 6.254818975028938155e+01 6.600631915580639486e+01
7.865295999999999310e+01 6.845534499999999412e+01 6.982382951748999744e+01 3.555519498942059897e+01
4.764016999999999769e+01 4.024199300000000079e+01 5.075637410694645268e+01 6.399005807690683412e+01
8.006259000000000015e+01 6.192871499999999685e+01 4.662195138094525504e+01 5.369528452784784633e+01
7.031310000000000571e+01 5.214257400000000331e+01 6.028477129043923100e+01 6.327327204565959562e+01
6.518153999999999826e+01 6.714570000000000505e+01 8.162520113796259125e+01 6.686185775344907256e+01
8.314601999999999293e+01 6.420999000000000478e+01 6.451467094725779816e+01 3.660872178418989620e+01
5.768971599999999711e+01 5.626144399999999735e+01 4.980464570013598546e+01 3.502481960861098997e+01
8.813982000000000028e+01 3.677411299999999983e+01 5.193114882614944605e+01 4.294243615265420289e+01
5.209573000000000320e+01 6.484472999999999843e+01 8.607005193873003179e+01 3.580622068956864723e+01
6.672182499999999550e+01 4.916881599999999963e+01 7.071074533423904995e+01 6.547466386802523175e+01
8.201357000000000141e+01 5.219725799999999793e+01 4.744232231553841217e+01 6.484349986406436983e+01
8.433438999999999908e+01 3.928714000000000084e+01 7.967598798783417635e+01 3.527532051011968406e+01
5.734080999999999761e+01 5.535898199999999747e+01 7.443098149513717487e+01 4.540926324662174096e+01
8.180244399999999416e+01 3.904393999999999920e+01 4.658379525911431784e+01 5.317234481582726602e+01
7.961629999999999541e+01 6.026303999999999661e+01 8.297870032866687495e+01 6.881782355052399680e+01
6.970458000000000709e+01 6.621998999999999569e+01 5.696962162996724288e+01 6.304068600606086648e+01
5.501939000000000135e+01 4.924535800000000307e+01 6.139607890926556877e+01 3.507189371410125034e+01
7.208037600000000111e+01 6.865512999999999977e+01 5.034387120910883340e+01 6.608410256739406918e+01
6.794607999999999493e+01 6.328188699999999756e+01 7.019664631406408262e+01 5.019143528517022901e+01
9.030997499999999434e+01 6.902100000000000080e+01 8.044073579346775205e+01 6.712127627834055943e+01
7.637748999999999455e+01 6.877970000000000539e+01 8.435168456686139393e+01 5.332945474385164175e+01
7.782550000000000523e+01 3.707962400000000258e+01 7.784044250504973661e+01 6.687948612254109548e+01
7.484981500000000665e+01 5.974059299999999695e+01 8.047179792236356377e+01 4.752869945003272534e+01
6.516343999999999426e+01 5.234572000000000003e+01 7.878887956908819490e+01 5.795425278755462983e+01
7.517798600000000420e+01 5.425798000000000343e+01 9.167597133521766750e+01 4.162248939884812415e+01
5.105628999999999706e+01 3.829506700000000308e+01 6.158749341822719003e+01 5.949074505510417765e+01
6.193233000000000033e+01 4.601049400000000134e+01 8.480182407164731728e+01 4.424119959303916971e+01
5.755927700000000158e+01 5.955747600000000119e+01 6.686344685780733244e+01 5.570923533661267868e+01
4.775068999999999875e+01 3.836014600000000030e+01 5.501056766969685441e+01 3.674981755219683066e+01
6.594492999999999938e+01 5.923649199999999837e+01 5.662934906214147190e+01 5.156880663754058958e+01
6.463611600000000124e+01 5.428184499999999701e+01 8.360342177108452688e+01 3.971809569530728368e+01
4.670871700000000004e+01 6.377425999999999817e+01 5.867078320247089351e+01 5.273345714349468949e+01
5.521462199999999854e+01 4.818930399999999992e+01 7.576248831852279864e+01 3.763317886829432268e+01
7.489607999999999777e+01 6.228779999999999717e+01 6.801684633423542437e+01 6.314810075240806242e+01
6.417624999999999602e+01 5.623000700000000052e+01 8.270011533456394659e+01 4.347172117140623016e+01
8.212149999999999750e+01 6.805886999999999887e+01 7.671758619403458113e+01 6.766742887432474163e+01
8.325369999999999493e+01 3.672957000000000249e+01 4.861144640757606794e+01 4.778400883350234096e+01
5.031473499999999888e+01 4.109745999999999810e+01 4.669505716323590150e+01 4.468866247547317272e+01
4.858368300000000062e+01 4.659875000000000256e+01 7.072859490131637017e+01 6.073760424639482380e+01
8.069112400000000207e+01 4.634583700000000306e+01 5.357385302290644802e+01 4.464787121459937680e+01
6.643377999999999872e+01 4.740699999999999648e+01 6.422156007992332150e+01 3.566860656591843792e+01
6.481473499999999888e+01 4.456393400000000327e+01 5.217766399632468932e+01 5.096386547562325120e+01
7.284009600000000262e+01 6.049586000000000041e+01 8.532159085261042719e+01 5.777346158058985992e+01
8.910262000000000171e+01 4.467295000000000016e+01 8.220475923380382710e+01 6.617449240285407086e+01
4.865258000000000038e+01 4.363104200000000077e+01 6.961431415025148794e+01 5.993884629628921346e+01
6.599164000000000385e+01 6.924809000000000481e+01 7.104746299432230217e+01 5.030721625351526427e+01
7.263534500000000094e+01 6.591482000000000596e+01 6.186907978264583363e+01 6.996250721922990579e+01
7.745943499999999915e+01 5.897106600000000043e+01 6.618019298829526065e+01 6.031864253064736658e+01
5.134787000000000035e+01 5.054391499999999837e+01 4.623692638058155779e+01 6.764752373733699642e+01
5.513156000000000034e+01 6.075578000000000145e+01 4.721095211627634569e+01 6.181941866712456601e+01
5.817465200000000181e+01 4.617281700000000200e+01 6.470412495737807035e+01 4.642767927084919677e+01
7.462242000000000530e+01 4.588313300000000083e+01 7.694070732181202743e+01 3.956534098216965845e+01
7.332840000000000202e+01 4.723649600000000248e+01 5.570073390364257193e+01 4.035670997315607167e+01
5.493115600000000143e+01 5.014291399999999754e+01 7.243944261125511730e+01 6.106845860673792714e+01
5.608556699999999751e+01 4.873567200000000099e+01 7.653133585223888247e+01 6.779489157092771734e+01
7.069325999999999510e+01 4.742500700000000080e+01 6.985033787588609755e+01 4.689405467361925872e+01
5.546585000000000321e+01 5.091448199999999957e+01 6.725012430081650905e+01 6.081708656938937452e+01
6.697539999999999338e+01 6.363968700000000212e+01 9.116461921415668712e+01 4.699413497735970680e+01
6.594256000000000029e+01 5.268306400000000167e+01 5.901227962106801783e+01 4.965834852661566856e+01
5.304388399999999848e+01 4.427125000000000199e+01 6.707029839328103549e+01 4.611512890597663983e+01
4.898817999999999984e+01 5.657592999999999961e+01 8.533380583738542668e+01 5.310805769379827268e+01
7.905564999999999998e+01 4.071649599999999936e+01 8.621842871052764679e+01 3.941188558145958609e+01
7.224148599999999476e+01 6.894777000000000555e+01 5.381509683272928157e+01 5.148065318607734042e+01
6.137015999999999849e+01 5.204327399999999670e+01 7.788672805270577726e+01 6.293531816941410284e+01
6.735670500000000516e+01 5.041149000000000058e+01 5.936890265523088317e+01 5.721318615864842627e+01
6.632321000000000311e+01 4.732898699999999792e+01 6.850534901848328673e+01 6.367780327511984240e+01
5.181455199999999905e+01 4.689494299999999782e+01 5.018847979925836711e+01 5.012030807556217127e+01
6.459828000000000259e+01 6.979175999999999647e+01 6.078632816190898325e+01 4.293696489664323224e+01
5.697548299999999699e+01 4.251236999999999711e+01 5.332959023628815487e+01 6.726364698594542801e+01
9.175052999999999770e+01 4.081071500000000185e+01 5.730923446952181166e+01 4.644158268982835125e+01
6.612999999999999545e+01 5.269389999999999930e+01 6.755496533105466028e+01 5.845843739361271219e+01
8.742462999999999340e+01 3.743291500000000127e+01 6.014796653529254655e+01 4.569270570329601355e+01
7.357657000000000380e+01 5.390614000000000061e+01 8.951424001009542053e+01 3.752772228195861715e+01
7.851379000000000019e+01 3.546386300000000347e+01 7.894072466641031838e+01 6.728153539946106321e+01
5.401004799999999761e+01 4.541924000000000206e+01 6.010424631012507035e+01 4.399197944024403739e+01
6.510826000000000136e+01 6.686397599999999386e+01 5.319534630862943203e+01 6.057234087308854953e+01
5.855407699999999949e+01 6.542522999999999911e+01 6.231402090948449768e+01 3.948296014278680133e+01
7.233463000000000420e+01 4.200035499999999900e+01 8.292668969343166907e+01 3.559905618973611752e+01
7.081449000000000638e+01 6.198342999999999847e+01 5.603330926187005900e+01 4.809520816514654484e+01
7.095891600000000210e+01 6.641106000000000620e+01 8.863783667252685916e+01 5.129707750292338631e+01
7.476890000000000214e+01 4.465210700000000088e+01 6.386632604084105935e+01 5.289916941580303700e+01
6.581596999999999298e+01 5.677728700000000117e+01 7.646262904810873806e+01 3.522481176785475299e+01
6.588196000000000652e+01 4.998230699999999871e+01 8.136811409959619823e+01 5.028213677304015050e+01
6.587963000000000591e+01 5.883500699999999739e+01 8.501971396317783558e+01 5.231756598332670194e+01
5.690837499999999949e+01 5.480534999999999712e+01 6.216892553670099630e+01 4.802809362657319525e+01
8.278986999999999341e+01 6.091132700000000000e+01 6.603786364199189052e+01 5.958330854582531799e+01
8.969199999999999307e+01 4.165841700000000003e+01 8.252327852586503809e+01 4.856244580642947284e+01
5.662628600000000034e+01 5.514053299999999780e+01 8.327103915582748073e+01 5.914016149266883815e+01
8.852997600000000489e+01 3.797641399999999834e+01 8.496678902947874690e+01 5.595825675054680914e+01
5.042887000000000342e+01 4.562337500000000290e+01 5.769981188299753683e+01 5.558657251048332171e+01
6.020953399999999789e+01 4.516971999999999809e+01 7.273210045315940420e+01 5.205342956593774062e+01
6.425799600000000567e+01 5.414581299999999686e+01 8.124168171836674901e+01 4.920702764466852841e+01
7.163030999999999437e+01 6.121977600000000308e+01 4.854867800995030791e+01 5.341384994167626132e+01
6.478409600000000523e+01 6.453046000000000504e+01 6.322197467406377314e+01 3.859146708711025298e+01
5.828899400000000242e+01 5.992299700000000229e+01 7.454143594614612311e+01 6.133388149464012429e+01
6.404304500000000644e+01 6.398645400000000194e+01 7.236126795047115934e+01 4.877786955319647433e+01
5.107068600000000202e+01 4.920833600000000274e+01 5.099071951100388844e+01 4.613206177609058756e+01
5.228764699999999976e+01 4.831682200000000194e+01 5.223567049726369760e+01 6.759149859657722459e+01
5.100337999999999994e+01 5.035927199999999715e+01 7.703414940046948800e+01 5.385460174461012173e+01
5.059288999999999703e+01 3.766018700000000052e+01 8.765365491348933347e+01 6.322475795731203618e+01
4.672376599999999769e+01 6.962304000000000315e+01 6.800488667388739827e+01 5.317867745443241034e+01
5.547576000000000107e+01 4.883494999999999919e+01 6.964424352637094273e+01 6.500108358124856522e+01
8.173636999999999375e+01 6.784996999999999900e+01 6.895531045061829900e+01 5.865868131409515485e+01
6.008419800000000066e+01 6.724903000000000475e+01 4.915846002794359038e+01 4.836139489869155028e+01
7.194462000000000046e+01 6.180628200000000305e+01 7.895717184101796704e+01 5.872490457847212042e+01
4.983039500000000288e+01 5.025559599999999705e+01 6.745978206512423014e+01 5.911326914025170254e+01
6.487651999999999930e+01 6.894028000000000134e+01 5.813307700499842667e+01 5.945001614808639090e+01
5.285132200000000324e+01 4.104751000000000261e+01 4.971564701048877311e+01 5.313487408407131340e+01
5.339393199999999950e+01 4.658201600000000298e+01 4.911848702777511022e+01 6.029518793565628698e+01
7.686307499999999493e+01 4.832139999999999702e+01 9.175397601467454933e+01 5.976432495990191995e+01
7.803538500000000511e+01 6.149983600000000195e+01 8.459498840138064679e+01 6.239925748331206989e+01
4.811440699999999993e+01 5.367403999999999797e+01 4.976355028691394011e+01 6.729104588985273949e+01
5.286175000000000068e+01 5.095715299999999814e+01 6.422921614298816451e+01 5.015065575812462839e+01
4.630128500000000003e+01 6.632629000000000019e+01 8.032285927095654188e+01 4.609147090019707349e+01
7.304407500000000653e+01 4.884670599999999752e+01 5.617433545424082553e+01 6.607851842088776095e+01
4.669586999999999932e+01 6.332151799999999753e+01 6.749066529555334171e+01 3.842000230737835409e+01
5.192617800000000017e+01 5.019215799999999916e+01 5.832902064039321033e+01 5.677131200690998014e+01
7.341700000000000159e+01 6.530172000000000310e+01 7.649166064103556550e+01 5.471690204334208829e+01
5.039290199999999942e+01 6.866956999999999312e+01 5.877334601268207592e+01 4.186210879137326657e+01
7.510142000000000451e+01 3.915826400000000262e+01 9.087870394954023823e+01 4.222374516124730803e+01
4.962999299999999891e+01 4.012511400000000350e+01 4.955401362797393006e+01 3.670403814696238243e+01
5.400205600000000317e+01 6.589191399999999987e+01 6.106547692605408884e+01 3.957839722050398024e+01
8.323050999999999533e+01 3.814896999999999849e+01 8.773497265791682764e+01 3.762077674693812668e+01
6.066823600000000027e+01 4.825421000000000049e+01 8.056907073676779873e+01 4.113215697200803334e+01
8.982984000000000435e+01 5.302496299999999962e+01 7.904460727295791855e+01 5.449366236650099893e+01
4.800569000000000131e+01 6.700045000000000073e+01 6.981453282066937049e+01 5.616442301698127437e+01
6.673151400000000422e+01 6.244692200000000071e+01 4.636731252229311195e+01 6.859881049392781449e+01
8.226090999999999553e+01 4.668988999999999834e+01 6.014843426896123191e+01 5.155116651956579688e+01
5.423397400000000346e+01 3.584526400000000024e+01 5.312093758961471224e+01 4.032314077054601142e+01
6.249164600000000291e+01 4.798640400000000028e+01 6.924236448409487821e+01 5.188292355866268224e+01
7.830775500000000022e+01 5.541690400000000238e+01 5.171798608777099560e+01 6.318871961987344577e+01
4.682751499999999822e+01 6.578252000000000521e+01 5.514195875078289077e+01 4.865869470806312336e+01
6.500728999999999758e+01 4.928378000000000014e+01 7.784323030670576316e+01 5.651275363073244762e+01
4.866503999999999763e+01 4.614283999999999963e+01 7.588982383680075827e+01 4.111763174226850737e+01
9.128652999999999906e+01 3.925340700000000282e+01 7.767347968603769459e+01 6.962703222090706845e+01
7.085715000000000430e+01 6.628178400000000181e+01 5.591052880923025725e+01 6.253813878556877626e+01
8.942528000000000077e+01 4.575683200000000284e+01 9.164127202834700370e+01 5.066719844872291389e+01
8.906516999999999484e+01 5.928731499999999954e+01 9.054584008105724990e+01 5.487744199974787307e+01
5.097951499999999925e+01 3.850401300000000049e+01 6.446280407786711919e+01 5.090127973670504247e+01
7.487864000000000431e+01 4.573896799999999985e+01 6.915841369154247786e+01 6.946056991381084345e+01
6.537446599999999819e+01 6.323434400000000011e+01 9.121975046814696952e+01 6.040402646692106003e+01
8.968140400000000056e+01 5.168910199999999833e+01 8.260915863535188919e+01 4.664037437436621047e+01
5.233660499999999871e+01 4.819270000000000209e+01 8.037596704839501172e+01 3.949295077661060560e+01
7.430379000000000644e+01 4.396401000000000181e+01 6.117993925531942523e+01 6.402141854044747049e+01
9.114764399999999966e+01 4.278615599999999830e+01 6.308736316610838912e+01 3.820458677980214190e+01
4.752940000000000254e+01 6.584358000000000288e+01 7.420320903124039091e+01 4.050395245463205640e+01
5.009697299999999842e+01 3.689758299999999736e+01 5.721275474274300166e+01 4.777384724925835968e+01
8.205965000000000487e+01 6.468255000000000621e+01 5.514923253369168066e+01 5.651557486835152844e+01
7.000664999999999338e+01 6.614516000000000417e+01 5.994689438864614317e+01 5.735791167518672751e+01
7.632841000000000520e+01 4.523435599999999823e+01 8.479751784517412716e+01 5.168309517315080370e+01
6.856942999999999699e+01 6.211330800000000352e+01 6.244725846088300614e+01 5.689206330745830087e+01
5.963242300000000284e+01 4.400560399999999817e+01 6.193210455960389282e+01 5.626964592656118214e+01
6.023214699999999766e+01 4.209958000000000311e+01 5.759641946330783924e+01 5.263523557887144477e+01
7.865703600000000506e+01 4.475950199999999768e+01 6.006636915757798789e+01 3.851836725224944047e+01
5.724761600000000072e+01 6.143712200000000223e+01 5.361538570947392657e+01 5.124551497654694288e+01
5.253663300000000191e+01 3.601392400000000293e+01 7.309567379903174356e+01 5.383570678627377504e+01
8.693619499999999789e+01 3.656411399999999645e+01 4.732901899385498723e+01 4.754584555032099047e+01
8.658387999999999352e+01 4.637970700000000335e+01 7.388113256062479195e+01 4.501218158856269724e+01
6.485940600000000700e+01 4.863174399999999764e+01 5.001840279913312770e+01 5.631056715415904534e+01
5.382874699999999990e+01 4.077295699999999812e+01 8.739846834128462660e+01 6.716798825024454800e+01
6.199449500000000057e+01 4.123483000000000231e+01 9.012932193259825908e+01 6.583567723714725162e+01
6.372266799999999876e+01 4.694447999999999865e+01 8.188199305182320131e+01 5.030900822114055870e+01
5.442630400000000179e+01 4.484588000000000108e+01 5.379501949020124840e+01 3.648907920647064884e+01
8.403638499999999567e+01 3.503270299999999793e+01 8.801704097987249042e+01 3.549852600435018246e+01
6.795614999999999384e+01 4.871293000000000006e+01 7.178630516670204997e+01 3.979132408673173416e+01
5.024912599999999685e+01 5.350117500000000348e+01 6.310289441699990221e+01 5.120814240558071617e+01
5.144386699999999735e+01 5.034185399999999788e+01 5.225898977798547662e+01 4.899986130647654647e+01
6.766622999999999877e+01 4.396661000000000286e+01 5.794859827970937260e+01 5.712587407909783366e+01
6.471316500000000360e+01 5.324251000000000289e+01 5.443133298853488355e+01 4.645850599290147898e+01
5.388501000000000118e+01 5.712486599999999726e+01 5.713416678372520607e+01 6.550052088533740857e+01
4.957694599999999951e+01 4.986617999999999995e+01 9.041080579545962337e+01 5.867387714780171848e+01
8.590979000000000099e+01 3.523488600000000304e+01 5.084981063326551265e+01 4.728104647398856031e+01
5.467820700000000045e+01 4.727673999999999666e+01 4.637001309173960806e+01 4.527010301727288066e+01
8.729072600000000648e+01 4.302579500000000223e+01 4.742958009535444575e+01 6.503189211486720467e+01
6.509333999999999776e+01 6.226735999999999649e+01 6.442288262711879554e+01 5.658359653955758972e+01
7.498845000000000027e+01 4.247617300000000284e+01 5.803648226741684368e+01 6.672996328632078189e+01
8.485718500000000120e+01 6.800350000000000250e+01 9.031721893988562044e+01 4.931358705490671923e+01
7.618917999999999324e+01 6.078967999999999705e+01 8.252477960121333922e+01 4.272368945974382370e+01
5.104829000000000150e+01 4.921446199999999749e+01 5.218398669348686525e+01 6.798797553251878867e+01
5.267781399999999792e+01 4.952029799999999682e+01 6.246729185118068983e+01 6.825006345277424202e+01
7.896323999999999899e+01 4.627617300000000000e+01 7.610291033643338210e+01 3.833548859623090266e+01
8.315384000000000242e+01 4.671061999999999870e+01 8.711823003967025159e+01 6.777776380954497881e+01
5.933621000000000123e+01 6.236477299999999957e+01 6.471890269364865844e+01 6.180709556684097805e+01
7.569961000000000695e+01 4.516561000000000092e+01 7.634039132218222790e+01 6.865611532100255943e+01
7.580970000000000653e+01 3.922681800000000152e+01 6.876801968307310631e+01 3.848551439514677952e+01
7.447088999999999714e+01 6.278063199999999711e+01 8.757862946772505097e+01 3.628137677498408920e+01
5.637333000000000283e+01 5.604807300000000225e+01 7.216350140158822057e+01 5.033665537984200000e+01
8.686418999999999357e+01 4.387660999999999945e+01 5.850095445755487589e+01 6.607876573463407510e+01
6.230940600000000273e+01 6.209315000000000140e+01 9.142706861808062513e+01 6.766083978933897924e+01
7.989584000000000685e+01 3.905698000000000292e+01 5.786378623566938728e+01 3.575265826151137105e+01
8.258718000000000359e+01 6.446133399999999369e+01 8.762273945251143914e+01 3.640557470408386820e+01
7.263685999999999865e+01 6.816455000000000553e+01 8.681768060831859657e+01 6.559995535791837540e+01
6.579370000000000118e+01 5.309502400000000222e+01 4.669532795605934439e+01 6.325551693372768369e+01
5.400197599999999909e+01 4.162597999999999843e+01 4.793702807922768017e+01 5.564317345944747473e+01
6.354970999999999748e+01 6.169022799999999762e+01 6.193285451414736542e+01 4.438947036010729619e+01
4.713255699999999848e+01 6.185589600000000132e+01 6.098922067442481421e+01 6.850258571500104665e+01
6.867817999999999756e+01 4.609026999999999674e+01 8.782305294976086429e+01 3.701873454523472873e+01
8.554076000000000590e+01 4.526500699999999711e+01 4.710755567778477371e+01 6.454185899446677865e+01
8.831159999999999854e+01 3.731616999999999962e+01 5.366134812352559180e+01 5.570973502895385110e+01
7.671775999999999840e+01 4.262098999999999904e+01 9.076940798652213971e+01 4.255761593180334756e+01
7.109244999999999948e+01 6.140245399999999876e+01 7.105506877135547938e+01 5.165511915217276595e+01
8.185470999999999719e+01 4.928301600000000349e+01 5.357313559652337887e+01 5.553423073893250717e+01
7.401948000000000150e+01 4.625668699999999944e+01 5.775836026855133554e+01 6.264157940843855954e+01
8.003162399999999366e+01 4.691811799999999977e+01 6.142868450073021336e+01 6.682879717943967535e+01
7.694061000000000661e+01 6.262098699999999951e+01 6.958757719602451175e+01 5.082186228571194420e+01
4.902982999999999691e+01 4.861756499999999903e+01 6.946691093717700483e+01 4.665233796999900306e+01
6.313089000000000084e+01 5.214475000000000193e+01 7.467553642280790882e+01 5.236847681649754804e+01
8.571304000000000656e+01 4.713117600000000351e+01 8.141700050034313563e+01 5.116806162440143169e+01
8.212173500000000104e+01 4.029014200000000301e+01 8.688130230870370951e+01 4.646897882896242038e+01
5.283331299999999686e+01 4.813033000000000072e+01 6.301346226800058758e+01 5.293670082740477056e+01
7.806696999999999775e+01 5.320942300000000103e+01 7.567817918627862639e+01 4.015677975399476907e+01
6.354654699999999679e+01 5.160362200000000144e+01 8.651116239123760465e+01 4.888382618248117240e+01
8.198730000000000473e+01 4.021397400000000033e+01 7.244987435242603624e+01 5.934359572255412729e+01
7.429716500000000678e+01 4.987426399999999660e+01 6.784815371407995599e+01 6.406679845238386406e+01
5.509714999999999918e+01 5.106415599999999699e+01 7.041981202057077383e+01 3.749713325287206089e+01
8.897160999999999831e+01 4.373075999999999652e+01 6.571740996426505887e+01 3.615462164690133307e+01
7.236713399999999297e+01 5.359680600000000084e+01 6.049029997660665003e+01 4.072830322580582418e+01
8.737299000000000149e+01 4.577764499999999970e+01 5.060423770623331308e+01 5.826009579199208588e+01
5.512019699999999744e+01 3.699777600000000177e+01 7.650509753288690717e+01 6.834663473415363910e+01
7.891028000000000020e+01 6.298868000000000222e+01 6.446404728116151261e+01 6.199116677695758426e+01
7.405304999999999893e+01 4.455815499999999929e+01 6.340199764734492049e+01 6.934110782544175322e+01
8.153354000000000212e+01 5.439672000000000196e+01 9.197028739506266959e+01 4.923069755110472556e+01
4.704746999999999701e+01 4.864985999999999677e+01 5.446367970819109416e+01 3.669152616637496322e+01
7.121519499999999425e+01 6.740169500000000369e+01 7.436534466867666993e+01 6.917213808198926017e+01
5.336617300000000341e+01 4.647099299999999999e+01 5.132388199757600944e+01 5.248957537201991386e+01
8.794871500000000708e+01 4.199166000000000309e+01 8.445363903662800453e+01 6.956298458772499771e+01
6.360340999999999667e+01 4.678952000000000311e+01 6.810951621249606092e+01 3.705043140443315508e+01
5.082811699999999888e+01 4.560262699999999825e+01 6.147119558264463279e+01 3.938541803815717657e+01
6.306450699999999898e+01 6.159660999999999831e+01 9.019876399241499598e+01 6.271830308800855391e+01
6.098011000000000337e+01 5.633001300000000100e+01 5.850314933351356217e+01 6.680920525144978228e+01
4.760193000000000296e+01 4.378117999999999910e+01 5.729410903353488749e+01 5.015187348181298432e+01
6.524366000000000554e+01 5.117226399999999842e+01 6.625861476174668496e+01 3.743594975443861728e+01
8.318834999999999980e+01 6.825494399999999473e+01 6.241822305567644236e+01 5.997741792031106911e+01
6.587717999999999563e+01 6.489995600000000309e+01 8.602310140176743403e+01 6.915659978680025688e+01
6.467489000000000487e+01 4.754215200000000152e+01 6.069154855695079220e+01 5.253395000534997905e+01
6.023380300000000176e+01 5.545163999999999760e+01 4.920435268476109769e+01 4.701792819775515397e+01
5.968653499999999923e+01 5.329252199999999817e+01 5.313527747007993440e+01 3.841998436322548827e+01
9.098907499999999970e+01 4.332945999999999742e+01 8.616338069551376577e+01 6.957506519598413774e+01
5.432242999999999711e+01 4.623212000000000188e+01 6.447918769583989729e+01 6.822662604369332939e+01
8.663148499999999785e+01 3.990982999999999947e+01 7.812678918257012128e+01 5.880739404665245473e+01
5.430799499999999824e+01 4.715450299999999828e+01 9.185907617956760873e+01 4.422671822048033619e+01
6.587040000000000362e+01 5.346339400000000097e+01 8.310073880922676892e+01 3.707782512718905110e+01
6.294104999999999706e+01 4.766602699999999970e+01 5.477287888448417164e+01 4.269891568210049826e+01
7.694122000000000128e+01 4.568415999999999855e+01 5.804879179403568656e+01 5.614990871512863180e+01
5.536148000000000025e+01 4.794722999999999757e+01 4.711104359579918821e+01 6.299301973415117573e+01
8.257880400000000520e+01 3.717007399999999961e+01 5.591810608145355133e+01 6.878434036999954060e+01
7.856969999999999743e+01 5.500180000000000291e+01 5.346211888415604108e+01 3.912611611829898095e+01
4.771408000000000271e+01 5.153596000000000288e+01 8.811334376892352793e+01 3.740702642089251384e+01
5.042892499999999956e+01 3.860004800000000103e+01 8.354885414879073835e+01 6.747072396073048139e+01
6.617875999999999692e+01 5.376008999999999816e+01 6.119065293556109708e+01 6.510383185116046434e+01
5.350739000000000090e+01 4.829330999999999818e+01 7.549119010095864724e+01 5.196907446888539539e+01
8.980433999999999628e+01 5.100396299999999883e+01 8.202093189478205204e+01 5.364734282018532241e+01
8.275954000000000121e+01 4.590746699999999691e+01 7.791308820146747394e+01 6.002653645106133951e+01
5.187998199999999827e+01 5.008856000000000108e+01 9.173170919706645066e+01 6.762010848660895590e+01
8.030988999999999578e+01 6.101100999999999885e+01 8.199833354006420905e+01 6.360834692695030412e+01
8.377172000000000196e+01 3.864419999999999789e+01 8.218817854367671316e+01 5.277265904973167920e+01
5.309535600000000244e+01 4.823342000000000240e+01 9.167088709379291345e+01 5.260426385059291476e+01
6.529474000000000444e+01 5.300702700000000078e+01 7.885094226252201111e+01 6.507741402179735246e+01
5.403204000000000207e+01 5.116592800000000096e+01 6.870503872946102319e+01 4.848598514651491342e+01
8.133104000000000156e+01 4.018990699999999805e+01 8.109690135310148662e+01 4.537441183371618081e+01
4.985574299999999681e+01 4.845098000000000127e+01 6.419484501637113283e+01 4.455734285998109101e+01
7.885416999999999632e+01 3.529026000000000352e+01 7.637871242815299411e+01 5.633987221984119742e+01
8.202487999999999602e+01 4.714908599999999694e+01 6.647425004327769216e+01 3.795981333492215271e+01
6.598450499999999863e+01 5.182002299999999906e+01 8.418991154551272871e+01 5.034049013774144754e+01
8.512422999999999718e+01 4.689227999999999952e+01 7.544617647455694964e+01 5.957129460745437655e+01
5.203767400000000265e+01 5.395211400000000168e+01 6.812148630851012854e+01 5.195159000964667939e+01
8.582438999999999396e+01 4.352882000000000318e+01 8.272292240390260076e+01 4.695924471906777597e+01
7.974235500000000343e+01 4.118516000000000332e+01 5.561886489220650276e+01 6.971861478027055625e+01
4.666504299999999716e+01 4.539951700000000301e+01 8.863203675494142431e+01 4.984255039131201670e+01
6.629274999999999807e+01 6.353835699999999775e+01 6.309691982920552533e+01 6.805894841147774343e+01
5.046721300000000099e+01 5.091190699999999936e+01 5.438249524575708449e+01 5.994783435574141350e+01
8.373717499999999347e+01 4.802160299999999893e+01 9.074887219278417660e+01 6.703257713424491726e+01
4.775593599999999839e+01 6.639164999999999850e+01 4.787982829405659402e+01 4.321644999722549585e+01
6.844832999999999856e+01 5.730413399999999768e+01 8.214721452662345769e+01 5.274885977686188454e+01
5.532457999999999743e+01 5.113638999999999868e+01 5.535465134498394946e+01 6.440381141773491436e+01
7.941040999999999883e+01 5.451766200000000140e+01 4.866758756402651187e+01 4.745791500907728278e+01
7.354685000000000628e+01 6.983608999999999867e+01 8.003643042074040181e+01 4.249205626915870226e+01
6.911271000000000697e+01 6.574755000000000393e+01 6.326408994989843393e+01 3.563767307884386781e+01
6.521347000000000094e+01 6.587377999999999645e+01 5.249150217807568453e+01 6.663500233640641568e+01
4.819915000000000305e+01 4.407435199999999753e+01 8.150130284552858484e+01 6.057151095775499527e+01
9.003839000000000681e+01 5.072025000000000006e+01 6.824995084402345924e+01 6.231965482429797731e+01
6.831180600000000425e+01 6.317746400000000051e+01 8.174776040571376257e+01 5.712507729620170949e+01
6.352276200000000017e+01 4.916449699999999723e+01 5.987962689712106368e+01 6.957326297548445382e+01
8.637108999999999526e+01 3.969093999999999767e+01 5.844081557756605605e+01 6.280942644115231133e+01
5.841998699999999900e+01 3.671247499999999775e+01 6.466329597197919554e+01 6.050184275103128329e+01
8.027527000000000612e+01 4.288470000000000226e+01 5.644566940482621220e+01 3.731520961927739677e+01
5.852781300000000186e+01 3.578958500000000242e+01 8.956464521210443763e+01 4.252464851863247475e+01
6.521056000000000097e+01 5.167953500000000133e+01 8.324772336457527899e+01 3.868269080848924091e+01
5.413719999999999999e+01 6.657320400000000404e+01 8.502549793860904970e+01 5.042884702748710879e+01
7.347565500000000327e+01 6.350666799999999768e+01 8.550421203967647443e+01 3.510411458233470938e+01
6.426962000000000330e+01 5.232027999999999679e+01 7.039142108911453022e+01 4.761503391176752586e+01
5.653450999999999738e+01 6.000314000000000192e+01 7.558775746267167506e+01 4.500733690614292470e+01
5.844738999999999862e+01 6.888080999999999676e+01 8.014862097560751408e+01 6.181676557815880813e+01
7.229880500000000154e+01 6.385471299999999673e+01 4.660385843662227501e+01 6.899189411423847673e+01
7.047728999999999644e+01 4.958598299999999881e+01 6.397464589292017934e+01 5.884201642091002782e+01
8.804195400000000404e+01 4.674388499999999880e+01 5.563663720958561498e+01 4.395345705212239551e+01
7.563788999999999874e+01 4.249464799999999798e+01 5.299308363028532654e+01 5.689071253080864210e+01
8.943269999999999698e+01 6.962928999999999746e+01 6.803488112826683221e+01 6.995776288761609862e+01
5.318081000000000103e+01 4.412964000000000198e+01 5.844652095564753580e+01 6.394354117381075753e+01
7.166112499999999841e+01 6.507439399999999807e+01 9.034194629947350563e+01 6.228976411362613419e+01
5.461650999999999812e+01 4.942170000000000130e+01 5.525272161022152062e+01 4.945317569994482199e+01
