7.885416999999999632e+01 3.529026000000000352e+01 6.524600967390999529e+01 6.117766454505036222e+01
6.837843999999999767e+01 4.865468200000000110e+01 4.834170690825905581e+01 6.891114554676499893e+01
6.575290999999999997e+01 6.138542999999999950e+01 6.895035005770573378e+01 6.663983481026949107e+01
5.979800000000000182e+01 4.706063999999999936e+01 6.414268972260524038e+01 3.840732741103791170e+01
5.852781300000000186e+01 3.578958500000000242e+01 8.207640575163685526e+01 6.483271876190964633e+01
6.856942999999999699e+01 6.211330800000000352e+01 8.975913281149806267e+01 4.428644304654647357e+01
5.458595300000000350e+01 6.085752999999999702e+01 7.878524980949985945e+01 6.670986557428474839e+01
5.209573000000000320e+01 6.484472999999999843e+01 5.072998948087357718e+01 6.950623294887161308e+01
9.066235000000000355e+01 5.727031300000000158e+01 6.073660597727356958e+01 6.755667565232715788e+01
6.599164000000000385e+01 6.924809000000000481e+01 8.090286133108189404e+01 5.281509464443479374e+01
8.828168999999999755e+01 3.561987299999999834e+01 4.734591257657512386e+01 6.685571798128630405e+01
5.080633000000000266e+01 6.933244999999999436e+01 8.685394799591948356e+01 6.053490988181313526e+01
5.413719999999999999e+01 6.657320400000000404e+01 6.272002562756256339e+01 5.848595659640007227e+01
5.408313400000000115e+01 6.638416999999999746e+01 6.272761328299147010e+01 6.862741203677973090e+01
7.265532000000000323e+01 6.310888700000000284e+01 6.804379365004953684e+01 6.088341081749678096e+01
6.721398999999999546e+01 4.009886999999999802e+01 5.024718554354985400e+01 5.086487324422274980e+01
8.599926999999999566e+01 4.632305999999999813e+01 7.488789167927905055e+01 5.725112038268006387e+01
6.608248000000000388e+01 5.590762300000000096e+01 6.859148926968521209e+01 5.682052650829400875e+01
7.686307499999999493e+01 4.832139999999999702e+01 8.075663581212090492e+01 4.620456824147337471e+01
5.994120800000000315e+01 4.072339000000000198e+01 5.499920049860752869e+01 6.170893066577966835e+01
6.023380300000000176e+01 5.545163999999999760e+01 6.475408271112155489e+01 4.046660734169063289e+01
7.093855000000000643e+01 6.686619000000000312e+01 7.554521864996220870e+01 6.400617391555996960e+01
5.782506000000000057e+01 5.586100400000000121e+01 7.996780972317529290e+01 5.447214909032475560e+01
8.554076000000000590e+01 4.526500699999999711e+01 6.704811897755945438e+01 4.094413562955375596e+01
8.133104000000000156e+01 4.018990699999999805e+01 8.850994640151584747e+01 4.227890659725926525e+01
8.271789599999999609e+01 6.150146999999999764e+01 6.504087534241017465e+01 6.316111008342478783e+01
6.369165999999999883e+01 6.144879499999999695e+01 7.814739630833983597e+01 6.139046340980369365e+01
7.592802399999999352e+01 5.213128999999999991e+01 8.983551326356652567e+01 4.381427384714536544e+01
7.502486000000000388e+01 3.932047299999999979e+01 4.768607324930629687e+01 4.736139462815994250e+01
6.581596999999999298e+01 5.677728700000000117e+01 7.814657592194654967e+01 4.231092511597758943e+01
8.194589999999999463e+01 6.922138999999999953e+01 9.075001219743489855e+01 6.697685442489508034e+01
6.485940600000000700e+01 4.863174399999999764e+01 5.536784998062834973e+01 4.880454852414238331e+01
7.856969999999999743e+01 5.500180000000000291e+01 7.271467927391350372e+01 3.982546336364755746e+01
7.879751600000000167e+01 5.959208999999999889e+01 8.652136657356388127e+01 6.401457881161847752e+01
4.726866499999999860e+01 4.850952999999999804e+01 5.918671520190972757e+01 6.095876606821593668e+01
8.180530000000000257e+01 4.721235000000000070e+01 8.328352387852820016e+01 6.915391679111920098e+01
7.686008499999999799e+01 6.092645000000000266e+01 8.592400377048166149e+01 4.271350417604252669e+01
5.246391700000000213e+01 4.780145600000000172e+01 5.910316791842355144e+01 3.712445088372108160e+01
4.807733000000000345e+01 3.790756999999999977e+01 6.826703385161368942e+01 5.860999458912161231e+01
8.020283499999999322e+01 4.713145999999999702e+01 9.195038951118200998e+01 6.999679745196625902e+01
8.044933000000000334e+01 4.694344300000000203e+01 5.186265060972311147e+01 5.237424323027204309e+01
6.764802600000000155e+01 4.850414700000000323e+01 6.721175245514874064e+01 4.390050959811670594e+01
5.561845799999999684e+01 4.872465499999999849e+01 5.581288454868436588e+01 6.216089270584225801e+01
8.813982000000000028e+01 3.677411299999999983e+01 8.315924517711162878e+01 6.968106332654187440e+01
6.253123500000000234e+01 5.972155800000000170e+01 6.836869955233147778e+01 6.057614820242972087e+01
6.066823600000000027e+01 4.825421000000000049e+01 8.698812455952122491e+01 3.700874721514384902e+01
5.024963999999999942e+01 5.095294599999999718e+01 6.691265161338773737e+01 6.875539325961426584e+01
6.389004500000000064e+01 5.658246199999999959e+01 7.316765316124863716e+01 6.369180858452993732e+01
8.133320000000000505e+01 5.627924000000000149e+01 8.045138902740654885e+01 5.484186465063025651e+01
8.185470999999999719e+01 4.928301600000000349e+01 6.824285061690223131e+01 6.603826661763426387e+01
5.828899400000000242e+01 5.992299700000000229e+01 6.839247821333398747e+01 5.835730347106409965e+01
6.450924000000000547e+01 4.783775700000000342e+01 8.697359248588217895e+01 6.196420137919173499e+01
6.120548000000000144e+01 5.721061999999999870e+01 8.467997617413209355e+01 4.795064664523275155e+01
6.552775599999999656e+01 4.716747000000000156e+01 7.758609190643750253e+01 3.638546140755126856e+01
5.364372600000000091e+01 4.968298699999999712e+01 8.121980566807144442e+01 5.753054681693131300e+01
8.069112400000000207e+01 4.634583700000000306e+01 7.904540215341590681e+01 6.953457640874017898e+01
6.137015999999999849e+01 5.204327399999999670e+01 8.678394958932058501e+01 4.524790691275966026e+01
7.569961000000000695e+01 4.516561000000000092e+01 5.910380228232748578e+01 3.688232643292941049e+01
6.020499800000000334e+01 6.596981999999999857e+01 7.604438360453589496e+01 4.594666632918649896e+01
5.192596000000000345e+01 5.007043999999999784e+01 7.544522531775093910e+01 4.796277245766921737e+01
8.083945500000000095e+01 4.573467300000000080e+01 7.174893304973539898e+01 4.534654901829447482e+01
8.433438999999999908e+01 3.928714000000000084e+01 6.184364208823263453e+01 4.590797751806249494e+01
5.286663999999999675e+01 5.036919000000000324e+01 8.967740329077825834e+01 6.740924074513455366e+01
6.467749999999999488e+01 5.320552399999999693e+01 6.221346905327997945e+01 4.507928157592530738e+01
7.332840000000000202e+01 4.723649600000000248e+01 6.555425085529056162e+01 5.964214589139299960e+01
8.719392399999999554e+01 4.024371299999999962e+01 5.885997309339217054e+01 4.131269460409886563e+01
8.804195400000000404e+01 4.674388499999999880e+01 6.503774342676844356e+01 6.360721865914359796e+01
8.905092999999999392e+01 4.646264299999999992e+01 4.837746396318131303e+01 4.007961382584457510e+01
6.629274999999999807e+01 6.353835699999999775e+01 4.958436409944680179e+01 4.801828451505981832e+01
5.350283400000000000e+01 5.982513800000000259e+01 6.309326488341739037e+01 6.694034361163316760e+01
6.133109999999999928e+01 6.446867000000000303e+01 7.120851554066570088e+01 3.834506268143677232e+01
5.408330999999999733e+01 6.939442400000000077e+01 7.405464206036108976e+01 5.001241159823202764e+01
6.626314499999999441e+01 4.468997000000000241e+01 7.349063933541621907e+01 5.598232671280192818e+01
6.715666000000000224e+01 5.248243999999999687e+01 7.931573832635355359e+01 6.890541642999147598e+01
7.974235500000000343e+01 4.118516000000000332e+01 5.345816042061824191e+01 5.668837182933499719e+01
9.173306999999999789e+01 6.276970000000000027e+01 4.849339241199915307e+01 4.761505819429817876e+01
4.775346400000000102e+01 6.766009499999999832e+01 5.761218169528155642e+01 4.464107378674023607e+01
5.748829700000000287e+01 5.595329300000000217e+01 9.128969024474015725e+01 4.920450889210754042e+01
6.202784299999999718e+01 4.203117799999999704e+01 6.835756855235518969e+01 5.655599448826389164e+01
6.230940600000000273e+01 6.209315000000000140e+01 8.135641917570136172e+01 5.894199145045070765e+01
6.051880299999999835e+01 5.581974400000000003e+01 6.899168814801916483e+01 3.650691566576416847e+01
9.098907499999999970e+01 4.332945999999999742e+01 8.407377490989375701e+01 5.242848025749280083e+01
5.448244499999999846e+01 4.496688000000000329e+01 6.460824363785194180e+01 3.553094049653559239e+01
5.309535600000000244e+01 4.823342000000000240e+01 6.513037741852822649e+01 5.529091656119841502e+01
8.252343000000000472e+01 6.853699000000000296e+01 4.831013796089597889e+01 3.898280576066029113e+01
6.587040000000000362e+01 5.346339400000000097e+01 7.179865288868521134e+01 4.495251107355974796e+01
8.737299000000000149e+01 4.577764499999999970e+01 5.866105160960736953e+01 3.690332330825100371e+01
6.632321000000000311e+01 4.732898699999999792e+01 8.125818756534503962e+01 6.513983724283158949e+01
4.775593599999999839e+01 6.639164999999999850e+01 5.747590370921975023e+01 6.074672600828554181e+01
5.538620000000000232e+01 4.611807600000000207e+01 7.383294680049087333e+01 6.125344740637866892e+01
5.200366600000000261e+01 5.103144000000000347e+01 6.484042578276645941e+01 6.985164220723387984e+01
7.108955400000000679e+01 6.209620699999999971e+01 5.900471000919321085e+01 6.025344777412195185e+01
5.382874699999999990e+01 4.077295699999999812e+01 4.893406301671203096e+01 5.175252864327626412e+01
6.066973000000000127e+01 5.684465399999999846e+01 9.084582954526109688e+01 5.366868052156726776e+01
7.354685000000000628e+01 6.983608999999999867e+01 5.793368376307481071e+01 3.942198839123673082e+01
5.339562000000000097e+01 4.819332500000000152e+01 8.323200672228298913e+01 6.270904293181091305e+01
6.487651999999999930e+01 6.894028000000000134e+01 5.878430776600512786e+01 4.767911410646346582e+01
5.070465999999999696e+01 5.043927800000000161e+01 5.515648595530339549e+01 5.879062547071823275e+01
7.618917999999999324e+01 6.078967999999999705e+01 4.729239166741417932e+01 4.641497431994775980e+01
5.508444200000000279e+01 4.897662400000000105e+01 6.687639877651629661e+01 5.917382946766700513e+01
9.019459500000000673e+01 4.780194000000000187e+01 8.964686855190782921e+01 5.341990940814064004e+01
7.175919000000000381e+01 6.031419799999999753e+01 7.127175311807206981e+01 4.309660844766021626e+01
4.713255699999999848e+01 6.185589600000000132e+01 5.784519843343934298e+01 6.292879286600289390e+01
8.874388000000000432e+01 3.593610400000000027e+01 8.842393115724729569e+01 4.789321467475140537e+01
6.362567500000000109e+01 4.960958999999999719e+01 5.990445404521666717e+01 5.575722840667884839e+01
6.322707700000000131e+01 6.364811999999999870e+01 7.147755904162161755e+01 6.614929052022037581e+01
6.250783500000000004e+01 5.303157800000000321e+01 7.988812518982055622e+01 4.413284039871897591e+01
7.108266399999999408e+01 6.466113000000000000e+01 5.508995262700027240e+01 4.575215207358490943e+01
5.282920000000000016e+01 3.915379999999999683e+01 6.439595203641606247e+01 5.968523875375021248e+01
8.226090999999999553e+01 4.668988999999999834e+01 5.017713632334792351e+01 4.368831309093491910e+01
5.768971599999999711e+01 5.626144399999999735e+01 8.042653689594527577e+01 6.050292644349875815e+01
6.034011999999999887e+01 4.310151299999999708e+01 8.501521471885510550e+01 5.090142056014824590e+01
5.593596600000000052e+01 6.843898000000000081e+01 5.213631694388034532e+01 6.009062992849909790e+01
7.401948000000000150e+01 4.625668699999999944e+01 8.171962909665474228e+01 6.112796514266928227e+01
5.788687999999999789e+01 4.786507000000000289e+01 7.853449124309500462e+01 4.269400389798855144e+01
8.859553999999999974e+01 4.171603000000000350e+01 7.881921997859519990e+01 4.029253037782515889e+01
5.076733399999999818e+01 3.719605599999999868e+01 5.917458577100184414e+01 4.941191489931022574e+01
4.799080299999999966e+01 6.598578999999999439e+01 4.807745583894183738e+01 5.662818089941816169e+01
6.020953399999999789e+01 4.516971999999999809e+01 5.806938870426239419e+01 3.533194281127499181e+01
4.864685999999999666e+01 3.584906800000000260e+01 7.564103195356643994e+01 5.394347585283915691e+01
4.879545999999999850e+01 5.105848300000000251e+01 5.050652205051494548e+01 3.919739044007324225e+01
4.819915000000000305e+01 4.407435199999999753e+01 7.738562743307196001e+01 6.629847672798813107e+01
7.273438000000000159e+01 5.694560599999999795e+01 5.867000215288950926e+01 5.079597636480168887e+01
7.274587999999999965e+01 4.280996999999999986e+01 8.693464881451376414e+01 6.633672024204635420e+01
5.502276599999999718e+01 5.547113000000000227e+01 4.978101174286369002e+01 5.837052787461662717e+01
8.220014000000000465e+01 6.470933499999999583e+01 6.642818703649300005e+01 4.947807534828675813e+01
9.114764399999999966e+01 4.278615599999999830e+01 6.084282056318865983e+01 4.915303797569702482e+01
5.039290199999999942e+01 6.866956999999999312e+01 8.369875479116926442e+01 6.208948041468370604e+01
5.358359000000000094e+01 4.172710800000000120e+01 6.641132700837019343e+01 5.822700975268398338e+01
7.492061599999999544e+01 4.819925299999999879e+01 7.070808959603027688e+01 6.591958751411891626e+01
8.476594500000000210e+01 4.658230199999999854e+01 8.275670592828734584e+01 6.206860294092599872e+01
5.159909999999999997e+01 4.003947999999999752e+01 7.686604358754588873e+01 4.536897746835509793e+01
8.155437000000000580e+01 4.750036999999999665e+01 5.374286187814538351e+01 6.828844518434316058e+01
5.288052700000000073e+01 4.685767400000000293e+01 4.666492609741323605e+01 6.432282583821057642e+01
4.735408000000000328e+01 3.813629000000000246e+01 5.852667338991268764e+01 6.637090126498604548e+01
6.119691000000000258e+01 6.887991999999999848e+01 8.893189397569091170e+01 6.310565414843132714e+01
6.880440500000000270e+01 5.972476000000000340e+01 8.681482666542896709e+01 5.881586851659155002e+01
6.398436699999999888e+01 4.588177999999999912e+01 9.160614792152118468e+01 5.104346764815931436e+01
8.147925999999999647e+01 6.052933000000000163e+01 8.793577290522469525e+01 6.555647746093350747e+01
5.968653499999999923e+01 5.329252199999999817e+01 7.892148257608370443e+01 4.297325445302671199e+01
7.517798600000000420e+01 5.425798000000000343e+01 7.311598807711504833e+01 6.879191020133730206e+01
6.935303999999999292e+01 5.420073699999999661e+01 7.585634001534687343e+01 6.684485062460855431e+01
7.584841000000000122e+01 6.374232500000000101e+01 8.842623477575040170e+01 6.054186172069982064e+01
7.865703600000000506e+01 4.475950199999999768e+01 8.505636657848572213e+01 5.454848151760693042e+01
8.982984000000000435e+01 5.302496299999999962e+01 5.806608752667387563e+01 5.350307122623312495e+01
7.071802499999999725e+01 6.659735000000000582e+01 7.682712278644363835e+01 4.261554092282985806e+01
8.186721000000000004e+01 5.200480300000000256e+01 7.209174363785820105e+01 6.386486346003173509e+01
7.130232999999999777e+01 6.495900000000000318e+01 5.614760102313663026e+01 3.758016521288283229e+01
7.891028000000000020e+01 6.298868000000000222e+01 6.829515918860975887e+01 6.289387772538064070e+01
6.425799600000000567e+01 5.414581299999999686e+01 6.121567123316901160e+01 6.817939855206151378e+01
8.186610400000000709e+01 4.375295299999999799e+01 6.733086655230053452e+01 4.566777600438025786e+01
6.652666499999999417e+01 4.933856000000000108e+01 7.829138880923690635e+01 5.986816420215876633e+01
7.285206999999999766e+01 5.866376499999999794e+01 5.383381563911623857e+01 4.446770187762275839e+01
7.905564999999999998e+01 4.071649599999999936e+01 4.937175006296947544e+01 6.484605068529084804e+01
7.489607999999999777e+01 6.228779999999999717e+01 7.510663875468723916e+01 4.084767698770375688e+01
8.650522599999999329e+01 4.590870699999999971e+01 9.182859313001273449e+01 4.475325432718759089e+01
8.317892999999999404e+01 5.511390999999999707e+01 9.108636837221149563e+01 3.661704293446830860e+01
8.729072600000000648e+01 4.302579500000000223e+01 9.035485592524170784e+01 3.998827525029836494e+01
5.630698799999999693e+01 5.832663000000000153e+01 9.146231652058739314e+01 5.965487531467202587e+01
8.947969999999999402e+01 4.378523299999999807e+01 8.929711049731346861e+01 5.592762900276299831e+01
5.120772999999999797e+01 6.827964000000000055e+01 8.691045473277679889e+01 6.265451152392749634e+01
4.682751499999999822e+01 6.578252000000000521e+01 9.149112265632530239e+01 3.531072698505887075e+01
8.726282500000000653e+01 4.679518999999999807e+01 8.465541780576947417e+01 5.144327218403805801e+01
4.669586999999999932e+01 6.332151799999999753e+01 9.199900133729406093e+01 3.851348351170485529e+01
7.224148599999999476e+01 6.894777000000000555e+01 8.953927567111716712e+01 4.098727584183885142e+01
6.160479399999999828e+01 6.652562000000000353e+01 7.588159093532584620e+01 6.130020756086651801e+01
7.490227500000000305e+01 5.633149999999999835e+01 6.029564503383973317e+01 6.903870941424341368e+01
8.370969399999999894e+01 6.831954000000000349e+01 6.457824374398171585e+01 6.677046987101618924e+01
8.597660999999999376e+01 3.954017300000000290e+01 5.450841797997587435e+01 3.604599025992723682e+01
7.208037600000000111e+01 6.865512999999999977e+01 5.259690005904891308e+01 6.269819620758104861e+01
6.529474000000000444e+01 5.300702700000000078e+01 5.814001580655682488e+01 5.356222552627236411e+01
5.972766500000000178e+01 4.440487300000000204e+01 5.382805722695665906e+01 5.465316506930336971e+01
8.582438999999999396e+01 4.352882000000000318e+01 7.541790542761279426e+01 5.556085025911533393e+01
5.536148000000000025e+01 4.794722999999999757e+01 8.556358131775635911e+01 6.754314723517973107e+01
5.142871000000000237e+01 5.303815000000000168e+01 6.492640929048052101e+01 4.370972073482435860e+01
5.855407699999999949e+01 6.542522999999999911e+01 6.284194511503038427e+01 4.219193301244141026e+01
7.429716500000000678e+01 4.987426399999999660e+01 8.765813433823431922e+01 6.960423582674874865e+01
6.282410000000000139e+01 4.469498399999999805e+01 6.141928383976443939e+01 5.065403415592435721e+01
7.803976000000000113e+01 6.198502700000000232e+01 6.970408061412642553e+01 6.868644547928619204e+01
5.600366000000000355e+01 5.997305300000000017e+01 6.929751687383691205e+01 6.058578299587617266e+01
9.175052999999999770e+01 4.081071500000000185e+01 6.273832431498703954e+01 6.704283958156992185e+01
5.104829000000000150e+01 4.921446199999999749e+01 4.691409076380965359e+01 5.703843911117272114e+01
7.188934999999999320e+01 4.769791399999999726e+01 8.471065294302208315e+01 4.840555117385112283e+01
8.813251499999999794e+01 3.577533999999999992e+01 7.263869805512754851e+01 6.624913727113226969e+01
7.544061999999999557e+01 4.955660000000000309e+01 7.053297619653444883e+01 4.698837873723548597e+01
7.263534500000000094e+01 6.591482000000000596e+01 7.436414207068013127e+01 4.108207034629843690e+01
7.069325999999999510e+01 4.742500700000000080e+01 8.926289311224800826e+01 6.217613376231630440e+01
7.989584000000000685e+01 3.905698000000000292e+01 8.756056857518547076e+01 4.274900020633445763e+01
4.972973600000000260e+01 6.857572000000000401e+01 4.777201304494566614e+01 6.695705279321255432e+01
6.855453500000000133e+01 6.099967999999999790e+01 6.646544990841803724e+01 6.089462795925251726e+01
5.724527400000000199e+01 4.383981699999999648e+01 7.720153700794776341e+01 4.802533480922484443e+01
4.902411000000000030e+01 6.334384500000000173e+01 8.176784074851441630e+01 5.015337790691714304e+01
5.547576000000000107e+01 4.883494999999999919e+01 6.886840643946592877e+01 4.312563196142490085e+01
8.906516999999999484e+01 5.928731499999999954e+01 8.063642519050878832e+01 6.166534900340953129e+01
5.844738999999999862e+01 6.888080999999999676e+01 7.679882323326162918e+01 6.104395991217614892e+01
5.167446499999999787e+01 5.289345600000000047e+01 5.024365158654406827e+01 4.043161347491263058e+01
4.954738600000000304e+01 3.824540700000000015e+01 7.546727250475377957e+01 3.951569384729917545e+01
8.316547400000000323e+01 4.493868299999999749e+01 5.039169531255141266e+01 6.869556247621866873e+01
6.612999999999999545e+01 5.269389999999999930e+01 7.148736544400078685e+01 5.392938960276649141e+01
6.049557500000000232e+01 4.449865299999999735e+01 5.625625545098977653e+01 4.418736321655890720e+01
8.981023999999999319e+01 4.317518599999999651e+01 7.534817281234650466e+01 5.975998119265757680e+01
8.201357000000000141e+01 5.219725799999999793e+01 5.786998743596873851e+01 5.093997432422106897e+01
5.363667999999999836e+01 4.819988599999999934e+01 8.769245283506680266e+01 6.100903472171026465e+01
8.245322400000000584e+01 4.621737699999999904e+01 7.508931282321842104e+01 6.323679220551945690e+01
7.865295999999999310e+01 6.845534499999999412e+01 6.622309013980952841e+01 5.272561188039052382e+01
5.105628999999999706e+01 3.829506700000000308e+01 7.145012674361881011e+01 5.791314428384902158e+01
4.898817999999999984e+01 5.657592999999999961e+01 6.440194399870071607e+01 4.022532999339487958e+01
4.771408000000000271e+01 5.153596000000000288e+01 5.675817890828945167e+01 3.748406113867427081e+01
6.399470500000000328e+01 4.661702999999999975e+01 6.002985472122503552e+01 4.029556058082120984e+01
5.340807999999999822e+01 4.628913000000000011e+01 6.415141380802714366e+01 5.194187219516918219e+01
7.768798999999999921e+01 6.146608700000000169e+01 6.573882836581842071e+01 6.633717508843764676e+01
5.400205600000000317e+01 6.589191399999999987e+01 5.445686628366841830e+01 6.670473401251162215e+01
6.245627999999999957e+01 5.118715300000000212e+01 7.692336884231031036e+01 6.033671234538666539e+01
8.852997600000000489e+01 3.797641399999999834e+01 6.963794639802941333e+01 3.659373299742790664e+01
5.339393199999999950e+01 4.658201600000000298e+01 5.655982212243849716e+01 5.237245696300097109e+01
4.803302999999999656e+01 5.820590200000000181e+01 7.517753356240076812e+01 4.953402033322325337e+01
8.081632000000000460e+01 4.031611000000000189e+01 7.674820461422518747e+01 4.738491483717009345e+01
5.561010000000000275e+01 5.018833999999999662e+01 6.696501843891556405e+01 5.331632595735605662e+01
5.400197599999999909e+01 4.162597999999999843e+01 6.078349664054861989e+01 6.291806017714131372e+01
8.275954000000000121e+01 4.590746699999999691e+01 9.102863576994903383e+01 6.691012796387119010e+01
6.677664000000000044e+01 5.653610199999999963e+01 6.427993866067674844e+01 6.439031710361676630e+01
6.867817999999999756e+01 4.609026999999999674e+01 8.990152384513365291e+01 5.464696584867618867e+01
6.249164600000000291e+01 4.798640400000000028e+01 4.712166250218033525e+01 5.756220727210762789e+01
6.506362000000000023e+01 4.932741999999999649e+01 4.996937243913635740e+01 5.047265079882305372e+01
7.110353000000000634e+01 6.590098000000000411e+01 8.122607893925959388e+01 6.937431002766570032e+01
8.491411999999999694e+01 3.998633600000000143e+01 4.872360349268545576e+01 3.798485334849360839e+01
7.907899999999999352e+01 5.651028000000000162e+01 7.796091990925930304e+01 5.436273580590645338e+01
7.081449000000000638e+01 6.198342999999999847e+01 5.707589832713714628e+01 5.289081335155610475e+01
5.339186500000000279e+01 4.860521299999999911e+01 8.601710667580744030e+01 4.958559481699816018e+01
5.461650999999999812e+01 4.942170000000000130e+01 8.811180967391237573e+01 4.894320513281367369e+01
5.694366000000000128e+01 5.793184000000000111e+01 7.896298538484269613e+01 6.549832799444264708e+01
6.372266799999999876e+01 4.694447999999999865e+01 5.043989490888957050e+01 5.165385058101161775e+01
8.205965000000000487e+01 6.468255000000000621e+01 8.117222464121758208e+01 4.330741056140189471e+01
6.627116999999999791e+01 6.753251000000000204e+01 7.138854478372793722e+01 4.090406700835836773e+01
5.440274999999999750e+01 6.141868199999999689e+01 7.748857890206028287e+01 5.800772712503758299e+01
5.548542400000000185e+01 5.831977499999999992e+01 8.947022044626818627e+01 6.031257841431476407e+01
5.224584000000000117e+01 4.974059700000000106e+01 7.190997524114607131e+01 4.513258886592311114e+01
8.363159000000000276e+01 5.257257500000000050e+01 7.115048563940035820e+01 5.940767873593523518e+01
5.363974799999999732e+01 5.208994299999999811e+01 8.050371475789316378e+01 4.528481724682001897e+01
6.660232499999999334e+01 4.947623999999999711e+01 5.751887866326789833e+01 6.593173836164578461e+01
8.175209999999999866e+01 6.964215000000000089e+01 6.780504453768330109e+01 6.539263903832055291e+01
7.324244000000000199e+01 5.344908499999999663e+01 6.804560527323189945e+01 4.723824453486962938e+01
5.510685699999999798e+01 5.117942399999999736e+01 7.436306146233557968e+01 4.923025664599694551e+01
9.165053000000000338e+01 5.213870599999999911e+01 6.196031598545339136e+01 4.974736779025418798e+01
5.123778500000000236e+01 5.036023000000000138e+01 6.436434457985539836e+01 4.772512401541717963e+01
6.651388000000000034e+01 5.359824799999999811e+01 9.148436602545328356e+01 3.818962657135587335e+01
8.543957000000000335e+01 4.605922300000000291e+01 6.308270269201191383e+01 4.345759132293024862e+01
4.935990499999999770e+01 5.605839499999999731e+01 6.518953379811068771e+01 3.886853062039723028e+01
7.961629999999999541e+01 6.026303999999999661e+01 7.207084848517403941e+01 4.092297474177186700e+01
4.666504299999999716e+01 4.539951700000000301e+01 6.186271630119185261e+01 5.283336409533467304e+01
6.632052000000000191e+01 5.220823299999999989e+01 7.360958228616254928e+01 6.660889429229430903e+01
6.970458000000000709e+01 6.621998999999999569e+01 4.932688320514490243e+01 4.871968075494918793e+01
7.581678999999999746e+01 4.425414700000000323e+01 7.167603831735152653e+01 5.085149603332001789e+01
8.818219000000000563e+01 5.422068800000000266e+01 4.830572893687497071e+01 4.272913721336752957e+01
8.874196999999999491e+01 3.592298000000000258e+01 6.518834313861790974e+01 6.563051424643020937e+01
5.388501000000000118e+01 5.712486599999999726e+01 8.921085639321736949e+01 3.634898888597717104e+01
5.953911999999999694e+01 6.584754999999999825e+01 8.846646418809632451e+01 4.727237703695211479e+01
5.509714999999999918e+01 5.106415599999999699e+01 7.303553579157596687e+01 4.044735032857030887e+01
5.291655699999999740e+01 4.646614999999999895e+01 8.159122153444013748e+01 6.557914474358332768e+01
6.973756400000000610e+01 5.127409999999999712e+01 8.749999261962929609e+01 3.580844174534694702e+01
6.559235999999999933e+01 4.950753399999999971e+01 4.753723725913302189e+01 5.552036142689328102e+01
7.331856999999999402e+01 6.896445500000000095e+01 5.852894894810084736e+01 6.430112036529718011e+01
7.637121000000000492e+01 6.265274000000000143e+01 8.154287959368863881e+01 4.854420619667624237e+01
6.404304500000000644e+01 6.398645400000000194e+01 6.015646606969957588e+01 6.200220107856047491e+01
6.008419800000000066e+01 6.724903000000000475e+01 8.966669784466725446e+01 4.128331101342369891e+01
5.784785999999999717e+01 5.634659200000000112e+01 6.054636596388989034e+01 3.568658345603751769e+01
8.305746499999999344e+01 3.647974399999999662e+01 8.278132205369793439e+01 3.943626239091842933e+01
8.675363000000000113e+01 4.346631599999999906e+01 6.909744935315892178e+01 4.956518485057151224e+01
7.263685999999999865e+01 6.816455000000000553e+01 8.730182107573541828e+01 5.189745131803979916e+01
5.218118700000000132e+01 5.139356999999999687e+01 7.952670050827069304e+01 4.346458279923585621e+01
5.150354399999999799e+01 4.697134799999999899e+01 5.320785643695382561e+01 3.667096338134388134e+01
5.521462199999999854e+01 4.818930399999999992e+01 5.858343370114823756e+01 4.760180012187455389e+01
5.817465200000000181e+01 4.617281700000000200e+01 6.544602353727233890e+01 3.925451547864263091e+01
8.152589000000000397e+01 4.120308299999999946e+01 6.228724542727780999e+01 4.904827197180303244e+01
8.367212000000000671e+01 3.556015800000000127e+01 6.239034760882459807e+01 4.383751049508120445e+01
6.258970000000000056e+01 5.024907000000000323e+01 7.038767433721575628e+01 4.719224234459497325e+01
8.202487999999999602e+01 4.714908599999999694e+01 7.829048443719881334e+01 6.139278171883407254e+01
5.350739000000000090e+01 4.829330999999999818e+01 7.613347444492006844e+01 4.368292356252239728e+01
7.866431400000000451e+01 4.014864000000000033e+01 6.925909010495780649e+01 3.511296644612033191e+01
9.061199999999999477e+01 3.714775999999999812e+01 6.648112729319994685e+01 5.061112927847033660e+01
7.858410000000000650e+01 6.354278599999999955e+01 8.121217171794562262e+01 5.169285140825122227e+01
6.902935999999999694e+01 4.476595999999999975e+01 4.639592323288560749e+01 5.014176620297970999e+01
7.359251000000000431e+01 6.916764000000000578e+01 7.813561922837075713e+01 3.940880227430908178e+01
8.219473999999999592e+01 3.586197700000000310e+01 7.656069351913920684e+01 5.459029467870642804e+01
4.872610499999999689e+01 4.301434700000000078e+01 7.065067844428587307e+01 4.565781040767934229e+01
4.616987000000000307e+01 4.086637999999999948e+01 9.183861843969833672e+01 5.695766589569068827e+01
7.851379000000000019e+01 3.546386300000000347e+01 5.196723195063769651e+01 6.956769977437278385e+01
