1.175999999999999943e+02 1.023433799999999927e+01 1.004199381369792548e+02 2.057494073110131438e+01
1.148805399999999963e+02 1.808004999999999995e+01 1.012349663050141686e+02 2.472702752871271770e+01
1.237956499999999949e+02 7.412607999999999642e+00 1.118568433830457138e+02 2.398835100344039795e+00
1.014060060000000050e+02 2.798674199999999956e+01 1.071091203769153850e+02 1.100398299986328787e+01
1.038845599999999934e+02 3.195431999999999917e+01 1.133176481358072607e+02 2.640456930035157157e+01
9.786359400000000619e+01 2.648629000000000033e+01 1.265701498835602621e+02 3.284659295408169299e+01
1.067864399999999989e+02 5.403266000000000346e+00 1.324184048589126803e+02 3.236820331128412676e+01
9.893878999999999735e+01 2.680315399999999926e+01 1.179889215489604197e+02 2.260810504014471434e+01
9.677979999999999450e+01 2.492586299999999966e+01 1.264041530778763729e+02 2.825258332802382455e+01
1.053509449999999958e+02 9.028912999999999300e+00 1.344735865294975099e+02 1.889450833130008434e+01
1.130844799999999992e+02 1.852679300000000140e+01 1.281105576756827134e+02 1.653113073034098335e+01
1.286027200000000050e+02 8.726665000000000560e+00 9.217429751632717227e+01 1.732892047615771247e+01
1.331451700000000073e+02 1.564029200000000053e+01 1.324975479425890228e+02 3.516279585064149948e+00
1.213342499999999973e+02 2.617049000000000181e+00 1.161851139251613461e+02 1.437232049557959002e+01
1.370959000000000003e+02 5.531164999999999665e+00 9.658868200077324673e+01 8.641042131508470447e+00
1.096788600000000002e+02 1.849008999999999903e+00 1.233630214840055856e+02 9.190829377841863490e+00
1.068494100000000060e+02 1.800854100000000102e+01 1.104041178663224940e+02 1.551616562993657844e+01
1.321259300000000110e+02 1.547546799999999934e+01 1.322927249170083712e+02 2.953123335770355240e+01
1.062175399999999996e+02 1.773735800000000040e+01 1.182832467704559747e+02 1.219045949611892965e+01
9.718044000000000437e+01 3.527642000000000166e+00 9.246478012424176995e+01 2.143414834068655850e+01
1.239427000000000021e+02 2.807401000000000035e+00 1.168526850432625821e+02 2.802729982020085231e+01
1.047176599999999951e+02 4.703091999999999828e+00 1.259532526343409131e+02 2.432431502442543092e+01
1.138190160000000049e+02 1.354168100000000052e+01 1.306443376764837296e+02 1.596513661587687238e+01
1.165767299999999977e+02 1.286235699999999937e+01 1.345228722587140737e+02 3.119073971639233633e+01
1.031585699999999974e+02 3.076735299999999995e+01 9.768690747853908363e+01 9.499711002371369339e-01
1.132667699999999940e+02 2.412417599999999851e+01 1.141045320432675680e+02 2.445411581044384874e+01
9.433433999999999742e+01 2.386318999999999857e+00 1.053563109062217649e+02 3.378777853259362018e+01
1.141837539999999933e+02 2.640196200000000104e+01 9.554726643273956199e+01 3.022069618017952664e+01
1.055944099999999963e+02 1.730002199999999846e+01 1.163746381924417932e+02 2.898495046924290364e+01
1.210699099999999930e+02 1.798126600000000153e+01 1.371239159901480491e+02 2.470071026044677254e+01
9.605414600000000291e+01 3.418947000000000003e+01 1.292952615732571644e+02 3.414502087723812451e+01
1.261416849999999954e+02 2.764416500000000099e+01 1.263810248451309519e+02 2.306755562133070825e+01
1.302385099999999909e+02 7.992467999999999684e+00 1.096178704608166612e+02 1.996277717066785584e+01
1.205941300000000069e+02 1.647275499999999937e+01 1.181442911967137235e+02 1.596035471072962508e+01
1.114913899999999956e+02 3.495139999999999914e-01 1.360575397226418204e+02 2.269158185306207898e+01
1.020639400000000023e+02 1.681472199999999972e+01 9.785030387596118828e+01 1.366643456954332514e+01
1.293635400000000004e+02 1.894171000000000049e+00 1.139962930691078355e+02 1.869406978241915596e+01
1.075227359999999948e+02 3.279679000000000144e+01 1.173810876602215671e+02 3.299175569451229251e+01
9.229735599999999351e+01 1.949507300000000143e+01 1.128888584370406818e+02 6.825998400604306404e+00
1.244966000000000008e+02 1.083233000000000068e+01 1.154093749974196328e+02 1.263778202855081645e+01
1.064135899999999992e+02 2.078034999999999854e+01 1.261973326213900748e+02 6.009438157577954520e+00
1.167885739999999970e+02 1.309459400000000073e+01 9.639558043441880386e+01 3.228325580737308087e+01
1.007396800000000070e+02 2.936620900000000134e+01 9.352206655707770722e+01 3.653811072932111159e+00
1.221146700000000038e+02 7.678874999999999673e+00 1.194610332470417831e+02 5.075629911567936858e+00
1.061328350000000000e+02 2.596210900000000166e+01 9.832253511699514092e+01 1.187419151234114878e+01
1.220831000000000017e+02 5.744365000000000165e+00 1.023294757036334062e+02 3.399025401695122639e+01
1.240774600000000021e+02 2.988545999999999925e+00 1.115120067320692812e+02 7.209181500281705901e+00
1.303266000000000133e+02 5.151488999999999763e+00 1.013124918717437168e+02 3.332096419216108529e+01
9.389136000000000593e+01 1.855500999999999934e+01 1.065879199836475379e+02 1.095329711091593161e+01
1.230936200000000014e+02 4.996221000000000245e+00 1.113710265285078265e+02 7.240506264726944252e+00
9.877991500000000258e+01 1.703118500000000068e+01 1.354870852291049914e+02 1.639574095334484838e+01
1.117162550000000039e+02 2.099041700000000077e+01 9.627877052164777183e+01 2.618244023280113097e+01
1.125651100000000042e+02 1.389909199999999956e+01 1.304891839530564255e+02 2.877207167737950932e+00
1.223638150000000024e+02 9.904870000000000729e+00 9.657735905707063750e+01 2.307994175162995631e+01
1.195463639999999970e+02 2.841035700000000119e+01 1.245495615905103364e+02 7.079283411477959476e+00
1.208729550000000046e+02 1.335633900000000018e+01 1.259536664054454036e+02 1.556675822594919545e+01
1.187915799999999962e+02 1.987776600000000116e+01 1.109075920254882988e+02 2.306383275585420378e+01
1.067373699999999985e+02 7.307849000000000039e+00 1.033925575229882554e+02 5.508133759113887251e+00
1.083074799999999982e+02 1.009775699999999965e+01 1.276667960859004154e+02 6.735034657617266163e+00
1.191825900000000047e+02 1.751293199999999928e+01 9.270420685241987258e+01 2.630459422552829452e+01
1.326187299999999993e+02 2.423593299999999928e+01 1.004036994132917471e+02 1.371038589209936731e+01
1.204013400000000047e+02 1.923368599999999873e+01 1.028851954058872309e+02 2.289045395650652637e+01
1.300095200000000091e+02 1.434867000000000026e+01 1.192955008945806696e+02 2.478136921017062377e+01
1.281042500000000075e+02 1.263489599999999946e+01 1.043282490117390608e+02 1.652389635566714077e+01
1.334171399999999892e+02 1.512338199999999944e+01 1.313004556094007569e+02 1.238590686304634758e+01
1.085328200000000010e+02 2.570951300000000117e+01 1.154053259604339985e+02 1.509054619421261556e+01
1.221774099999999947e+02 4.068751999999999924e+00 1.207415544992871759e+02 2.205223597248047795e+01
1.109355999999999938e+02 1.694945099999999982e+01 1.316410741485478866e+02 3.060190700387373752e+01
1.101622600000000034e+02 1.989431400000000139e+01 1.056847996344927196e+02 8.925396170692728504e+00
1.089642400000000038e+02 3.056563799999999986e+01 1.259076979263460316e+02 2.066908250570719829e+01
1.034398300000000006e+02 1.943669999999999831e+01 1.352517710118699767e+02 2.322354199251312679e+01
9.410971999999999582e+01 1.075564600000000048e+01 1.199921302474738667e+02 3.014322015647894659e+01
1.177207499999999953e+02 1.377951799999999949e+01 9.223685391258828759e+01 3.054816769163943135e+01
1.180108199999999954e+02 1.392753899999999945e+01 1.056921078068045716e+02 3.407947556510841025e+00
1.231748800000000017e+02 3.198018999999999945e+00 9.744042801117559804e+01 2.111989376369276528e+01
1.222444500000000005e+02 8.908201999999999288e+00 1.325847062944190498e+02 1.339894566598259473e+01
9.442122000000000526e+01 2.540277000000000118e+00 1.378173514903891146e+02 1.006893897490305889e+01
1.039038099999999929e+02 2.730013999999999896e+01 9.529078790550560996e+01 2.993474831545581338e+01
1.140301000000000045e+02 2.309675000000000011e+01 1.188022256215070342e+02 2.589441007196844424e+01
1.224160899999999970e+02 7.696626000000000190e+00 1.207096835092260392e+02 2.050565109645890161e+01
1.073838200000000001e+02 2.117361000000000004e+01 1.206897329415505595e+02 2.770223979349162846e+01
1.057738700000000023e+02 3.275798400000000044e+01 1.173716948003945504e+02 1.635065799207065496e+01
1.065756499999999960e+02 1.578832599999999964e+01 9.417993660869970540e+01 2.438769270680515788e+01
1.154636600000000044e+02 6.711888000000000076e+00 1.223933837605042498e+02 6.371804193962216090e-01
1.132756650000000036e+02 2.208142499999999941e+01 1.081707072674033583e+02 2.532114317544672133e+01
1.013219799999999964e+02 1.577685499999999941e+01 1.042942453786570383e+02 2.654675687908993709e+01
1.262763199999999983e+02 1.215531000000000006e+01 1.255304370841726609e+02 3.132074475422072624e+01
9.204438000000000386e+01 2.020230499999999907e+01 1.326236413588327423e+02 1.680755935754961428e+01
1.171335449999999980e+02 1.414851099999999917e+01 1.015575890401727293e+02 3.499168557312940209e+01
1.085890660000000025e+02 5.622329999999999828e-01 1.225644174033487133e+02 1.810747508891320479e+01
1.372788199999999961e+02 1.268961700000000015e+01 9.234204618335944303e+01 1.191501176191583156e+01
1.014491600000000062e+02 2.277094299999999905e+01 9.228324538631598273e+01 3.354775463184675743e+01
1.044115500000000054e+02 1.292953800000000086e+01 9.972376103655115287e+01 1.740637339189000343e+01
1.063295999999999992e+02 3.358952000000000027e+01 1.334844278323604669e+02 2.801232114575916299e+01
1.311417199999999923e+02 4.451149000000000022e+00 1.109265256284716941e+02 8.068475358050543278e+00
1.033467200000000048e+02 1.706088600000000000e+01 1.077404855270998780e+02 1.260879529349925043e+01
1.331978300000000104e+02 1.207540099999999939e+01 1.021647762705488987e+02 3.428064490639057738e+01
1.321269700000000000e+02 2.966490999999999989e+00 1.028698633753982676e+02 1.062711195948516618e+01
9.319089999999999918e+01 1.835962900000000175e+01 1.075408693675841789e+02 2.662405704951199681e+01
1.088041099999999943e+02 2.617378799999999828e+01 1.134023037888356953e+02 2.671168475918613794e+01
9.371902000000000044e+01 2.542849500000000162e+01 1.207633518091398770e+02 3.351762336158062539e+01
1.108547200000000004e+02 1.948833799999999883e+01 1.067305028115119683e+02 3.722564328498578767e+00
1.275956950000000063e+02 1.332109900000000025e+01 1.226154246930661600e+02 9.159186979516720228e+00
1.248241299999999967e+02 2.644671599999999856e+01 1.143497583744021711e+02 4.707939223910063475e+00
1.217082599999999957e+02 1.563973999999999975e+01 1.140962784539926247e+02 2.289825480498304344e+01
1.193820400000000035e+02 7.351111999999999647e+00 1.216684478784843861e+02 3.308676950392499094e+01
1.252612100000000055e+02 1.041665000000000063e+01 1.202080686438019228e+02 1.158394452707579170e+01
1.066953900000000033e+02 1.603808599999999984e+01 1.116395651759598735e+02 7.046735628600801604e+00
1.260793199999999956e+02 1.507600200000000079e+01 1.224121786949013284e+02 2.807593325081422009e+01
9.446862000000000137e+01 4.517010000000000192e-01 9.357045161033698832e+01 3.769036708101770827e+00
1.285522300000000087e+02 3.419751999999999903e+00 1.198396993152131529e+02 2.638043885271804001e+01
1.178697700000000026e+02 2.086379200000000012e+01 9.906913077949427304e+01 3.316124247225865851e+00
1.024698099999999954e+02 2.152501900000000035e+01 1.330774552769965453e+02 3.376287315825256741e+01
1.269034099999999938e+02 1.216027200000000086e+01 1.356876059249277660e+02 4.438342866853587587e+00
1.372332900000000109e+02 1.501410800000000023e+01 1.034740286032124033e+02 8.912069282802431047e+00
1.002940300000000065e+02 2.053976400000000169e+01 1.143495101533080884e+02 1.026623574335323497e+01
1.083133540000000039e+02 2.792756299999999925e+01 1.344004308880016367e+02 3.455658146142701526e+01
1.129178600000000046e+02 2.190700100000000106e+01 1.088112307796984197e+02 1.259007486655996111e+01
1.231007100000000065e+02 2.744201500000000138e+01 1.296118350058297892e+02 2.253449372575327203e+01
1.039138399999999933e+02 1.255168100000000031e+01 9.509613912480180886e+01 1.770939264416195869e+01
1.051916099999999972e+02 9.920849000000000473e+00 1.147542355924884419e+02 2.089634907184953150e+01
1.020793800000000005e+02 2.128403700000000143e+01 1.065639995632888457e+02 2.327265184016589217e+01
1.153154750000000064e+02 4.635790000000000188e-01 1.319637224318776703e+02 2.011996940629145314e+01
1.055823599999999942e+02 2.382420000000000115e+01 1.331614193086703040e+02 4.653464308296546115e+00
1.284304700000000139e+02 1.899298699999999940e+01 1.234602558987684091e+02 5.914219670569284659e+00
1.357253100000000074e+02 1.245660299999999943e+01 9.922674702754268594e+01 8.062900109093474654e+00
1.123585199999999986e+02 2.633208799999999883e+01 1.188804509625367274e+02 1.395731663341665296e+01
1.205876159999999970e+02 1.334072899999999962e+01 1.352551412595510669e+02 2.146505531354023333e+01
1.138202059999999989e+02 2.715001699999999829e+01 1.341803791312522378e+02 2.524834826075057492e+01
1.314637800000000141e+02 1.366797000000000040e+01 1.145694788349442064e+02 1.413216316229016911e+01
1.123661100000000062e+02 1.985620899999999978e+01 1.169705632430381712e+02 2.053515075621496777e+01
1.352432100000000048e+02 1.783892799999999923e+01 1.138490438425800448e+02 9.058037436743639148e+00
1.279924850000000021e+02 1.403315199999999940e+01 1.110122256964476293e+02 2.995182207947561892e+01
1.188665600000000069e+02 1.811891200000000168e+01 9.458613216873972362e+01 2.206477447593098873e+01
9.488523999999999603e+01 3.360560600000000164e+01 9.702146931040782363e+01 2.430243260924564552e+01
9.548212999999999795e+01 1.554973200000000055e+01 1.082209771759757047e+02 1.695610680363904166e+01
1.039070399999999950e+02 1.300106500000000054e+01 1.196149802128166755e+02 1.258135742390904532e+01
1.195968249999999955e+02 1.992211299999999952e+01 1.177206138236842321e+02 2.925012280150761157e+01
1.262777600000000007e+02 1.555640400000000056e+01 9.893407818735936132e+01 2.835601539676356353e+01
1.237802499999999952e+02 7.976399999999999935e+00 1.109151039267929235e+02 1.727650835538899088e+01
1.048228900000000010e+02 3.249645600000000201e+01 1.266224560585784076e+02 1.052879580058994691e+01
1.345495300000000043e+02 6.859785999999999717e+00 1.360515403278700433e+02 3.200708846256288354e+01
1.242736299999999972e+02 6.831006000000000355e+00 1.089103554455211338e+02 2.363991978557558937e+01
9.321741500000000258e+01 2.734300199999999847e+01 9.434835047597603364e+01 7.928600441997070369e+00
1.026298699999999968e+02 2.803945200000000071e+01 1.056976023709143675e+02 1.609434402613770487e+01
1.261360600000000005e+02 1.381871199999999966e+01 1.287760880006755997e+02 3.061665411373592960e+01
1.261208799999999997e+02 4.358299999999999674e-02 1.363090078192414296e+02 2.975355059292558835e+01
1.098809700000000049e+02 2.526983800000000002e+01 1.022852577529339158e+02 1.650281022248497464e+01
1.280408500000000060e+02 3.937300000000000244e-01 1.124817793681521607e+02 1.103976773315729254e+01
1.094946400000000040e+02 1.285283899999999946e+01 1.242871044826447360e+02 5.048432754550177037e+00
9.286606600000000356e+01 6.433735999999999677e+00 1.265643942129202912e+02 1.232659687889671574e+01
1.042165799999999933e+02 2.347071499999999844e+01 1.379360213711205745e+02 2.904282010545565385e+01
1.263477249999999970e+02 1.183359199999999944e+01 1.341529703065448302e+02 2.819143104444890824e+01
1.344405199999999923e+02 3.228481299999999976e+01 1.102508917774653980e+02 2.572816776443148612e+01
9.255561000000000149e+01 1.543583399999999983e+01 1.051352559954058279e+02 2.598762238974298100e+01
1.358911999999999978e+02 3.048414999999999875e+00 1.352455973860160725e+02 3.484971295543971337e+00
1.246774400000000043e+02 1.209600299999999962e+01 1.287205258328380921e+02 2.353140841835117403e+00
1.322271299999999883e+02 3.772314000000000167e+00 1.000317270536574483e+02 3.294403995900077575e+01
9.765413999999999817e+01 2.677711499999999845e+01 1.125143807416458799e+02 2.167666760200783216e+01
1.364280100000000004e+02 4.255118000000000400e+00 1.072599758579779916e+02 1.883041812588108854e+01
1.040388099999999980e+02 2.273069800000000029e+01 1.025736541747648971e+02 1.778190201403321069e+01
1.187323899999999952e+02 1.239340999999999937e+01 1.305607450059238488e+02 8.465394885876628805e+00
1.261324800000000010e+02 2.826121900000000053e+01 1.076601993143552107e+02 2.252915523467791115e-02
9.956425000000000125e+01 4.140374999999999694e+00 1.340820032793084522e+02 1.502011725546861420e+01
1.276584799999999973e+02 1.222587000000000046e+01 9.900614042111007507e+01 2.813064070404352890e+01
1.302130600000000129e+02 1.211599499999999985e+01 1.189303216923547808e+02 1.755726058211933349e+01
1.274859500000000025e+02 2.643822899999999976e+01 1.371295091788236675e+02 1.287739903416620457e+01
1.299863599999999906e+02 1.666687399999999997e+01 1.255801167951444057e+02 2.514598282848435673e+01
1.048792499999999990e+02 1.661124399999999923e+01 1.317869551609074108e+02 1.138300020508208021e+01
1.287149499999999875e+02 8.613853000000000648e+00 1.255429308926317447e+02 1.935096236642945300e+01
1.122884899999999959e+02 2.932126999999999839e+01 1.039112916481068396e+02 1.686968434444473974e+00
9.357684000000000424e+01 1.529489399999999932e+01 9.497434338312648094e+01 3.000920681114239130e+01
1.134008259999999950e+02 2.899073999999999884e+01 1.376525869331598528e+02 3.405642329889401765e+01
9.425270999999999333e+01 2.257174099999999939e+01 1.259014708764977115e+02 6.903399219860589575e+00
1.126715200000000010e+02 1.748623999999999867e+01 1.361813283258697425e+02 9.494648554178775512e+00
1.270311099999999982e+02 9.210869000000000639e+00 1.089654667539382729e+02 3.796433574591758120e+00
1.311990399999999966e+02 2.885759999999999881e+00 1.055189314251107220e+02 1.643910837817069037e+01
1.133417740000000009e+02 1.599369000000000085e+01 1.272616964785026141e+02 2.900222006408253783e+00
1.089955800000000039e+02 1.639875599999999878e+01 9.932788160215228856e+01 1.502901532656078309e+01
1.203130950000000041e+02 1.544907599999999981e+01 1.368426703041730832e+02 3.101762512393752402e+01
1.032475400000000008e+02 1.298222999999999949e+01 1.106324908264673752e+02 2.858579480768027992e+01
1.245430300000000017e+02 2.024064000000000085e+00 1.079067732056232956e+02 2.353617052821895683e+01
1.031009399999999943e+02 2.897423699999999869e+01 1.205530848030459197e+02 4.267468621228481140e+00
1.047877660000000049e+02 2.743140400000000056e+01 1.168230777308468760e+02 2.090275990036785458e+01
1.190333899999999971e+02 1.967544600000000088e+01 9.318350433873300176e+01 1.433098432770190200e+01
1.063896100000000047e+02 3.912881000000000054e+00 9.227577730945859003e+01 2.932118340094763909e+01
1.013850300000000004e+02 5.791350000000000442e+00 1.067369126728013384e+02 7.836354215871057960e+00
1.001926700000000068e+02 2.105336399999999841e+01 1.091190235249043781e+02 1.686388094897846024e+00
1.110340350000000029e+02 1.670452699999999879e+01 1.183179298374735282e+02 2.026007339346957181e+01
9.999969000000000108e+01 2.509792300000000154e+01 1.266349297467410935e+02 3.333390609380800385e+01
1.040678560000000061e+02 3.964449000000000112e+00 1.202212260163383064e+02 1.438120328409975812e+01
1.167996100000000013e+02 2.692645800000000023e+01 1.263757450712778336e+02 1.753547619672885105e+01
1.083700699999999983e+02 1.887853999999999921e+00 1.378732095566009832e+02 2.033770993153977713e+01
1.055970499999999959e+02 6.590237000000000123e+00 1.298213429889494250e+02 2.587509626643206673e+01
1.129410900000000026e+02 1.928609799999999908e+01 9.831939174499376577e+01 3.342300666093951378e+01
1.062109700000000032e+02 3.381889000000000145e+00 1.216016023599569849e+02 2.950579483205534714e+01
1.124240099999999956e+02 2.294134899999999888e+01 9.649101793775894009e+01 2.045637349071690636e+01
1.049325299999999999e+02 2.927804199999999923e+01 1.246459859989859495e+02 6.752068089623904257e+00
1.220030500000000018e+02 1.467741900000000044e+01 1.273775439448675826e+02 5.102602026168848504e+00
1.283420600000000036e+02 2.360160399999999825e+01 1.024950694279094847e+02 1.165579465813822857e+01
1.236907599999999974e+02 2.655348599999999948e+01 1.344897702124430907e+02 5.422436046735136017e+00
9.588267000000000451e+01 2.653397000000000006e+01 1.295531187764004812e+02 1.291054341305936104e-01
1.134066899999999976e+02 2.294010199999999955e+01 1.264234710891129509e+02 7.408337639311674216e+00
1.063702300000000065e+02 3.500151999999999930e+00 1.321390649716205985e+02 2.098056590977940772e+01
1.030680899999999980e+02 2.392125499999999860e+01 1.122418902173306492e+02 2.444987288492026067e+01
1.175428899999999999e+02 5.199050999999999867e+00 1.072622927273081501e+02 1.621044573271478839e+01
1.245154399999999981e+02 9.428326000000000207e+00 1.287972264462881071e+02 3.030484875665727174e+01
9.760130999999999801e+01 1.960865599999999986e+01 1.037047170972581682e+02 3.386929234937678501e+01
1.034284499999999980e+02 2.847408899999999932e+01 9.908136173309573280e+01 3.455008002106272613e+01
1.063641049999999950e+02 2.387164500000000089e+01 1.184917989894381947e+02 1.719085599752084192e+01
1.122994499999999931e+02 1.439847999999999928e+01 1.033250966208695729e+02 1.844694534936759389e+00
1.132039199999999965e+02 1.668616300000000052e+01 1.269415853292915131e+02 2.972596878574639589e+01
9.639709999999999468e+01 2.889318000000000097e+01 9.212083463113003745e+01 2.533354261876846536e+01
1.035757499999999993e+02 1.086949599999999982e+01 1.332259705047016212e+02 6.789160225620122446e+00
1.268019900000000035e+02 6.239142000000000188e+00 1.080180008566794925e+02 1.414113401132723524e+01
1.233764199999999960e+02 2.582111199999999940e+01 1.133387885831629518e+02 3.268270582782999156e+01
1.057207899999999938e+02 6.388937000000000310e+00 1.045177556258710183e+02 1.306321628088022280e+01
1.216885450000000048e+02 2.590928999999999860e+01 1.058927048835443685e+02 2.878005250396757475e+01
1.242767939999999953e+02 1.730797799999999853e+01 1.361054971751046594e+02 2.071168210117119157e-01
1.002487799999999964e+02 2.007811500000000038e+01 1.111854328185169294e+02 2.781190855580319621e+01
9.227543000000000006e+01 1.832281700000000058e+01 9.864899210860312451e+01 2.378096520026872085e+01
1.011063460000000021e+02 3.288495000000000346e+01 9.313880915538379668e+01 2.463361951248170456e+01
1.146770099999999957e+02 2.561444699999999841e+01 9.421283714434733270e+01 7.632549117333571331e+00
1.132784039999999948e+02 2.408719599999999872e+01 1.088314563831915365e+02 2.798526101871341609e+01
1.205477139999999991e+02 7.351634999999999920e+00 1.079769275398630555e+02 2.917894130593889468e+00
1.327581000000000131e+02 3.298633999999999844e+00 1.135495330245894650e+02 1.879282751605359891e+01
1.219884500000000003e+02 2.734084500000000162e+01 9.848951149242033409e+01 3.428975671589634544e+01
1.187546099999999996e+02 1.839382399999999862e+01 1.184125110532445433e+02 2.347961912189077793e+01
1.297554599999999994e+02 1.352958600000000011e+01 1.303178275634447232e+02 4.847380903985084366e+00
1.225821150000000017e+02 6.734340000000000437e+00 1.266555512772202405e+02 1.625241426965409275e+01
1.006129099999999994e+02 2.531807900000000089e+01 1.032896631938567822e+02 1.473503568809378450e+01
1.202024300000000068e+02 1.971341999999999928e+01 1.036190771630589040e+02 2.174556770425394348e+01
1.290396100000000104e+02 2.231170000000000098e-01 1.326827230002535032e+02 4.093703294043446128e+00
1.318405300000000011e+02 1.077468200000000031e+01 1.377812050898053826e+02 3.226716023304228287e+01
9.311654000000000053e+01 1.801235199999999992e+01 1.261778493355336650e+02 2.192482577645531450e+01
9.698529000000000622e+01 2.906835600000000142e+01 9.787591705966335098e+01 2.360963189458425981e-01
1.215120100000000036e+02 3.517780999999999825e+00 1.207211321074499040e+02 1.327122224965117958e+01
1.274334099999999950e+02 7.574142000000000152e+00 1.094441275930887798e+02 1.196149611515785338e+01
1.255558699999999988e+02 4.544313999999999965e+00 1.060638350616508490e+02 3.249240233896946961e+01
1.176570099999999996e+02 2.176196300000000150e+01 1.129014324655198749e+02 7.597436659649260626e+00
1.346369300000000067e+02 1.998772200000000154e+01 1.099061117806256220e+02 2.955195012112291408e+01
1.118623300000000000e+02 1.493086300000000044e+01 1.301436508837385304e+02 2.236425908060250123e+01
1.222486099999999993e+02 1.220074699999999979e+01 1.150783438566722197e+02 1.107618438251198434e+00
1.376184800000000052e+02 1.351674500000000023e+01 1.182888412830869811e+02 1.019497949310936313e+01
9.784082999999999686e+01 2.707178299999999993e+01 1.120843192537294897e+02 3.280868951925226895e+01
1.010540500000000037e+02 1.139439199999999985e+01 1.234077780878317583e+02 7.072395942765351329e+00
1.197753399999999999e+02 1.044808199999999943e+01 1.339730988256871456e+02 3.157990272578678415e+01
1.054755250000000046e+02 9.531067999999999429e+00 1.304257401117303630e+02 5.685085395641214845e+00
1.042555540000000036e+02 3.242892499999999956e+01 1.191253851932053607e+02 1.790807933947599295e+01
1.155710700000000060e+02 2.116927000000000092e+01 1.159570238719547035e+02 2.233856546874544335e+01
1.360389700000000062e+02 1.223838999999999899e+00 1.213779844220674420e+02 2.180260044464646185e+01
1.256887399999999957e+02 2.777485499999999874e+01 1.025355321513448246e+02 2.915124095293844775e+01
1.095793699999999973e+02 1.745886000000000049e+00 1.111445939245241732e+02 2.013211500194484671e+01
1.151021999999999963e+02 2.461723999999999890e+01 1.122906961736370590e+02 3.075869324742638966e+00
1.065015499999999946e+02 2.745592699999999908e+01 1.238766873380800462e+02 1.038682674194276068e+01
1.247264200000000045e+02 3.881044000000000160e+00 9.280933495888551477e+01 4.516257921051125557e+00
1.039746800000000064e+02 2.082602500000000134e+01 1.192527631967138859e+02 6.412368248686695082e-01
1.182651900000000040e+02 1.205452299999999966e+01 1.184724922553748030e+02 2.021682517437340465e+01
1.324789299999999912e+02 1.566821200000000047e+01 1.269031306515406499e+02 3.826835241122725328e+00
1.051628400000000028e+02 1.601568200000000175e+01 1.283177805034181063e+02 2.649832699286383431e+00
1.054833399999999983e+02 7.198695999999999984e+00 1.097855691366389976e+02 2.045730207867014272e+01
1.277506199999999978e+02 9.857113000000000014e+00 1.214728467650191419e+02 2.193967427256290392e+01
1.059683150000000040e+02 5.807024000000000186e+00 9.371816917322888685e+01 3.203804812542033886e+01
1.378613000000000000e+02 1.162365699999999968e+01 9.595778898524608280e+01 1.240855334808406596e+01
1.025873100000000022e+02 2.326261099999999971e+01 9.854088432425049859e+01 5.227991592297762224e+00
1.258230060000000066e+02 9.050392999999999688e+00 1.310735435770027948e+02 1.231637207339175699e-01
1.171391449999999992e+02 6.471200000000000563e-02 1.019548751384220253e+02 2.156059423939653286e+01
1.210841450000000066e+02 2.834050999999999831e+01 1.121520792698943580e+02 2.309835210171294761e+01
1.287667099999999891e+02 1.207068300000000072e+01 9.278658324597626006e+01 6.717383454288221145e+00
1.007264200000000045e+02 2.864308700000000130e+01 1.098058126377787715e+02 1.198789524706946175e+01
1.030110899999999958e+02 9.761288000000000409e+00 1.300198924292674292e+02 1.898417673462261845e+01
1.216711800000000068e+02 9.723228000000000648e+00 1.259367493436375582e+02 2.735961780150540434e+01
1.179629500000000064e+02 1.794520599999999888e+01 9.389639570496997578e+01 8.759042082591983469e-01
1.330287299999999959e+02 2.371058999999999806e+00 1.340136733873762296e+02 1.552956438265541017e+01
1.068862400000000008e+02 1.928219199999999844e+01 1.007423727583523601e+02 7.577890097532860914e+00
1.357156699999999887e+02 3.125895300000000177e+01 9.726154949654581117e+01 2.437894981764363145e+00
1.165654899999999969e+02 2.752542100000000147e+01 1.346619218517545846e+02 5.023412329545583255e+00
1.055583699999999965e+02 3.125904999999999845e+01 1.326466874197654136e+02 1.866988464307952000e+01
1.069558300000000060e+02 3.322021000000000157e+01 1.185268832067833813e+02 2.751338836081780670e+01
1.049807359999999932e+02 3.378130699999999820e+01 1.299182313005493938e+02 2.508721188832161886e+01
1.015065100000000058e+02 1.150659500000000079e+01 1.128138328242572612e+02 2.033692519722902148e+01
1.179488199999999978e+02 1.651808199999999971e+01 1.263978802128279995e+02 2.869854788364093778e+01
1.199050600000000060e+02 3.175273699999999977e+01 1.106506896519099854e+02 1.201077011862665689e+00
9.478686999999999330e+01 2.184519600000000139e+01 9.782808441075533779e+01 8.377621704514478296e+00
9.520380000000000109e+01 2.239091700000000174e+01 1.347290646429796652e+02 3.179141374783701934e+01
1.204624400000000009e+02 1.871413000000000082e+01 1.056626001650570998e+02 5.410307412868397670e+00
1.223935299999999984e+02 9.334908000000000428e+00 1.090096427510166563e+02 1.209696849045784361e+01
1.313619099999999946e+02 1.221780500000000025e+01 1.099124182300565309e+02 2.101088709608128724e+01
9.706763499999999567e+01 3.140763000000000105e+01 9.360061499390586448e+01 2.181719913323789228e+01
1.257966299999999933e+02 8.756054999999999922e+00 1.243866663691528061e+02 1.815644021131150865e+01
1.117835000000000036e+02 4.146894999999999776e+00 1.330583193449059820e+02 2.269744062842201870e+01
9.741317999999999699e+01 3.072950700000000168e+01 1.232035976615302530e+02 1.881928604470756028e+01
1.096538500000000056e+02 3.307865999999999929e+01 1.043521184412695106e+02 3.261742515917608110e+00
1.196812299999999993e+02 2.088022600000000040e+01 1.348251984840068758e+02 6.159640745219171265e+00
1.148437040000000025e+02 1.286086000000000062e+00 1.074442759754103491e+02 2.031583428691622473e+01
1.011674349999999976e+02 1.631124499999999955e+01 1.379018363399154055e+02 3.487195687063891825e+01
1.009996199999999931e+02 1.849940000000000140e+01 1.200083667408030124e+02 1.586816122730841805e+01
9.458802000000000021e+01 6.645486000000000004e+00 9.578336081344171760e+01 2.422522746031664198e+01
1.198410400000000067e+02 1.864373600000000053e+01 1.110775595291252955e+02 8.018487071949534695e+00
1.081673300000000069e+02 3.137665000000000148e+01 1.354704517803226338e+02 2.963517241368455846e+00
1.181156600000000054e+02 2.807990600000000114e+01 1.236891463383333303e+02 9.286563663749081599e+00
1.371736500000000092e+02 4.615216000000000207e+00 9.797062859985770444e+01 1.291215790316187118e+01
1.137061499999999938e+02 2.920176500000000175e+01 1.255895897948036293e+02 4.705458704682008442e-01
1.131622399999999971e+02 1.624390599999999907e+01 9.487436793856477379e+01 2.779478487335346415e+01
1.078126500000000050e+02 2.074755499999999842e+01 1.031070764441835337e+02 1.218272498214219901e+01
1.024364300000000014e+02 2.697588299999999961e+01 1.251457559481122814e+02 5.033175715420330043e+00
9.897129999999999939e+01 1.955711399999999855e+01 1.157807168845816221e+02 8.076974792023572380e-01
1.087744299999999953e+02 9.552899999999999725e-01 1.073307308964038924e+02 1.265671971957207376e+00
1.104587499999999949e+02 2.348718999999999824e+01 1.202689032161588898e+02 2.724612375837861222e+01
9.567327000000000226e+01 3.478048299999999671e+01 9.907285965858612542e+01 1.403987127679709701e+01
1.077591400000000021e+02 1.810984399999999894e+01 1.327456272172986473e+02 2.521950870872725048e+01
9.288236999999999455e+01 2.260556000000000054e+01 1.205058532999613874e+02 3.316291538537380745e+01
1.372423000000000002e+02 1.840880000000000072e+00 1.264756848868777013e+02 1.270414617780155631e+01
1.065325299999999942e+02 7.733226000000000155e+00 1.024623199658811075e+02 3.199589696036864694e+01
1.022638800000000003e+02 3.262707999999999942e+01 9.956091471848010599e+01 3.089058516977554092e+01
1.252135240000000067e+02 1.563707699999999967e+01 9.982825400722025222e+01 2.128953505747382291e+00
9.836787400000000048e+01 1.882612400000000008e+01 1.317698586882921461e+02 1.221634130916398497e+01
1.271800499999999943e+02 1.194703699999999991e+01 1.142677087330134498e+02 3.093051247494582867e+01
9.889706999999999937e+01 1.656511100000000170e+01 1.292571240208512222e+02 1.402457545868635158e+01
1.346648600000000044e+02 1.416948599999999914e+01 9.831586500927305394e+01 4.454907162768257045e+00
1.356722699999999975e+02 1.789586800000000011e+01 1.373428431481502230e+02 1.967137719580129129e+01
1.039534699999999958e+02 1.194015500000000074e+01 1.323634961291792536e+02 1.878198853286578895e+01
1.285425299999999993e+02 2.874658000000000158e+01 1.019409178991637219e+02 6.378442348429738118e+00
9.649259000000000697e+01 3.411601999999999890e+01 1.283709450351361170e+02 4.909024967701697273e-01
1.057155460000000033e+02 7.953406000000000198e+00 9.663111468250141911e+01 9.248662902364864991e+00
1.217125499999999931e+02 1.215416100000000021e+01 1.236395448308042830e+02 9.049382611643421725e+00
1.142837099999999992e+02 1.745475199999999916e+01 1.093707514245636219e+02 1.597995103486379875e+01
1.362104300000000023e+02 3.216197000000000195e+00 1.275937023805484216e+02 3.473926639266914407e+01
1.133071060000000045e+02 3.074285100000000170e+01 1.355254861693938153e+02 2.448110814274571467e+01
1.275943299999999994e+02 9.779089000000000809e+00 1.072037029416508460e+02 9.239195182812661500e+00
1.073580860000000001e+02 5.845627000000000351e+00 1.034428899466415572e+02 4.805600936852440164e+00
1.208341900000000066e+02 1.204352800000000023e+01 1.019752137189379937e+02 1.993503867023512655e+01
1.274986999999999995e+02 1.990880800000000050e+01 1.285628695957686318e+02 6.882323957138217985e+00
1.183045350000000013e+02 1.970592500000000058e+01 1.310447144979106326e+02 3.090739444904258804e+01
1.124594649999999945e+02 2.773611800000000116e+01 9.841754834614944514e+01 4.162137203364894233e+00
1.125423660000000012e+02 2.072739999999999938e+01 1.012386330216797887e+02 1.052174169533848769e+01
1.180546499999999952e+02 5.906247999999999720e+00 1.063366836120406447e+02 7.736994700211948128e+00
1.377720300000000009e+02 1.174125100000000010e+01 9.262754100336644569e+01 4.213553102834684871e+00
1.349340400000000102e+02 1.608970000000000056e+01 1.039149208810510459e+02 2.474743436132543550e+01
1.131231460000000055e+02 2.764571000000000112e+00 1.002102553039585757e+02 4.988473199127237301e+00
1.084333400000000012e+02 2.538845399999999941e+01 1.284505801186178076e+02 1.147677020526402458e+01
1.108996999999999957e+02 3.483259000000000327e+01 1.204684212825316791e+02 5.961029028617062409e+00
1.215447099999999949e+02 1.486668399999999934e+01 1.265989993591059886e+02 2.827834219599437304e+01
9.686450000000000671e+01 3.287660000000000338e+01 1.268210671787929869e+02 2.055083488343090536e+01
1.150381200000000064e+02 7.768379999999999619e+00 1.254783549492715196e+02 2.468453452613514187e+01
1.006493899999999968e+02 1.672829600000000028e+01 1.055353563993146082e+02 1.954239304258866028e+01
1.141925499999999971e+02 2.823162999999999911e+01 1.176459885289534668e+02 2.312087063452201008e+01
1.064823149999999998e+02 3.252676000000000123e+00 1.136164727745960192e+02 2.873002862599721396e+01
9.844208500000000583e+01 2.976761600000000030e+01 1.324637042173172006e+02 1.363182840479519875e+01
1.231597299999999962e+02 7.689467999999999748e+00 1.296878988572812545e+02 1.528030280264149710e+01
1.282913200000000131e+02 3.539490000000000136e-01 1.267481129274273712e+02 3.199867842051326861e+01
1.117416840000000064e+02 2.507232999999999823e+00 1.003958405745506894e+02 8.195897591086932721e+00
1.091047099999999972e+02 1.614342999999999861e+01 9.400456389684950409e+01 1.750468845846627275e+01
1.349417400000000100e+02 3.249795499999999748e+01 1.375006882298309279e+02 3.091083109136281593e+01
9.996817000000000064e+01 2.509249700000000161e+01 1.063579997037097229e+02 1.825954785503232358e+01
1.250190400000000039e+02 1.223044999999999938e+01 9.528236076022862733e+01 2.664777868402153516e+01
1.102383499999999970e+02 1.642134899999999931e+01 1.137663066431353798e+02 1.389587806377510226e+01
1.369524999999999864e+02 1.756889699999999976e+01 9.738440097925590067e+01 2.543085580072797569e+01
1.294410000000000025e+02 2.921653200000000083e+01 1.004053586043553281e+02 3.000461348697261776e+00
1.005400199999999984e+02 2.888115300000000119e+01 1.112189911360853500e+02 4.191095054087179861e+00
1.294016699999999958e+02 5.396980000000000111e-01 9.768433043028882423e+01 2.595457746633103113e+01
