1.175967899999999986e+02 3.310830700000000348e+01 9.766316096810570002e+01 1.455360900286425974e+01
1.148329200000000014e+02 2.281423799999999957e+01 1.148816563224091141e+02 1.580570896834921868e+01
1.295191499999999962e+02 3.220691300000000012e+01 1.355702924688129087e+02 6.293111427759528809e+00
1.219884500000000003e+02 2.734084500000000162e+01 1.310449023487285558e+02 3.176229306316898615e+01
1.241735800000000012e+02 1.073339700000000008e+01 9.917458253230481091e+01 1.210438850930843468e+00
1.093217539999999985e+02 1.300310099999999913e+01 1.059451678087072537e+02 1.712264339693322412e+01
1.231785699999999935e+02 1.163075599999999987e+01 1.313732811253325963e+02 1.553273512939460410e+01
1.308442000000000007e+02 8.125244999999999607e+00 1.109177292362041385e+02 1.552531565598079233e+01
9.686450000000000671e+01 3.287660000000000338e+01 1.373112404908190456e+02 3.053665088436200037e+01
1.005264739999999932e+02 1.630819999999999936e+01 1.320735677933082570e+02 1.823508958687179415e+01
9.996817000000000064e+01 2.509249700000000161e+01 9.800663226559056795e+01 2.994151020248451189e+01
1.214991760000000056e+02 1.366147199999999984e+01 1.106651362841970752e+02 8.900700877817055101e+00
1.230443949999999944e+02 4.896641999999999939e+00 1.000958157616634452e+02 3.444397800162845158e+01
1.195968249999999955e+02 1.992211299999999952e+01 9.321870468746722338e+01 3.198971702131385442e+01
1.245154399999999981e+02 9.428326000000000207e+00 1.262436386770908712e+02 1.853563266200813686e+01
1.035757499999999993e+02 1.086949599999999982e+01 1.172743799853967204e+02 9.936649668707463690e+00
1.293635400000000004e+02 1.894171000000000049e+00 1.325851543007463249e+02 1.418982274465320081e+01
1.132667699999999940e+02 2.412417599999999851e+01 1.129499836394424932e+02 3.359382977896125055e+01
1.376754999999999995e+02 1.454145600000000016e+01 1.265880282723749986e+02 2.805960701200621443e+01
1.191146099999999990e+02 1.880997299999999939e+01 1.096811764297237914e+02 2.311209988211396293e+01
1.167593700000000041e+02 2.162810899999999847e+01 1.265081110648066556e+02 1.600811252882007985e+00
1.265958100000000002e+02 2.633954999999999913e+01 1.293840567136944344e+02 1.568800639280835796e+00
1.115640259999999984e+02 1.853575000000000017e+01 1.341151866778549504e+02 1.068905256448056118e+00
1.056335140000000052e+02 2.491520699999999877e+01 1.341158445086715858e+02 7.511423303236174576e+00
1.052273249999999933e+02 1.942294899999999913e+01 1.171418949162505214e+02 1.594711991055108857e-01
1.130484199999999930e+02 2.044042800000000071e+01 9.200137697063948394e+01 2.134137345741724090e+01
1.031240300000000047e+02 2.424801599999999979e+01 1.377277451207442596e+02 2.210244762181524081e+01
1.294410000000000025e+02 2.921653200000000083e+01 1.331212268931747928e+02 1.212036138991466228e+00
1.135725199999999973e+02 1.487359700000000018e+01 1.058188007203973342e+02 7.240204091016662957e+00
1.211231700000000018e+02 5.250886000000000386e+00 1.330930808288109688e+02 3.435276653349908571e+01
1.222486099999999993e+02 1.220074699999999979e+01 9.616072229865143584e+01 2.518026016294074410e+01
1.117835000000000036e+02 4.146894999999999776e+00 1.149723532286900820e+02 2.569834759274800362e+01
1.237547799999999967e+02 1.402938000000000018e+00 1.026951776937833500e+02 2.578575665893065505e+01
1.065282440000000008e+02 1.715186000000000099e+00 1.184284073818336367e+02 3.456545188896299692e+01
1.365753499999999860e+02 3.356936300000000273e+01 1.004986495818121455e+02 1.086611917311886977e+01
1.158468500000000034e+02 2.654724699999999871e+01 1.326599576685821376e+02 3.254324430146340319e+01
1.056286400000000043e+02 2.796617300000000128e+01 1.008746845465315118e+02 7.284205912495368196e+00
1.179452600000000047e+02 3.413794299999999993e+01 9.357810281161512478e+01 5.859540429013595286e+00
1.114416300000000035e+02 1.862790100000000137e+01 1.167095234067398053e+02 4.622283590558329269e-01
1.120615540000000010e+02 2.049053999999999931e+01 1.268646804425661117e+02 9.403516746133000481e+00
1.252556299999999965e+02 7.355453999999999937e+00 1.151230388657914574e+02 2.445813632536794913e+01
1.287118000000000109e+02 8.186422000000000310e+00 9.259118748511751562e+01 8.468463905537719327e+00
1.205864299999999929e+02 8.516370000000000218e+00 1.167847738061526144e+02 1.094139122139533349e+01
1.286794999999999902e+02 1.162912799999999969e+01 1.221817861139181218e+02 3.469888445699595536e+00
1.080927049999999952e+02 1.663354700000000008e+01 1.263749426624195564e+02 9.205102072725447115e+00
1.078603300000000047e+02 3.205924000000000262e+01 1.117745294031706322e+02 3.007840142887590495e+00
1.140009500000000031e+02 2.463463799999999893e+01 1.189339891478197444e+02 1.606986665482986609e+01
1.216711800000000068e+02 9.723228000000000648e+00 1.357913603074639468e+02 2.130314420206513404e+01
1.291601900000000001e+02 1.209166300000000049e+01 1.092791588633163542e+02 2.880317841756028940e+01
1.233079199999999958e+02 7.494034000000000084e+00 1.357293384481212399e+02 2.001049037387929630e+01
9.908189000000000135e+01 3.429287999999999670e+01 1.122672952313722305e+02 3.432641053417732735e+00
1.084680560000000042e+02 1.681018399999999957e+01 1.265481351327776025e+02 1.623052238576724093e+01
1.004969799999999935e+02 2.176606200000000158e+01 9.496663853051150284e+01 2.488181386781306159e+01
9.918323499999999626e+01 1.574674699999999916e+01 1.062551500509100038e+02 2.939592467266355058e+01
1.009060400000000044e+02 2.837463199999999830e+01 1.220960226718401884e+02 3.339239034325613176e+01
1.099067840000000018e+02 1.686253999999999920e+01 9.516348415181438725e+01 8.184687194045606518e+00
1.009766800000000018e+02 1.603761899999999940e+01 9.360689466738689646e+01 4.881815910229458488e+00
1.287615499999999997e+02 1.689361399999999946e+01 1.010793109822708828e+02 2.533669035463082864e+00
1.363225999999999942e+02 2.142673699999999926e+01 1.266717182839642533e+02 1.632666257675967003e+01
1.333230000000000075e+02 1.215278799999999926e+01 1.355801961437149430e+02 1.584438711810876033e-01
1.130060650000000066e+02 2.550459999999999994e+01 1.239825456065063491e+02 3.123109073824333137e+01
9.286606600000000356e+01 6.433735999999999677e+00 1.256434109272844495e+02 1.830701981152244429e+01
1.234565599999999961e+02 1.023036199999999951e+01 1.216752538782858437e+02 2.472789402321892638e+01
1.261416849999999954e+02 2.764416500000000099e+01 9.828325257668554116e+01 6.998289365440894194e+00
1.086584299999999956e+02 1.116496899999999926e+01 1.080065688042081149e+02 1.917976042998178698e+01
1.236907599999999974e+02 2.655348599999999948e+01 1.158309043003993821e+02 5.969948092628205139e+00
1.204545700000000039e+02 7.107947000000000237e+00 1.081131563495262640e+02 1.926694280715545204e+01
1.340509999999999877e+02 2.624378400000000156e+01 1.151839799698816051e+02 1.715744223699346982e+00
1.176774800000000027e+02 2.114383099999999871e+01 1.056767337691272672e+02 2.275621875619344081e+01
1.252135240000000067e+02 1.563707699999999967e+01 1.190985151692313053e+02 1.097716733773662057e+01
9.963335999999999615e+01 3.011660600000000088e+01 1.213701119767644911e+02 9.203627859102669007e+00
1.363643999999999892e+02 1.274971000000000032e+01 1.187719248845017432e+02 1.808694598828715883e+01
1.365897199999999998e+02 8.289113999999999649e+00 1.185238581042878536e+02 2.744289405808961746e+01
9.369768000000000541e+01 1.855701600000000084e+01 1.028199553751121584e+02 1.463742554454146827e+01
1.147561599999999942e+02 1.838597100000000140e+01 1.158685391812448700e+02 3.084320170298537533e+01
1.364772499999999980e+02 2.120343999999999784e+00 1.105986588215925224e+02 4.946917108272200991e+00
9.755183399999999949e+01 3.184772999999999854e+01 1.334461097560204337e+02 2.647651404300220079e+01
1.193820400000000035e+02 7.351111999999999647e+00 1.062771311982166935e+02 1.100426849228887782e+01
1.124703750000000042e+02 1.702895499999999984e+01 1.018472579288932280e+02 2.566016612330119528e+01
9.689548999999999523e+01 3.139643900000000087e+01 1.220806839669791515e+02 2.686565386579274417e+01
1.066970400000000012e+02 2.854751200000000111e+01 9.776953856283165578e+01 3.007701337184895962e+01
1.171505300000000034e+02 2.386019699999999943e+01 1.325894590206709438e+02 2.677277517222626457e+01
1.090715200000000067e+02 1.751669499999999857e+01 9.247081777055829832e+01 3.025655376742225044e+01
1.015857799999999997e+02 1.553561999999999976e+01 1.024594371125287182e+02 1.957777802592773853e+01
1.217480850000000032e+02 1.688053000000000026e+00 1.244065258973445651e+02 2.275907574247352017e+01
1.344940300000000093e+02 7.012902999999999665e+00 9.549201632198624168e+01 2.462654256678992226e+01
1.219842399999999998e+02 1.118587100000000056e+01 1.286874518488639296e+02 9.626881013117980501e+00
1.224305650000000014e+02 1.482882700000000042e+01 1.039308008607616074e+02 1.936473155634286769e+01
1.152771500000000060e+02 4.479098999999999720e+00 1.119576314298473250e+02 4.789295938966894539e+00
1.148805399999999963e+02 1.808004999999999995e+01 9.887527184434834737e+01 2.141406137733516957e+01
1.343265800000000070e+02 3.472433000000000192e+01 1.220086805446669302e+02 7.882877537196824491e+00
1.230953449999999947e+02 4.679204000000000363e+00 1.002231374722144750e+02 1.693128188750170793e+01
1.034284499999999980e+02 2.847408899999999932e+01 9.360664151870206240e+01 2.910698371626416403e+01
1.066582599999999985e+02 2.877814700000000059e+01 9.226296066478023761e+01 2.982686385412945640e+01
1.086714099999999945e+02 1.278264599999999973e+01 1.071559755720793419e+02 1.699383194172864009e+01
1.240659799999999962e+02 7.754509999999999792e+00 1.261289767804690030e+02 2.364157444905278638e+01
9.868321000000000254e+01 2.970345299999999966e+01 1.301996577006694906e+02 9.459983447105102528e-01
1.260793199999999956e+02 1.507600200000000079e+01 1.279307828207372069e+02 1.512243088463304019e+01
1.180998459999999994e+02 1.284827399999999997e+01 1.265732929836646861e+02 7.117994043102195079e+00
1.281042500000000075e+02 1.263489599999999946e+01 1.177838407563519922e+02 2.489824489946914632e+00
9.462124000000000024e+01 2.250560199999999966e+01 1.049613683609659489e+02 8.324773467459365861e+00
1.293298800000000028e+02 7.388890000000000180e-01 9.524776207619530055e+01 1.877440037874374923e+01
9.713448999999999955e+01 2.390841500000000153e+01 1.014750733659969768e+02 3.803684867705683814e+00
9.234408600000000433e+01 1.566721100000000000e+01 1.034565704066557004e+02 2.564141396957201735e+01
1.233091349999999977e+02 7.443515999999999799e+00 1.232385925869009213e+02 1.465560720843996911e+01
1.144742360000000048e+02 2.767989000000000033e+01 1.142559608215166946e+02 3.340169386802000417e+01
1.106924300000000017e+02 8.721729999999999761e-01 1.219267130841107303e+02 3.292898230681867489e+00
1.344861300000000028e+02 1.449819800000000036e+01 1.011663539084615451e+02 2.635886099449813003e+01
1.287149499999999875e+02 8.613853000000000648e+00 9.747183708626654663e+01 2.319806442961610315e+00
1.009878700000000009e+02 1.558966700000000039e+01 1.024956207456805828e+02 9.624568196514577068e+00
1.213953300000000013e+02 5.272655000000000314e+00 1.357203437827776895e+02 7.407087475361445961e+00
1.369361299999999915e+02 1.332057299999999955e+01 1.030478045340031201e+02 1.106179556336431347e+01
1.181860400000000055e+02 2.456443600000000060e+01 1.279519070284037952e+02 3.051457260583201325e+00
1.175795600000000007e+02 5.611371000000000109e+00 1.007538825094062958e+02 1.958079906398779269e+00
1.305737499999999898e+02 2.831986999999999810e+00 1.177588225840809883e+02 2.891151642731517768e+01
9.877991500000000258e+01 1.703118500000000068e+01 1.266345805630541719e+02 5.152709408166852967e+00
1.091274599999999992e+02 2.936315300000000050e+01 1.333009281571953863e+02 7.568070054699093774e+00
1.006978600000000057e+02 1.544444200000000045e+01 1.254493169481056469e+02 2.647407123239254645e+01
1.358911999999999978e+02 3.048414999999999875e+00 1.119806589858714005e+02 2.363962874878271592e+01
9.786359400000000619e+01 2.648629000000000033e+01 1.192048246091686252e+02 4.922321203156045044e+00
1.222112300000000005e+02 1.084067199999999964e+01 1.167777709836437765e+02 7.077933960659202661e+00
1.203130950000000041e+02 1.544907599999999981e+01 1.303689905061210936e+02 2.808960995290698293e+01
1.262585600000000028e+02 1.632781999999999956e+00 1.158452772993658613e+02 1.278778325909649993e+01
1.378785100000000057e+02 1.122782400000000003e+01 1.074757396599901540e+02 2.838565074929050880e+01
1.352128999999999905e+02 5.011090000000000266e+00 1.086002616614491956e+02 1.879959621723007457e+00
1.109553400000000067e+02 1.066729000000000038e+00 1.358060407214484258e+02 3.221918051055254040e+01
9.579921000000000220e+01 1.503351199999999999e+01 1.367907007315299950e+02 2.503520826587024928e+01
9.954317000000000348e+01 2.821960599999999886e+01 1.184625215746143567e+02 1.082590584938413869e+00
1.020639400000000023e+02 1.681472199999999972e+01 1.325372166432834433e+02 1.068690521883784328e+01
1.015794000000000068e+02 7.872015000000000207e+00 9.760799483679619470e+01 2.779582282432258822e+01
1.085241099999999932e+02 2.678840999999999894e+01 1.145380375082528985e+02 1.843943084497653473e+01
1.358086700000000064e+02 1.854602399999999918e+01 1.117477891105577612e+02 3.378456809316140408e+01
1.250190400000000039e+02 1.223044999999999938e+01 1.262643825373021969e+02 4.195070990479952577e+00
1.121307599999999951e+02 2.552255800000000008e+01 1.267426950617699504e+02 3.458238855084124985e+00
1.015828300000000013e+02 3.012794999999999845e+01 1.298244061109066934e+02 2.564034123039012059e+01
1.339961700000000064e+02 3.438096600000000080e+01 1.283657165642865721e+02 1.918305021880273387e+01
1.060799499999999966e+02 9.110470000000000512e-01 1.277449682487268490e+02 2.630616740752200400e+01
1.063705499999999944e+02 2.535100999999999871e+01 1.350756710421227069e+02 8.252091243568308698e+00
9.981167000000000655e+01 2.547162799999999905e+01 1.011389850371998875e+02 1.513579099427742047e+00
1.353319700000000125e+02 1.899710500000000124e+01 9.227686505212260215e+01 2.861457679645524976e+01
1.213336639999999989e+02 1.455452499999999993e+01 1.108394771054533976e+02 1.178057431995311255e+01
1.078109199999999959e+02 3.159997999999999863e+01 9.561862426831399375e+01 2.338443122983277789e+01
1.015848000000000013e+02 2.689655000000000129e+01 1.337380894724339271e+02 3.310571732016295954e+01
1.003582999999999998e+02 2.007404500000000169e+01 1.173200839692267436e+02 2.910917407640787857e+01
1.246537699999999944e+02 1.549389700000000047e+01 1.326053097173197273e+02 3.221765584236113256e+01
1.218649499999999932e+02 3.051391999999999882e+01 1.057942343643280907e+02 9.647743750619296677e+00
1.017952350000000052e+02 1.828858599999999868e+01 1.334298341457690924e+02 3.086558603717934446e+01
1.121058799999999991e+02 5.483360000000000456e-01 1.154768347947960194e+02 3.237121123976238835e+01
1.205464199999999977e+02 1.931105200000000011e+01 1.031994555409830525e+02 2.052424390571752966e+01
1.252033899999999988e+02 9.675684000000000395e+00 1.320893885291714867e+02 1.248281736442128498e+01
1.301707000000000107e+02 5.522420000000000107e-01 1.073859329641205420e+02 2.258856664325929131e+01
1.205367660000000001e+02 1.833390400000000042e+01 1.055006620215485356e+02 3.155854141251636591e+01
1.118623300000000000e+02 1.493086300000000044e+01 1.232206099651896523e+02 2.000939558071507918e+01
1.172721250000000026e+02 1.818978299999999848e+01 1.075495063376079656e+02 1.237998413086442007e+01
1.286751700000000085e+02 8.353201000000000320e+00 1.078025101373391976e+02 1.864606631894799804e+01
1.352699100000000101e+02 1.797872999999999877e+01 1.000733098434874648e+02 3.077675826827354300e+01
1.063831100000000021e+02 8.929643999999999693e+00 1.186492804886327690e+02 3.267832190862354480e+01
1.176570099999999996e+02 2.176196300000000150e+01 1.181624418993414167e+02 2.393041394648654219e+01
1.064715499999999935e+02 3.050993000000000066e+00 1.094939070808106720e+02 2.053401905757410617e+01
9.922207000000000221e+01 4.366456999999999589e+00 1.365886591573114117e+02 1.053905900810625074e+00
1.179629500000000064e+02 1.794520599999999888e+01 1.240792519500998026e+02 1.406252706674566966e+01
1.245766100000000023e+02 8.309366000000000696e+00 1.218103492070785308e+02 1.939502315619973061e+01
1.033886799999999937e+02 2.024487500000000040e+01 1.346020361330545825e+02 2.477241818412724328e+01
1.033311999999999955e+02 8.036189999999999500e+00 1.272614785551774901e+02 5.210295690565124538e+00
1.262777600000000007e+02 1.555640400000000056e+01 9.414756842630940525e+01 3.426811380764004866e+01
9.808326999999999884e+01 2.820190200000000047e+01 1.306891397192705426e+02 2.586362890494815048e+01
9.765413999999999817e+01 2.677711499999999845e+01 1.205538562074137587e+02 3.448459223264361384e+01
1.262176500000000061e+02 1.077972399999999986e+01 1.338278018263854960e+02 1.562638448181471773e+01
1.320785700000000134e+02 1.136370800000000081e+01 9.562730757295047113e+01 1.000879963925101102e+01
1.273195599999999956e+02 1.021326400000000056e+01 9.711597709528777500e+01 3.763613391512901529e+00
1.164053499999999985e+02 1.685597999999999885e+01 1.000536685497103377e+02 2.800389996665742842e+00
9.639709999999999468e+01 2.889318000000000097e+01 1.005475734407943662e+02 3.163529920018134334e+01
1.055944099999999963e+02 1.730002199999999846e+01 9.314739439265922272e+01 3.362548903525340194e+01
1.207382000000000062e+02 1.915753600000000034e+01 1.309266789073344910e+02 1.374756112334187996e+01
1.099410100000000057e+02 2.527390700000000123e+01 1.155903041377290208e+02 2.755457346167795052e+01
1.065728000000000009e+02 5.804099999999999815e-01 1.192732690955877217e+02 4.945771895364123871e+00
9.605414600000000291e+01 3.418947000000000003e+01 1.227142402002678239e+02 2.239807830344816253e+01
1.259750059999999934e+02 8.296856999999999260e+00 9.768477441746522061e+01 2.849112030367558290e+01
1.198547059999999931e+02 7.232410999999999923e+00 1.140409480343627848e+02 8.691833603156952748e+00
1.286587700000000041e+02 1.192577099999999923e+01 1.241588771970082092e+02 1.998446437209636173e+01
9.954652400000000512e+01 2.725922600000000173e+01 9.367206281050644634e+01 6.815069006559822284e+00
1.036124999999999972e+02 3.156100700000000003e+01 1.107384654357665141e+02 7.150623975719115677e+00
1.320423000000000116e+02 1.426623200000000047e+01 9.669098294021212325e+01 5.474490673210151925e+00
1.257966299999999933e+02 8.756054999999999922e+00 1.184559738156728628e+02 1.607916014572482055e+01
1.276148699999999963e+02 1.206080700000000050e+01 1.167127554574314274e+02 1.957523324171856771e+01
1.188802900000000022e+02 7.100107000000000390e+00 9.462614128636710120e+01 2.725908792473146036e+01
1.180108199999999954e+02 1.392753899999999945e+01 9.860634709979954948e+01 1.847029893316799454e+00
1.098299099999999981e+02 2.569585199999999858e+01 1.157057118258663877e+02 1.944920463126927146e+01
1.234837399999999974e+02 2.555160000000000209e-01 1.271415023358246259e+02 3.831761301507886408e+00
9.893878999999999735e+01 2.680315399999999926e+01 1.076412568821857434e+02 1.856831416693674086e+01
1.105124739999999974e+02 2.767481799999999836e+01 1.366886792837943290e+02 1.751432765046072149e+00
1.117770399999999995e+02 2.602037199999999828e+01 9.459141061990516164e+01 3.016907386520196255e+01
1.265867599999999982e+02 2.725253899999999874e+01 1.013016356840193311e+02 2.428813751089464645e+01
1.181643140000000045e+02 2.271122000000000085e+01 1.001189567576903556e+02 4.353880504219770353e-01
1.153960299999999961e+02 3.187136999999999887e+01 1.266877286240425633e+02 7.066805405818405994e+00
1.248270700000000062e+02 4.432827999999999768e+00 1.297721247925349530e+02 3.446197851330000361e+01
1.209513000000000034e+02 1.574554299999999962e+01 1.144972549002934272e+02 1.792276268267891481e+01
9.492020999999999731e+01 2.098355700000000112e+01 1.364149049914597072e+02 1.732172631038499588e+01
1.194070700000000045e+02 1.974189399999999850e+01 1.203102203783379878e+02 9.321482424988417392e+00
1.193644560000000041e+02 2.596516599999999997e+01 1.364482870683109468e+02 2.759431913641456013e+00
1.217343299999999999e+02 1.486597700000000088e+01 1.037437155233014607e+02 6.983849878932445243e+00
1.134364199999999983e+02 3.037878600000000162e+01 9.640718861214477897e+01 7.461103300309611441e+00
1.101968499999999977e+02 2.375801699999999883e+01 1.077506487609558548e+02 2.037792972397051372e+01
9.793104999999999905e+01 2.979559499999999872e+01 1.265466208812953823e+02 1.207824505658305903e+01
9.897129999999999939e+01 1.955711399999999855e+01 1.369396764494410093e+02 2.766764179727802997e+01
1.299641100000000051e+02 1.389185499999999962e+01 1.158388900124355985e+02 1.325581042407855392e+01
1.206926299999999941e+02 6.446999999999999953e-02 1.154904048701376382e+02 3.499389668612431592e+01
1.068494100000000060e+02 1.800854100000000102e+01 9.260164700036874308e+01 3.351194309677013194e+01
1.286900599999999883e+02 1.486477799999999938e+01 1.014487106160589747e+02 1.894264756509483405e+01
1.058196200000000005e+02 1.893849399999999861e+01 1.333491464649516729e+02 4.828220537376134658e+00
1.274334099999999950e+02 7.574142000000000152e+00 1.182645138023129618e+02 8.080078828897996335e-02
1.171555249999999972e+02 2.330280700000000138e+01 1.199170176276626734e+02 2.578969105825849084e+01
1.268019900000000035e+02 6.239142000000000188e+00 1.342593897430217282e+02 1.899008953993630300e+01
1.054926999999999992e+02 8.352017999999999276e+00 1.208125805765889282e+02 2.454727455415116921e+01
1.198241399999999999e+02 4.847177000000000291e+00 9.538500540077498613e+01 9.423780573460883048e+00
1.058240600000000029e+02 1.711543800000000104e+01 1.278965923910874523e+02 2.275705657795087689e+01
1.367237700000000018e+02 5.390139999999999931e-01 9.216020846309288572e+01 2.637315943305144117e+01
1.067415100000000052e+02 2.775080900000000028e+01 1.342413670539717145e+02 2.808252019916606912e+01
1.344432400000000030e+02 7.931499999999999773e+00 1.006587215304489433e+02 1.974167544312823708e+01
1.040978850000000051e+02 1.695514100000000113e+01 1.231412299196196614e+02 1.632572654784641486e+01
1.371154999999999973e+02 4.333319999999999950e-01 1.209268751159044086e+02 3.336493793090367177e+01
1.290645299999999907e+02 1.239838499999999932e+01 1.045490517264270380e+02 3.194667767781521661e+01
1.208478199999999987e+02 2.691405000000000047e+00 1.081710708428185939e+02 7.565925534402941466e+00
1.286027200000000050e+02 8.726665000000000560e+00 1.274291083630510570e+02 2.015067942857210426e+01
1.172544599999999946e+02 4.492557999999999829e+00 1.283313200393894533e+02 6.710048322736885673e+00
1.239107999999999947e+02 6.146923000000000137e+00 9.914079387802775045e+01 2.349352780538265861e+01
1.118961000000000041e+02 1.561135900000000021e+01 1.001046509553601283e+02 1.034755588428952144e+01
1.159619799999999969e+02 3.274969500000000266e+01 1.264952221958480720e+02 7.852671071007943482e+00
1.231007100000000065e+02 2.744201500000000138e+01 1.088427447329273150e+02 2.289452714627415020e+01
1.134188099999999935e+02 1.023753300000000088e+01 1.276661400362371808e+02 4.260232561949154118e+00
1.123588600000000071e+02 5.283899999999999708e-02 1.021694674444402722e+02 2.213998006391380358e+01
1.189205999999999932e+02 1.653125000000000000e+01 9.622409045188739185e+01 3.309528238126277699e+01
1.130173300000000012e+02 1.738992299999999958e+01 1.256758562177145677e+02 3.306117141306151552e+01
1.202836599999999976e+02 1.236480500000000049e+01 9.813983145139133057e+01 1.396568876945533866e+01
1.312442299999999875e+02 1.030026800000000087e+01 1.103509952985704530e+02 2.910591228894359261e+01
9.395832000000000050e+01 5.743917999999999857e+00 1.288897967239274465e+02 3.241073787541136397e+01
1.211047800000000052e+02 2.653878999999999877e+01 9.557513264633240624e+01 1.422805341753694286e+01
1.285522300000000087e+02 3.419751999999999903e+00 1.012789336921261167e+02 3.051909377190788675e+01
1.178697700000000026e+02 2.086379200000000012e+01 1.120958668624037102e+02 2.565745615884410924e+01
1.242183150000000040e+02 2.629088000000000136e+01 1.197740586900522715e+02 9.120898778566481013e+00
1.181806899999999985e+02 1.782495300000000071e+01 1.020410026465176543e+02 2.810097113894833498e+01
1.182972699999999975e+02 1.483025899999999986e+01 9.250572939867970490e+01 3.221524841248749027e+01
1.100269849999999963e+02 1.782430499999999896e+01 1.182609901321150545e+02 1.846090227172602027e+01
1.122994499999999931e+02 1.439847999999999928e+01 9.295769373009225944e+01 1.355635587877385362e+01
1.134008259999999950e+02 2.899073999999999884e+01 9.329898860447499942e+01 6.862321568114245096e+00
9.910477000000000203e+01 2.538836900000000085e+01 9.482562674497992816e+01 2.878147673285766572e+01
1.225821150000000017e+02 6.734340000000000437e+00 1.303528378887565964e+02 9.649004918413927712e+00
1.236492400000000060e+02 8.307256999999999891e+00 9.395082830342155944e+01 8.409181080206273862e-02
1.117162550000000039e+02 2.099041700000000077e+01 1.244155856211430091e+02 9.308147444124838188e+00
1.228618239999999986e+02 3.672254999999999825e+00 1.030073439523739012e+02 1.427696368555974704e+00
1.092710799999999978e+02 1.336278599999999983e+01 1.265408042740231309e+02 9.832366297795841703e+00
1.211260759999999976e+02 1.171536500000000025e+01 1.087284934851935247e+02 2.011238088962059578e+01
1.286662800000000004e+02 5.189660000000000384e-01 1.165416508587624236e+02 3.160313752623871153e+01
1.240121900000000039e+02 1.423227999999999938e+00 1.290528709105299754e+02 1.263331494709497704e+01
1.288786599999999964e+02 1.183304700000000054e+01 1.182722974883096185e+02 7.174040945364625443e+00
1.091388699999999972e+02 1.284375499999999981e+01 1.049161846040304056e+02 3.413208453223966643e+01
1.032809749999999980e+02 1.728598600000000118e+01 9.892991403579362952e+01 2.636376927022645145e+00
1.079864000000000033e+02 3.225813699999999784e+01 1.159135144547399392e+02 3.233636499962013033e+01
1.123958300000000037e+02 1.957101600000000019e+01 1.171054054189803537e+02 1.702311622179912476e+01
1.074125099999999975e+02 6.090900000000000425e+00 9.936920797811647788e+01 2.801731733138366920e+01
1.303382699999999943e+02 1.019772700000000043e+01 1.037103418745463728e+02 3.309420151091666096e+00
1.182651900000000040e+02 1.205452299999999966e+01 1.021904140501364537e+02 2.664256143110572239e+01
1.131231460000000055e+02 2.764571000000000112e+00 9.811352127786359745e+01 2.366483188569572960e+01
1.281946399999999926e+02 1.151056699999999999e+01 1.217531088768831751e+02 6.669543703284122493e+00
1.223199099999999930e+02 8.781103999999999132e+00 9.969771369558431218e+01 3.189834276025702309e+01
9.884615999999999758e+01 1.700900999999999996e+01 1.372824121191978577e+02 1.182617997682049626e+01
1.043113299999999981e+02 9.546936000000000533e+00 1.076776106031846751e+02 2.678686938740161949e+01
1.126016500000000065e+02 1.711163499999999971e+01 1.365188735132714442e+02 2.711263476756704094e+01
9.491244500000000528e+01 6.986594000000000193e+00 9.292542563513521259e+01 1.238833703037897394e+01
9.942723999999999762e+01 2.273704499999999840e+01 1.085279671888098534e+02 2.666474678694853395e+01
1.060613900000000029e+02 3.150582100000000096e+01 1.175972176602658550e+02 3.259094203801232936e+01
1.221657000000000011e+02 3.453664999999999985e+00 1.324705091537561259e+02 1.948369279102454144e+01
1.090422400000000067e+02 3.257660000000000000e-01 9.860722405883493025e+01 2.710616248211312307e+00
1.141837539999999933e+02 2.640196200000000104e+01 1.235073790660694613e+02 2.698203730113749188e+01
1.020943999999999932e+02 1.659711000000000070e+01 1.010202734206418711e+02 1.975577373867776032e+01
1.222444500000000005e+02 8.908201999999999288e+00 1.159724430417116849e+02 1.839321611333207329e+01
1.281656299999999931e+02 6.427754000000000190e+00 1.243022813157775204e+02 3.083185464991784386e+01
1.305723099999999874e+02 3.448748799999999903e+01 1.326357276721037977e+02 1.447349295580637296e+01
1.055329299999999932e+02 8.244474999999999554e+00 1.009080177889066192e+02 1.796018571592186674e+01
1.277506199999999978e+02 9.857113000000000014e+00 1.313619952917974842e+02 3.455282774907191268e+00
1.061289500000000032e+02 1.904555099999999968e+01 1.302182154490953394e+02 1.804577444155118116e+01
1.226914500000000032e+02 9.774010000000000531e+00 1.002064003191776180e+02 2.455687261331946658e+01
1.331451700000000073e+02 1.564029200000000053e+01 1.266951341415295929e+02 1.382681624198674974e+01
9.987552999999999770e+01 8.232086999999999932e+00 1.152494507919989388e+02 2.627233470824883454e+01
1.190581049999999976e+02 2.063319200000000109e+01 1.148408490030894598e+02 1.476767902733308446e+01
1.218254000000000019e+02 4.371687999999999796e+00 1.160004637475904019e+02 8.804782557725008729e+00
1.325039999999999907e+02 4.645293999999999812e+00 1.109720676837266780e+02 2.565251185516520493e+01
1.106722100000000069e+02 2.715277999999999992e+01 1.088356772423362031e+02 3.172212399021893603e+01
9.548212999999999795e+01 1.554973200000000055e+01 1.237572513850064411e+02 1.162946096112851713e+01
9.446862000000000137e+01 4.517010000000000192e-01 9.283308746157410951e+01 8.182740671097095131e+00
9.448524500000000614e+01 1.358393900000000087e+01 1.242908010253871396e+02 2.801740724557462414e+01
9.482461499999999432e+01 7.552875000000000227e+00 1.368776396631672583e+02 1.399736919706822746e+01
1.248241299999999967e+02 2.644671599999999856e+01 1.311099174495318778e+02 3.156898705390821291e+01
1.349069200000000137e+02 4.621629999999999905e-01 1.332068974659538299e+02 2.803890492016050828e+01
1.078898599999999988e+02 1.824183700000000030e+01 1.073948083606091757e+02 1.043658362377523652e+01
1.188353800000000007e+02 2.132730300000000057e+01 1.106264469308971883e+02 5.221699908896136222e+00
9.911983499999999481e+01 3.033258400000000066e+01 1.065099136723146671e+02 4.477157820739118499e+00
1.345495300000000043e+02 6.859785999999999717e+00 1.103532283431003833e+02 2.865026937040688004e+00
1.370396700000000010e+02 1.252472000000000030e+00 1.275119560779797041e+02 2.591410856714172084e+01
1.075523299999999978e+02 1.898231499999999983e+01 9.394905230897310844e+01 1.151433428440316398e+01
1.073470499999999959e+02 1.714681799999999967e+01 1.135803074097398024e+02 1.119047404079313068e+01
9.363790000000000191e+01 1.419008299999999956e+01 1.115588058852552535e+02 1.982605737806110824e+01
1.234977099999999979e+02 1.764413300000000007e+01 1.057259962976521024e+02 3.183140419554856848e+01
1.048792499999999990e+02 1.661124399999999923e+01 1.336619342141691220e+02 1.406852507719750989e+01
1.079673540000000003e+02 1.237299100000000074e+01 1.067487077249923999e+02 2.110525850005007698e+01
1.030357699999999994e+02 2.493956400000000073e+01 1.337386350024672197e+02 4.323233272526086246e+00
1.305158500000000004e+02 8.179097000000000506e+00 1.004764232771678678e+02 2.392400452024400792e+01
1.081180899999999951e+02 3.227875000000000227e+01 1.323599888724665163e+02 2.250004466473415121e+01
1.229570539999999994e+02 1.920611999999999986e+00 1.092027990470195391e+02 1.170675074279922967e+01
1.081589000000000027e+02 1.194670699999999997e+01 1.212879158521218699e+02 1.903182809069709691e+01
1.066743699999999961e+02 3.105507700000000071e+01 1.119877776286880220e+02 2.082656138476561836e+01
1.053158899999999960e+02 1.049280700000000088e+01 9.512237731943611152e+01 2.525042739362842070e+01
9.848784999999999457e+01 2.775841000000000136e+01 1.181804062290553361e+02 3.443441110156426532e+01
1.169782000000000011e+02 4.263942000000000121e+00 1.339090583137415820e+02 2.565777496487146436e+01
1.274613300000000038e+02 8.821358999999999284e+00 1.226708188838430402e+02 1.023045845661693320e+01
1.035987200000000001e+02 1.906737000000000037e+01 1.258226185740625738e+02 2.616329348996013948e+01
1.221725399999999979e+02 1.971065000000000067e+00 1.347944723472604664e+02 2.148086348256602207e+01
1.210699099999999930e+02 1.798126600000000153e+01 1.252881926695761621e+02 2.966800042067393761e+01
1.147472199999999987e+02 3.243150700000000342e+01 1.216466526159793204e+02 1.987736311165877368e+01
1.237617400000000032e+02 2.570814499999999825e+01 1.137692287594371265e+02 2.721879871640241788e+01
1.019945450000000022e+02 1.624662599999999912e+01 9.909377839012792322e+01 1.940661857177921235e+01
1.252029399999999981e+02 8.083719000000000321e+00 9.501324495690276706e+01 3.059601420488398205e+01
1.111686299999999932e+02 3.224828000000000117e+01 1.101011954890470292e+02 2.976059157593493509e+01
1.138388060000000053e+02 1.427283199999999930e+01 1.366213656978437712e+02 2.865806579359458928e-01
1.270234300000000047e+02 5.967240000000000322e+00 1.042211643448216734e+02 1.752642614975684765e+01
1.076719200000000001e+02 1.886546900000000093e+01 9.810546312992921969e+01 4.041924357762471942e-01
