1.217343299999999999e+02 1.486597700000000088e+01 1.049878412933417877e+02 2.246135489576626298e+01
1.034284499999999980e+02 2.847408899999999932e+01 1.316421290686959367e+02 7.596159846675517358e+00
9.395832000000000050e+01 5.743917999999999857e+00 1.141017651032205293e+02 1.706105925909989907e+01
1.130387039999999956e+02 2.450758000000000081e+01 1.267280415529789650e+02 3.904356994609792242e+00
1.252135240000000067e+02 1.563707699999999967e+01 1.203977547436566340e+02 2.984704760784157784e+01
9.808326999999999884e+01 2.820190200000000047e+01 1.359529694476716486e+02 2.665797615552824240e+01
1.131231460000000055e+02 2.764571000000000112e+00 1.373558568024882049e+02 2.066086548822399749e+01
1.121058799999999991e+02 5.483360000000000456e-01 9.532001165100830065e+01 2.062328523275515479e+01
1.009060400000000044e+02 2.837463199999999830e+01 1.136452452703445601e+02 3.814447983151875832e+00
1.006839099999999974e+02 4.718844999999999956e+00 9.505315104202696830e+01 2.117847020797121971e+01
1.156589100000000059e+02 2.078124199999999888e+01 1.171635851885563397e+02 1.074650040961856590e+01
1.055944099999999963e+02 1.730002199999999846e+01 1.338586366787050963e+02 2.635519818804137415e+01
1.117770399999999995e+02 2.602037199999999828e+01 1.192328138568321094e+02 1.515154061973657207e+01
9.989088999999999885e+01 2.683164999999999978e+01 1.149921662956872552e+02 1.239051835209368235e+01
9.922207000000000221e+01 4.366456999999999589e+00 1.274002645479342561e+02 8.771992714763801047e+00
1.218254000000000019e+02 4.371687999999999796e+00 1.246370791366166486e+02 3.111090161356311512e+01
1.090715200000000067e+02 1.751669499999999857e+01 1.038500638336144988e+02 8.128872246974603755e+00
1.245154399999999981e+02 9.428326000000000207e+00 1.136423267687763001e+02 3.325372120838740386e+01
1.369361299999999915e+02 1.332057299999999955e+01 1.062958176360361477e+02 7.696882517414879388e+00
1.135725199999999973e+02 1.487359700000000018e+01 1.248852259865219594e+02 2.398177470387144083e+01
1.349317599999999970e+02 1.207422299999999993e+01 1.200996540919335871e+02 3.134217820205304861e+01
1.006064200000000000e+02 2.769523600000000130e+01 1.030248158999754082e+02 8.229858063227622367e+00
1.189220300000000066e+02 1.942037399999999892e+01 1.204899803379934582e+02 2.326170911891584936e+01
1.205678249999999991e+02 2.621988100000000088e+01 1.293734190000890010e+02 1.235422159973760969e+01
1.152771500000000060e+02 4.479098999999999720e+00 1.120141002749694366e+02 6.852949893631957501e+00
1.058240600000000029e+02 1.711543800000000104e+01 1.165238163947717993e+02 1.213507430181668134e+01
1.010747149999999976e+02 1.745857799999999926e+01 1.135533701244822282e+02 2.613151034767741265e+01
1.063705499999999944e+02 2.535100999999999871e+01 1.234943464119960481e+02 2.175192361722772461e+01
1.269610100000000017e+02 1.226305200000000006e+01 1.292607751337655770e+02 6.160233947089792217e+00
1.228618239999999986e+02 3.672254999999999825e+00 1.151252259364325283e+02 2.703664975246414315e+01
1.144742360000000048e+02 2.767989000000000033e+01 1.187182082310618227e+02 1.454532161712407401e+00
1.063444439999999958e+02 3.975452000000000208e+00 9.584613576366727727e+01 8.691842339944502172e+00
1.227981199999999973e+02 3.281226699999999852e+01 1.294194651072244824e+02 1.259555327394539503e+01
1.356722699999999975e+02 1.789586800000000011e+01 1.363977741549977054e+02 1.904261548407920657e+01
9.999969000000000108e+01 2.509792300000000154e+01 1.122437716485841861e+02 2.262909907966744960e+00
1.043113299999999981e+02 9.546936000000000533e+00 1.367689255053029171e+02 2.667547467146306417e+01
1.222981000000000051e+02 3.382558000000000220e+01 9.619664993976611811e+01 3.481325995418322350e+01
1.133071060000000045e+02 3.074285100000000170e+01 1.113004486147279692e+02 1.842900503844360571e+01
1.075895799999999980e+02 1.972467400000000026e+01 9.288177256619404432e+01 1.032814659058462148e+01
1.211260759999999976e+02 1.171536500000000025e+01 1.339043626748595273e+02 1.075580595428525932e+01
9.996817000000000064e+01 2.509249700000000161e+01 1.074378254926998721e+02 5.941610606178867826e+00
1.087185099999999949e+02 1.082315200000000033e+01 1.264371313348054287e+02 1.873928428574116012e+01
1.328286300000000040e+02 1.854412800000000061e+01 9.908869637033544109e+01 4.701332271658387185e-01
1.084680560000000042e+02 1.681018399999999957e+01 1.159900010338430718e+02 1.538137869804145019e+01
1.015828300000000013e+02 3.012794999999999845e+01 1.129289129072383560e+02 2.276163778147714822e+01
1.229570539999999994e+02 1.920611999999999986e+00 9.734556911255408806e+01 5.520601753665968836e+00
1.356580399999999997e+02 1.759958500000000114e+01 9.846458845449841135e+01 7.556747461909986363e+00
1.371154999999999973e+02 4.333319999999999950e-01 1.113596414304804227e+02 2.447170172974531965e+01
1.269099199999999996e+02 8.830450000000000799e+00 1.107849482267837971e+02 2.196166052795184243e+01
1.213336639999999989e+02 1.455452499999999993e+01 1.241556481746675047e+02 1.794584836660401139e+00
1.345495300000000043e+02 6.859785999999999717e+00 9.297772333991699156e+01 1.607641367903481111e+01
1.075523299999999978e+02 1.898231499999999983e+01 1.130453398136310881e+02 1.715636625286798278e+01
1.294410000000000025e+02 2.921653200000000083e+01 1.341837674374242511e+02 2.509898394286460555e+00
1.363225999999999942e+02 2.142673699999999926e+01 1.203640058369870331e+02 1.047036242941846318e+01
1.065032039999999967e+02 4.921710000000000251e-01 1.238278846359326053e+02 1.181170653361712120e+00
1.112859399999999965e+02 7.286299999999999999e-01 1.148351754467085186e+02 1.351955647802718374e+01
1.102168700000000001e+02 2.640597199999999845e+01 1.059325468952907841e+02 3.399084663088940861e+00
1.048792499999999990e+02 1.661124399999999923e+01 1.160376853154445485e+02 3.484770395772146401e+01
1.233079199999999958e+02 7.494034000000000084e+00 9.775715021601226340e+01 1.605176615476654689e+01
1.188353800000000007e+02 2.132730300000000057e+01 1.087256029005918805e+02 9.266312920973884815e-01
1.162961800000000068e+02 2.799809799999999882e+01 9.945898275401023625e+01 2.948078279076241159e+01
1.219842399999999998e+02 1.118587100000000056e+01 9.573067976963660897e+01 2.809075971838790764e+01
1.181860400000000055e+02 2.456443600000000060e+01 1.124726790781917316e+02 3.465003368759811053e+01
1.353151900000000012e+02 1.279140499999999925e+01 9.956009955505554387e+01 9.887354010849431774e+00
1.148769499999999937e+02 6.728119999999999656e-01 9.785952581552464835e+01 5.346720282430889037e-01
9.890682999999999936e+01 1.802293200000000084e+01 1.119348195868397653e+02 1.188521706025326097e+01
1.204545700000000039e+02 7.107947000000000237e+00 1.338406771419287224e+02 4.758857588830132990e+00
1.068714449999999943e+02 1.286970200000000020e+01 1.302548379609244762e+02 1.491754736788446678e+01
1.164115599999999944e+02 1.850963399999999837e+01 1.119991522765467664e+02 7.326660312451662271e+00
1.221295800000000042e+02 8.650660999999999490e+00 1.007734923492767365e+02 9.667466584961069032e+00
1.272875200000000007e+02 3.735890000000000044e-01 1.315498186127506415e+02 2.569539002506854786e+01
1.040978850000000051e+02 1.695514100000000113e+01 1.293702588353200156e+02 1.743197580848222517e+00
1.353319700000000125e+02 1.899710500000000124e+01 1.266188736016825658e+02 2.866267826430693688e+01
1.106722100000000069e+02 2.715277999999999992e+01 1.014100183058231579e+02 2.267896952407793520e+01
1.211231700000000018e+02 5.250886000000000386e+00 9.377091342615754854e+01 2.023629083706688547e+01
1.305723099999999874e+02 3.448748799999999903e+01 9.279068408140658164e+01 2.546264465693995760e+01
1.082378199999999993e+02 1.562821500000000086e+01 1.194971009143583558e+02 3.115154613244920867e+01
1.227206500000000062e+02 2.926232000000000166e+00 9.676195691943006238e+01 2.559998939899451997e+01
1.245766100000000023e+02 8.309366000000000696e+00 1.073350494191490441e+02 1.734884698349117826e+01
1.063328249999999997e+02 1.094751899999999978e+01 1.221001961307225088e+02 7.655508427336025434e+00
1.250190400000000039e+02 1.223044999999999938e+01 1.142183925312485258e+02 2.701111048153619976e+01
1.214991760000000056e+02 1.366147199999999984e+01 1.056445002812631486e+02 1.094075762287275211e+01
1.270486300000000028e+02 1.419520600000000066e+01 1.350622993044703719e+02 1.404400990453929765e+01
1.262176500000000061e+02 1.077972399999999986e+01 9.762961014568693940e+01 1.697571283273719089e+01
1.324894099999999924e+02 1.522223000000000104e+00 1.183838699482095365e+02 3.172290378625127971e+01
1.244378499999999974e+02 2.619258100000000056e+01 1.246958149779237033e+02 2.875273848766449092e+01
1.255556260000000037e+02 1.372629099999999980e+01 1.252059960648439301e+02 1.115558756617265068e+01
1.292556600000000060e+02 1.137209400000000059e+01 1.182792516851775702e+02 3.431069891188175092e+01
1.252556299999999965e+02 7.355453999999999937e+00 1.131143691047674622e+02 4.118553387409509270e+00
1.206234199999999959e+02 2.294290000000000163e+00 9.991290288597235758e+01 1.436768418318569829e+01
1.036124999999999972e+02 3.156100700000000003e+01 1.127738967740818339e+02 2.903455022850873135e+01
1.210836500000000058e+02 1.404887100000000011e+01 1.269217111687313491e+02 2.895567192288692837e+01
1.030357699999999994e+02 2.493956400000000073e+01 1.263883711674909733e+02 8.577176647731651116e+00
1.078804999999999978e+02 1.347900000000000098e+00 1.125744764950040064e+02 1.412627359320363674e+01
1.178697700000000026e+02 2.086379200000000012e+01 1.030679193645861034e+02 1.349683066294033118e+01
1.176774800000000027e+02 2.114383099999999871e+01 1.312496182962587454e+02 1.106976108917531931e+01
1.281656299999999931e+02 6.427754000000000190e+00 1.017456949633029808e+02 1.927422868410730405e+00
1.030200499999999977e+02 2.779550400000000110e+01 1.168188474612062180e+02 6.079162808912804472e+00
1.052273249999999933e+02 1.942294899999999913e+01 1.290806330755501961e+02 2.429246993112073127e+01
9.462124000000000024e+01 2.250560199999999966e+01 9.213033249970479233e+01 2.335173027272493229e+01
9.848784999999999457e+01 2.775841000000000136e+01 1.026339899869737451e+02 3.055706638920745455e+00
1.265867599999999982e+02 2.725253899999999874e+01 1.112940298681850351e+02 2.723761382332964942e+01
1.028629600000000011e+02 1.609947599999999923e+01 1.240392393327210243e+02 1.320069174968375769e+01
1.343265800000000070e+02 3.472433000000000192e+01 9.354777356820542877e+01 2.590102306703270685e+01
1.114416300000000035e+02 1.862790100000000137e+01 1.126352498429118327e+02 4.594258066985413613e+00
9.981171000000000504e+01 2.392927600000000155e+01 9.216207591043237812e+01 1.778941589138470114e+00
1.085241099999999932e+02 2.678840999999999894e+01 9.341624376576636735e+01 6.988930328865256669e+00
1.130644759999999991e+02 5.041568999999999967e+00 1.008180929842606446e+02 3.492973120359037154e+01
9.369768000000000541e+01 1.855701600000000084e+01 1.253822307770651037e+02 4.352137656398522125e+00
1.365897199999999998e+02 8.289113999999999649e+00 1.081440414002720729e+02 2.390603105223475922e+01
1.137061499999999938e+02 2.920176500000000175e+01 1.363224863614946401e+02 5.747787302640218421e+00
9.882135999999999854e+01 3.069462800000000158e+01 1.001410853074146701e+02 2.605757599221556475e+01
1.065728000000000009e+02 5.804099999999999815e-01 1.229404119966888516e+02 2.702565379745783858e+01
1.331978300000000104e+02 1.207540099999999939e+01 1.165673551283871916e+02 1.165495255201081548e+01
1.005045199999999994e+02 2.882197800000000143e+01 1.167445770539911933e+02 3.206392642825809247e+01
1.258230060000000066e+02 9.050392999999999688e+00 1.184003209536263057e+02 2.498546790826894437e+01
9.755183399999999949e+01 3.184772999999999854e+01 1.007969189947024518e+02 2.337563302517621011e+01
1.064903999999999940e+02 1.390643999999999991e+00 1.178383189598170873e+02 2.658306645037564753e+00
1.038327500000000043e+02 1.301466800000000035e+01 1.191893518234978302e+02 1.720909402438077151e+01
1.042165799999999933e+02 2.347071499999999844e+01 9.850586430637656576e+01 3.320381549289614043e+01
1.066970400000000012e+02 2.854751200000000111e+01 9.964197382499570210e+01 1.038045650944639675e+01
1.215274660000000040e+02 9.855489999999999640e+00 1.254412127236576993e+02 2.406940701808320426e+01
1.098299099999999981e+02 2.569585199999999858e+01 9.823520271444898810e+01 1.759739589371507407e+01
1.314515000000000100e+02 1.002607700000000079e+01 9.794867549169173060e+01 1.604605018084680168e+01
1.242183150000000040e+02 2.629088000000000136e+01 1.188786633402204700e+02 2.334168070369108960e+01
1.044894199999999955e+02 3.404343999999999681e+01 1.111503611044282565e+02 7.879746175786231710e+00
1.207382000000000062e+02 1.915753600000000034e+01 1.278128512168027839e+02 5.440569384672349074e+00
1.196812299999999993e+02 2.088022600000000040e+01 1.139964184891103116e+02 6.153474351490650918e-01
1.064823149999999998e+02 3.252676000000000123e+00 9.925719390914834150e+01 6.067884842843318971e+00
9.786359400000000619e+01 2.648629000000000033e+01 1.356347613569197108e+02 3.048799245061546870e+01
1.033886799999999937e+02 2.024487500000000040e+01 1.379380213150742520e+02 1.257264349618642285e+01
1.204627899999999983e+02 7.529904000000000153e+00 1.077579389555025529e+02 3.398219239720273777e+01
1.166653400000000005e+02 4.134577000000000169e+00 1.186498114270410724e+02 1.953442869127956882e+01
1.123576999999999941e+02 3.279659999999999798e-01 1.375212008653316218e+02 3.288546854411396936e+01
1.327581000000000131e+02 3.298633999999999844e+00 1.269019364754796584e+02 1.099865039949285084e+01
9.423632999999999527e+01 1.031035299999999921e+01 1.173235845682645362e+02 1.481660596192115875e+01
1.065502599999999944e+02 6.022739999999999760e+00 1.089092354336504087e+02 6.512075671053699111e+00
1.061328350000000000e+02 2.596210900000000166e+01 9.655417473953116314e+01 1.416507463785361409e+00
1.061289500000000032e+02 1.904555099999999968e+01 1.341612206065575492e+02 2.423271315241079904e+01
1.019195560000000000e+02 2.802453799999999973e+01 9.785813794181987646e+01 2.926480813305581918e+01
1.028493699999999933e+02 2.885465800000000058e+01 1.180822857521368121e+02 1.076085742941812384e+01
1.294755900000000111e+02 2.914704899999999910e+01 1.114856448439449110e+02 2.809940231427921020e+01
9.723202000000000567e+01 2.960429800000000000e+01 1.121366992800115270e+02 4.645645715609926896e+00
1.216711800000000068e+02 9.723228000000000648e+00 1.043734980827386494e+02 2.855589815917251073e+01
1.286794999999999902e+02 1.162912799999999969e+01 1.272410022969530985e+02 4.614020737694018770e+00
1.289265900000000045e+02 1.218157399999999946e+01 1.138441930755227389e+02 4.487000832100805248e+00
1.132667699999999940e+02 2.412417599999999851e+01 1.361651028981196134e+02 2.056967024708017888e+01
1.123958300000000037e+02 1.957101600000000019e+01 1.202018029056606423e+02 1.887056977079836173e+01
1.130173300000000012e+02 1.738992299999999958e+01 1.097535391872766866e+02 2.936857048546180948e+01
1.078898599999999988e+02 1.824183700000000030e+01 1.058062530028891786e+02 1.873653975551778483e+00
1.279808500000000038e+02 1.237441800000000036e+01 1.334047230857115096e+02 3.026957621484892869e+01
1.118345640000000003e+02 2.392749999999999877e-01 1.360576592267749163e+02 2.024765889875936509e+01
1.002700300000000055e+02 1.703686300000000031e+01 1.350176418539465715e+02 1.552942058121578839e+01
1.311990399999999966e+02 2.885759999999999881e+00 1.073504122779600038e+02 2.470358609534422545e+00
1.013173800000000000e+02 1.780067999999999984e+01 1.043178815741436409e+02 3.362620662755188050e+01
1.179629500000000064e+02 1.794520599999999888e+01 1.139746467267571290e+02 2.638540733769083246e+01
1.119646900000000045e+02 1.463188599999999973e+01 1.092690111273746254e+02 2.503874542020416172e+01
1.137167199999999951e+02 2.209496700000000047e+01 1.028438784167077955e+02 1.247058630184701578e+01
1.048228900000000010e+02 3.249645600000000201e+01 1.172248321658597945e+02 3.247831764948458044e+01
1.224107740000000035e+02 7.443858999999999781e+00 1.019573882770930453e+02 3.498703028523108571e+01
1.286662800000000004e+02 5.189660000000000384e-01 1.020880657182346454e+02 2.401687479575367945e+01
1.219884500000000003e+02 2.734084500000000162e+01 1.003494092123675756e+02 6.737903384182597488e-01
1.078554800000000000e+02 1.840535399999999910e+01 1.192008502662650358e+02 1.677950137199240288e+01
1.287667099999999891e+02 1.207068300000000072e+01 1.093217690035152145e+02 6.088708322180378829e+00
1.221657000000000011e+02 3.453664999999999985e+00 1.367072765578223539e+02 3.121777751127218536e+01
1.376394999999999982e+02 1.949024400000000057e+01 9.883822403820428804e+01 1.571162481349874263e+01
1.189205999999999932e+02 1.653125000000000000e+01 1.035733305398384658e+02 7.225399202501136209e+00
9.765413999999999817e+01 2.677711499999999845e+01 1.222428388390119380e+02 2.847597950135452649e+01
1.230953449999999947e+02 4.679204000000000363e+00 9.671058752264673331e+01 3.303805866711280714e+01
1.122994499999999931e+02 1.439847999999999928e+01 1.305485123126144344e+02 6.955116471888275420e+00
1.203130950000000041e+02 1.544907599999999981e+01 1.119526155626428761e+02 4.219873677072705220e-01
1.286587700000000041e+02 1.192577099999999923e+01 1.041355029485839339e+02 1.139591757290641816e+01
1.200522399999999976e+02 3.491102000000000061e+01 1.155739171165233472e+02 1.417669093851050022e+01
1.179488199999999978e+02 1.651808199999999971e+01 9.943803211385022678e+01 2.761194760224813649e+01
9.482461499999999432e+01 7.552875000000000227e+00 1.005142189994812298e+02 2.013929835794550982e+01
1.181643140000000045e+02 2.271122000000000085e+01 9.219535073163045524e+01 3.135071038285528644e+01
1.134364199999999983e+02 3.037878600000000162e+01 1.243520149065429905e+02 1.419458076081842179e+01
1.068959600000000023e+02 4.261408999999999558e+00 1.322253145226643767e+02 1.188099836033198820e+01
1.015848000000000013e+02 2.689655000000000129e+01 1.024412638150812285e+02 1.447362828517536926e+01
1.231785699999999935e+02 1.163075599999999987e+01 9.274185781959226915e+01 2.477976275613694312e+01
1.222444500000000005e+02 8.908201999999999288e+00 1.332105694373869937e+02 3.057727657886805517e+01
1.035987200000000001e+02 1.906737000000000037e+01 1.359433459430046014e+02 2.869181879708202931e+00
1.056335140000000052e+02 2.491520699999999877e+01 9.867249260080464524e+01 3.332440110614675177e+01
1.373412800000000118e+02 7.320990000000000553e-01 1.354596750075415343e+02 9.165164557070498708e-01
1.340509999999999877e+02 2.624378400000000156e+01 1.282420785373196566e+02 3.045037525006641843e+01
1.363643999999999892e+02 1.274971000000000032e+01 1.235139769307638176e+02 2.845785101250281457e+01
1.134188099999999935e+02 1.023753300000000088e+01 1.040753892737550359e+02 1.781960426025627342e+01
1.007823300000000017e+02 2.154664599999999908e+01 9.795102770528733060e+01 8.041472415816095065e+00
1.165112840000000034e+02 2.327571899999999872e+01 9.599946409238248179e+01 2.066795979049175713e+01
1.262777600000000007e+02 1.555640400000000056e+01 1.200968591913877219e+02 9.031046927059524165e+00
1.100269849999999963e+02 1.782430499999999896e+01 1.247565868536288320e+02 2.310219010736836509e+01
1.173357539999999943e+02 2.219921099999999825e+01 1.220030693320630775e+02 5.923990985408133625e+00
1.212147099999999966e+02 1.824274799999999885e+01 1.264625495396492880e+02 3.347309615670466343e+01
1.031737439999999992e+02 5.745917000000000385e+00 1.155387405949709887e+02 1.191560442574409606e+01
1.291512099999999919e+02 1.286193699999999929e+01 9.315831313888563159e+01 1.386482130916520461e+01
1.237547799999999967e+02 1.402938000000000018e+00 1.360299166153745603e+02 6.221441979406939105e+00
1.301707000000000107e+02 5.522420000000000107e-01 1.045729386448741423e+02 1.006994099993773872e+00
9.609209400000000301e+01 1.652753299999999825e+01 1.328982855091240936e+02 6.490194733167858665e+00
1.290050699999999892e+02 1.324962900000000054e+01 1.185980807939567683e+02 1.110807630744971775e+01
1.235097959999999944e+02 2.681490999999999847e+00 1.298046329740942610e+02 3.390021882512336759e+01
9.918323499999999626e+01 1.574674699999999916e+01 1.308814789867164734e+02 3.010044680728857713e+01
1.007646940000000058e+02 2.517087599999999981e+01 1.147830631406336011e+02 1.069301600845500033e+01
9.339405999999999608e+01 1.624022300000000030e+01 1.092001975940077330e+02 2.873479341914129748e+01
1.219990200000000016e+02 5.213186999999999571e+00 1.095936709177289430e+02 1.572550829388301352e+01
1.124703750000000042e+02 1.702895499999999984e+01 1.288118263656282920e+02 1.525593988268186685e+01
1.091388699999999972e+02 1.284375499999999981e+01 1.116552334386401810e+02 2.195573652924483810e+01
1.252033899999999988e+02 9.675684000000000395e+00 1.074526462844027463e+02 1.518619371220508896e+01
1.172729949999999945e+02 2.140795900000000174e+01 1.051487567356327730e+02 2.712795833515108868e+01
1.169782000000000011e+02 4.263942000000000121e+00 1.331972070305575357e+02 3.349381766028578511e+01
1.287149499999999875e+02 8.613853000000000648e+00 9.252223596833708541e+01 1.685711687033840667e+00
1.194070700000000045e+02 1.974189399999999850e+01 1.340977353054510104e+02 1.966408054593101440e+01
1.236492400000000060e+02 8.307256999999999891e+00 1.271287148130551827e+02 1.195886969309292169e+00
1.088749899999999968e+02 2.917879299999999887e+01 1.182520733106157564e+02 9.848650376667800188e+00
1.072773499999999984e+02 2.767564799999999892e+01 1.266408881421376407e+02 2.828026150836215891e+01
1.286751700000000085e+02 8.353201000000000320e+00 1.115483464546355066e+02 2.889471929778404302e+01
1.259750059999999934e+02 8.296856999999999260e+00 1.072061553931151394e+02 1.825875784231191190e+01
1.142837099999999992e+02 1.745475199999999916e+01 9.237497845110870287e+01 7.456535380725093365e-01
1.031240300000000047e+02 2.424801599999999979e+01 1.316147768098324775e+02 1.276986906333804939e+01
9.312736999999999910e+01 1.080105299999999957e+01 1.243083666235191629e+02 1.658808912865647756e+01
1.374745599999999968e+02 3.138292099999999962e+01 1.012643558575964420e+02 3.044628081569124589e+01
1.285522300000000087e+02 3.419751999999999903e+00 1.160854676898265723e+02 1.031082226581295114e+00
1.265958100000000002e+02 2.633954999999999913e+01 1.016920777402077221e+02 2.493953678690152831e-01
1.242736299999999972e+02 6.831006000000000355e+00 1.142549406243331731e+02 5.789464399263761329e+00
1.257966299999999933e+02 8.756054999999999922e+00 1.312701738028852674e+02 2.614581830670310136e+00
1.165043500000000023e+02 1.716985000000000028e+01 1.273109522139394869e+02 2.794711777081824877e+01
1.193820400000000035e+02 7.351111999999999647e+00 1.015572871610963119e+02 1.466971652279818628e+00
9.954652400000000512e+01 2.725922600000000173e+01 9.532849735683284109e+01 1.371872952384478239e+01
1.221725399999999979e+02 1.971065000000000067e+00 1.138686255405623200e+02 7.390688065302210674e+00
1.210699099999999930e+02 1.798126600000000153e+01 1.323886705983587717e+02 2.927401118372216260e+01
1.004048300000000040e+02 2.599754000000000076e+01 1.018526282661002682e+02 1.716382773388869243e-01
1.161196300000000008e+02 2.374014299999999977e+01 1.233660275993836706e+02 4.887220070931494575e+00
1.140832999999999942e+02 2.683112699999999862e+01 1.148058758375765365e+02 2.826221366453005857e+01
1.125423660000000012e+02 2.072739999999999938e+01 1.057447936429154822e+02 3.419646523394997928e+01
1.067997500000000031e+02 2.827483199999999997e+01 1.027415067633371564e+02 4.190439492662131116e+00
1.148343050000000005e+02 2.582363300000000095e+01 9.612610835132467457e+01 3.625332221725432902e+00
1.332452999999999861e+02 2.728622999999999799e+00 1.337984051143181148e+02 2.933849759761146458e+01
9.897588000000000363e+01 1.434022700000000050e+01 9.256139230915439953e+01 1.176230678343846670e+01
1.221146700000000038e+02 7.678874999999999673e+00 1.156002103098474976e+02 2.023299853078808752e+01
1.079673540000000003e+02 1.237299100000000074e+01 1.123886131524229768e+02 8.086893568936107002e+00
1.308442000000000007e+02 8.125244999999999607e+00 1.063282025043437073e+02 1.255572897242518948e+01
1.346454300000000046e+02 1.258279899999999962e+01 1.239530957229004997e+02 3.634803804182516807e+00
1.138388060000000053e+02 1.427283199999999930e+01 1.240552430753257056e+02 1.930344829854078981e+01
1.286027200000000050e+02 8.726665000000000560e+00 1.036043133059077377e+02 2.888308455884171977e+01
1.194723599999999948e+02 1.724490399999999823e+01 1.326055279810565253e+02 1.575375631582049962e+01
9.884615999999999758e+01 1.700900999999999996e+01 9.903368226504801441e+01 2.189973436707937537e+01
9.715987400000000207e+01 1.592667499999999947e+01 9.973302161258604315e+01 2.639795916734191650e+01
1.352128999999999905e+02 5.011090000000000266e+00 1.029728653190758223e+02 1.002875888815923489e+01
1.110467699999999951e+02 3.238026399999999683e+01 1.370189507672276932e+02 2.674470851713998343e+01
1.120615540000000010e+02 2.049053999999999931e+01 1.156905815008319536e+02 2.425723288000471456e+01
1.002797900000000055e+02 2.030880499999999955e+01 9.499827442723363902e+01 1.761611825814835797e+01
1.351008600000000115e+02 2.345284300000000144e+01 9.273222143201093104e+01 3.293198480407743745e+01
1.286900599999999883e+02 1.486477799999999938e+01 9.459815459226854273e+01 6.532657841756711825e+00
1.199054399999999987e+02 1.518948900000000002e+01 1.028937278148315499e+02 1.506620321698498621e+01
1.044074200000000019e+02 1.407581799999999994e+01 1.213184756807664257e+02 2.511998509427370863e+01
9.689548999999999523e+01 3.139643900000000087e+01 1.334879355886891688e+02 2.476605536483913994e+01
1.370959000000000003e+02 5.531164999999999665e+00 1.140855743333444678e+02 2.489330358375283936e+01
1.227775699999999972e+02 3.331928000000000001e+00 9.717513809537211955e+01 5.902122154820078848e+00
1.004917399999999930e+02 3.001473800000000125e+01 1.354214177166143145e+02 2.136372989117762344e+01
1.293635400000000004e+02 1.894171000000000049e+00 1.284498563314005821e+02 2.449622724530883389e+01
9.639709999999999468e+01 2.889318000000000097e+01 9.659406434480133896e+01 2.098212516897560320e+01
1.237617400000000032e+02 2.570814499999999825e+01 1.128014291630006767e+02 1.372027301457282000e+01
1.090422400000000067e+02 3.257660000000000000e-01 1.369757236212475675e+02 1.980202994309703968e+01
1.273195599999999956e+02 1.021326400000000056e+01 1.205874145080013733e+02 4.293237282082266404e+00
1.355842399999999941e+02 3.165399999999999991e+01 9.344861612516392313e+01 3.070975745924963363e+01
1.289122600000000034e+02 1.145462200000000053e+01 9.897501714127967887e+01 5.697845476359121974e+00
1.094431699999999950e+02 2.603854600000000019e+01 1.247454005777545092e+02 8.599614262686881005e+00
1.364280100000000004e+02 4.255118000000000400e+00 1.373379552471344027e+02 3.280378415158676120e+01
9.234408600000000433e+01 1.566721100000000000e+01 1.266567621941832726e+02 2.322749022792604379e+01
1.051916099999999972e+02 9.920849000000000473e+00 1.246298463263605072e+02 2.218199552104508854e+01
1.176570099999999996e+02 2.176196300000000150e+01 1.303244502721944400e+02 2.536500432026977592e+01
1.060799499999999966e+02 9.110470000000000512e-01 9.861322913193285444e+01 1.296082825902069047e+01
1.327039000000000044e+02 1.584810399999999930e+01 1.374354873908273760e+02 3.278140586155183200e+01
1.252770199999999932e+02 1.020389400000000002e+01 1.151445097797592325e+02 1.943951484294080601e+01
1.065750199999999950e+02 2.890432200000000051e+01 1.057400064006847771e+02 2.596519595262225089e+00
1.360862600000000100e+02 1.322449800000000053e+01 1.136682955755667876e+02 7.085796232195976430e+00
1.074125099999999975e+02 6.090900000000000425e+00 1.279392207574595659e+02 3.488061571419296314e+01
1.222486099999999993e+02 1.220074699999999979e+01 9.644451325463610658e+01 1.833063494899518631e+01
1.259232559999999950e+02 4.161654000000000408e+00 9.356224049860698244e+01 2.186312961606610372e+00
1.202836599999999976e+02 1.236480500000000049e+01 9.585967267819385995e+01 1.782751182763077935e+01
1.221697539999999975e+02 5.261603000000000030e+00 1.312087359335773726e+02 1.670912429123337262e+01
1.022638800000000003e+02 3.262707999999999942e+01 1.238138393166277638e+02 2.927964729637793440e+01
1.180998459999999994e+02 1.284827399999999997e+01 1.161100740713280288e+02 9.197659301707362900e+00
1.246537699999999944e+02 1.549389700000000047e+01 1.009455861239424195e+02 2.154947666344218860e+01
1.365753499999999860e+02 3.356936300000000273e+01 1.217087743381753455e+02 1.892423902853768425e+01
1.176956899999999990e+02 6.060266000000000375e+00 1.211100591084524751e+02 1.975206696767934034e+01
1.078109199999999959e+02 3.159997999999999863e+01 1.125801553036062899e+02 2.616088243539629588e+01
1.224132840000000044e+02 1.063505699999999976e+01 1.283320773586126506e+02 2.504779703398195778e+01
1.174997939999999943e+02 1.471192300000000053e+01 1.285660243417400466e+02 8.858158698689152288e+00
1.264625999999999948e+02 7.166369999999999685e-01 1.049994928415618887e+02 3.094280923169463193e+01
1.181806899999999985e+02 1.782495300000000071e+01 1.112340284494287630e+02 1.458175041033286590e+01
1.034781339999999972e+02 1.418773999999999980e+01 9.507582944733518104e+01 3.263841039724708537e+01
1.174418639999999954e+02 1.991549499999999995e+01 9.299828529685811418e+01 8.302928436817440527e+00
1.063831100000000021e+02 8.929643999999999693e+00 1.184536525527153685e+02 2.098297617446817043e+01
1.045020300000000049e+02 3.012155500000000075e+01 1.076590814351639267e+02 1.226474891093915254e+01
1.026750949999999989e+02 3.487172699999999992e+01 1.295502106523121313e+02 3.300156943277043808e+01
1.147561599999999942e+02 1.838597100000000140e+01 1.072650750607523378e+02 1.815447495953592139e+01
1.252029399999999981e+02 8.083719000000000321e+00 1.344478627756989795e+02 4.805438926706950831e+00
1.229745099999999951e+02 1.295093400000000017e+01 1.117386459647765804e+02 2.663653724805829981e+01
1.159619799999999969e+02 3.274969500000000266e+01 1.230338344228541416e+02 1.217048275008898273e+01
1.231192999999999955e+02 3.669859999999999900e+00 1.309824377921061398e+02 1.490692938545970136e+01
9.579921000000000220e+01 1.503351199999999999e+01 1.156292954971712561e+02 2.824388894495657709e+01
1.239107999999999947e+02 6.146923000000000137e+00 1.096271259006388306e+02 2.037055455281696581e+01
9.868321000000000254e+01 2.970345299999999966e+01 1.149958865911169141e+02 4.185055792110802031e+00
1.179312000000000040e+02 9.954869000000000412e+00 1.146393889346086183e+02 2.285045871947927187e-01
1.260793199999999956e+02 1.507600200000000079e+01 1.267497126916281189e+02 6.614832713509383177e-01
1.034372900000000044e+02 1.659929699999999997e+01 1.107530678100661845e+02 3.299293401550467308e+01
1.225821150000000017e+02 6.734340000000000437e+00 1.121734106370192023e+02 2.232382000367551811e+01
1.205367660000000001e+02 1.833390400000000042e+01 1.184110729863685378e+02 2.624013376080157656e+01
1.207063399999999973e+02 1.393922799999999995e+01 9.401020978748253754e+01 1.460288841475948018e+01
1.105762799999999970e+02 1.713849599999999995e+01 1.250402702050129449e+02 1.753597002631129342e+01
1.029471499999999935e+02 1.203110299999999988e+01 9.761074711112522095e+01 2.113485028025098700e+01
1.064764899999999983e+02 2.161875300000000166e+01 1.266695994169304242e+02 2.089421297369667130e+01
1.337603000000000009e+02 1.258384500000000017e+01 1.265396199933102821e+02 7.062270542161503073e+00
1.082274599999999936e+02 2.717001000000000133e+01 1.078942968090043877e+02 3.058277239677420312e+01
1.042143250000000023e+02 3.424630400000000208e+01 1.081821209586962027e+02 2.953117219153931217e+01
1.198547059999999931e+02 7.232410999999999923e+00 1.078052241138878173e+02 8.470287398294631842e+00
1.076719200000000001e+02 1.886546900000000093e+01 1.165558167564563519e+02 2.064426386111844991e+01
1.015794000000000068e+02 7.872015000000000207e+00 1.209457313190728343e+02 8.475686485639572609e+00
1.148805399999999963e+02 1.808004999999999995e+01 1.170119540322879459e+02 2.076653772726017522e+01
1.240659799999999962e+02 7.754509999999999792e+00 1.349593262560175901e+02 3.043372074170520492e+01
9.893878999999999735e+01 2.680315399999999926e+01 1.279549799018924432e+02 1.876408437964683884e+01
1.065282440000000008e+02 1.715186000000000099e+00 1.092910131593849314e+02 3.074020353175098208e+01
1.007858499999999964e+02 2.466396100000000047e+01 1.086054028088244365e+02 2.961375322554880896e+01
1.320785700000000134e+02 1.136370800000000081e+01 1.343152352834130170e+02 2.792146554535101899e+01
1.088499999999999943e+02 2.839095999999999975e+01 9.819595251891034593e+01 1.098545271854729499e+00
1.344432400000000030e+02 7.931499999999999773e+00 9.809001268697124942e+01 3.308401069947165496e+01
9.605414600000000291e+01 3.418947000000000003e+01 1.211241734835240180e+02 2.030636418338043825e+01
9.410971999999999582e+01 1.075564600000000048e+01 1.252014229432616901e+02 1.381640877905321041e+01
1.288786599999999964e+02 1.183304700000000054e+01 1.339203740214222194e+02 7.043364912028672542e+00
1.020639400000000023e+02 1.681472199999999972e+01 1.378974127666627680e+02 2.453031382863504106e+01
1.331191900000000032e+02 8.421360999999999208e+00 9.474951604726598475e+01 1.120910452995666873e+01
1.182651900000000040e+02 1.205452299999999966e+01 1.302680719159174316e+02 1.706577063750579271e+01
1.234565599999999961e+02 1.023036199999999951e+01 1.376993214587246825e+02 1.585932034431445459e+01
1.211047800000000052e+02 2.653878999999999877e+01 1.115589635684403618e+02 2.827267046988182386e+01
1.066582599999999985e+02 2.877814700000000059e+01 1.002020223526518805e+02 2.275258144388980952e+01
1.108547200000000004e+02 1.948833799999999883e+01 1.171406319128610676e+02 1.518399794773593392e+01
1.121128999999999962e+02 1.959123999999999910e+01 1.045165549905128728e+02 5.287785186817027139e+00
1.079864000000000033e+02 3.225813699999999784e+01 9.270069103257776533e+01 2.336921004834445270e+01
1.148329200000000014e+02 2.281423799999999957e+01 1.159313291805477064e+02 3.395735548091767697e+01
9.910477000000000203e+01 2.538836900000000085e+01 1.019427131405128080e+02 2.015371685958650616e+01
1.205464199999999977e+02 1.931105200000000011e+01 1.247140698110698054e+02 2.651901730491290010e+01
1.085890660000000025e+02 5.622329999999999828e-01 1.048225904076993942e+02 4.546168161350157888e+00
1.123588600000000071e+02 5.283899999999999708e-02 1.002518568718646748e+02 3.349488674928551291e+01
1.008899150000000020e+02 2.474351700000000065e+01 1.205518329471206016e+02 8.752146526044779495e-02
1.074369499999999960e+02 2.925465799999999916e+01 1.295024571458737910e+02 3.187195219204006946e+00
9.686450000000000671e+01 3.287660000000000338e+01 9.608562294209380639e+01 2.099510579989142300e+01
1.139247359999999958e+02 2.117171300000000045e+01 1.012770141680128262e+02 3.288998613486818101e+01
1.231007100000000065e+02 2.744201500000000138e+01 1.054055825286823591e+02 1.240418004597230173e+01
1.008948800000000006e+02 1.652329800000000048e+01 1.318533961439875952e+02 3.475924962249244743e+00
1.071924700000000001e+02 1.362108100000000022e+01 1.006665744127667921e+02 1.269938548924999822e+01
1.201075060000000008e+02 6.985503999999999714e+00 1.291807003509150036e+02 1.174186979877633519e+01
1.279676800000000014e+02 9.560188000000000130e+00 1.179079399223359701e+02 1.590836385336767655e+01
1.073838200000000001e+02 2.117361000000000004e+01 1.142818956316522758e+02 1.043438025605293262e+01
1.073470499999999959e+02 1.714681799999999967e+01 1.176070887325937377e+02 2.846245800065888787e+01
1.091274599999999992e+02 2.936315300000000050e+01 1.257794901552024101e+02 1.471908413145066952e+01
9.448524500000000614e+01 1.358393900000000087e+01 1.207295015937179130e+02 2.742249650316529141e+01
1.035757499999999993e+02 1.086949599999999982e+01 1.129516827116641196e+02 2.638324129374233706e+01
1.115640259999999984e+02 1.853575000000000017e+01 1.243119188375897863e+02 1.587648305331154397e+01
1.055329299999999932e+02 8.244474999999999554e+00 9.858624181804773912e+01 3.064771509686399753e+01
1.005264739999999932e+02 1.630819999999999936e+01 1.239757419931450784e+02 2.174343226950329111e+01
1.230936200000000014e+02 4.996221000000000245e+00 1.062149539223743631e+02 1.228179331078588987e+01
