1.140832999999999942e+02 2.683112699999999862e+01 1.284041910723889259e+02 5.682465422312628966e+00
1.222981000000000051e+02 3.382558000000000220e+01 1.062535781697955883e+02 2.355489698631149764e+01
9.715987400000000207e+01 1.592667499999999947e+01 1.212828054997393963e+02 2.802636370932884802e+01
1.224132840000000044e+02 1.063505699999999976e+01 1.151737051655684496e+02 2.417465693396462001e+01
1.215634399999999999e+02 8.080892999999999660e+00 1.143172249441788324e+02 2.209764983333106159e+01
9.974796999999999514e+01 3.379717300000000080e+01 1.017206603492556525e+02 2.083731379909904646e+01
1.293536799999999971e+02 7.147846000000000366e+00 1.373685569494458036e+02 3.280557599309849692e+00
1.283993499999999983e+02 1.234091600000000000e+01 1.127928998000572705e+02 1.006328659292350558e+01
1.020575599999999952e+02 3.032312399999999997e+01 9.746006952805544188e+01 1.530774550941173295e+01
1.223638150000000024e+02 9.904870000000000729e+00 1.331045558528189190e+02 2.438774941519517725e+01
1.093003099999999961e+02 1.012630000000000058e-01 1.277765947682561603e+02 7.386773565640258887e+00
1.215111540000000048e+02 9.026956999999999454e+00 1.316934120503540555e+02 2.597009897682163171e+00
1.310166999999999859e+02 1.584964599999999990e+01 1.318669923323128046e+02 3.141518098271084014e+01
1.154087799999999930e+02 2.365899500000000089e+01 1.339510092258117311e+02 2.569244783858654069e-01
1.289265900000000045e+02 1.218157399999999946e+01 1.201228377784480017e+02 3.116928938532691618e+01
1.251748699999999985e+02 2.681115199999999987e+01 1.047732250907540532e+02 3.228957329502384965e+01
1.121128999999999962e+02 1.959123999999999910e+01 1.232054678781232866e+02 1.797162447909117233e+01
1.270486300000000028e+02 1.419520600000000066e+01 1.289289963613929899e+02 1.127405021488704229e+01
1.297366499999999974e+02 1.097087800000000080e+01 1.068758890745223198e+02 1.068659358834606721e+00
1.211908499999999975e+02 1.480161999999999978e+01 1.046596996919487310e+02 3.315011351223165548e+01
1.276204900000000038e+02 1.005807899999999933e+01 1.324900090400061572e+02 2.923299296325753360e+01
1.244601700000000051e+02 2.153512000000000093e+00 1.057612318772079334e+02 1.941076755695645861e+00
1.087293999999999983e+02 2.527930000000000010e+00 9.921610384503976832e+01 3.357435311186675619e+01
1.166539499999999947e+02 2.553005200000000130e+01 1.327615091304635655e+02 6.892999664896808376e+00
1.094362699999999933e+02 8.352039999999999464e-01 9.489499642060258111e+01 1.337089965754905663e+01
1.165043500000000023e+02 1.716985000000000028e+01 1.226741779725944923e+02 2.618411339890054634e+01
1.215120100000000036e+02 3.517780999999999825e+00 1.157392644374117481e+02 1.973817545726213751e+01
1.216335140000000052e+02 1.368565999999999949e+00 1.375553051479921010e+02 2.203225698788215325e+01
1.197646199999999936e+02 2.030460199999999915e+01 9.802992054985301706e+01 1.380305839909954457e+01
1.355842399999999941e+02 3.165399999999999991e+01 1.322349396139682653e+02 1.266535528963885771e-01
1.065750199999999950e+02 2.890432200000000051e+01 9.284281384465454323e+01 2.995483261190532431e+01
1.067997500000000031e+02 2.827483199999999997e+01 1.190459241412154086e+02 2.476003971228732325e+01
1.061745300000000043e+02 2.465655100000000033e+01 1.221922338636578900e+02 3.353698729863992867e+01
9.339405999999999608e+01 1.624022300000000030e+01 1.361994853000025500e+02 3.113769326918848890e+01
1.376394999999999982e+02 1.949024400000000057e+01 9.314995435841122173e+01 2.779462319203151210e+01
1.353685499999999990e+02 1.775348299999999924e+01 1.129603325112644541e+02 3.113088823078638612e+01
1.128090440000000001e+02 2.218561000000000050e+01 1.242153166263348965e+02 1.938924332427936292e+01
1.024364300000000014e+02 2.697588299999999961e+01 1.232646207131798661e+02 1.381806950454187799e+01
1.290050699999999892e+02 1.324962900000000054e+01 1.289307271193690099e+02 2.396333470857358350e+01
1.233474350000000044e+02 2.519231399999999965e+01 1.147589413880927793e+02 6.168670173682703428e+00
1.088684839999999951e+02 1.869618999999999920e+00 9.802488570166885040e+01 2.905846582159677993e+01
1.279676800000000014e+02 9.560188000000000130e+00 1.325516461434366420e+02 2.160561960279803984e+01
1.360886000000000138e+02 1.322069300000000069e+01 1.319040676575596081e+02 6.779925458487911172e+00
1.212094600000000071e+02 1.131169599999999953e+01 9.736803362937686757e+01 1.117841519366558778e+01
1.143764000000000038e+02 1.332743100000000069e+01 1.161956758784306487e+02 2.555108722561298151e+01
1.088499999999999943e+02 2.839095999999999975e+01 1.314714858953312842e+02 1.956027749160998752e+01
1.192039699999999982e+02 8.441069999999999851e+00 1.307666452968443878e+02 7.729545697564271123e+00
1.019195560000000000e+02 2.802453799999999973e+01 9.273779379349154794e+01 5.508015301653307327e-01
1.013219799999999964e+02 1.577685499999999941e+01 1.194953601712158360e+02 3.252699833484565772e+01
1.137167199999999951e+02 2.209496700000000047e+01 1.193450951028580960e+02 2.341260933020548762e+01
1.286229600000000062e+02 3.030732499999999874e+01 1.175231069446388403e+02 5.920081855075942645e-01
1.038123300000000029e+02 1.618331999999999837e+01 9.316269862370556609e+01 1.407671482466842150e+01
1.033414700000000011e+02 2.611897300000000044e+01 1.229591207291125414e+02 1.843196071537369818e+01
1.082274599999999936e+02 2.717001000000000133e+01 1.008708858820794347e+02 2.662250869963593658e+01
1.130678500000000071e+02 1.070391300000000001e+01 1.314673168520423019e+02 3.380524468987231046e+01
1.216560750000000013e+02 3.921428999999999832e+00 1.336586768346282383e+02 3.212161834937070637e+01
1.089955800000000039e+02 1.639875599999999878e+01 1.214140873590693985e+02 1.838271967320630651e+01
1.004711900000000071e+02 2.451955200000000090e+01 1.051933876353828339e+02 8.753821521394751670e+00
1.187546099999999996e+02 1.839382399999999862e+01 1.257121935364635590e+02 2.902828888304157573e+01
1.258230060000000066e+02 9.050392999999999688e+00 1.220759722665455058e+02 1.247955359321886348e+01
1.126715200000000010e+02 1.748623999999999867e+01 1.327669126230288725e+02 1.834660172192390704e+01
1.049325299999999999e+02 2.927804199999999923e+01 1.332605095522040415e+02 9.712723756114357343e+00
1.194439849999999979e+02 3.088717700000000121e+01 1.312624625169767114e+02 2.857581112845894111e+01
1.208341900000000066e+02 1.204352800000000023e+01 1.234042277897941489e+02 2.672667638974408888e+01
1.349317599999999970e+02 1.207422299999999993e+01 1.082381423030276437e+02 3.091297350501057295e+01
1.008899150000000020e+02 2.474351700000000065e+01 9.931270154524410998e+01 3.317671498286112808e+01
1.344405199999999923e+02 3.228481299999999976e+01 1.359981291186565500e+02 4.553317534223031871e+00
1.063787499999999966e+02 2.825092300000000023e+01 1.065390413916083787e+02 7.125413567327056441e+00
9.515203999999999951e+01 1.569428800000000024e+01 1.284737621660494256e+02 1.030807907108818533e+01
1.197189560000000057e+02 1.547260600000000075e+01 1.088360489814795073e+02 1.485154809584719615e+01
9.965353399999999340e+01 2.953445800000000077e+01 9.647071937073542358e+01 5.748960263620154443e+00
1.331729400000000112e+02 1.186766300000000030e+01 1.367215002574405958e+02 1.706422214241947088e+01
1.324894099999999924e+02 1.522223000000000104e+00 1.026587271965604629e+02 1.298171845201318320e+01
1.173357539999999943e+02 2.219921099999999825e+01 1.245810135706363155e+02 7.344186931499847582e+00
1.142837099999999992e+02 1.745475199999999916e+01 1.170944609818730555e+02 4.283115699828464074e+00
1.006839099999999974e+02 4.718844999999999956e+00 1.111255544917877103e+02 2.760770133822756378e+01
1.174418639999999954e+02 1.991549499999999995e+01 1.229106947691071525e+02 1.983874871073706458e+01
1.002797900000000055e+02 2.030880499999999955e+01 1.253510575553254114e+02 1.405265669902822268e+01
1.006064200000000000e+02 2.769523600000000130e+01 1.086850528369183309e+02 8.431706327646734778e+00
1.328286300000000040e+02 1.854412800000000061e+01 1.369536433720320474e+02 9.967060372392973377e+00
1.364280100000000004e+02 4.255118000000000400e+00 1.289154351347249019e+02 6.706595088248507031e-01
1.366617899999999963e+02 1.230031400000000019e+01 9.483372378845633932e+01 1.652392756076444869e+01
1.224107740000000035e+02 7.443858999999999781e+00 9.979677577200800442e+01 6.018624774951157441e+00
1.337603000000000009e+02 1.258384500000000017e+01 1.015059457939327103e+02 8.428482610042616230e+00
9.723202000000000567e+01 2.960429800000000000e+01 1.373495228558616077e+02 1.246628631758648531e+01
1.314515000000000100e+02 1.002607700000000079e+01 1.154371434501049549e+02 8.151053790974453150e+00
1.098809700000000049e+02 2.526983800000000002e+01 1.030003922999447497e+02 5.358016028981576362e+00
1.016832100000000025e+02 1.628771199999999908e+01 1.358082224524714547e+02 2.262847478506903443e+01
1.110863800000000055e+02 2.956343499999999835e+01 1.308525550469725260e+02 1.394128824652855059e+01
1.134832399999999950e+02 1.777810300000000154e+01 1.160078093736405407e+02 6.675773525227032934e+00
1.307676400000000001e+02 9.199001000000000872e+00 1.247019949481572496e+02 3.052143320960132655e+01
1.130387039999999956e+02 2.450758000000000081e+01 1.142725240952277090e+02 2.462341771337325014e+01
1.068959600000000023e+02 4.261408999999999558e+00 1.171549261173189649e+02 1.484845058152897579e+01
1.327039000000000044e+02 1.584810399999999930e+01 1.093331874429350421e+02 3.142085522267743514e+01
1.221287399999999934e+02 7.625099999999999767e+00 1.205696930027583846e+02 8.281835402964754067e+00
1.210841450000000066e+02 2.834050999999999831e+01 1.011364697954286953e+02 8.071006164343007327e+00
1.242736299999999972e+02 6.831006000000000355e+00 1.332299847826600967e+02 1.581958821053009423e+01
1.289122600000000034e+02 1.145462200000000053e+01 1.240521139900887562e+02 1.541642104067094721e+01
1.010747149999999976e+02 1.745857799999999926e+01 1.131613707413898737e+02 1.186027723173772053e+01
1.209411199999999980e+02 1.190699900000000078e+01 1.066078171045252247e+02 2.447409458749249112e+01
1.135468599999999952e+02 1.324376900000000035e+01 9.213000606356777666e+01 2.360198167223801491e+01
1.239427000000000021e+02 2.807401000000000035e+00 9.263910860642498335e+01 1.395303802619309330e+01
1.349417400000000100e+02 3.249795499999999748e+01 9.491358345697051391e+01 2.129620136983915657e+01
1.045020300000000049e+02 3.012155500000000075e+01 1.291288999669123427e+02 2.137467973246684139e+01
1.042165799999999933e+02 2.347071499999999844e+01 9.626176000307431480e+01 2.228879555569654158e+01
1.032657399999999939e+02 2.896160700000000077e+01 1.197963035527842663e+02 8.904446504527996353e+00
1.181114039999999932e+02 1.644512699999999938e+01 1.355614622112036329e+02 2.525833543690427874e+01
1.065502599999999944e+02 6.022739999999999760e+00 9.492875110598701838e+01 1.396849344178330554e+01
1.235973099999999931e+02 1.219101299999999988e+01 1.289794365612470131e+02 1.984145932267022516e+01
1.199054399999999987e+02 1.518948900000000002e+01 9.285421338348407971e+01 2.762935212306351573e+01
9.359354000000000440e+01 1.516930999999999941e+01 1.000493231824452351e+02 9.920922910153002761e+00
1.044074200000000019e+02 1.407581799999999994e+01 1.354586258645275052e+02 3.373661167955385309e+01
1.356580399999999997e+02 1.759958500000000114e+01 1.097261587437941444e+02 2.679731439382791081e+01
1.303266000000000133e+02 5.151488999999999763e+00 9.950467965837529505e+01 2.432154393875967813e+01
1.038327500000000043e+02 1.301466800000000035e+01 1.177677526931889531e+02 1.316315259475878108e+01
1.023049299999999988e+02 2.800608000000000075e+01 9.767557238670183040e+01 1.330145944114021761e+00
1.360862600000000100e+02 1.322449800000000053e+01 1.181596460662651680e+02 2.748575795053387338e+00
1.034372900000000044e+02 1.659929699999999997e+01 1.151417330681425994e+02 1.788918221287831845e+00
1.273446660000000037e+02 1.365026600000000023e+01 1.151065302364064280e+02 1.911533232241497871e+01
1.087034450000000021e+02 1.879413800000000023e+01 1.171744621667946831e+02 1.935439987490033076e+01
1.006795400000000029e+02 2.482919000000000054e+01 1.295823738691825326e+02 1.237621281521062144e+01
9.882135999999999854e+01 3.069462800000000158e+01 9.323959939312723577e+01 2.078965372983877913e+01
1.139231400000000036e+02 3.106367300000000142e+01 1.024484393879259727e+02 6.970477625436399816e-01
9.823951999999999884e+01 1.669737599999999844e+01 1.276074731932435782e+02 3.318033636139085019e+01
1.127789899999999932e+02 1.603903199999999885e+01 1.040194171984943807e+02 6.747614467883852107e+00
1.129410900000000026e+02 1.928609799999999908e+01 1.216952860242881513e+02 2.874588598835716624e+01
1.040049199999999985e+02 2.438359600000000071e+01 1.046750325169733742e+02 2.786563599373680233e+01
1.064823149999999998e+02 3.252676000000000123e+00 1.362608039377842033e+02 1.330874808565354250e+01
1.148343050000000005e+02 2.582363300000000095e+01 1.220228989973917777e+02 2.158574625561157490e+01
1.179488199999999978e+02 1.651808199999999971e+01 1.046665757370194427e+02 2.702056817465467731e+01
1.279808500000000038e+02 1.237441800000000036e+01 1.016038552046277061e+02 3.382964848547530323e+01
1.219990200000000016e+02 5.213186999999999571e+00 9.831095867238406072e+01 3.197652919972311025e+01
1.353151900000000012e+02 1.279140499999999925e+01 1.305765437546792214e+02 2.832551547709821449e+01
1.349924800000000005e+02 2.427803000000000111e+01 1.359765283347990703e+02 1.733017223245360672e+00
1.318405300000000011e+02 1.077468200000000031e+01 1.038030829391335033e+02 2.645729392340097519e+01
1.069558300000000060e+02 3.322021000000000157e+01 1.275613155371217431e+02 2.371684842592692988e+01
1.158584060000000022e+02 1.987986000000000075e+01 1.207741270159118017e+02 3.352924522717385614e+00
1.102168700000000001e+02 2.640597199999999845e+01 1.228665195578651606e+02 1.390663059805979351e+01
1.195463639999999970e+02 2.841035700000000119e+01 1.091585850256721955e+02 1.516614943883501354e+01
1.309324000000000012e+02 9.878012000000000015e+00 1.226113287799639551e+02 1.575900169497454506e+01
1.047877660000000049e+02 2.743140400000000056e+01 1.043725026533119404e+02 1.515981107082381740e+01
1.259232559999999950e+02 4.161654000000000408e+00 1.205012659896775773e+02 1.959803559735596057e+00
1.324696399999999983e+02 1.699832699999999974e+01 1.143389021286568692e+02 3.259039825619268083e+00
1.105762799999999970e+02 1.713849599999999995e+01 1.302229418834410808e+02 2.945711757659309171e+01
1.357005499999999927e+02 1.938025700000000029e+01 1.264659600521485743e+02 1.749982524812119777e+01
1.075842059999999947e+02 1.186463999999999963e+01 1.109862260629676456e+02 2.000007706822364995e+01
1.230936200000000014e+02 4.996221000000000245e+00 9.804302528276249973e+01 7.613443459266140856e+00
1.176738359999999943e+02 1.385884099999999997e+01 1.116569596387033982e+02 1.449576666142534798e+01
9.999969000000000108e+01 2.509792300000000154e+01 1.329037205776099597e+02 6.425789509778040198e+00
1.008322600000000051e+02 1.836909500000000151e+01 1.059037666806485873e+02 2.528314487439612890e+01
1.022638800000000003e+02 3.262707999999999942e+01 1.339085031925986584e+02 1.712224391596336304e+01
9.989088999999999885e+01 2.683164999999999978e+01 1.223313244807889646e+02 2.752723100792934829e+01
1.219563600000000037e+02 4.037063999999999986e+00 1.142448241427495645e+02 2.787707252042308070e+01
1.232273500000000013e+02 4.342469000000000356e+00 1.058051982888564737e+02 8.492266767465368460e+00
1.217082599999999957e+02 1.563973999999999975e+01 1.351115742635598167e+02 1.464220523260214968e+01
1.034781339999999972e+02 1.418773999999999980e+01 1.073600361408981740e+02 1.349444939234295049e+01
1.049673540000000003e+02 2.282041399999999953e+01 1.173893047628768045e+02 2.517431518850614225e+01
1.083133540000000039e+02 2.792756299999999925e+01 1.210641228648685797e+02 2.624034004178280455e+01
1.268311900000000065e+02 1.202138899999999921e+01 1.267725805765185783e+02 9.767917655264453103e+00
1.110126900000000063e+02 2.886413999999999902e+01 1.081434798520298131e+02 4.885001265692279215e-01
1.004917399999999930e+02 3.001473800000000125e+01 1.023016543849775246e+02 2.232098977651310889e+01
1.359555699999999945e+02 2.916656499999999852e+01 1.194100880746794360e+02 3.169563516807719594e+01
1.156589100000000059e+02 2.078124199999999888e+01 1.077494848858959813e+02 5.932669940212477400e+00
9.890682999999999936e+01 1.802293200000000084e+01 1.365247849988447797e+02 2.696639325113056174e+01
1.140755900000000054e+02 8.455011999999999972e+00 1.181095540854129808e+02 1.899442256020379416e+00
1.048228900000000010e+02 3.249645600000000201e+01 1.129807259186412267e+02 1.524191803541055101e+01
1.227206500000000062e+02 2.926232000000000166e+00 1.119774923132322897e+02 3.066001944195422624e+01
1.367545299999999884e+02 1.483705600000000047e+01 1.081480921098825405e+02 8.364037419628905567e+00
1.139202300000000037e+02 1.739189000000000007e+01 1.322514247607721813e+02 2.908795648656572919e+00
9.897588000000000363e+01 1.434022700000000050e+01 1.231593099260740019e+02 1.204088027663679661e+01
1.210716900000000038e+02 6.892971000000000181e+00 1.048233899964814100e+02 1.884018904816336359e+01
1.231192999999999955e+02 3.669859999999999900e+00 1.055614465533661814e+02 1.480273615186071190e+01
1.056316000000000059e+02 1.004083999999999932e+01 1.161782819683240433e+02 2.131415906776934932e+01
9.844208500000000583e+01 2.976761600000000030e+01 1.266562537264413493e+02 2.821739364082429802e+01
1.063184499999999986e+02 2.189414199999999866e+01 9.580858994089973635e+01 5.611444025876792807e+00
1.370959000000000003e+02 5.531164999999999665e+00 1.112895493215945066e+02 3.087940802785228556e+01
1.323020500000000084e+02 3.039486999999999828e+00 1.231806027940679513e+02 9.294353509877034680e-01
1.053674550000000067e+02 7.722144000000000119e+00 1.096630787423113986e+02 3.207197072133387650e+01
1.272875200000000007e+02 3.735890000000000044e-01 1.051502233067897123e+02 7.799794486008282846e+00
1.232222500000000025e+02 1.022940900000000042e+01 1.089724732264473062e+02 1.568359178495536099e+01
1.140301000000000045e+02 2.309675000000000011e+01 1.212543601910257820e+02 1.602841326068821814e+01
1.324488800000000026e+02 9.132956999999999326e+00 1.372442059608763998e+02 5.443247840389531689e+00
1.250700149999999979e+02 1.553383900000000040e+01 1.318870673642625775e+02 1.268659953912320582e+01
1.153614500000000049e+02 1.834740400000000093e+01 1.022224828232497060e+02 2.255163723323106950e+01
1.008948800000000006e+02 1.652329800000000048e+01 1.126605734655107653e+02 2.906823191043327981e+01
1.074301300000000055e+02 3.293291500000000127e+01 1.268031245449060975e+02 1.252128718977923150e+01
1.131622399999999971e+02 1.624390599999999907e+01 1.028182698205528709e+02 1.369893563543705461e+01
1.002700300000000055e+02 1.703686300000000031e+01 1.309376093673434980e+02 3.179798988622708222e+01
1.299299300000000130e+02 1.610754400000000075e+01 1.080150017969612151e+02 1.028450152825730690e+01
1.050813700000000068e+02 4.424735000000000085e+00 1.122441049928715699e+02 1.159009972907882613e+01
1.132039199999999965e+02 1.668616300000000052e+01 1.083707898293378378e+02 1.209249256575768605e+01
1.356722699999999975e+02 1.789586800000000011e+01 1.100784991821725640e+02 3.336871983592771329e+01
1.133071060000000045e+02 3.074285100000000170e+01 1.251284432790756824e+02 3.387083122674932945e+00
1.078554800000000000e+02 1.840535399999999910e+01 9.352860527394241785e+01 2.281819239941086508e+01
1.146143200000000064e+02 2.004928200000000160e+01 1.162238553850341134e+02 1.746820649263276692e+01
1.118345640000000003e+02 2.392749999999999877e-01 1.278361896221252323e+02 3.392319581481370960e+01
1.182392499999999984e+02 2.503325500000000048e+01 1.365324556499901973e+02 2.476262753422499685e+01
1.303218400000000088e+02 8.996290000000000120e-01 1.222210689436009261e+02 2.750820789663458754e+01
1.172729949999999945e+02 2.140795900000000174e+01 1.069789271848520400e+02 1.023182692232305691e+01
1.135055600000000027e+02 1.730492999999999881e+01 1.165284100687031099e+02 3.217265004724085031e+01
1.240100000000000051e+02 1.279410900000000062e+01 1.163769295667131161e+02 1.689064526039578595e+01
1.080707699999999960e+02 1.541756700000000002e+01 1.309319662105253030e+02 2.453419471211080349e+01
1.189017699999999991e+02 2.030833000000000155e+01 1.053660122793457390e+02 2.022727006929184412e+01
9.953991000000000611e+01 1.765159200000000084e+01 9.932183829493298788e+01 6.920087433539086952e+00
1.165112840000000034e+02 2.327571899999999872e+01 1.151925191229760372e+02 3.251156401415276065e+01
1.094431699999999950e+02 2.603854600000000019e+01 1.221702107094917551e+02 6.317143773927632822e+00
1.205678249999999991e+02 2.621988100000000088e+01 1.188038616929437552e+02 4.699829398305044315e+00
1.349519999999999982e+02 1.169487200000000016e+01 1.273623443366231101e+02 1.007928055671135859e+01
1.066250150000000048e+02 2.543620000000000214e+00 9.525708406935750361e+01 1.531548490481064206e+01
1.082674300000000045e+02 2.621295500000000089e+01 1.058291559582462042e+02 1.845852816612242719e+01
1.202229399999999941e+02 1.300534999999999997e+01 1.143033878071915410e+02 2.989642315619712676e+01
1.083554599999999937e+02 1.583191200000000087e+01 9.863752303784016817e+01 1.442970803938495550e+01
1.201523200000000031e+02 2.317364500000000049e+01 1.311579826717460833e+02 1.591330525848210087e+01
1.007028959999999955e+02 2.068726699999999852e+01 1.000872550376058143e+02 2.385501028445712279e+01
1.006227399999999932e+02 1.954385600000000167e+01 9.406934582844890258e+01 2.402077816344932160e+01
1.225421139999999980e+02 1.088495900000000027e+01 1.103632298730404528e+02 8.223528253348566963e+00
1.087185099999999949e+02 1.082315200000000033e+01 1.216813288649553471e+02 2.283458720249613716e+00
9.588267000000000451e+01 2.653397000000000006e+01 1.015659870203416233e+02 2.563025875317896052e+01
1.373412800000000118e+02 7.320990000000000553e-01 1.251506703803511869e+02 3.423623176775915056e+01
1.215274660000000040e+02 9.855489999999999640e+00 1.162069974780557686e+02 3.342406282931420947e+01
1.210836500000000058e+02 1.404887100000000011e+01 9.568995496631464448e+01 4.864756764173083781e+00
9.801369499999999846e+01 2.871176499999999976e+01 1.201928557287284036e+02 9.579859740994537631e+00
1.148470839999999953e+02 1.232656199999999913e+01 1.172746859542215674e+02 1.124031137294975657e+01
1.164115599999999944e+02 1.850963399999999837e+01 1.069968727438800613e+02 3.352854302838620981e+01
1.096788600000000002e+02 1.849008999999999903e+00 1.368899700988847030e+02 2.563677334400450292e+01
1.332452999999999861e+02 2.728622999999999799e+00 1.130319018169236074e+02 2.103405678572238102e+01
1.255556260000000037e+02 1.372629099999999980e+01 1.143229653959874810e+02 2.973705189502751622e+01
1.164321900000000056e+02 1.890602499999999964e+01 1.368269899550101059e+02 2.874963942876307499e+01
9.974071999999999605e+01 1.632757600000000053e+01 1.354882475976685896e+02 1.185513305891891811e+01
1.196812299999999993e+02 2.088022600000000040e+01 1.270222448624066658e+02 1.849250577134102969e+01
1.176956899999999990e+02 6.060266000000000375e+00 1.076101443173172072e+02 1.228435680249776318e+01
1.041200560000000053e+02 2.495909899999999837e+01 1.279243995078193450e+02 1.284827738247188478e+01
1.012301199999999994e+02 1.617340499999999892e+01 1.125468291341160381e+02 1.137591365981406000e+01
1.306562800000000095e+02 2.621539999999999981e-01 1.265435419996636455e+02 1.882476392245870045e+01
1.264986999999999995e+02 2.455890000000000128e+01 1.119511080041843059e+02 1.854826157983215396e+01
1.211230850000000032e+02 1.021513700000000036e+01 9.976182324432409132e+01 1.467295677521455488e+01
1.302385099999999909e+02 7.992467999999999684e+00 1.366207592170003693e+02 2.036220632859628665e+01
1.042143250000000023e+02 3.424630400000000208e+01 9.843578225068874588e+01 2.229554208008977412e+01
1.007646940000000058e+02 2.517087599999999981e+01 1.325081499927854622e+02 2.586378478300974137e+01
1.102149799999999971e+02 2.830182999999999893e+01 1.284098254071072347e+02 3.003029469106151694e+01
9.397973000000000354e+01 1.450080900000000028e+01 1.023822302511574804e+02 1.128818001050779962e+01
1.075895799999999980e+02 1.972467400000000026e+01 1.252693995600173764e+02 1.164700292512239521e+01
1.167711800000000011e+02 1.044548600000000071e+01 1.209381419153585284e+02 4.692489535366139997e-01
9.703319000000000472e+01 2.983398400000000095e+01 1.335507431991548515e+02 3.273122957035848657e+01
1.269099199999999996e+02 8.830450000000000799e+00 1.278313457026147120e+02 1.976069311973828135e+01
1.291512099999999919e+02 1.286193699999999929e+01 1.355479957921803020e+02 3.491003349159607438e+01
1.206234199999999959e+02 2.294290000000000163e+00 1.101251547737230538e+02 8.175027628801867507e+00
1.102496799999999979e+02 2.905307200000000023e+01 1.105174495812112241e+02 2.468933867836165774e+01
1.078804999999999978e+02 1.347900000000000098e+00 1.263466063009752105e+02 2.173784446243342217e+01
1.028493699999999933e+02 2.885465800000000058e+01 1.152066268034795939e+02 2.678697992491579072e+01
1.053509449999999958e+02 9.028912999999999300e+00 1.264626935256619760e+02 2.275703094178025765e+01
1.063896100000000047e+02 3.912881000000000054e+00 1.165571637326285099e+02 1.191333272626846629e+00
1.162961800000000068e+02 2.799809799999999882e+01 1.020106795562494284e+02 4.180590202337997052e-01
1.292556600000000060e+02 1.137209400000000059e+01 1.017561189310648899e+02 9.383270418018030412e+00
1.201075060000000008e+02 6.985503999999999714e+00 9.235948752992213429e+01 3.259688574270352746e+00
1.159256900000000030e+02 2.697432299999999827e+01 1.019115280411774620e+02 1.469831412617947031e+01
1.039862200000000030e+02 2.419322400000000073e+01 1.360393658908803900e+02 1.888996008006918004e+01
1.085890660000000025e+02 5.622329999999999828e-01 1.037606128324108710e+02 2.167785691146506011e+01
1.284304700000000139e+02 1.899298699999999940e+01 1.317354141744468166e+02 1.707010489657051266e+01
1.207063399999999973e+02 1.393922799999999995e+01 1.366453710468005056e+02 6.721243942120824322e+00
1.013173800000000000e+02 1.780067999999999984e+01 1.057255454529551173e+02 8.765870050878383779e+00
1.150682749999999999e+02 1.918149599999999921e+01 1.225752334208209646e+02 2.449919082155490813e+01
1.061328350000000000e+02 2.596210900000000166e+01 1.146062069461043507e+02 6.576812721939887751e+00
1.227775699999999972e+02 3.331928000000000001e+00 9.674483899902500639e+01 1.250834487227899672e+01
1.183520900000000040e+02 1.158915299999999959e+01 1.206204859231387019e+02 1.943838901949682452e+01
1.037949100000000016e+02 1.724506999999999834e+01 1.039059085074592161e+02 1.582031280907756177e+01
1.209112899999999939e+02 7.267337999999999631e+00 9.992968826932391835e+01 1.953284950993624136e+01
1.346454300000000046e+02 1.258279899999999962e+01 1.088488776903906086e+02 1.997991743426705469e+01
1.227981199999999973e+02 3.281226699999999852e+01 1.254349233753476653e+02 3.301491799693634732e+01
1.139247359999999958e+02 2.117171300000000045e+01 9.356415900821546927e+01 1.194892591242736124e+01
1.082378199999999993e+02 1.562821500000000086e+01 1.374263723220212228e+02 1.835069604320666015e+00
1.047176599999999951e+02 4.703091999999999828e+00 1.203135236521405176e+02 1.768353859845348097e+01
1.117577739999999977e+02 2.046753999999999962e+01 9.849463107229045988e+01 7.815973221944345184e+00
1.092677800000000019e+02 3.181741999999999848e+00 1.064364592971200096e+02 4.979405633219259109e+00
1.020971899999999977e+02 2.676877800000000107e+01 1.290429389830432569e+02 2.435706818472510093e+01
1.028629600000000011e+02 1.609947599999999923e+01 1.374144490798787785e+02 1.474716895028931418e+01
1.072773499999999984e+02 2.767564799999999892e+01 1.176000216687880169e+02 3.015455887896066756e+01
1.110467699999999951e+02 3.238026399999999683e+01 1.041264810510305097e+02 9.284622216914460324e+00
1.134846040000000045e+02 1.515536099999999919e+01 9.728170960928014210e+01 2.273700594173528700e+01
1.221146700000000038e+02 7.678874999999999673e+00 9.878720707282025160e+01 3.950640267297493846e+00
1.350546699999999873e+02 1.248166299999999929e+01 1.023027656400613239e+02 3.856903759891201044e+00
1.294916100000000085e+02 2.620026999999999884e+00 9.661073292336486418e+01 1.559206963384210809e+01
1.259789300000000054e+02 8.138935999999999282e+00 1.373068868326271001e+02 3.308106266099696313e+01
1.101911099999999948e+02 1.101826999999999934e+01 1.328300692605141364e+02 2.776763962182927159e+01
1.064764899999999983e+02 2.161875300000000166e+01 9.463653547784576858e+01 1.313093820855610971e+01
1.114765500000000031e+02 2.000540499999999966e+01 1.108854610283701732e+02 2.151833174938583682e+01
1.200522399999999976e+02 3.491102000000000061e+01 1.033241182128618618e+02 2.520769226599992408e+01
1.090832599999999957e+02 1.999703000000000008e+00 1.284558764034646003e+02 3.469520938106052554e+00
1.235410839999999979e+02 6.541074000000000055e+00 1.320554724403485238e+02 1.366485463519838817e+01
1.156852599999999995e+02 1.478857400000000055e+01 1.275127843196406729e+02 1.477205220147232367e+01
1.351008600000000115e+02 2.345284300000000144e+01 1.163174355320364555e+02 1.313245555192453651e+01
1.370245700000000113e+02 1.147566899999999990e+01 1.225696437289114726e+02 1.628045333316373444e+01
1.311990399999999966e+02 2.885759999999999881e+00 1.370941083830211085e+02 1.899023293085192066e+01
1.221295800000000042e+02 8.650660999999999490e+00 1.217746217579455106e+02 3.286008932905128432e+01
1.073838200000000001e+02 2.117361000000000004e+01 1.323453674833806986e+02 7.753330457231904838e+00
1.112859399999999965e+02 7.286299999999999999e-01 1.006220853022556412e+02 1.721679773419910120e+01
1.194723599999999948e+02 1.724490399999999823e+01 1.091839357239623638e+02 3.047538716909443668e+00
1.244378499999999974e+02 2.619258100000000056e+01 9.991176156514279683e+01 2.391164758355403208e+01
1.189220300000000066e+02 1.942037399999999892e+01 1.279638880196742718e+02 3.014190578141046117e+01
1.004048300000000040e+02 2.599754000000000076e+01 1.359924299675211046e+02 2.832108509114300787e+01
1.021120999999999981e+02 2.292310000000000159e+01 1.234189400281834423e+02 2.390633842554346344e+01
1.368218999999999994e+02 9.378269999999999662e-01 1.145044354895536713e+02 1.149732438513319366e+01
1.286007500000000050e+02 8.765936999999999202e+00 9.565688635321754418e+01 1.392243990896150052e+01
1.253882700000000057e+02 1.252098200000000006e+01 1.318139040490363811e+02 1.494953746582503307e+01
1.175999999999999943e+02 1.023433799999999927e+01 1.182221183643744951e+02 1.166966458396266937e+01
9.288236999999999455e+01 2.260556000000000054e+01 1.258026078563685815e+02 2.685865670535086025e+01
1.148044000000000011e+02 2.044948799999999878e+01 1.335196690303372407e+02 6.646956558282895999e-01
9.586464999999999748e+01 3.010379999999999967e+01 1.113920274475304666e+02 1.377402174905242127e+01
1.325616899999999987e+02 2.183529300000000006e+01 1.126457909653509972e+02 1.098751929593435328e+01
1.377720300000000009e+02 1.174125100000000010e+01 1.133277103976434717e+02 1.642951379083064101e+00
1.190961999999999961e+02 7.138060000000000516e-01 1.111490681152252904e+02 2.242519429500037020e+01
1.222190400000000068e+02 1.304349299999999978e+01 1.041540530113906300e+02 1.827765518905459174e+01
1.120762000000000000e+02 7.865459999999999674e-01 1.351050539397899115e+02 2.029831441496008537e+01
9.899518999999999380e+01 3.035501000000000005e+01 1.256938335675100831e+02 2.106849200668828104e+01
1.055970499999999959e+02 6.590237000000000123e+00 1.190183176526947619e+02 1.726370311059758578e+01
1.274308900000000051e+02 1.213617600000000074e+01 1.161801878539156405e+02 3.283462336631463074e+01
9.520380000000000109e+01 2.239091700000000174e+01 1.078058484769218381e+02 3.140705743392607374e+01
1.205876159999999970e+02 1.334072899999999962e+01 1.089794445056964491e+02 2.446214478925232783e+01
9.569082000000000221e+01 2.712815700000000163e+01 1.086803763822644839e+02 2.926696845113870538e+01
1.212168499999999938e+02 5.970590000000000064e-01 9.951808472111301285e+01 3.056800535826513610e+01
1.002892999999999972e+02 2.375831000000000159e+01 1.185272245265947788e+02 3.390087150922176384e+00
9.699267600000000300e+01 3.332831000000000188e+01 9.773507078842744988e+01 1.013649465603572164e+00
1.205819099999999935e+02 1.267323900000000059e+01 1.362159472107488227e+02 8.801178626441581443e+00
1.302130600000000129e+02 1.211599499999999985e+01 9.381061760846017705e+01 2.411463181453950355e+01
1.264625999999999948e+02 7.166369999999999685e-01 1.371041863938313554e+02 7.078109231291803027e+00
1.325118699999999876e+02 7.074665000000000425e+00 1.369261320531740296e+02 3.451186426913762517e+01
1.051916099999999972e+02 9.920849000000000473e+00 9.683461063640872624e+01 2.859202966510905597e+01
1.026750949999999989e+02 3.487172699999999992e+01 9.256603696887721355e+01 1.664024318775988220e+01
1.164659599999999955e+02 1.853562499999999957e+01 9.844251813759890979e+01 2.453772561951210207e+01
1.331191900000000032e+02 8.421360999999999208e+00 1.102969297165838611e+02 3.432029330167315706e+00
1.125423660000000012e+02 2.072739999999999938e+01 1.252753948979985097e+02 3.421748979105649369e+01
1.307908799999999871e+02 1.009277999999999897e+00 1.129996015995690186e+02 3.163759416270445612e+01
1.166653400000000005e+02 4.134577000000000169e+00 9.625452987912612457e+01 2.862719761227845083e+01
1.268122939999999943e+02 2.672148999999999930e+01 1.194159725830376146e+02 6.963809343995293055e+00
1.206880299999999977e+02 9.057698999999999501e+00 9.834882486042518224e+01 3.117554733778036535e+01
1.222233659999999986e+02 2.248752000000000084e+00 1.111805031179406456e+02 1.028441067010690979e+01
1.072066800000000057e+02 2.882234800000000163e+01 1.379987170177701898e+02 2.845898395065824005e+01
1.179312000000000040e+02 9.954869000000000412e+00 1.277482838788839956e+02 3.497512064428164535e+01
1.216805700000000030e+02 2.875600000000000031e-02 1.192443528374940769e+02 2.591848635473206031e+01
1.220304600000000050e+02 5.662862999999999758e+00 9.657432266535089127e+01 2.987930848530523420e+01
1.067377000000000038e+02 2.727607499999999874e+01 1.121799367219463761e+02 6.555880122715798564e+00
1.073123599999999982e+02 2.557497199999999893e+01 1.285977746965291146e+02 2.371590602009998250e+01
1.122847440000000034e+02 1.660995300000000086e+01 1.117851952859294613e+02 2.620668242736509512e+01
1.064903999999999940e+02 1.390643999999999991e+00 1.105221518973839068e+02 2.447195807701426062e+01
1.014903900000000050e+02 3.396592700000000065e+01 1.160640315791706030e+02 2.269416686967371088e+00
1.129178600000000046e+02 2.190700100000000106e+01 9.735172535592279530e+01 2.529709212937231655e+01
1.344037299999999959e+02 3.264661399999999958e+01 1.054802373347850875e+02 3.375820439726504674e+01
9.264901000000000408e+01 2.078608699999999843e+01 1.075480685128866867e+02 5.284372950527761681e+00
1.298188600000000008e+02 9.076064999999999827e+00 9.844552520371146898e+01 8.997425336757014946e+00
9.982527000000000328e+01 2.515078700000000111e+01 1.321250599154442966e+02 2.916595076687552179e+01
1.068714449999999943e+02 1.286970200000000020e+01 9.898644682594726874e+01 9.710449269368798042e+00
1.130037300000000045e+02 2.547221800000000158e+01 1.179407522613329178e+02 1.467106763454205698e+01
1.294016699999999958e+02 5.396980000000000111e-01 1.057140433012908574e+02 4.973320470819129646e+00
1.247720099999999945e+02 6.038419999999999899e-01 9.412166031044192493e+01 8.484339600962195860e+00
1.175621500000000026e+02 1.813804400000000072e+01 1.085586173573662165e+02 2.030750407789458478e+01
1.083680499999999967e+02 2.084225800000000106e+01 1.223680826408454863e+02 3.575988549891948587e+00
1.109355999999999938e+02 1.694945099999999982e+01 1.309395972421789907e+02 3.751101189267735947e+00
1.262143800000000056e+02 1.201316999999999968e+00 1.168307779279195699e+02 1.761778173257686930e+01
1.294755900000000111e+02 2.914704899999999910e+01 1.079197641800327716e+02 5.754238610757428374e-01
1.306637699999999995e+02 1.285029600000000016e+01 9.738747475683140920e+01 4.217294386294868858e+00
9.805646500000000287e+01 1.719266899999999865e+01 1.109157277062240325e+02 1.897542849328348424e+01
1.165767299999999977e+02 1.286235699999999937e+01 1.329390726328335575e+02 1.127417534694355616e+01
1.039350500000000039e+02 2.735918399999999906e+01 1.241536563686991030e+02 1.591040073927343457e+01
1.327581000000000131e+02 3.298633999999999844e+00 1.319419227581326481e+02 2.491997944618197636e+01
1.088749899999999968e+02 2.917879299999999887e+01 1.139192304797129793e+02 1.925715595178558104e+01
1.346648600000000044e+02 1.416948599999999914e+01 1.139272049444055028e+02 1.093557412298347131e+01
1.148769499999999937e+02 6.728119999999999656e-01 1.013224572615695962e+02 3.074878396107648015e+01
1.134964499999999958e+02 2.987325299999999828e+01 1.048630629560676368e+02 1.515160032944182156e+01
1.305616899999999987e+02 5.040212999999999610e+00 1.306466299390412473e+02 2.354682335811598470e+00
1.007823300000000017e+02 2.154664599999999908e+01 1.240758904152105941e+02 7.287737223708393053e+00
1.137061499999999938e+02 2.920176500000000175e+01 1.350422583532954377e+02 9.671575260338615365e+00
1.171882999999999981e+02 2.439474999999999838e+01 1.376170262686034107e+02 8.759936388859610901e+00
1.161196300000000008e+02 2.374014299999999977e+01 1.072874144046972020e+02 9.659465385446281971e+00
1.309361900000000105e+02 8.523167000000000826e+00 1.267326006708015029e+02 7.613454234914577512e+00
1.130844799999999992e+02 1.852679300000000140e+01 1.240329084024706248e+02 2.082543724159534193e+01
1.305980999999999881e+02 1.224686600000000070e+01 9.976558659034574816e+01 2.329678345897351832e+01
1.374745599999999968e+02 3.138292099999999962e+01 1.343493493577289541e+02 1.712846237226585089e+01
1.245306700000000006e+02 7.659853000000000023e+00 1.068458361812754447e+02 2.699870147055857217e+01
9.609209400000000301e+01 1.652753299999999825e+01 1.364298442858122371e+02 2.890245457921787420e+01
1.133417740000000009e+02 1.599369000000000085e+01 1.070803502737416437e+02 8.040471783867282340e+00
1.119646900000000045e+02 1.463188599999999973e+01 9.384998528830122666e+01 2.832620954367644472e+01
1.262135240000000067e+02 1.085353699999999932e+01 1.111199474125315589e+02 3.388040436069211836e+01
1.162218600000000066e+02 1.465482599999999991e+01 1.023722864604993532e+02 6.956647408006919164e+00
9.612255000000000393e+01 3.490480999999999767e+01 1.302650492947580574e+02 2.278191118110774838e+01
1.130644759999999991e+02 5.041568999999999967e+00 1.226010011052316599e+02 6.642222797804996581e+00
1.064971539999999948e+02 2.229241000000000028e+01 1.131029083386182492e+02 2.144077688507686119e+01
1.136618399999999980e+02 2.985846499999999892e+01 9.628754543396888721e+01 1.310718725736811363e+00
9.227543000000000006e+01 1.832281700000000058e+01 1.163127152724181883e+02 2.290882163432534568e+01
1.010540500000000037e+02 1.139439199999999985e+01 9.477219494167786706e+01 2.794914615200617192e+01
1.213958800000000053e+02 1.269575000000000031e+01 1.224035216663411774e+02 1.039824084516639546e+00
1.358888900000000035e+02 4.520160999999999873e+00 1.319046726399528211e+02 1.631520074694811084e+00
1.045286559999999980e+02 2.332880600000000015e+01 1.200432814949641340e+02 1.747869535846994227e+00
1.005045199999999994e+02 2.882197800000000143e+01 1.008184819229000908e+02 2.002575258843690253e+00
1.350492700000000070e+02 1.381308300000000067e+01 9.511929583077812822e+01 2.877634395460830063e+01
1.235097959999999944e+02 2.681490999999999847e+00 1.221254095630718126e+02 1.349024964322290288e+01
1.068052100000000024e+02 1.683014100000000113e+01 9.908042686051547321e+01 2.820925452454673632e+00
1.074241999999999990e+02 2.922848300000000066e+01 1.054028742095606930e+02 1.946054535955893527e+01
1.138526399999999938e+02 2.842907299999999893e+01 1.185904116048055243e+02 2.114316500029676416e+00
1.204627899999999983e+02 7.529904000000000153e+00 1.076641277040636453e+02 1.135001318113715918e+01
1.174997939999999943e+02 1.471192300000000053e+01 9.812380190096753552e+01 6.102323295994199981e+00
1.006493899999999968e+02 1.672829600000000028e+01 9.883140847959830921e+01 8.354451216879091646e+00
1.269610100000000017e+02 1.226305200000000006e+01 1.249739097436895463e+02 1.625278153913392032e+01
1.287243799999999965e+02 8.558763000000000787e+00 9.716160520362731745e+01 1.954270455360453962e+00
9.822338000000000591e+01 1.748736399999999946e+01 1.123740568036966181e+02 3.120618484602076137e+00
1.007858499999999964e+02 2.466396100000000047e+01 1.047460875616181681e+02 2.772470493032728189e+00
1.132784039999999948e+02 2.408719599999999872e+01 1.308490509059488716e+02 2.933650798470229404e+01
