1.225421139999999980e+02 1.088495900000000027e+01 1.204248500504167083e+02 9.695216263894554487e+00
1.305723099999999874e+02 3.448748799999999903e+01 1.173484520596847460e+02 2.917340452975631937e+00
9.715987400000000207e+01 1.592667499999999947e+01 1.135942918254737890e+02 2.863673527177637723e+01
1.048228900000000010e+02 3.249645600000000201e+01 1.372703126749597686e+02 7.052388041319044731e+00
1.310166999999999859e+02 1.584964599999999990e+01 1.018901384389808840e+02 7.441597735902825583e+00
1.006064200000000000e+02 2.769523600000000130e+01 1.107009809776986344e+02 2.772067013942005076e+01
1.328286300000000040e+02 1.854412800000000061e+01 1.204955046979978448e+02 1.195896636521874079e+01
1.309361900000000105e+02 8.523167000000000826e+00 1.274835725924672261e+02 1.112463043716832978e+01
1.190961999999999961e+02 7.138060000000000516e-01 1.157415340754010913e+02 1.037889945837597061e+01
1.294916100000000085e+02 2.620026999999999884e+00 1.185657231428112368e+02 2.912801285130294904e+00
1.151012699999999995e+02 2.510251999999999839e+01 1.164214337751343180e+02 2.285612558200524091e+01
1.022247540000000043e+02 1.159689299999999967e+01 1.199929329415643764e+02 1.210839611265666349e+01
1.052273249999999933e+02 1.942294899999999913e+01 1.258467269722926005e+02 8.488888884863230899e+00
1.165112840000000034e+02 2.327571899999999872e+01 1.027222099257238312e+02 2.275164889651294686e+01
1.234426899999999989e+02 2.473543000000000092e+01 1.003870888289657586e+02 3.112565722600099605e+01
1.225343299999999971e+02 4.270537000000000027e+00 1.219399359089070458e+02 1.593977934008445629e+01
1.270234300000000047e+02 5.967240000000000322e+00 1.076782558075226603e+02 2.131226104050221792e+01
1.086584299999999956e+02 1.116496899999999926e+01 1.203854165237633396e+02 1.923849362488417114e+01
1.227981199999999973e+02 3.281226699999999852e+01 1.360951800119798634e+02 7.594604585343882164e+00
1.240121900000000039e+02 1.423227999999999938e+00 1.288556591432304685e+02 2.827161481464554527e+01
1.369361299999999915e+02 1.332057299999999955e+01 1.141852014132657018e+02 2.985649857440108690e+01
1.268122939999999943e+02 2.672148999999999930e+01 1.301609792592907411e+02 2.599548318084827159e+01
1.343265800000000070e+02 3.472433000000000192e+01 9.379151122430195642e+01 1.702798763895670930e+01
1.216711800000000068e+02 9.723228000000000648e+00 1.179186388296565866e+02 1.858722703530406051e+01
1.290050699999999892e+02 1.324962900000000054e+01 1.041856399694659956e+02 1.346769056099331152e+01
9.954317000000000348e+01 2.821960599999999886e+01 1.307354557989224304e+02 6.527924219621639601e+00
1.364772499999999980e+02 2.120343999999999784e+00 1.007587230565856373e+02 3.141313194566854605e+01
1.196812299999999993e+02 2.088022600000000040e+01 1.121367399622030092e+02 1.247964408419397042e+00
1.305158500000000004e+02 8.179097000000000506e+00 1.053219896615729567e+02 2.248529163622498928e+01
1.056286400000000043e+02 2.796617300000000128e+01 1.071165665940307434e+02 8.671178399523537195e+00
1.195968249999999955e+02 1.992211299999999952e+01 1.072475512748101210e+02 1.592116264742503340e+01
9.974796999999999514e+01 3.379717300000000080e+01 9.397616488693478232e+01 1.107882057741654691e+01
9.974071999999999605e+01 1.632757600000000053e+01 1.061661639345888091e+02 3.223189319526098018e+01
1.015857799999999997e+02 1.553561999999999976e+01 1.013696686757956655e+02 2.043201282034726773e+01
1.114416300000000035e+02 1.862790100000000137e+01 1.270986173554272796e+02 4.350902076826689502e+00
1.063328249999999997e+02 1.094751899999999978e+01 1.242808013139116667e+02 2.746890637261694579e+01
1.110863800000000055e+02 2.956343499999999835e+01 9.461259866286981435e+01 7.664812148283280280e+00
1.287615499999999997e+02 1.689361399999999946e+01 1.004015937217330077e+02 2.511332987926889970e+00
1.252135240000000067e+02 1.563707699999999967e+01 1.066286448889166252e+02 3.275627664696943242e+01
1.082378199999999993e+02 1.562821500000000086e+01 1.111961863651365832e+02 2.761869230549180543e+01
1.286900599999999883e+02 1.486477799999999938e+01 1.133791237848256372e+02 3.313337491001291113e+01
1.063831100000000021e+02 8.929643999999999693e+00 1.203212647029513533e+02 2.130525149094866233e+00
1.350546699999999873e+02 1.248166299999999929e+01 9.784341185695188869e+01 1.079639964809890351e+01
1.189205999999999932e+02 1.653125000000000000e+01 1.259331264319733350e+02 2.747976048874105715e+01
1.044894199999999955e+02 3.404343999999999681e+01 1.136476498029406201e+02 1.148142925804021885e+01
1.264625999999999948e+02 7.166369999999999685e-01 1.174996345755020286e+02 2.703588976522576459e+01
1.040049199999999985e+02 2.438359600000000071e+01 1.018892875175231012e+02 2.289247628523866496e+01
1.055329299999999932e+02 8.244474999999999554e+00 1.321394775793299914e+02 3.477021649416988769e+00
1.208729550000000046e+02 1.335633900000000018e+01 1.203139784075629990e+02 5.570746544995380134e+00
1.289265900000000045e+02 1.218157399999999946e+01 1.320546969447025276e+02 2.739672219779404472e+01
1.076719200000000001e+02 1.886546900000000093e+01 1.156192759580526683e+02 1.517086547220476422e+00
1.021120999999999981e+02 2.292310000000000159e+01 1.333645020732282092e+02 5.341305766861216497e+00
1.109355999999999938e+02 1.694945099999999982e+01 9.628467199254605191e+01 1.551509195098617511e+00
1.286662800000000004e+02 5.189660000000000384e-01 1.118086053016819648e+02 7.207462183870763539e+00
1.125423660000000012e+02 2.072739999999999938e+01 1.161388207384186728e+02 1.711082026412753265e+01
1.087185099999999949e+02 1.082315200000000033e+01 1.339567166349201557e+02 2.446091397613310292e+01
1.172721250000000026e+02 1.818978299999999848e+01 9.335805859908545301e+01 3.065623535828589041e+01
1.331191900000000032e+02 8.421360999999999208e+00 1.230491817598126403e+02 2.154611672600679384e+01
1.128090440000000001e+02 2.218561000000000050e+01 1.193285432685755865e+02 3.492151351104869406e+01
1.244378499999999974e+02 2.619258100000000056e+01 9.559053381876972821e+01 6.738803363719296335e+00
1.056316000000000059e+02 1.004083999999999932e+01 1.157630381053294144e+02 1.855033536084712509e+01
1.171505300000000034e+02 2.386019699999999943e+01 9.783810110345513067e+01 7.030362186469020003e+00
1.259750059999999934e+02 8.296856999999999260e+00 1.199995793205827539e+02 1.706374213968224751e+01
1.063705499999999944e+02 2.535100999999999871e+01 1.200615096763029044e+02 2.895684633473207370e+01
1.036124999999999972e+02 3.156100700000000003e+01 1.279548930187840767e+02 3.396237385228864269e+01
1.080927049999999952e+02 1.663354700000000008e+01 1.292913979639247373e+02 4.146397075138265720e+00
1.262143800000000056e+02 1.201316999999999968e+00 1.264545013370734807e+02 1.260259929963495296e+01
1.358086700000000064e+02 1.854602399999999918e+01 9.572832462000799580e+01 2.348273641243238785e+01
1.214285699999999935e+02 6.701778000000000013e+00 1.321356610172963997e+02 2.548458834123501759e+01
1.007823300000000017e+02 2.154664599999999908e+01 9.732884536195493297e+01 3.011790252908764387e+01
1.147561599999999942e+02 1.838597100000000140e+01 1.022992447947760155e+02 4.732982030542584262e+00
1.066582599999999985e+02 2.877814700000000059e+01 1.248555391506893102e+02 2.994316652997979844e+01
1.293635400000000004e+02 1.894171000000000049e+00 1.149112465921957806e+02 2.808629765313022020e+01
1.197064500000000038e+02 1.762339400000000111e+01 1.349856799073947400e+02 2.030709358080480254e+00
1.130037300000000045e+02 2.547221800000000158e+01 1.098337528856399530e+02 1.958837029208957503e+01
1.217343299999999999e+02 1.486597700000000088e+01 9.967519568025880972e+01 6.870422250317725910e-01
1.053158899999999960e+02 1.049280700000000088e+01 1.341477869207532194e+02 2.439161405174602137e+01
1.325616899999999987e+02 2.183529300000000006e+01 1.062982563938634684e+02 9.506378285980369824e+00
1.234565599999999961e+02 1.023036199999999951e+01 9.922182740163898984e+01 7.698141734353161958e+00
9.639709999999999468e+01 2.889318000000000097e+01 1.297339609121635249e+02 1.196747530806967319e+01
1.065032039999999967e+02 4.921710000000000251e-01 1.329537118844620238e+02 2.960986765892812045e+01
1.174997939999999943e+02 1.471192300000000053e+01 9.499350780282496487e+01 1.449651663910446198e+00
1.368218999999999994e+02 9.378269999999999662e-01 1.245895459942254604e+02 2.551000357125736784e+01
1.373412800000000118e+02 7.320990000000000553e-01 1.254595936418442079e+02 1.990770151157471446e+01
1.230936200000000014e+02 4.996221000000000245e+00 9.860376209542928905e+01 3.039633397463832765e+01
1.102496799999999979e+02 2.905307200000000023e+01 1.035740451887079416e+02 2.716327155111077118e+01
1.075842059999999947e+02 1.186463999999999963e+01 1.333934849624041021e+02 5.746151223096303440e+00
1.215274660000000040e+02 9.855489999999999640e+00 1.361727495804849184e+02 5.038109154233953113e+00
1.120615540000000010e+02 2.049053999999999931e+01 1.245685474328294617e+02 4.304855980462732212e+00
9.868321000000000254e+01 2.970345299999999966e+01 9.724538422223025691e+01 2.030523050610145930e+01
1.233474350000000044e+02 2.519231399999999965e+01 1.377003578126588934e+02 2.760076986982184266e+01
1.159619799999999969e+02 3.274969500000000266e+01 1.103958063017658446e+02 2.436041119295558843e+01
1.207063399999999973e+02 1.393922799999999995e+01 1.247261864791383914e+02 2.153294121476789869e+01
1.074369499999999960e+02 2.925465799999999916e+01 1.218838173654932007e+02 1.737119279509286685e+01
1.303266000000000133e+02 5.151488999999999763e+00 1.074762439107678063e+02 2.908798705610790947e+01
1.176570099999999996e+02 2.176196300000000150e+01 1.218312794629547682e+02 3.486798117599219893e+01
1.378785100000000057e+02 1.122782400000000003e+01 1.126897861169432531e+02 9.029048297863356831e-01
1.141837539999999933e+02 2.640196200000000104e+01 1.220715110239544998e+02 1.131869644934546670e+01
1.179629500000000064e+02 1.794520599999999888e+01 1.233808047617226151e+02 4.579952346731087864e+00
9.410971999999999582e+01 1.075564600000000048e+01 1.371003816375556426e+02 3.230310393953369186e+01
1.242736299999999972e+02 6.831006000000000355e+00 1.231672191676680939e+02 6.760281236625025336e+00
9.686450000000000671e+01 3.287660000000000338e+01 1.294952255810582074e+02 3.871879936243806775e+00
1.340509999999999877e+02 2.624378400000000156e+01 1.310855875792725556e+02 7.568933822351983309e+00
1.327039000000000044e+02 1.584810399999999930e+01 1.242184375991278955e+02 2.859120812566117564e+01
1.156589100000000059e+02 2.078124199999999888e+01 1.102199408419133562e+02 7.440675581416432927e+00
9.765413999999999817e+01 2.677711499999999845e+01 1.192713754721584394e+02 2.053003901266226006e-01
1.123576999999999941e+02 3.279659999999999798e-01 1.217582274743191704e+02 1.678576684274000286e+01
1.074125099999999975e+02 6.090900000000000425e+00 1.155177698150262273e+02 2.309419867559747708e-01
1.134008259999999950e+02 2.899073999999999884e+01 1.036537887017779269e+02 4.550131277748719505e+00
1.033414700000000011e+02 2.611897300000000044e+01 1.167356162008951799e+02 1.391772488775445993e+01
1.175967899999999986e+02 3.310830700000000348e+01 1.027776115227851790e+02 1.147162348574427604e+01
9.822338000000000591e+01 1.748736399999999946e+01 1.040293600709030102e+02 2.482450458016358041e+01
1.360886000000000138e+02 1.322069300000000069e+01 1.161558021975314148e+02 7.475368412457142675e+00
1.164321900000000056e+02 1.890602499999999964e+01 1.319930656372015960e+02 3.289955622828640713e+01
1.043113299999999981e+02 9.546936000000000533e+00 1.087544726282722252e+02 2.517081288468725475e+01
1.146143200000000064e+02 2.004928200000000160e+01 1.138544644544531366e+02 2.965480040236012726e+01
1.353151900000000012e+02 1.279140499999999925e+01 1.260511483546384852e+02 2.719811488562304813e+00
1.049325299999999999e+02 2.927804199999999923e+01 1.317273776892131991e+02 2.662310921490920634e+01
1.178697700000000026e+02 2.086379200000000012e+01 1.254447861640888107e+02 3.205663287332384925e+01
1.209411199999999980e+02 1.190699900000000078e+01 1.241453841354109215e+02 1.950067594994944642e+01
1.211231700000000018e+02 5.250886000000000386e+00 1.045884008957972071e+02 3.026130210313950997e+01
1.078603300000000047e+02 3.205924000000000262e+01 1.016878178179820225e+02 2.017178480926755668e+00
1.215634399999999999e+02 8.080892999999999660e+00 1.278385796018587826e+02 2.850004381642182949e+01
1.134364199999999983e+02 3.037878600000000162e+01 1.323203727057673689e+02 1.916779847378657564e+01
1.152771500000000060e+02 4.479098999999999720e+00 1.128514360129489518e+02 1.004115022737542517e+01
1.140755900000000054e+02 8.455011999999999972e+00 1.086007136181733870e+02 2.483238650319510743e+00
1.093217539999999985e+02 1.300310099999999913e+01 1.305306207591484053e+02 7.408466862137766284e+00
1.222112300000000005e+02 1.084067199999999964e+01 1.331208622126158616e+02 3.345292159710768232e+01
1.272875200000000007e+02 3.735890000000000044e-01 1.316602481298228327e+02 2.224244701692843407e+01
1.208478199999999987e+02 2.691405000000000047e+00 1.248384805979432031e+02 4.515610093738485986e+00
1.045286559999999980e+02 2.332880600000000015e+01 1.021363862588692655e+02 1.137940518592218986e+01
1.289106299999999976e+02 7.094847999999999821e+00 1.332170446217657229e+02 1.354374676852539494e+01
1.078730850000000032e+02 3.194168000000000163e+01 9.274638939573320329e+01 3.580355220180328146e+00
9.482461499999999432e+01 7.552875000000000227e+00 1.365047276067517430e+02 2.050822555456490193e+01
1.292556600000000060e+02 1.137209400000000059e+01 1.242679325913954216e+02 6.489313118095748401e+00
1.307908799999999871e+02 1.009277999999999897e+00 1.014079653348399574e+02 2.693428197245318501e+01
1.148044000000000011e+02 2.044948799999999878e+01 1.222140205004225066e+02 4.887402314636331013e+00
1.088684839999999951e+02 1.869618999999999920e+00 1.172369033583707107e+02 3.183127915062929247e+01
1.376754999999999995e+02 1.454145600000000016e+01 1.188573088292789635e+02 2.720350273569358990e+01
1.235097959999999944e+02 2.681490999999999847e+00 9.390456900987742017e+01 3.485728329919719926e+01
1.028629600000000011e+02 1.609947599999999923e+01 1.311730717500042260e+02 1.204702939227486880e+01
1.236907599999999974e+02 2.655348599999999948e+01 1.203300152313618128e+02 9.477415349066040662e+00
1.210836500000000058e+02 1.404887100000000011e+01 1.039227048927800183e+02 7.646368485299841922e+00
1.110467699999999951e+02 3.238026399999999683e+01 9.944381347592974407e+01 1.869195913494742811e+01
1.210699099999999930e+02 1.798126600000000153e+01 1.239270190757846279e+02 2.598509760052349904e+01
1.011475200000000001e+02 2.924591300000000160e+01 1.138925796342658714e+02 2.006929362778761217e+01
1.086714099999999945e+02 1.278264599999999973e+01 1.154084636180941459e+02 2.890584020720755376e+00
1.252770199999999932e+02 1.020389400000000002e+01 1.246282826318166315e+02 1.499452730933692024e+00
1.024364300000000014e+02 2.697588299999999961e+01 1.341350779149425421e+02 1.510097818519364132e+01
1.167711800000000011e+02 1.044548600000000071e+01 1.379249207263559924e+02 2.123295277093516376e+01
1.246537699999999944e+02 1.549389700000000047e+01 1.348253730833215513e+02 1.083051524571541080e+01
1.008948800000000006e+02 1.652329800000000048e+01 9.208863420812296852e+01 3.450085785067372512e+01
1.213342499999999973e+02 2.617049000000000181e+00 9.436389308752931981e+01 3.281061233789473164e+01
1.038327500000000043e+02 1.301466800000000035e+01 1.099689186227513318e+02 2.640861005935679273e+01
1.154087799999999930e+02 2.365899500000000089e+01 1.309102091778559611e+02 2.628187361474193295e+01
1.247720099999999945e+02 6.038419999999999899e-01 1.320429414833065493e+02 2.690017846549879010e+01
1.063444439999999958e+02 3.975452000000000208e+00 1.004966346846776304e+02 1.377258122016718112e+01
1.197646199999999936e+02 2.030460199999999915e+01 1.179678082808393356e+02 1.964751427557509800e+01
1.224132840000000044e+02 1.063505699999999976e+01 9.345394952093349161e+01 3.310673518454173347e+01
1.202229399999999941e+02 1.300534999999999997e+01 1.216007110042660315e+02 1.637423676818878349e+01
1.148470839999999953e+02 1.232656199999999913e+01 9.372369767842235433e+01 3.301586034141068104e+00
1.279808500000000038e+02 1.237441800000000036e+01 1.063541812315016415e+02 1.387598053480915894e+01
1.352128999999999905e+02 5.011090000000000266e+00 1.032283082647944923e+02 2.380903134579768121e+01
1.262176500000000061e+02 1.077972399999999986e+01 1.072689138494762489e+02 2.323981607445175612e+01
1.081589000000000027e+02 1.194670699999999997e+01 1.364161081180558597e+02 3.012418052678483349e+01
9.844208500000000583e+01 2.976761600000000030e+01 1.348723097039385834e+02 3.342623774307212869e+01
1.006978600000000057e+02 1.544444200000000045e+01 1.033891623555795718e+02 1.291078662173013569e+01
1.099067840000000018e+02 1.686253999999999920e+01 1.006343485826263873e+02 3.067967822904723718e+01
9.808326999999999884e+01 2.820190200000000047e+01 1.317011224499932212e+02 3.451220441263420469e+01
1.079673540000000003e+02 1.237299100000000074e+01 1.147993339259497532e+02 1.117930112892505257e+01
1.039350500000000039e+02 2.735918399999999906e+01 1.015407078107563024e+02 1.410142579134643448e+01
1.205876159999999970e+02 1.334072899999999962e+01 1.349384727741767449e+02 2.710863556555031195e+01
1.346454300000000046e+02 1.258279899999999962e+01 1.232667876754679810e+02 1.127019142233509630e-01
1.058240600000000029e+02 1.711543800000000104e+01 1.252076140540466440e+02 1.129548185896110191e+01
1.081180899999999951e+02 3.227875000000000227e+01 1.279581758320431959e+02 1.489033011691054753e+01
1.356722699999999975e+02 1.789586800000000011e+01 9.622707509954265959e+01 2.812566956641161653e+01
1.133417740000000009e+02 1.599369000000000085e+01 1.375591561716393016e+02 1.093077799182420407e+01
1.350492700000000070e+02 1.381308300000000067e+01 1.071716521802250668e+02 2.179164429831972427e+01
1.032809749999999980e+02 1.728598600000000118e+01 1.009330913911811081e+02 4.536655955070400204e+00
1.124703750000000042e+02 1.702895499999999984e+01 1.151028478640705970e+02 7.478750160854100493e+00
1.130484199999999930e+02 2.044042800000000071e+01 1.093240850917842124e+02 4.676365229211670638e+00
1.237617400000000032e+02 2.570814499999999825e+01 9.410291742503667933e+01 1.106015504774391189e+01
1.049673540000000003e+02 2.282041399999999953e+01 9.742783309196366304e+01 2.861694965935624424e+01
9.609209400000000301e+01 1.652753299999999825e+01 1.370633870913101759e+02 1.426461249327362246e+01
9.369768000000000541e+01 1.855701600000000084e+01 1.174724117425952272e+02 2.008285905301799801e+01
1.009766800000000018e+02 1.603761899999999940e+01 1.302741266745390192e+02 5.339731414929555164e+00
1.223638150000000024e+02 9.904870000000000729e+00 1.288002678139996817e+02 2.363648062736296396e+01
1.044074200000000019e+02 1.407581799999999994e+01 1.259352719807070287e+02 1.454664684924331652e+00
9.288236999999999455e+01 2.260556000000000054e+01 1.219826748581284761e+02 1.646744210983982626e+01
1.098809700000000049e+02 2.526983800000000002e+01 9.628949820259867920e+01 5.289462598150429073e+00
1.222190400000000068e+02 1.304349299999999978e+01 1.334350661257143713e+02 3.548954337723801533e+00
1.344037299999999959e+02 3.264661399999999958e+01 1.104653009329978772e+02 1.577394271582329566e+01
1.122847440000000034e+02 1.660995300000000086e+01 1.221866920025752137e+02 2.781253609841162877e+00
1.230443949999999944e+02 4.896641999999999939e+00 1.130438165109192141e+02 1.266049633037537347e+01
1.020971899999999977e+02 2.676877800000000107e+01 1.356194614096895350e+02 3.298597416823005890e+00
1.260793199999999956e+02 1.507600200000000079e+01 1.267744002055057422e+02 2.788535608638756713e+00
1.035987200000000001e+02 1.906737000000000037e+01 1.169973390322357005e+02 8.395398901930137825e+00
1.357005499999999927e+02 1.938025700000000029e+01 1.338160973707042558e+02 2.985724659892655453e+01
1.004048300000000040e+02 2.599754000000000076e+01 1.374431437867416435e+02 3.235347823283915147e+01
9.548212999999999795e+01 1.554973200000000055e+01 1.307502714761550635e+02 3.153401930749936710e+01
9.999969000000000108e+01 2.509792300000000154e+01 1.270934281373966712e+02 3.160304098829361408e+01
1.050813700000000068e+02 4.424735000000000085e+00 1.341352688711922951e+02 4.200709614091319821e+00
1.162961800000000068e+02 2.799809799999999882e+01 9.280135209875800228e+01 2.154589458415461678e+01
1.006227399999999932e+02 1.954385600000000167e+01 1.145213003860007888e+02 2.842287013319662492e+01
1.213336639999999989e+02 1.455452499999999993e+01 1.273939775156417937e+02 4.952871334051578422e+00
1.291601900000000001e+02 1.209166300000000049e+01 1.006638404614651705e+02 9.057023610788693446e+00
1.303382699999999943e+02 1.019772700000000043e+01 9.379129717636772057e+01 2.602745530152752451e+00
1.092677800000000019e+02 3.181741999999999848e+00 1.205042521995664231e+02 1.278715877887790597e+01
1.187546099999999996e+02 1.839382399999999862e+01 1.232076273038224343e+02 1.458777740968594827e+01
1.164053499999999985e+02 1.685597999999999885e+01 1.144716470960973140e+02 2.051271038042505879e+01
1.273195599999999956e+02 1.021326400000000056e+01 1.361919391211938546e+02 2.527126133162848021e+01
1.019195560000000000e+02 2.802453799999999973e+01 9.393371133084546898e+01 2.953324775880508923e+01
1.045020300000000049e+02 3.012155500000000075e+01 1.245629752398044019e+02 3.431349345107899040e+01
1.367237700000000018e+02 5.390139999999999931e-01 1.081070931075095416e+02 2.806204773731102975e+01
1.325118699999999876e+02 7.074665000000000425e+00 1.199097050483355247e+02 3.160185632463571537e+00
1.218254000000000019e+02 4.371687999999999796e+00 9.295090897923176954e+01 8.989556778469559584e-01
1.353319700000000125e+02 1.899710500000000124e+01 1.258845436456678613e+02 1.890235311980179134e+01
1.181806899999999985e+02 1.782495300000000071e+01 1.195699368437293941e+02 3.344648356328890060e+01
1.358888900000000035e+02 4.520160999999999873e+00 1.141296769317245321e+02 2.215029594385016765e+01
1.063787499999999966e+02 2.825092300000000023e+01 1.026599434092431835e+02 1.009425170414180251e+01
1.034781339999999972e+02 1.418773999999999980e+01 9.929472781293847561e+01 2.014190560876149405e+01
1.214991760000000056e+02 1.366147199999999984e+01 1.300806405881928640e+02 1.062399166801779415e+01
1.281042500000000075e+02 1.263489599999999946e+01 9.219582299434007666e+01 2.450802786720059601e+01
1.117577739999999977e+02 2.046753999999999962e+01 1.294603757476303088e+02 4.268046473588724687e+00
1.234977099999999979e+02 1.764413300000000007e+01 1.301991904237012534e+02 2.941976214585131189e+01
1.363225999999999942e+02 2.142673699999999926e+01 1.077251916174838158e+02 1.853456823431480061e+01
1.207382000000000062e+02 1.915753600000000034e+01 1.014569474728848206e+02 2.681617775167363149e+01
1.222233659999999986e+02 2.248752000000000084e+00 1.300653748892743522e+02 2.962667979682573005e+01
1.156852599999999995e+02 1.478857400000000055e+01 9.491279780673092148e+01 2.855143342652931437e+01
1.137061499999999938e+02 2.920176500000000175e+01 1.293624546080870061e+02 7.698315586413717604e-01
1.276204900000000038e+02 1.005807899999999933e+01 1.057167221711629423e+02 3.229312851368281656e+01
1.320423000000000116e+02 1.426623200000000047e+01 1.102555687163735030e+02 3.045873239247367792e+01
1.366617899999999963e+02 1.230031400000000019e+01 1.010550227788117041e+02 9.492063341013793121e+00
1.307676400000000001e+02 9.199001000000000872e+00 1.374554162493521687e+02 2.216409276645937254e+01
1.072773499999999984e+02 2.767564799999999892e+01 9.809784385304888588e+01 2.882661919196744549e+01
1.240100000000000051e+02 1.279410900000000062e+01 1.340590777310114277e+02 8.324272158104465191e+00
1.252556299999999965e+02 7.355453999999999937e+00 1.005120818464170611e+02 4.482909247911216255e+00
1.166653400000000005e+02 4.134577000000000169e+00 1.099732312191736128e+02 3.346374967322292449e+00
1.180108199999999954e+02 1.392753899999999945e+01 1.281835416546143165e+02 5.267274467702119267e+00
9.227543000000000006e+01 1.832281700000000058e+01 1.240697913427293599e+02 2.242171418113138515e+01
1.002700300000000055e+02 1.703686300000000031e+01 1.351964551100440701e+02 2.321381541695758344e+01
1.118345640000000003e+02 2.392749999999999877e-01 1.343257631867360260e+02 1.144690501944954164e+01
1.030680899999999980e+02 2.392125499999999860e+01 1.035514368458085812e+02 2.917433419564390817e+01
1.171882999999999981e+02 2.439474999999999838e+01 1.280361975500035498e+02 2.407975317280575567e+00
1.134188099999999935e+02 1.023753300000000088e+01 1.053288035600409529e+02 2.485583085289994543e+01
9.989088999999999885e+01 2.683164999999999978e+01 9.802303718711519309e+01 6.964415405817886651e+00
1.134832399999999950e+02 1.777810300000000154e+01 1.093729368702721132e+02 3.171121414091705404e+01
1.094431699999999950e+02 2.603854600000000019e+01 1.370710132491291517e+02 6.818971281512370197e+00
1.065728000000000009e+02 5.804099999999999815e-01 1.271985087256353495e+02 1.414954570407758716e+01
1.035757499999999993e+02 1.086949599999999982e+01 9.737474596911100377e+01 2.953596301750440745e+01
9.515203999999999951e+01 1.569428800000000024e+01 1.030403335577705803e+02 3.072503729689503160e+01
1.005045199999999994e+02 2.882197800000000143e+01 1.368570249870871010e+02 1.171098982438762270e+01
9.703319000000000472e+01 2.983398400000000095e+01 1.357722989343729125e+02 1.949918736254765861e+01
9.492020999999999731e+01 2.098355700000000112e+01 1.147508892235877340e+02 1.933290884111845287e+01
1.245154399999999981e+02 9.428326000000000207e+00 1.266835248696949776e+02 3.496451571363424193e+01
1.324894099999999924e+02 1.522223000000000104e+00 1.352231064313079685e+02 6.930161851880648705e+00
1.201075060000000008e+02 6.985503999999999714e+00 1.252196969753204314e+02 2.351676968530822620e+01
1.003582999999999998e+02 2.007404500000000169e+01 9.738500006299052814e+01 4.811056132350449488e+00
1.276148699999999963e+02 1.206080700000000050e+01 1.199143696946600528e+02 3.190428907501992484e+01
1.008322600000000051e+02 1.836909500000000151e+01 1.200840986607178706e+02 2.497855052839685541e+01
1.073470499999999959e+02 1.714681799999999967e+01 9.411714151778608084e+01 1.434804003379832515e+01
1.102149799999999971e+02 2.830182999999999893e+01 1.166088185998513609e+02 2.036222052211418543e+01
1.038123300000000029e+02 1.618331999999999837e+01 1.105947924384756078e+02 1.143842826667155776e+01
1.269099199999999996e+02 8.830450000000000799e+00 1.108687265731198863e+02 2.439186940400336567e+01
1.181114039999999932e+02 1.644512699999999938e+01 1.276964667667020024e+02 1.973883864962611145e-02
1.015794000000000068e+02 7.872015000000000207e+00 1.104803597097535715e+02 3.345317386288195394e+01
1.119646900000000045e+02 1.463188599999999973e+01 1.085229820319904945e+02 2.532189956306814338e+01
1.228618239999999986e+02 3.672254999999999825e+00 1.348460459972941408e+02 1.966196713380141148e+01
1.147472199999999987e+02 3.243150700000000342e+01 9.423234447145243564e+01 8.417449556591067861e+00
1.066743699999999961e+02 3.105507700000000071e+01 9.384926038014643268e+01 3.411544898202480169e+01
1.084516140000000064e+02 7.152399999999999869e-01 1.108510323489093707e+02 2.567505144158207742e+01
1.166539499999999947e+02 2.553005200000000130e+01 9.470444905873262087e+01 2.660010449560278900e+01
1.075523299999999978e+02 1.898231499999999983e+01 1.200622865477387364e+02 3.105667139276047539e+00
1.108547200000000004e+02 1.948833799999999883e+01 9.637943992456310127e+01 7.183917678647094185e+00
1.269610100000000017e+02 1.226305200000000006e+01 9.721194914362061468e+01 3.350467618074437581e+01
1.090422400000000067e+02 3.257660000000000000e-01 1.106264390619672326e+02 2.317207973118654607e+01
1.078804999999999978e+02 1.347900000000000098e+00 1.102881269611344806e+02 2.152069456696911232e+01
1.073123599999999982e+02 2.557497199999999893e+01 1.203913844132342064e+02 2.833472789217032428e+01
1.064764899999999983e+02 2.161875300000000166e+01 1.036368551780519454e+02 2.063498325306397874e+01
1.210841450000000066e+02 2.834050999999999831e+01 1.063723010665427466e+02 2.612372863869228112e+01
1.085890660000000025e+02 5.622329999999999828e-01 1.075205603563906038e+02 2.740904919293397413e+01
1.085241099999999932e+02 2.678840999999999894e+01 1.039563551950062674e+02 7.934143730764989577e+00
1.083680499999999967e+02 2.084225800000000106e+01 1.287041431732810111e+02 1.034520064990974708e+00
1.111686299999999932e+02 3.224828000000000117e+01 1.303503120124104555e+02 1.247822949759991928e+01
1.291559399999999869e+02 1.352395500000000084e+01 1.207624003534445194e+02 1.598922259484771580e+01
1.122994499999999931e+02 1.439847999999999928e+01 9.454243753876436074e+01 1.252833898408760760e+01
1.055944099999999963e+02 1.730002199999999846e+01 1.165932631334880512e+02 1.981788400189851806e+00
1.084680560000000042e+02 1.681018399999999957e+01 1.219889868266487696e+02 1.261206413043072416e+01
1.121307599999999951e+02 2.552255800000000008e+01 1.036501048961688269e+02 4.490042769232317710e+00
1.080707699999999960e+02 1.541756700000000002e+01 1.071485114724143699e+02 2.503339482144061989e+01
1.014903900000000050e+02 3.396592700000000065e+01 1.171240865083169211e+02 2.985324893732319396e+01
1.295191499999999962e+02 3.220691300000000012e+01 1.069875655277662787e+02 2.245479763998492118e+01
1.064823149999999998e+02 3.252676000000000123e+00 1.029560707804233317e+02 3.209002859273437025e+01
1.118961000000000041e+02 1.561135900000000021e+01 1.318959742819982353e+02 2.209846205346285686e+01
1.000685000000000002e+02 2.550993300000000019e+01 9.246468173857401496e+01 3.406637267729624341e+01
1.188353800000000007e+02 2.132730300000000057e+01 1.051690955738322089e+02 1.824533880211429349e+01
1.356580399999999997e+02 1.759958500000000114e+01 1.204696600006815004e+02 7.651924052802613119e+00
1.062109700000000032e+02 3.381889000000000145e+00 1.048006351038511212e+02 2.150956690513294234e+01
1.017952350000000052e+02 1.828858599999999868e+01 9.798690180074227385e+01 1.791419726173010574e+01
1.305616899999999987e+02 5.040212999999999610e+00 1.337449874783823986e+02 1.000700830437550337e+01
1.106924300000000017e+02 8.721729999999999761e-01 1.216180618019493096e+02 1.139349255204631106e+01
1.134846040000000045e+02 1.515536099999999919e+01 1.331311239012307226e+02 1.475786902487182672e+01
1.158584060000000022e+02 1.987986000000000075e+01 1.142268203125904193e+02 2.380716962080234111e+01
1.204627899999999983e+02 7.529904000000000153e+00 1.095971980444129201e+02 5.606276479113459388e+00
1.042143250000000023e+02 3.424630400000000208e+01 1.189123297856702663e+02 1.989726859362546918e+01
1.173357539999999943e+02 2.219921099999999825e+01 1.191731012711414905e+02 2.228576309946613421e+01
1.105124739999999974e+02 2.767481799999999836e+01 1.265466287875223372e+02 1.030267406001544472e+01
1.299299300000000130e+02 1.610754400000000075e+01 1.315184062394408500e+02 2.860226967587706426e+01
1.060799499999999966e+02 9.110470000000000512e-01 1.008727234114941496e+02 2.836163021092961145e+01
1.063184499999999986e+02 2.189414199999999866e+01 1.269035380835510978e+02 1.023655347891160972e+00
1.194439849999999979e+02 3.088717700000000121e+01 1.256131489683996847e+02 1.143554244666902875e+01
1.197189560000000057e+02 1.547260600000000075e+01 1.084857041726276350e+02 3.149208596292919538e+01
1.136585500000000053e+02 2.298645199999999988e+01 9.391222409950894701e+01 2.238867590149969544e+01
1.213953300000000013e+02 5.272655000000000314e+00 1.078615225307865586e+02 8.179872370108732582e+00
1.007028959999999955e+02 2.068726699999999852e+01 1.010294930255064543e+02 5.547809394013099471e+00
1.270486300000000028e+02 1.419520600000000066e+01 1.103348647968786622e+02 3.914773055979541727e+00
1.234837399999999974e+02 2.555160000000000209e-01 1.061087690724921231e+02 2.312891932695734454e+00
1.034284499999999980e+02 2.847408899999999932e+01 9.229156187162583080e+01 9.926429442010559212e-01
9.491244500000000528e+01 6.986594000000000193e+00 1.059362445744694412e+02 2.496067882874410770e+01
1.020943999999999932e+02 1.659711000000000070e+01 9.275755780834558095e+01 2.319689440974642025e+01
1.092710799999999978e+02 1.336278599999999983e+01 1.247185564150128130e+02 1.641805054244596462e+01
1.351008600000000115e+02 2.345284300000000144e+01 9.937257610224745008e+01 1.913683594575197588e+01
1.162218600000000066e+02 1.465482599999999991e+01 1.134549138756636353e+02 4.795790713149178375e-01
1.327581000000000131e+02 3.298633999999999844e+00 1.046726239723791849e+02 2.203025919133894917e+01
1.130173300000000012e+02 1.738992299999999958e+01 1.080110140637341658e+02 3.400934844309207961e+01
1.290645299999999907e+02 1.239838499999999932e+01 9.877866335720381130e+01 1.462603072462699316e+01
1.174418639999999954e+02 1.991549499999999995e+01 1.075285002498095395e+02 3.355239141411968262e+01
1.205367660000000001e+02 1.833390400000000042e+01 9.482094345916878808e+01 1.669405927658913313e+01
9.586464999999999748e+01 3.010379999999999967e+01 1.186990623936354154e+02 6.468589866982124903e+00
9.520380000000000109e+01 2.239091700000000174e+01 1.028492283790347273e+02 2.705011149628245803e+01
1.130844799999999992e+02 1.852679300000000140e+01 9.431970914383461491e+01 5.150180265162587645e+00
1.007858499999999964e+02 2.466396100000000047e+01 1.341045108865778843e+02 2.469096763010492879e+01
9.423632999999999527e+01 1.031035299999999921e+01 1.256704497950466930e+02 1.627616518693388059e+01
1.194723599999999948e+02 1.724490399999999823e+01 9.824474162318040271e+01 8.903920656093622377e-01
1.067415100000000052e+02 2.775080900000000028e+01 1.372488788190953244e+02 2.629800876579666635e+01
1.165043500000000023e+02 1.716985000000000028e+01 1.260385029773227927e+02 1.517572835615740523e+01
1.042165799999999933e+02 2.347071499999999844e+01 1.187118464124498587e+02 5.114364467094821620e+00
1.221146700000000038e+02 7.678874999999999673e+00 1.077479855658027219e+02 2.630438191248996471e+00
1.226914500000000032e+02 9.774010000000000531e+00 1.202117242814179860e+02 4.074129974438794655e+00
1.030200499999999977e+02 2.779550400000000110e+01 1.291097187955045911e+02 3.435006640335691230e+01
1.253882700000000057e+02 1.252098200000000006e+01 1.298072132790600506e+02 1.666076239756924693e+01
1.051916099999999972e+02 9.920849000000000473e+00 1.252209353170116515e+02 1.698033688457722690e+01
1.286794999999999902e+02 1.162912799999999969e+01 1.108106729065651734e+02 9.607762926189698405e+00
1.182972699999999975e+02 1.483025899999999986e+01 1.273835697438975672e+02 1.895876921456850184e+01
1.297366499999999974e+02 1.097087800000000080e+01 1.088912686885904151e+02 2.570614225387471308e+01
1.250700149999999979e+02 1.553383900000000040e+01 1.372729126205291266e+02 1.419920182746103698e+01
9.234408600000000433e+01 1.566721100000000000e+01 1.355026422552121517e+02 2.831049389818572948e+01
1.274308900000000051e+02 1.213617600000000074e+01 1.261934369362978714e+02 3.401938728486592822e+01
1.190581049999999976e+02 2.063319200000000109e+01 1.365301911685104415e+02 3.062323060407553044e+01
1.189017699999999991e+02 2.030833000000000155e+01 1.030946521701088159e+02 1.171707501856313627e+01
9.805646500000000287e+01 1.719266899999999865e+01 9.823813452145539316e+01 1.800811335735670227e+01
1.370959000000000003e+02 5.531164999999999665e+00 1.027526677249652067e+02 3.089285717453057956e+01
1.129410900000000026e+02 1.928609799999999908e+01 1.177118118647476308e+02 2.171614727986723636e+01
1.193644560000000041e+02 2.596516599999999997e+01 1.181419445408434967e+02 2.018015008414310074e+01
1.054926999999999992e+02 8.352017999999999276e+00 1.150948404461426264e+02 2.255233717624224354e+01
9.359354000000000440e+01 1.516930999999999941e+01 1.294430595228847380e+02 1.417712738412920537e+01
1.068959600000000023e+02 4.261408999999999558e+00 1.086529675242824311e+02 2.803339798524523729e+01
1.123958300000000037e+02 1.957101600000000019e+01 1.288930104299532218e+02 1.563840767664270004e+01
1.239107999999999947e+02 6.146923000000000137e+00 1.251414403870482488e+02 9.373329860612367170e+00
1.209112899999999939e+02 7.267337999999999631e+00 1.044831188553755084e+02 9.817364525213319482e+00
1.065502599999999944e+02 6.022739999999999760e+00 1.169947601746918906e+02 2.233624761122408131e+01
1.161196300000000008e+02 2.374014299999999977e+01 1.136462858450185962e+02 7.160256495094760254e+00
1.255835950000000025e+02 1.142485399999999984e+01 1.002406184466321406e+02 4.293808164730837262e+00
1.187915799999999962e+02 1.987776600000000116e+01 1.366845050097071237e+02 3.208990089529616085e+01
1.231007100000000065e+02 2.744201500000000138e+01 1.261508721730814102e+02 1.388081868079238035e+01
1.015848000000000013e+02 2.689655000000000129e+01 1.168511554113108275e+02 8.778859822970947135e+00
1.206880299999999977e+02 9.057698999999999501e+00 1.078499526770547305e+02 1.274241754718360120e+01
1.210716900000000038e+02 6.892971000000000181e+00 1.278434290844945309e+02 1.003114077887854627e+01
1.257966299999999933e+02 8.756054999999999922e+00 1.129909745471591975e+02 2.943983196092300147e+01
9.833840999999999610e+01 3.082450000000000045e+01 1.074016289395618458e+02 1.834506058328539524e+01
1.377720300000000009e+02 1.174125100000000010e+01 9.350288939230064500e+01 4.362474285895745929e+00
1.134285899999999998e+02 1.815225999999999829e+01 1.046847068061341304e+02 6.062794909641230134e+00
1.337603000000000009e+02 1.258384500000000017e+01 1.240058362292340917e+02 3.450754052041006759e+01
1.182651900000000040e+02 1.205452299999999966e+01 9.831706138116776117e+01 8.280089493899039255e+00
1.235410839999999979e+02 6.541074000000000055e+00 1.295695535751043508e+02 2.901508543929684336e+01
1.274334099999999950e+02 7.574142000000000152e+00 1.249479350548212011e+02 2.129644344960108526e+01
1.231785699999999935e+02 1.163075599999999987e+01 9.648176725869542736e+01 3.107428083599841528e+01
1.201523200000000031e+02 2.317364500000000049e+01 9.651707385378226434e+01 1.042904440076490680e+01
1.349519999999999982e+02 1.169487200000000016e+01 1.181179521260453669e+02 2.192676104283147609e+01
1.014491600000000062e+02 2.277094299999999905e+01 1.375219362008050155e+02 1.011393599935580490e+01
1.206926299999999941e+02 6.446999999999999953e-02 1.140364693116006691e+02 3.211818170374134951e+01
1.215111540000000048e+02 9.026956999999999454e+00 1.241717199187063017e+02 6.714902162059432911e+00
9.982527000000000328e+01 2.515078700000000111e+01 1.148252106910437931e+02 3.600353968121297488e+00
1.010540500000000037e+02 1.139439199999999985e+01 1.171729294368899446e+02 2.612635572021239483e+01
1.233764199999999960e+02 2.582111199999999940e+01 1.061607284083777358e+02 1.099412499039453550e+01
1.372788199999999961e+02 1.268961700000000015e+01 1.035179616006659273e+02 2.930252529470960710e+00
1.126715200000000010e+02 1.748623999999999867e+01 1.034957692480303564e+02 1.997132172876734302e+01
1.311990399999999966e+02 2.885759999999999881e+00 9.805996880363466062e+01 1.558440680744601892e+01
1.150682749999999999e+02 1.918149599999999921e+01 1.167847069020831583e+02 2.552277068248391245e+01
1.309324000000000012e+02 9.878012000000000015e+00 1.340878145357229414e+02 1.420951936545015926e+01
9.689548999999999523e+01 3.139643900000000087e+01 1.260555489721719766e+02 2.281544947450561978e+01
1.237547799999999967e+02 1.402938000000000018e+00 1.342613081860813224e+02 1.735117900625667886e+01
1.004969799999999935e+02 2.176606200000000158e+01 9.417804805667547896e+01 2.461675344934384313e+01
1.262135240000000067e+02 1.085353699999999932e+01 1.340635138362047201e+02 3.355178770592505799e+01
1.370396700000000010e+02 1.252472000000000030e+00 1.321220987902423190e+02 2.918423307573488756e+01
1.349924800000000005e+02 2.427803000000000111e+01 1.352342039530176976e+02 9.427048293438044624e+00
