6.697539999999999338e+01 6.363968700000000212e+01 8.952499226152319522e+01 5.574923673314214057e+01
8.259461000000000297e+01 4.808888999999999925e+01 7.392145422014064593e+01 5.305178594636390699e+01
9.003839000000000681e+01 5.072025000000000006e+01 8.358006169991509182e+01 6.448079282120512801e+01
5.501939000000000135e+01 4.924535800000000307e+01 6.984722029151433276e+01 6.775746596596700044e+01
6.426962000000000330e+01 5.232027999999999679e+01 7.193807157258876828e+01 3.841152061167609588e+01
5.100337999999999994e+01 5.035927199999999715e+01 8.216720613763462211e+01 4.321435743226182069e+01
8.956656999999999869e+01 4.467163999999999646e+01 6.694232732580363177e+01 6.057945017883686489e+01
6.518153999999999826e+01 6.714570000000000505e+01 8.532567133872561271e+01 5.270097545891847801e+01
6.867817999999999756e+01 4.609026999999999674e+01 8.086925602448337713e+01 6.104190254523717130e+01
6.008419800000000066e+01 6.724903000000000475e+01 4.930287981124969576e+01 4.551824241435797092e+01
7.364605000000000246e+01 4.980917699999999826e+01 5.814557439411506579e+01 4.077903794568275941e+01
8.030988999999999578e+01 6.101100999999999885e+01 5.096144454620477404e+01 6.728805237999482358e+01
5.046721300000000099e+01 5.091190699999999936e+01 7.874702889736606437e+01 5.254710485474065251e+01
8.582438999999999396e+01 4.352882000000000318e+01 8.075887176753823837e+01 6.941751874739445327e+01
5.177651600000000087e+01 4.928925000000000267e+01 5.960862606400294794e+01 6.078169713678497743e+01
5.181455199999999905e+01 4.689494299999999782e+01 6.893402324427292172e+01 5.203147836775293911e+01
5.330595799999999684e+01 4.996555299999999988e+01 6.821845929456193858e+01 4.704772239854186466e+01
5.413719999999999999e+01 6.657320400000000404e+01 7.586131994566913761e+01 4.082026693532075257e+01
4.985574299999999681e+01 4.845098000000000127e+01 5.405746562854520221e+01 5.491279860459300011e+01
7.561017599999999561e+01 6.104643599999999992e+01 5.306409437900164505e+01 4.794576341367195482e+01
8.478618000000000166e+01 4.751883300000000077e+01 8.746105799943316583e+01 5.055059300136131384e+01
6.313089000000000084e+01 5.214475000000000193e+01 4.883657706894058492e+01 6.584673141623568426e+01
5.608556699999999751e+01 4.873567200000000099e+01 9.167761996283400094e+01 6.380457235980576769e+01
4.670871700000000004e+01 6.377425999999999817e+01 9.049027428012243490e+01 4.763940346607500942e+01
6.779018399999999644e+01 6.306392699999999962e+01 8.943021416578184812e+01 5.384487354067994858e+01
5.070465999999999696e+01 5.043927800000000161e+01 5.712538658279301984e+01 4.004680877343388801e+01
6.902935999999999694e+01 4.476595999999999975e+01 8.509947908436893727e+01 4.000591510568249021e+01
8.813251499999999794e+01 3.577533999999999992e+01 8.135038049702940555e+01 6.455628047095279953e+01
6.322707700000000131e+01 6.364811999999999870e+01 6.403896653668138583e+01 5.254311630362023777e+01
5.187998199999999827e+01 5.008856000000000108e+01 7.467396648454621300e+01 6.877705994853353388e+01
5.039290199999999942e+01 6.866956999999999312e+01 7.240830015507307849e+01 5.833082496895980285e+01
5.097951499999999925e+01 3.850401300000000049e+01 5.860466975928520839e+01 3.833975518383041958e+01
8.852997600000000489e+01 3.797641399999999834e+01 5.243106306522339821e+01 3.782227824606206923e+01
5.968653499999999923e+01 5.329252199999999817e+01 8.346674740933187309e+01 5.445627580251823474e+01
6.417624999999999602e+01 5.623000700000000052e+01 5.616523323968669956e+01 3.651208187225103075e+01
7.961629999999999541e+01 6.026303999999999661e+01 7.189421407920403340e+01 6.601447182840011862e+01
5.364372600000000091e+01 4.968298699999999712e+01 5.890686271102882188e+01 6.656471086189810649e+01
5.024912599999999685e+01 5.350117500000000348e+01 4.770869709016859872e+01 6.416146598384223410e+01
5.442630400000000179e+01 4.484588000000000108e+01 6.275762020203160318e+01 5.639508011765080653e+01
7.357657000000000380e+01 5.390614000000000061e+01 4.673518726406653201e+01 6.938670731031794503e+01
7.265532000000000323e+01 6.310888700000000284e+01 5.481838477229160844e+01 5.833293835914397363e+01
6.844832999999999856e+01 5.730413399999999768e+01 5.317872277282850746e+01 3.524710045372104616e+01
5.340807999999999822e+01 4.628913000000000011e+01 7.112174875227557891e+01 5.478630377732707046e+01
5.828899400000000242e+01 5.992299700000000229e+01 4.986402449205783682e+01 5.651185400493442046e+01
6.794607999999999493e+01 6.328188699999999756e+01 8.877161110730054361e+01 6.257108994043568373e+01
5.566822400000000215e+01 5.443486999999999654e+01 5.033564193404713194e+01 4.358182728034319098e+01
5.408313400000000115e+01 6.638416999999999746e+01 5.799551821689560427e+01 3.937365483537197264e+01
7.304407500000000653e+01 4.884670599999999752e+01 7.764612025720226995e+01 3.662697682657353226e+01
7.331856999999999402e+01 6.896445500000000095e+01 5.023121043383397222e+01 4.363042932706702004e+01
8.650522599999999329e+01 4.590870699999999971e+01 8.555990200604131246e+01 3.908267437482239615e+01
6.066823600000000027e+01 4.825421000000000049e+01 7.695332774188207736e+01 3.878128982095287824e+01
7.489607999999999777e+01 6.228779999999999717e+01 7.650234571289135488e+01 5.268899246668828340e+01
7.769123999999999342e+01 6.373434000000000310e+01 7.650822660561624389e+01 4.222046274237723651e+01
5.059288999999999703e+01 3.766018700000000052e+01 5.861346360098475827e+01 4.548065751518819155e+01
7.976686999999999728e+01 5.359152999999999878e+01 9.162171039035439435e+01 4.368035818572514017e+01
6.199449500000000057e+01 4.123483000000000231e+01 7.033558086902452544e+01 3.891105207041933767e+01
5.200366600000000261e+01 5.103144000000000347e+01 6.899935730965866298e+01 3.872647276248961390e+01
7.354685000000000628e+01 6.983608999999999867e+01 7.619280787052298365e+01 5.733425280165273819e+01
7.175524000000000058e+01 6.097810700000000139e+01 6.203456248333500156e+01 6.103904044453602751e+01
5.203767400000000265e+01 5.395211400000000168e+01 5.326359067305931205e+01 4.032033790934279693e+01
8.476594500000000210e+01 4.658230199999999854e+01 9.001647080373189169e+01 3.667114527313785999e+01
7.261503000000000441e+01 4.614807499999999862e+01 5.867865468725532452e+01 5.922077645770808374e+01
8.373717499999999347e+01 4.802160299999999893e+01 6.957361403958840640e+01 5.726024056521659134e+01
6.404304500000000644e+01 6.398645400000000194e+01 6.897328337211682481e+01 6.089811616267992633e+01
8.910262000000000171e+01 4.467295000000000016e+01 5.990856527228210382e+01 3.941772775369392434e+01
8.947472999999999388e+01 5.233020799999999895e+01 9.173730214841752684e+01 6.218396388411988340e+01
8.363159000000000276e+01 5.257257500000000050e+01 6.827833727443508849e+01 5.711768079145148391e+01
4.865258000000000038e+01 4.363104200000000077e+01 6.170460411274219581e+01 6.074459760172614153e+01
5.852781300000000186e+01 3.578958500000000242e+01 7.517638757509891434e+01 6.683143012836612229e+01
6.485940600000000700e+01 4.863174399999999764e+01 6.748554967338785104e+01 6.279682725637366048e+01
6.510826000000000136e+01 6.686397599999999386e+01 5.865102006495241227e+01 3.539043001447411285e+01
5.105628999999999706e+01 3.829506700000000308e+01 5.351677268136748467e+01 4.334449173931336219e+01
8.252343000000000472e+01 6.853699000000000296e+01 7.310543108683955893e+01 6.302485540493383098e+01
4.841457400000000177e+01 6.508395000000000152e+01 8.956013811697368965e+01 6.788046923255478760e+01
8.198730000000000473e+01 4.021397400000000033e+01 4.641839974978258709e+01 6.207363225518022887e+01
8.275954000000000121e+01 4.590746699999999691e+01 8.243274731317488602e+01 4.096589293343523508e+01
7.487864000000000431e+01 4.573896799999999985e+01 5.561699736125903826e+01 4.777433630285272415e+01
6.795614999999999384e+01 4.871293000000000006e+01 8.124168903425398014e+01 6.108912557649744457e+01
8.804195400000000404e+01 4.674388499999999880e+01 5.000164443491144795e+01 3.722576049592164793e+01
8.403638499999999567e+01 3.503270299999999793e+01 6.130804021793900205e+01 4.421108201352690514e+01
6.007629000000000019e+01 4.632620200000000210e+01 4.812628530355748069e+01 5.854626718773447180e+01
8.027527000000000612e+01 4.288470000000000226e+01 7.729830470121697772e+01 4.986275476532834716e+01
6.487651999999999930e+01 6.894028000000000134e+01 6.637390871057908726e+01 6.061073079263560004e+01
5.284531400000000190e+01 4.512162800000000118e+01 6.740541155899970249e+01 5.564478418035967877e+01
7.510142000000000451e+01 3.915826400000000262e+01 6.972313726965320768e+01 4.421210606350577876e+01
5.493115600000000143e+01 5.014291399999999754e+01 5.019931083980284825e+01 3.928474672608510332e+01
8.571304000000000656e+01 4.713117600000000351e+01 5.361254193108195665e+01 3.747760505385213747e+01
7.401948000000000150e+01 4.625668699999999944e+01 8.644757807172240405e+01 5.098189813049702224e+01
5.748829700000000287e+01 5.595329300000000217e+01 8.046536109731485453e+01 6.330466681680370300e+01
5.062283299999999997e+01 6.234966699999999662e+01 5.657544777878483444e+01 4.953659510028575141e+01
6.643377999999999872e+01 4.740699999999999648e+01 6.307029471395497922e+01 3.577485819885458795e+01
5.734080999999999761e+01 5.535898199999999747e+01 8.721325930637928536e+01 6.172649755680274097e+01
4.616987000000000307e+01 4.086637999999999948e+01 5.925838339632615970e+01 6.595149529065817262e+01
6.721398999999999546e+01 4.009886999999999802e+01 7.098111139118856272e+01 5.088649459594312674e+01
7.563788999999999874e+01 4.249464799999999798e+01 4.608337900219606809e+01 5.624066343966403281e+01
6.680714399999999387e+01 4.990564299999999776e+01 9.068136521387782523e+01 4.731253883772208724e+01
7.771747999999999479e+01 3.798879600000000067e+01 6.930764570195613317e+01 6.504282379220316557e+01
8.942528000000000077e+01 4.575683200000000284e+01 5.518752271119018360e+01 4.079492458557248113e+01
7.551157999999999504e+01 5.821988999999999947e+01 7.006895462125251584e+01 4.726301332955449652e+01
5.467820700000000045e+01 4.727673999999999666e+01 4.833457040816901440e+01 4.940687966360605543e+01
6.467489000000000487e+01 4.754215200000000152e+01 5.851182829545054176e+01 5.976741543999877138e+01
5.169720499999999674e+01 4.989869000000000199e+01 5.041946916729887107e+01 6.563328144413854659e+01
5.257021999999999906e+01 3.671679699999999968e+01 5.774827912446259148e+01 6.576117134263890307e+01
8.201357000000000141e+01 5.219725799999999793e+01 5.362718493836635503e+01 6.976578905133679598e+01
6.539163999999999533e+01 6.597992000000000701e+01 5.819872348786337568e+01 6.651178722737981275e+01
5.979800000000000182e+01 4.706063999999999936e+01 8.045711345093295108e+01 5.558481337476268891e+01
6.066973000000000127e+01 5.684465399999999846e+01 8.664548885909887588e+01 5.811163289021123290e+01
8.245322400000000584e+01 4.621737699999999904e+01 7.752338274765504877e+01 6.810598891978989400e+01
5.841998699999999900e+01 3.671247499999999775e+01 7.798126314567322481e+01 5.658319686212209376e+01
5.662628600000000034e+01 5.514053299999999780e+01 6.112776481935846107e+01 5.785075947467650082e+01
4.902982999999999691e+01 4.861756499999999903e+01 8.747988927249986091e+01 3.926043037896856447e+01
5.782506000000000057e+01 5.586100400000000121e+01 5.479838399482884626e+01 3.970682186760499377e+01
9.102521500000000287e+01 5.774139000000000266e+01 5.269619387359453810e+01 4.148898509084776975e+01
5.104829000000000150e+01 4.921446199999999749e+01 7.422348470215752059e+01 3.858387452466345025e+01
7.347565500000000327e+01 6.350666799999999768e+01 6.679588427277363394e+01 5.482353864228525708e+01
7.590055999999999869e+01 4.194827999999999690e+01 5.689292480865940149e+01 3.993025838199187660e+01
6.459828000000000259e+01 6.979175999999999647e+01 6.512736404551884561e+01 6.315173505356537476e+01
8.957053000000000509e+01 4.948764800000000008e+01 8.692083294870859334e+01 4.643792772984504325e+01
7.447088999999999714e+01 6.278063199999999711e+01 8.836914520596849343e+01 3.652013142732998574e+01
8.006259000000000015e+01 6.192871499999999685e+01 7.748088109108522303e+01 5.925302824209286712e+01
8.693619499999999789e+01 3.656411399999999645e+01 7.123356611313707276e+01 4.845438375972183564e+01
7.885416999999999632e+01 3.529026000000000352e+01 7.821438818768525891e+01 6.832732193072023108e+01
8.147925999999999647e+01 6.052933000000000163e+01 7.970027562873400484e+01 3.740406608758602403e+01
6.880440500000000270e+01 5.972476000000000340e+01 7.947240206537534846e+01 5.968891077582900095e+01
4.771408000000000271e+01 5.153596000000000288e+01 6.217519587679760917e+01 4.142520649722612092e+01
5.382874699999999990e+01 4.077295699999999812e+01 5.777939638229042885e+01 6.814935346739704869e+01
5.408736999999999995e+01 4.822462500000000318e+01 8.868519286559271109e+01 5.351300424513964771e+01
8.780607999999999436e+01 3.907204000000000121e+01 6.708539510646536996e+01 6.945933296462661133e+01
6.588196000000000652e+01 4.998230699999999871e+01 6.414966522982022923e+01 4.373357188672616047e+01
5.076733399999999818e+01 3.719605599999999868e+01 5.007427478572313362e+01 4.730418691764745631e+01
7.095891600000000210e+01 6.641106000000000620e+01 4.809642970294331121e+01 4.537902775280242196e+01
5.363667999999999836e+01 4.819988599999999934e+01 8.522618715125730660e+01 5.923095197282918889e+01
8.506038999999999817e+01 4.297482699999999767e+01 8.353780494049300387e+01 6.816162609550339369e+01
6.911271000000000697e+01 6.574755000000000393e+01 7.281438411362188390e+01 6.803476691677204258e+01
9.046371999999999503e+01 6.047626999999999953e+01 5.664552093048959591e+01 3.979050047878183705e+01
8.431788000000000238e+01 4.659002999999999872e+01 7.555211328195204601e+01 4.577362834253126778e+01
5.933621000000000123e+01 6.236477299999999957e+01 6.505734758092035008e+01 5.295316121643845975e+01
5.817465200000000181e+01 4.617281700000000200e+01 6.743943981803715815e+01 3.534395787855612525e+01
7.806696999999999775e+01 5.320942300000000103e+01 7.097915126926146456e+01 5.868947742466106376e+01
4.924508000000000152e+01 4.573075999999999652e+01 5.787578563780295582e+01 5.409399091534194071e+01
8.737299000000000149e+01 4.577764499999999970e+01 8.376950152251146164e+01 5.119088643052769783e+01
5.290209999999999724e+01 5.713993500000000125e+01 7.386481703494676765e+01 5.595256122446613745e+01
6.481473499999999888e+01 4.456393400000000327e+01 5.962425603055572765e+01 6.721653437956490507e+01
6.612999999999999545e+01 5.269389999999999930e+01 4.822729018382292310e+01 6.355966733578655692e+01
7.644329000000000462e+01 4.657066300000000325e+01 5.147290747543829070e+01 5.636593004657179051e+01
7.905564999999999998e+01 4.071649599999999936e+01 5.055570777938704197e+01 4.802533493378253127e+01
7.271495000000000175e+01 6.874470499999999618e+01 5.880301765743017484e+01 4.088865363631265382e+01
6.193233000000000033e+01 4.601049400000000134e+01 5.671720366420247217e+01 5.451602032020225863e+01
5.190478000000000236e+01 4.889708699999999908e+01 7.079926113964745582e+01 5.898393678510826277e+01
8.226090999999999553e+01 4.668988999999999834e+01 6.992338859533799678e+01 4.315520545650337425e+01
7.306785000000000707e+01 6.972611000000000558e+01 5.230505721182093737e+01 5.736304580593436242e+01
6.294104999999999706e+01 4.766602699999999970e+01 5.383300643560302490e+01 6.509199775963169543e+01
7.632841000000000520e+01 4.523435599999999823e+01 5.018640754548304983e+01 4.914917922774407799e+01
5.318081000000000103e+01 4.412964000000000198e+01 8.065240131220633657e+01 3.560629164256081935e+01
5.333182500000000203e+01 6.591305499999999995e+01 5.421455995633920111e+01 3.504900930284943428e+01
7.694122000000000128e+01 4.568415999999999855e+01 6.835555069779442761e+01 4.179873210728118238e+01
6.425799600000000567e+01 5.414581299999999686e+01 6.661729233129314309e+01 4.079736793619689195e+01
6.020953399999999789e+01 4.516971999999999809e+01 8.173861986493852783e+01 3.618037246893684511e+01
6.471316500000000360e+01 5.324251000000000289e+01 8.331894917655051813e+01 4.979123408472455026e+01
7.263534500000000094e+01 6.591482000000000596e+01 8.235647858110701236e+01 4.642922823652939712e+01
5.430799499999999824e+01 4.715450299999999828e+01 4.784160064875628393e+01 6.682884192986732330e+01
6.336164500000000288e+01 6.252990700000000146e+01 4.651293121142079912e+01 4.622626269413230204e+01
8.897745500000000618e+01 3.735638000000000147e+01 7.212631052975424950e+01 6.930624213463295291e+01
8.512422999999999718e+01 4.689227999999999952e+01 9.119053971045720175e+01 6.551176038667347257e+01
7.163030999999999437e+01 6.121977600000000308e+01 7.096679512226317854e+01 4.098747849889791439e+01
8.317892999999999404e+01 5.511390999999999707e+01 7.626879442606309567e+01 4.006403771675833525e+01
8.202487999999999602e+01 4.714908599999999694e+01 6.852593813938680967e+01 4.182526199795819366e+01
7.856969999999999743e+01 5.500180000000000291e+01 6.805098525498083006e+01 5.774017009479997853e+01
4.800569000000000131e+01 6.700045000000000073e+01 6.228504193182249793e+01 4.150716151045781999e+01
8.338657999999999504e+01 4.855832300000000146e+01 7.550800405969175699e+01 5.458091230914197922e+01
8.953078999999999610e+01 5.023995000000000033e+01 5.311987010883272831e+01 5.982658289820250275e+01
4.956040600000000040e+01 4.586153399999999891e+01 7.218947422703797656e+01 4.148459131178498183e+01
7.851379000000000019e+01 3.546386300000000347e+01 7.519141297470358154e+01 3.580079918549031248e+01
5.267781399999999792e+01 4.952029799999999682e+01 5.742342169600273394e+01 6.081312967829466487e+01
6.354654699999999679e+01 5.160362200000000144e+01 4.609400269755494861e+01 4.074244204044975248e+01
4.630128500000000003e+01 6.632629000000000019e+01 8.766474596240621509e+01 5.523613123104018285e+01
4.682751499999999822e+01 6.578252000000000521e+01 5.731460294533712840e+01 4.464765744655822033e+01
8.765320599999999729e+01 4.874345000000000283e+01 5.602740225338455815e+01 3.517946113153782051e+01
6.529474000000000444e+01 5.300702700000000078e+01 5.583341238488816316e+01 4.021878046400276219e+01
7.476890000000000214e+01 4.465210700000000088e+01 5.930377548623723527e+01 5.544310231932786337e+01
5.339186500000000279e+01 4.860521299999999911e+01 8.007106329507114140e+01 5.252046649767067521e+01
8.212149999999999750e+01 6.805886999999999887e+01 8.566391324190517764e+01 4.490001602050790552e+01
4.858368300000000062e+01 4.659875000000000256e+01 5.625365635066231107e+01 3.680644074214055195e+01
5.508444200000000279e+01 4.897662400000000105e+01 7.788727357972243226e+01 6.619817277728475347e+01
9.175052999999999770e+01 4.081071500000000185e+01 7.262673798675808712e+01 6.071449438729782599e+01
5.319486200000000053e+01 4.890612999999999744e+01 7.213133900478752025e+01 5.521631286111323078e+01
8.152298999999999296e+01 5.028269199999999728e+01 8.804282553394705246e+01 6.118815077693386684e+01
5.042887000000000342e+01 4.562337500000000290e+01 8.789032450851570388e+01 5.415615731771370633e+01
5.768971599999999711e+01 5.626144399999999735e+01 5.758363571154523441e+01 6.875108959826039268e+01
7.492061599999999544e+01 4.819925299999999879e+01 6.323325181446492849e+01 3.511178472896697400e+01
8.278986999999999341e+01 6.091132700000000000e+01 4.991774936008275887e+01 5.479974219467707997e+01
7.341700000000000159e+01 6.530172000000000310e+01 7.023959106769996197e+01 6.990149603264163147e+01
7.109244999999999948e+01 6.140245399999999876e+01 5.352116713001780823e+01 3.754779519139442101e+01
5.697548299999999699e+01 4.251236999999999711e+01 8.334201631484199879e+01 5.820716910244864550e+01
7.889297000000000537e+01 6.234449800000000153e+01 5.219666333369056588e+01 5.084934867948983594e+01
8.642296000000000333e+01 4.440330999999999761e+01 6.526081386122328354e+01 5.840809724407121450e+01
5.567817000000000149e+01 4.392220999999999975e+01 7.930959934604692307e+01 6.605355198552679497e+01
5.653450999999999738e+01 6.000314000000000192e+01 5.278518387772201947e+01 4.726053067682689601e+01
5.304388399999999848e+01 4.427125000000000199e+01 5.165069302047275102e+01 5.144653625142347408e+01
6.230940600000000273e+01 6.209315000000000140e+01 5.828251746614303386e+01 6.335997904597513752e+01
7.183495000000000630e+01 4.117258999999999958e+01 7.322610226656783539e+01 4.324779283838820731e+01
8.994052000000000646e+01 3.632224699999999729e+01 8.750547132101102932e+01 5.464733367829747124e+01
7.069325999999999510e+01 4.742500700000000080e+01 7.899485557935426527e+01 5.648442275170675231e+01
8.729072600000000648e+01 4.302579500000000223e+01 5.316795373359297372e+01 6.909468218212407464e+01
6.306450699999999898e+01 6.159660999999999831e+01 7.337364038496191654e+01 3.924388830928525351e+01
5.525240699999999805e+01 6.121945999999999799e+01 7.747215008145889215e+01 3.538560263157626906e+01
5.461650999999999812e+01 4.942170000000000130e+01 7.923096777012509051e+01 3.554974875445768134e+01
5.286663999999999675e+01 5.036919000000000324e+01 7.941205854098591033e+01 5.815833746989586217e+01
8.061682999999999311e+01 5.918603000000000236e+01 6.055441308712450876e+01 5.475677799059081963e+01
6.069254300000000057e+01 4.137232600000000105e+01 6.570715354139974806e+01 5.388179056852313664e+01
5.403204000000000207e+01 5.116592800000000096e+01 8.005974664668022456e+01 5.392780995658998933e+01
5.246391700000000213e+01 4.780145600000000172e+01 8.075450031002358742e+01 3.949086270005497568e+01
5.233660499999999871e+01 4.819270000000000209e+01 6.891920278184767312e+01 5.114650028887921707e+01
6.098011000000000337e+01 5.633001300000000100e+01 4.910128829342819756e+01 4.461080785455348519e+01
7.179988000000000170e+01 6.876121500000000708e+01 6.980211738772845820e+01 5.381746399746937470e+01
5.755927700000000158e+01 5.955747600000000119e+01 6.801818397894226109e+01 4.958399875029009252e+01
6.524366000000000554e+01 5.117226399999999842e+01 8.268490585516056512e+01 6.104028424373311879e+01
7.166112499999999841e+01 6.507439399999999807e+01 8.414555562757540486e+01 6.881615899978524453e+01
6.672182499999999550e+01 4.916881599999999963e+01 6.138651142806112659e+01 6.363548828359949994e+01
5.432242999999999711e+01 4.623212000000000188e+01 8.645370289958900401e+01 6.866172912025960784e+01
8.859553999999999974e+01 4.171603000000000350e+01 5.796060108366208397e+01 3.963003710639781474e+01
7.929738600000000304e+01 5.334486799999999818e+01 6.541997172539625183e+01 6.812384239774655725e+01
7.618917999999999324e+01 6.078967999999999705e+01 6.751695347079197518e+01 4.615262538096504841e+01
6.598450499999999863e+01 5.182002299999999906e+01 8.774108170297949982e+01 4.151688087412887995e+01
6.587963000000000591e+01 5.883500699999999739e+01 7.800099310190351787e+01 6.465292711534442560e+01
5.521462199999999854e+01 4.818930399999999992e+01 4.787128895060357792e+01 5.465411466431022802e+01
9.098907499999999970e+01 4.332945999999999742e+01 5.202588720638059527e+01 6.498484878806361564e+01
4.866503999999999763e+01 4.614283999999999963e+01 7.914350443359347764e+01 5.217953268816812340e+01
7.194462000000000046e+01 6.180628200000000305e+01 7.624728278964181527e+01 4.640289832634648093e+01
4.983039500000000288e+01 5.025559599999999705e+01 4.620683338584755973e+01 5.761407970427337943e+01
8.794871500000000708e+01 4.199166000000000309e+01 5.111288051982443648e+01 6.901714790361154428e+01
4.775593599999999839e+01 6.639164999999999850e+01 4.759158238590695333e+01 6.952243071265039021e+01
4.669586999999999932e+01 6.332151799999999753e+01 8.305000163896713161e+01 5.088639237954245687e+01
7.586669000000000551e+01 4.302570699999999704e+01 5.769258588957023193e+01 5.487368452902425986e+01
9.114764399999999966e+01 4.278615599999999830e+01 5.712934686063994860e+01 6.753696679403297765e+01
5.397681000000000040e+01 4.585221500000000106e+01 7.819751254639817262e+01 3.647226740597356809e+01
6.139316600000000079e+01 4.326026499999999686e+01 4.671403714353760250e+01 4.302584285969663114e+01
8.658387999999999352e+01 4.637970700000000335e+01 7.549079466727282295e+01 4.399054626021850822e+01
6.352276200000000017e+01 4.916449699999999723e+01 5.223182112795473131e+01 5.354798092833397050e+01
6.360340999999999667e+01 4.678952000000000311e+01 5.751571980108839455e+01 4.124376457426460263e+01
8.352984999999999616e+01 6.076507999999999754e+01 6.119058722595615052e+01 5.051629176066447968e+01
7.528866999999999621e+01 4.319194399999999945e+01 8.032596860232897029e+01 5.307453595094443699e+01
8.719392399999999554e+01 4.024371299999999962e+01 6.685499986976945763e+01 3.775890706372577910e+01
4.764016999999999769e+01 4.024199300000000079e+01 6.114702635766553840e+01 4.343789916031458631e+01
8.573838999999999544e+01 6.890942400000000134e+01 8.560629601819667300e+01 6.844427067820660682e+01
5.130496600000000029e+01 5.294500699999999682e+01 4.914407499446091521e+01 4.613140294945677056e+01
4.799080299999999966e+01 6.598578999999999439e+01 6.722783734696322711e+01 3.647248136985000855e+01
5.600366000000000355e+01 5.997305300000000017e+01 5.208644504184000112e+01 5.110197474344374768e+01
8.368057000000000301e+01 4.545237999999999801e+01 7.733261416755171069e+01 4.202100998715249602e+01
5.082811699999999888e+01 4.560262699999999825e+01 6.914717429849588370e+01 6.001770403446967350e+01
6.612401599999999746e+01 6.489065999999999690e+01 8.414133788341038667e+01 5.609765225430861335e+01
7.430379000000000644e+01 4.396401000000000181e+01 6.598635349667813443e+01 3.798253753280261691e+01
7.405304999999999893e+01 4.455815499999999929e+01 7.172926440959322747e+01 5.162742923290572605e+01
7.891028000000000020e+01 6.298868000000000222e+01 6.775311390905559961e+01 5.229025889342491951e+01
7.502486000000000388e+01 3.932047299999999979e+01 4.834118602189383296e+01 6.287992093665161519e+01
4.760193000000000296e+01 4.378117999999999910e+01 9.033543518410655793e+01 5.293897411936958264e+01
8.325369999999999493e+01 3.672957000000000249e+01 8.002315593374706282e+01 5.289244462626763976e+01
4.898817999999999984e+01 5.657592999999999961e+01 6.125681526390420117e+01 4.602407585740461826e+01
6.632321000000000311e+01 4.732898699999999792e+01 4.864978683398788917e+01 6.208395810404103798e+01
7.866431400000000451e+01 4.014864000000000033e+01 6.245367508384986621e+01 6.483108516930394671e+01
6.599164000000000385e+01 6.924809000000000481e+01 8.149634739844748310e+01 3.769025540654970996e+01
6.766622999999999877e+01 4.396661000000000286e+01 7.876542339205545318e+01 5.700824609675125743e+01
5.080633000000000266e+01 6.933244999999999436e+01 9.063694135364374915e+01 6.320367531344329848e+01
7.263685999999999865e+01 6.816455000000000553e+01 6.119415887894120232e+01 6.338138935202380253e+01
7.580970000000000653e+01 3.922681800000000152e+01 5.228524792936234888e+01 6.915464966441392392e+01
6.521056000000000097e+01 5.167953500000000133e+01 8.132657251624422656e+01 4.115304426152906103e+01
8.315384000000000242e+01 4.671061999999999870e+01 4.865053017853758632e+01 4.420853320732140190e+01
5.547576000000000107e+01 4.883494999999999919e+01 4.834243140748574774e+01 6.734646531665364932e+01
8.874388000000000432e+01 3.593610400000000027e+01 4.682682493499545728e+01 3.641580124512154271e+01
8.943269999999999698e+01 6.962928999999999746e+01 6.783912583079536773e+01 4.966216657441991345e+01
7.865703600000000506e+01 4.475950199999999768e+01 8.898929183844362001e+01 6.928074485251789838e+01
7.569961000000000695e+01 4.516561000000000092e+01 5.709802269850409573e+01 6.072101734448101240e+01
4.954738600000000304e+01 3.824540700000000015e+01 7.936841212984538174e+01 5.372034723083019259e+01
5.561010000000000275e+01 5.018833999999999662e+01 8.831923990356861509e+01 4.191538484870451953e+01
5.338119499999999817e+01 4.540312000000000126e+01 6.282810851092233406e+01 5.262653636487922171e+01
5.548542400000000185e+01 5.831977499999999992e+01 6.989238057193134068e+01 4.348176320092356661e+01
5.694366000000000128e+01 5.793184000000000111e+01 5.726700592567589609e+01 5.741040639344296892e+01
5.421309999999999718e+01 5.728742199999999940e+01 6.825859542088328169e+01 6.566815885548190579e+01
6.594256000000000029e+01 5.268306400000000167e+01 8.174234281884169206e+01 5.980773429214677606e+01
6.023214699999999766e+01 4.209958000000000311e+01 5.279669021999547596e+01 4.867547158964459442e+01
7.462242000000000530e+01 4.588313300000000083e+01 6.780125867588908761e+01 6.613984819032941687e+01
7.782550000000000523e+01 3.707962400000000258e+01 5.303758758264511641e+01 3.668225730653818317e+01
8.554076000000000590e+01 4.526500699999999711e+01 8.856026170732883429e+01 6.301223224396284195e+01
5.317730999999999852e+01 4.503240999999999872e+01 6.439823245472912561e+01 4.065366247287573742e+01
8.969199999999999307e+01 4.165841700000000003e+01 8.076499537108333016e+01 4.246107325204799565e+01
6.970458000000000709e+01 6.621998999999999569e+01 5.491160944714805225e+01 3.888209774047813738e+01
4.746859700000000259e+01 6.730271000000000470e+01 6.618017524525126305e+01 6.372819303697471582e+01
6.389004500000000064e+01 5.658246199999999959e+01 5.255951068761790879e+01 5.711626088202801554e+01
6.677664000000000044e+01 5.653610199999999963e+01 8.914780976663077183e+01 6.788452921078628322e+01
7.188934999999999320e+01 4.769791399999999726e+01 5.397967515124436488e+01 6.385689839849676730e+01
8.634445999999999799e+01 4.789676999999999651e+01 7.157021356178537985e+01 4.936216834831525802e+01
7.513997999999999422e+01 6.129621000000000208e+01 6.906013936907922357e+01 3.900491421685962479e+01
8.377172000000000196e+01 3.864419999999999789e+01 9.064480439559524427e+01 5.584032492195667174e+01
5.400197599999999909e+01 4.162597999999999843e+01 4.765801013486539972e+01 6.687581995096905985e+01
6.516343999999999426e+01 5.234572000000000003e+01 7.254474348507085324e+01 5.564175960010138766e+01
5.400205600000000317e+01 6.589191399999999987e+01 4.937049309689933807e+01 3.895464230142615492e+01
7.581678999999999746e+01 4.425414700000000323e+01 6.094755857049016612e+01 5.079394503836275021e+01
5.228764699999999976e+01 4.831682200000000194e+01 5.975826432169353097e+01 4.254910120297979859e+01
8.831159999999999854e+01 3.731616999999999962e+01 8.033508426709049388e+01 5.587427856233539103e+01
7.071802499999999725e+01 6.659735000000000582e+01 6.718682056292193749e+01 6.768387397927540405e+01
7.484981500000000665e+01 5.974059299999999695e+01 5.584863895126454025e+01 6.666372950201503045e+01
8.485718500000000120e+01 6.800350000000000250e+01 6.585461795783460559e+01 5.360926111587941989e+01
5.144386699999999735e+01 5.034185399999999788e+01 6.455090384869194509e+01 4.070667315360446281e+01
8.675363000000000113e+01 4.346631599999999906e+01 4.919612581647314187e+01 3.573383327075139704e+01
5.922205000000000297e+01 5.737902499999999861e+01 6.674915204264280533e+01 5.196721989722345114e+01
8.314601999999999293e+01 6.420999000000000478e+01 5.677199592907344794e+01 5.453250868458765410e+01
8.553109999999999502e+01 4.418075999999999937e+01 7.598342655304637105e+01 4.819133996097551886e+01
5.350283400000000000e+01 5.982513800000000259e+01 4.660763261590764017e+01 4.362535314104231077e+01
5.388501000000000118e+01 5.712486599999999726e+01 5.339706255677201341e+01 6.195960937801729074e+01
8.947969999999999402e+01 4.378523299999999807e+01 7.785168172441130707e+01 5.988839556519394591e+01
4.972973600000000260e+01 6.857572000000000401e+01 5.047832021699756666e+01 4.640240119003696861e+01
8.968140400000000056e+01 5.168910199999999833e+01 7.405377702583530208e+01 4.409539130029630627e+01
8.153354000000000212e+01 5.439672000000000196e+01 8.088155407550026155e+01 3.711298979029049150e+01
8.821962999999999511e+01 4.613478500000000082e+01 5.384186523254371082e+01 4.890331512278347503e+01
5.844738999999999862e+01 6.888080999999999676e+01 5.925848017077959184e+01 5.631390572406105122e+01
5.293442000000000291e+01 5.253999699999999962e+01 7.406422141433245088e+01 6.143771532415760817e+01
8.663148499999999785e+01 3.990982999999999947e+01 9.158901638889507524e+01 6.600448188875668620e+01
5.724761600000000072e+01 6.143712200000000223e+01 5.274362720670472271e+01 4.880013530847240588e+01
6.052741600000000233e+01 5.478904299999999949e+01 5.180475018790493635e+01 6.660704898481017722e+01
7.121519499999999425e+01 6.740169500000000369e+01 6.415672428269689931e+01 4.361951984070671529e+01
4.796895599999999860e+01 4.215628000000000242e+01 8.153228921515419358e+01 5.435997324624808869e+01
