5.608556699999999751e+01 4.873567200000000099e+01 5.846730802396967164e+01 5.394914016987634398e+01
5.511413199999999790e+01 4.739479399999999742e+01 6.100636027816365470e+01 6.647646333755223225e+01
5.363974799999999732e+01 5.208994299999999811e+01 5.488461333923407892e+01 5.731680243906532013e+01
6.672182499999999550e+01 4.916881599999999963e+01 5.277072907204046714e+01 6.969556312966889777e+01
5.512019699999999744e+01 3.699777600000000177e+01 7.696718384513540911e+01 5.000885342319298843e+01
7.564023600000000158e+01 6.259424200000000127e+01 6.855000542081549497e+01 4.631212246920797782e+01
8.107201399999999580e+01 4.085110999999999848e+01 5.566532522196644095e+01 3.904702224947125444e+01
6.521347000000000094e+01 6.587377999999999645e+01 5.481205763465560210e+01 4.708137512791238066e+01
5.285132200000000324e+01 4.104751000000000261e+01 8.496156644977696715e+01 6.784789625720151207e+01
5.105628999999999706e+01 3.829506700000000308e+01 5.575075442643934309e+01 6.747063819350829306e+01
8.318834999999999980e+01 6.825494399999999473e+01 6.529812525264337353e+01 4.229926153575008385e+01
7.907899999999999352e+01 5.651028000000000162e+01 4.989210758309440763e+01 4.074928142830698619e+01
7.347565500000000327e+01 6.350666799999999768e+01 7.273796366366163113e+01 4.531825778690076589e+01
8.201357000000000141e+01 5.219725799999999793e+01 6.114646699734620228e+01 5.854169069110335499e+01
7.410056000000000154e+01 6.981937999999999533e+01 5.023762724818386971e+01 5.239327177114405032e+01
4.666504299999999716e+01 4.539951700000000301e+01 6.609371944165192758e+01 5.739299572623563961e+01
5.290209999999999724e+01 5.713993500000000125e+01 5.488493440970589177e+01 6.156730276022767612e+01
8.476594500000000210e+01 4.658230199999999854e+01 7.771928028934743793e+01 5.316717580156895195e+01
5.548542400000000185e+01 5.831977499999999992e+01 5.505140839915582518e+01 4.448110477684049613e+01
5.288052700000000073e+01 4.685767400000000293e+01 9.166443321651956921e+01 4.576040331858437327e+01
6.007629000000000019e+01 4.632620200000000210e+01 8.980773247951327676e+01 5.548604127910785166e+01
7.686307499999999493e+01 4.832139999999999702e+01 7.806202963772739167e+01 5.266588373292229619e+01
4.934065600000000273e+01 6.204409400000000119e+01 5.845139508019191510e+01 4.492997421931494273e+01
7.194462000000000046e+01 6.180628200000000305e+01 8.057363298679948116e+01 4.724549814768982259e+01
6.258970000000000056e+01 5.024907000000000323e+01 7.203519877274135297e+01 6.603995594920692724e+01
5.007603999999999900e+01 4.907683000000000106e+01 5.222715918316372807e+01 6.331629539061911771e+01
5.397681000000000040e+01 4.585221500000000106e+01 8.503628638897336600e+01 6.842210026351585839e+01
5.382874699999999990e+01 4.077295699999999812e+01 8.459470243194496675e+01 6.338924431721973463e+01
8.554076000000000590e+01 4.526500699999999711e+01 7.176181126487091433e+01 3.744932829450360146e+01
6.249164600000000291e+01 4.798640400000000028e+01 7.734881430318533546e+01 4.608793938837023063e+01
7.561017599999999561e+01 6.104643599999999992e+01 8.334679141977301242e+01 4.646878904508854191e+01
5.192617800000000017e+01 5.019215799999999916e+01 4.607834203547557195e+01 5.123376707094765692e+01
7.401948000000000150e+01 4.625668699999999944e+01 8.345738552956085243e+01 5.841790122371988758e+01
7.590055999999999869e+01 4.194827999999999690e+01 5.926404785544279008e+01 4.160194936629856954e+01
4.819915000000000305e+01 4.407435199999999753e+01 7.218057558721127975e+01 4.357314958691907236e+01
6.588196000000000652e+01 4.998230699999999871e+01 4.703067621005592969e+01 4.612102681489038503e+01
6.537446599999999819e+01 6.323434400000000011e+01 8.762138699140001563e+01 5.178880459064536268e+01
8.859553999999999974e+01 4.171603000000000350e+01 7.855280311813743310e+01 6.206000446255691827e+01
5.493115600000000143e+01 5.014291399999999754e+01 8.160261806206872848e+01 6.509325814394021847e+01
8.553109999999999502e+01 4.418075999999999937e+01 4.828466897710884354e+01 5.561381458555493396e+01
5.318081000000000103e+01 4.412964000000000198e+01 8.109478511755942520e+01 5.139033256620182755e+01
7.263685999999999865e+01 6.816455000000000553e+01 7.066208069578220829e+01 4.502962630384104870e+01
5.972766500000000178e+01 4.440487300000000204e+01 9.128964554539643927e+01 3.708457250377854564e+01
6.463611600000000124e+01 5.428184499999999701e+01 6.591227535684494399e+01 6.078839172265521995e+01
8.252343000000000472e+01 6.853699000000000296e+01 5.132461929505459608e+01 6.367326716509602136e+01
8.173636999999999375e+01 6.784996999999999900e+01 5.704732298837131310e+01 4.223409694944844972e+01
6.831180600000000425e+01 6.317746400000000051e+01 8.494806743218366307e+01 3.763705470814770848e+01
8.669639999999999702e+01 5.831256499999999932e+01 7.239579218539276440e+01 4.133399147761767267e+01
8.947472999999999388e+01 5.233020799999999895e+01 6.346444850775774427e+01 6.849748217562219565e+01
7.487864000000000431e+01 4.573896799999999985e+01 7.283682924496308431e+01 5.144921860065414165e+01
8.257880400000000520e+01 3.717007399999999961e+01 9.098897310695379304e+01 5.188273130807850464e+01
5.059288999999999703e+01 3.766018700000000052e+01 9.100655443998581973e+01 3.898395590605420580e+01
7.581678999999999746e+01 4.425414700000000323e+01 6.076253225306719230e+01 3.864769804631229277e+01
6.467489000000000487e+01 4.754215200000000152e+01 7.961420370726301599e+01 5.964928657983438143e+01
5.031473499999999888e+01 4.109745999999999810e+01 9.026028331910887914e+01 6.792328547759360902e+01
7.462242000000000530e+01 4.588313300000000083e+01 8.301821266497771035e+01 5.872837198426216077e+01
4.935990499999999770e+01 5.605839499999999731e+01 7.950772649917144008e+01 6.655760467042490802e+01
8.804195400000000404e+01 4.674388499999999880e+01 7.918648540149790449e+01 4.576646024329193096e+01
5.782506000000000057e+01 5.586100400000000121e+01 6.145818440896333357e+01 4.850260289803429714e+01
7.513997999999999422e+01 6.129621000000000208e+01 4.886314464964780768e+01 4.787267827596096481e+01
5.100337999999999994e+01 5.035927199999999715e+01 4.864181791389013654e+01 3.647980448590440261e+01
6.629274999999999807e+01 6.353835699999999775e+01 4.644331281954806201e+01 6.469630898472394165e+01
8.220014000000000465e+01 6.470933499999999583e+01 6.813374079317850374e+01 5.072051352164747584e+01
7.484981500000000665e+01 5.974059299999999695e+01 5.082157399011477139e+01 6.047164517126847727e+01
9.046371999999999503e+01 6.047626999999999953e+01 8.681305164124455587e+01 4.904824832061397188e+01
7.341700000000000159e+01 6.530172000000000310e+01 6.166880529365475638e+01 5.521456917672654896e+01
5.286663999999999675e+01 5.036919000000000324e+01 7.702732270042490370e+01 3.567180832839827787e+01
8.663148499999999785e+01 3.990982999999999947e+01 7.060024689407123333e+01 4.515210813505966314e+01
5.408330999999999733e+01 6.939442400000000077e+01 5.039628177683611909e+01 5.679735683378561362e+01
8.153354000000000212e+01 5.439672000000000196e+01 8.891970330727701821e+01 6.410052596447590645e+01
7.569961000000000695e+01 4.516561000000000092e+01 8.983928326951743770e+01 5.216698036715986575e+01
6.426962000000000330e+01 5.232027999999999679e+01 8.678150363906064513e+01 3.632023160335257472e+01
4.704746999999999701e+01 4.864985999999999677e+01 8.856308397225897977e+01 5.558196378235555812e+01
7.517798600000000420e+01 5.425798000000000343e+01 4.952183108507084341e+01 5.848768138860445731e+01
5.933621000000000123e+01 6.236477299999999957e+01 5.711017531315381746e+01 4.857240103407482934e+01
6.510826000000000136e+01 6.686397599999999386e+01 8.383070214031951650e+01 5.725454669457155887e+01
7.866431400000000451e+01 4.014864000000000033e+01 7.107642801064109506e+01 5.448571643042035362e+01
5.167446499999999787e+01 5.289345600000000047e+01 7.321807334266532052e+01 4.817398534243513808e+01
4.764016999999999769e+01 4.024199300000000079e+01 6.627710113878350739e+01 5.992785282940366898e+01
5.755927700000000158e+01 5.955747600000000119e+01 5.695352695161831491e+01 4.149778630206168373e+01
6.880440500000000270e+01 5.972476000000000340e+01 7.266929253139676348e+01 6.595886012554318256e+01
8.642296000000000333e+01 4.440330999999999761e+01 7.608680720186416124e+01 3.857390705634509231e+01
5.817465200000000181e+01 4.617281700000000200e+01 8.731447123551464529e+01 4.338911480795345454e+01
7.447088999999999714e+01 6.278063199999999711e+01 6.826208166760518736e+01 5.031777233422233309e+01
8.317892999999999404e+01 5.511390999999999707e+01 4.618809188530904919e+01 6.173081172097482749e+01
5.979800000000000182e+01 4.706063999999999936e+01 7.967062395528580510e+01 5.905068396662521479e+01
7.644329000000000462e+01 4.657066300000000325e+01 7.330564230347786747e+01 4.396643323328970610e+01
5.694366000000000128e+01 5.793184000000000111e+01 8.968999015935381180e+01 5.756053330654684430e+01
6.856942999999999699e+01 6.211330800000000352e+01 5.447495116063183218e+01 3.640497737220952956e+01
8.324456000000000699e+01 4.588488799999999657e+01 6.275659612549192445e+01 4.862804677147602206e+01
5.042887000000000342e+01 4.562337500000000290e+01 8.320542842604153577e+01 3.842751226837606282e+01
6.069254300000000057e+01 4.137232600000000105e+01 5.256096369365525334e+01 5.818545003937949645e+01
5.115114200000000011e+01 5.064909000000000106e+01 8.908588922311150782e+01 4.248397757490383242e+01
7.856969999999999743e+01 5.500180000000000291e+01 5.893126036477798380e+01 5.759516455612245522e+01
5.293442000000000291e+01 5.253999699999999962e+01 6.441950061256697779e+01 3.952559856253959936e+01
8.675363000000000113e+01 4.346631599999999906e+01 7.585405222311989348e+01 6.838864005627493725e+01
6.783283000000000129e+01 6.381229799999999841e+01 7.914397275059680226e+01 4.027902871084729952e+01
8.069112400000000207e+01 4.634583700000000306e+01 8.630821878285092907e+01 5.938629789201047515e+01
6.703991999999999507e+01 6.934390000000000498e+01 8.763365148466326104e+01 6.892967198596522849e+01
8.512422999999999718e+01 4.689227999999999952e+01 7.362522219245458643e+01 5.034360424882150653e+01
5.401004799999999761e+01 4.541924000000000206e+01 7.300621242589620863e+01 4.022283031645966389e+01
5.844738999999999862e+01 6.888080999999999676e+01 6.284380598211623692e+01 4.385867199918230597e+01
4.752940000000000254e+01 6.584358000000000288e+01 6.823666357656901482e+01 4.994020750693191246e+01
7.891028000000000020e+01 6.298868000000000222e+01 8.915363151119333907e+01 6.000514132831570890e+01
6.497414999999999452e+01 4.849794399999999683e+01 7.764678392110123184e+01 3.686276127007806735e+01
6.579370000000000118e+01 5.309502400000000222e+01 8.596206434512137662e+01 5.032663504111145869e+01
8.994052000000000646e+01 3.632224699999999729e+01 6.722833164737004097e+01 4.253908045975440899e+01
9.003839000000000681e+01 5.072025000000000006e+01 7.235437450436111817e+01 4.381966046138764881e+01
7.592802399999999352e+01 5.213128999999999991e+01 4.739356448594975291e+01 5.976610607866971492e+01
5.363667999999999836e+01 4.819988599999999934e+01 5.053305045560662734e+01 4.162475499980224924e+01
8.765320599999999729e+01 4.874345000000000283e+01 9.071843912286115597e+01 6.207412763022908564e+01
5.246391700000000213e+01 4.780145600000000172e+01 8.163268495961071380e+01 3.820425050730332828e+01
5.501939000000000135e+01 4.924535800000000307e+01 8.949190752872289067e+01 3.667191439113086204e+01
6.587963000000000591e+01 5.883500699999999739e+01 8.938829758198079389e+01 5.247202665717374259e+01
5.653450999999999738e+01 6.000314000000000192e+01 4.884672106639068545e+01 5.311621890962921100e+01
8.212149999999999750e+01 6.805886999999999887e+01 8.781185965006326910e+01 4.639630840521643051e+01
5.413719999999999999e+01 6.657320400000000404e+01 6.773333873829977847e+01 5.615638478760379115e+01
5.009697299999999842e+01 3.689758299999999736e+01 5.650085717727323242e+01 5.352386649636457605e+01
7.905564999999999998e+01 4.071649599999999936e+01 8.730907917651711614e+01 6.549783128284575184e+01
5.637333000000000283e+01 5.604807300000000225e+01 7.120401227266195576e+01 4.193959561622094867e+01
7.081449000000000638e+01 6.198342999999999847e+01 4.775294077242141100e+01 5.060845891065071811e+01
8.202487999999999602e+01 4.714908599999999694e+01 6.695961663106584183e+01 5.289723147707725559e+01
4.954738600000000304e+01 3.824540700000000015e+01 5.999548935260573046e+01 6.395357420464888776e+01
6.481473499999999888e+01 4.456393400000000327e+01 6.764418832713570851e+01 5.669067167116259043e+01
8.968140400000000056e+01 5.168910199999999833e+01 6.200375303405397887e+01 5.204474192658010168e+01
5.309535600000000244e+01 4.823342000000000240e+01 5.425681632212247507e+01 4.270220330987766744e+01
5.525240699999999805e+01 6.121945999999999799e+01 8.774433733709656735e+01 4.296501898605451686e+01
5.336617300000000341e+01 4.647099299999999999e+01 5.535153207595224956e+01 5.007394497610329864e+01
8.658387999999999352e+01 4.637970700000000335e+01 8.919893766066151386e+01 5.351136782550179305e+01
7.841535000000000366e+01 5.517078399999999760e+01 7.796411969214707938e+01 6.985669041054160289e+01
5.078484300000000218e+01 4.311047400000000351e+01 7.709591686608237637e+01 6.797211813349989029e+01
8.942528000000000077e+01 4.575683200000000284e+01 8.676682875654448424e+01 3.774512523162037070e+01
8.030988999999999578e+01 6.101100999999999885e+01 7.872398904816773779e+01 5.650631464578874841e+01
5.169720499999999674e+01 4.989869000000000199e+01 8.369196029517686952e+01 5.821084879318097194e+01
5.107068600000000202e+01 4.920833600000000274e+01 6.321530227859400952e+01 6.478389722863057898e+01
8.325369999999999493e+01 3.672957000000000249e+01 5.597311978213709693e+01 4.010629895864413896e+01
6.313089000000000084e+01 5.214475000000000193e+01 8.083085050993508958e+01 6.357796005230385816e+01
4.898817999999999984e+01 5.657592999999999961e+01 8.734922523153161933e+01 5.361871949911571278e+01
8.190829499999999541e+01 6.691291999999999973e+01 7.536544496229305423e+01 4.339491008243483350e+01
8.027527000000000612e+01 4.288470000000000226e+01 8.070469414295129695e+01 4.865030262178763820e+01
6.583499999999999375e+01 6.410107399999999700e+01 8.504142410878331759e+01 3.653594630263388865e+01
7.830775500000000022e+01 5.541690400000000238e+01 7.268315918726666780e+01 6.830078784898364574e+01
7.851379000000000019e+01 3.546386300000000347e+01 7.862384053667365436e+01 4.942947728197822244e+01
8.897160999999999831e+01 4.373075999999999652e+01 7.628861430822010448e+01 3.529502352516725949e+01
8.245322400000000584e+01 4.621737699999999904e+01 8.930071611865696468e+01 5.332009349055579150e+01
7.498845000000000027e+01 4.247617300000000284e+01 5.421773222074978094e+01 6.905376522021143160e+01
8.373717499999999347e+01 4.802160299999999893e+01 4.604618594678541399e+01 5.893400840440250477e+01
8.818219000000000563e+01 5.422068800000000266e+01 6.063667577449419355e+01 4.709827173414240065e+01
6.478409600000000523e+01 6.453046000000000504e+01 9.176293395326467817e+01 4.841474728609244238e+01
4.669586999999999932e+01 6.332151799999999753e+01 4.704541782774104774e+01 3.718083726694430169e+01
5.283331299999999686e+01 4.813033000000000072e+01 8.998043341222677327e+01 3.910625789468428337e+01
7.865295999999999310e+01 6.845534499999999412e+01 5.558836328505046254e+01 6.813933696705494469e+01
5.257021999999999906e+01 3.671679699999999968e+01 5.873080895224961751e+01 5.987680428605931127e+01
7.229880500000000154e+01 6.385471299999999673e+01 5.451712200479426684e+01 6.854476814323311373e+01
4.682751499999999822e+01 6.578252000000000521e+01 4.747261746541469307e+01 6.782838107552527163e+01
7.109244999999999948e+01 6.140245399999999876e+01 4.943988345628353898e+01 6.506212222511950927e+01
5.330595799999999684e+01 4.996555299999999988e+01 4.850801598163965878e+01 4.556734998818987492e+01
6.766622999999999877e+01 4.396661000000000286e+01 6.987294774501123129e+01 4.931671593861663894e+01
6.680714399999999387e+01 4.990564299999999776e+01 8.294283498507482477e+01 5.154374124567394944e+01
5.317730999999999852e+01 4.503240999999999872e+01 9.028423007549113777e+01 6.199692786426011537e+01
8.852997600000000489e+01 3.797641399999999834e+01 7.792970731720086519e+01 5.698520592672083751e+01
5.024912599999999685e+01 5.350117500000000348e+01 6.507467736851732809e+01 4.355129265132797656e+01
8.133104000000000156e+01 4.018990699999999805e+01 8.810359047624068296e+01 4.840285147924151943e+01
6.721398999999999546e+01 4.009886999999999802e+01 6.190496602620460465e+01 6.684657838187750656e+01
5.734080999999999761e+01 5.535898199999999747e+01 7.787590967186719126e+01 4.515973956909754605e+01
8.212173500000000104e+01 4.029014200000000301e+01 5.043272941176117996e+01 6.711109170127741663e+01
6.539163999999999533e+01 6.597992000000000701e+01 6.491052105725212584e+01 5.412473187978515199e+01
7.354685000000000628e+01 6.983608999999999867e+01 4.975379264095289500e+01 6.187298219213082007e+01
7.163030999999999437e+01 6.121977600000000308e+01 4.690709959358915171e+01 6.580737412417209953e+01
8.352984999999999616e+01 6.076507999999999754e+01 7.492605602360913508e+01 4.134754826684118001e+01
7.580970000000000653e+01 3.922681800000000152e+01 7.755628144585108430e+01 3.720205962619970563e+01
6.581596999999999298e+01 5.677728700000000117e+01 6.427203585888054249e+01 4.102630847222901167e+01
5.200366600000000261e+01 5.103144000000000347e+01 7.334552623766879265e+01 5.204378338103899182e+01
7.510142000000000451e+01 3.915826400000000262e+01 6.590685721611210113e+01 3.525286803609955655e+01
7.331856999999999402e+01 6.896445500000000095e+01 4.824689094290761204e+01 5.480083633617975636e+01
7.047728999999999644e+01 4.958598299999999881e+01 6.561227831061236770e+01 3.582038221615305673e+01
5.340807999999999822e+01 4.628913000000000011e+01 8.907514086542757070e+01 3.818375304201978793e+01
8.205965000000000487e+01 6.468255000000000621e+01 5.361999867141522458e+01 4.354859500940067818e+01
4.796895599999999860e+01 4.215628000000000242e+01 7.414385746734259897e+01 6.161631987969784063e+01
8.377172000000000196e+01 3.864419999999999789e+01 5.358192430455570587e+01 5.939900109686777085e+01
6.632321000000000311e+01 4.732898699999999792e+01 8.204912915377755667e+01 3.893173722841949314e+01
6.471316500000000360e+01 5.324251000000000289e+01 6.641180189169463688e+01 5.528703377091471793e+01
7.803976000000000113e+01 6.198502700000000232e+01 5.171343577331068531e+01 4.620522907942684299e+01
6.697539999999999338e+01 6.363968700000000212e+01 6.424525465673174551e+01 3.705305999677744211e+01
6.306450699999999898e+01 6.159660999999999831e+01 6.684597628934663760e+01 3.555104704739744648e+01
7.208037600000000111e+01 6.865512999999999977e+01 5.364817452516800245e+01 6.125794415020992290e+01
7.941040999999999883e+01 5.451766200000000140e+01 6.094230727191634145e+01 5.749867748476837903e+01
8.341823599999999317e+01 3.634476000000000084e+01 7.610417301957961911e+01 4.982262663350313403e+01
6.524366000000000554e+01 5.117226399999999842e+01 5.626699935957047671e+01 5.032475803171227824e+01
8.061682999999999311e+01 5.918603000000000236e+01 5.270074244815008058e+01 3.948551263085385443e+01
5.461650999999999812e+01 4.942170000000000130e+01 6.970427042191978728e+01 5.671737305683042507e+01
8.650522599999999329e+01 4.590870699999999971e+01 7.313809708735747961e+01 6.365980919706345276e+01
5.561010000000000275e+01 5.018833999999999662e+01 8.143190734977690681e+01 6.686900619796784895e+01
6.352276200000000017e+01 4.916449699999999723e+01 6.692446962567353808e+01 3.619385898311017513e+01
4.630128500000000003e+01 6.632629000000000019e+01 6.708557749125728265e+01 5.700833586313120804e+01
8.198730000000000473e+01 4.021397400000000033e+01 7.677129413468013297e+01 4.107145177608568787e+01
7.769123999999999342e+01 6.373434000000000310e+01 4.880408326546936593e+01 4.301278236028389301e+01
8.431788000000000238e+01 4.659002999999999872e+01 7.797283850408066996e+01 3.521043277141438210e+01
6.354970999999999748e+01 6.169022799999999762e+01 5.444907348044241502e+01 4.491740742144905596e+01
5.855407699999999949e+01 6.542522999999999911e+01 4.697060665137275492e+01 4.948822273071565547e+01
6.137015999999999849e+01 5.204327399999999670e+01 8.508756397441833030e+01 6.970757484419877414e+01
8.433438999999999908e+01 3.928714000000000084e+01 8.924847195688006707e+01 6.664260621006545193e+01
4.956040600000000040e+01 4.586153399999999891e+01 6.360143489139105100e+01 4.757736292878510653e+01
5.209573000000000320e+01 6.484472999999999843e+01 5.044415836459375413e+01 5.229986696476598240e+01
4.670871700000000004e+01 6.377425999999999817e+01 6.889903219932944012e+01 4.827665173552484390e+01
9.030997499999999434e+01 6.902100000000000080e+01 4.636083573070355612e+01 5.149250254957845385e+01
5.181455199999999905e+01 4.689494299999999782e+01 5.905906157508113097e+01 6.574298434653418610e+01
4.983039500000000288e+01 5.025559599999999705e+01 5.196106171574728450e+01 5.816339895283664418e+01
8.969199999999999307e+01 4.165841700000000003e+01 6.809599778347147492e+01 6.724246703993249241e+01
6.594492999999999938e+01 5.923649199999999837e+01 5.279570027182015934e+01 6.875436116107613316e+01
6.587040000000000362e+01 5.346339400000000097e+01 4.975765196806180768e+01 6.328681126060514828e+01
6.372266799999999876e+01 4.694447999999999865e+01 6.755387520649348687e+01 4.035004003520543847e+01
7.586669000000000551e+01 4.302570699999999704e+01 5.973911266015574029e+01 5.458065935113353362e+01
7.364605000000000246e+01 4.980917699999999826e+01 5.211594060741693824e+01 4.395445186934767179e+01
7.865703600000000506e+01 4.475950199999999768e+01 5.735387354574745444e+01 6.418629270141302356e+01
9.178313400000000399e+01 5.558882499999999993e+01 7.018833923327809998e+01 6.187471886820997469e+01
8.726282500000000653e+01 4.679518999999999807e+01 7.924141310973091379e+01 3.876454813408063416e+01
5.240546400000000204e+01 5.145674499999999796e+01 7.992383482174912501e+01 4.472801546953949270e+01
8.278986999999999341e+01 6.091132700000000000e+01 6.829679049285192605e+01 5.896390774529028533e+01
7.976686999999999728e+01 5.359152999999999878e+01 5.707791944214067570e+01 4.886067329129011227e+01
7.121519499999999425e+01 6.740169500000000369e+01 8.678605313066496763e+01 4.250282004732029151e+01
7.071802499999999725e+01 6.659735000000000582e+01 6.540358530516932944e+01 6.633495050373880986e+01
4.962999299999999891e+01 4.012511400000000350e+01 5.104195025914887651e+01 3.989002940272025910e+01
8.943269999999999698e+01 6.962928999999999746e+01 8.914497286673145027e+01 6.438661676987263149e+01
8.478618000000000166e+01 4.751883300000000077e+01 5.889794502296684442e+01 6.433227317479736485e+01
5.467820700000000045e+01 4.727673999999999666e+01 7.246988905525708446e+01 4.542400720844497641e+01
7.947617999999999938e+01 3.611105700000000240e+01 5.973805037661382045e+01 5.637864932228310977e+01
5.669382499999999681e+01 4.055266600000000210e+01 9.048199448316270832e+01 6.317551310432040879e+01
6.389004500000000064e+01 5.658246199999999959e+01 5.222797939766807929e+01 6.297653975766361611e+01
5.423397400000000346e+01 3.584526400000000024e+01 5.394204808076989366e+01 5.857804088428387956e+01
5.513156000000000034e+01 6.075578000000000145e+01 7.984434352159482273e+01 5.245723517342724307e+01
7.806696999999999775e+01 5.320942300000000103e+01 8.710065298834352632e+01 6.771713735988421945e+01
9.128652999999999906e+01 3.925340700000000282e+01 8.125131273607118487e+01 6.611688852585137965e+01
4.760193000000000296e+01 4.378117999999999910e+01 6.273550229286573199e+01 3.713165803533460263e+01
6.234524499999999847e+01 6.152044999999999675e+01 6.743095960023485702e+01 3.675766074298793740e+01
7.502486000000000388e+01 3.932047299999999979e+01 9.120909645072555350e+01 3.715280452520891430e+01
8.514221000000000572e+01 4.660915399999999664e+01 7.350961969910638061e+01 4.169979271556118761e+01
9.184167999999999665e+01 3.517695599999999700e+01 8.162588265796641451e+01 5.688083635375990355e+01
5.388501000000000118e+01 5.712486599999999726e+01 5.186648919857901774e+01 4.057703060719872212e+01
5.566822400000000215e+01 5.443486999999999654e+01 7.136835637216876194e+01 5.395029087432027382e+01
7.346007000000000176e+01 5.386707700000000187e+01 8.143534404425815865e+01 5.049835999663319797e+01
6.587717999999999563e+01 6.489995600000000309e+01 6.823707300017487398e+01 4.396916232184108253e+01
4.957694599999999951e+01 4.986617999999999995e+01 7.694646398791532249e+01 6.484154420849324651e+01
8.956656999999999869e+01 4.467163999999999646e+01 6.465407761851403734e+01 3.653853008206089470e+01
6.617875999999999692e+01 5.376008999999999816e+01 7.922564327933531558e+01 5.101724382430833771e+01
6.230940600000000273e+01 6.209315000000000140e+01 5.478618608226492626e+01 5.409599528674268498e+01
6.008419800000000066e+01 6.724903000000000475e+01 7.670096760429059657e+01 4.358977155584219076e+01
7.265532000000000323e+01 6.310888700000000284e+01 6.097104307475289175e+01 4.935501169900227580e+01
6.970458000000000709e+01 6.621998999999999569e+01 7.819316071657810596e+01 4.032107974555719920e+01
5.697548299999999699e+01 4.251236999999999711e+01 8.155760825529021929e+01 4.606837610688550910e+01
6.500728999999999758e+01 4.928378000000000014e+01 8.304548971014698111e+01 5.508900273121985691e+01
6.139316600000000079e+01 4.326026499999999686e+01 7.141282610013340104e+01 3.863114203481659104e+01
4.616987000000000307e+01 4.086637999999999948e+01 5.781197487553873771e+01 6.571318811919437053e+01
5.400205600000000317e+01 6.589191399999999987e+01 9.134047306025991020e+01 6.034795561100384020e+01
7.694061000000000661e+01 6.262098699999999951e+01 5.656068671061321851e+01 6.826778858900706837e+01
5.339393199999999950e+01 4.658201600000000298e+01 4.690010353868959925e+01 6.898578211261320803e+01
5.968653499999999923e+01 5.329252199999999817e+01 5.897146671982368105e+01 4.455922683082417990e+01
5.339562000000000097e+01 4.819332500000000152e+01 5.691280213785545783e+01 5.747731617626021716e+01
8.686418999999999357e+01 4.387660999999999945e+01 5.326644324514416695e+01 6.147609942675475025e+01
7.618917999999999324e+01 6.078967999999999705e+01 7.631919438001298772e+01 6.009309087716381725e+01
8.905092999999999392e+01 4.646264299999999992e+01 8.782660055157512602e+01 5.728394865100136712e+01
6.779018399999999644e+01 6.306392699999999962e+01 6.139147361245681367e+01 5.300847524749819684e+01
7.489607999999999777e+01 6.228779999999999717e+01 7.417279829777962163e+01 3.954314163602170140e+01
8.975776000000000465e+01 4.615767999999999915e+01 5.241374346625560321e+01 5.611613792106010123e+01
5.203767400000000265e+01 5.395211400000000168e+01 5.062135734487455352e+01 4.677500611441963230e+01
8.064327000000000112e+01 6.800568400000000224e+01 5.650777992516518822e+01 4.422849556041968810e+01
6.506362000000000023e+01 4.932741999999999649e+01 9.062795772770775216e+01 4.807582493372228072e+01
6.612999999999999545e+01 5.269389999999999930e+01 5.478749552876796258e+01 6.085986247715353414e+01
4.775068999999999875e+01 3.836014600000000030e+01 5.965974868479906945e+01 3.802144337171041144e+01
7.179988000000000170e+01 6.876121500000000708e+01 7.201796481924849047e+01 3.909722303296238977e+01
5.532318000000000069e+01 4.998246400000000023e+01 7.374397433942085911e+01 6.508058653327141485e+01
5.104829000000000150e+01 4.921446199999999749e+01 6.670974581576646756e+01 5.026553424796853875e+01
5.233660499999999871e+01 4.819270000000000209e+01 6.243874878848907883e+01 6.767545942315891239e+01
5.273010299999999972e+01 5.304892000000000252e+01 7.653908675143159712e+01 4.521805845590188255e+01
7.896323999999999899e+01 4.627617300000000000e+01 8.388809495877919176e+01 4.615163521856709394e+01
5.286175000000000068e+01 5.095715299999999814e+01 5.691578602730457703e+01 6.882353357213064271e+01
5.408313400000000115e+01 6.638416999999999746e+01 6.569989379602387203e+01 4.472510317106218736e+01
4.799080299999999966e+01 6.598578999999999439e+01 8.001199035620949473e+01 5.555098960539466191e+01
6.417624999999999602e+01 5.623000700000000052e+01 8.775075269606237782e+01 5.878805826139735302e+01
7.095891600000000210e+01 6.641106000000000620e+01 7.790475952677276439e+01 6.916453946713832579e+01
5.249409500000000151e+01 4.657718299999999800e+01 5.223410433528859187e+01 5.711844393614696003e+01
4.775593599999999839e+01 6.639164999999999850e+01 5.250875182353697568e+01 3.574602100616518641e+01
8.259461000000000297e+01 4.808888999999999925e+01 8.328842479971159207e+01 5.878642523611053150e+01
5.682670999999999850e+01 4.389077000000000339e+01 6.767998672887821954e+01 3.753086393865303450e+01
4.807733000000000345e+01 3.790756999999999977e+01 6.671991906312030096e+01 6.907869977499996139e+01
5.874136699999999678e+01 5.923510999999999882e+01 6.525039112573956857e+01 6.748996483252409462e+01
8.831159999999999854e+01 3.731616999999999962e+01 7.953369994161596424e+01 5.449547308453513494e+01
5.724527400000000199e+01 4.383981699999999648e+01 7.787105414033446493e+01 4.172684406364010812e+01
6.066823600000000027e+01 4.825421000000000049e+01 5.400725026313848787e+01 3.938490198664557340e+01
7.429716500000000678e+01 4.987426399999999660e+01 6.473623520774532381e+01 6.373026739931832196e+01
5.039290199999999942e+01 6.866956999999999312e+01 4.892212805231286410e+01 3.740621969961785709e+01
7.332840000000000202e+01 4.723649600000000248e+01 6.822598281321540981e+01 5.946305684913095035e+01
6.023380300000000176e+01 5.545163999999999760e+01 6.054173332782067973e+01 4.934649153463534788e+01
5.097951499999999925e+01 3.850401300000000049e+01 5.796447856450489411e+01 6.688129297727248002e+01
8.403638499999999567e+01 3.503270299999999793e+01 6.501048757975146941e+01 4.709794110182732396e+01
5.228764699999999976e+01 4.831682200000000194e+01 7.921376015595330955e+01 6.911312898022158890e+01
8.363159000000000276e+01 5.257257500000000050e+01 5.447982041539595599e+01 5.784357961896039058e+01
6.158970999999999663e+01 6.606143000000000143e+01 4.984596264437101354e+01 6.269774847792381678e+01
6.516343999999999426e+01 5.234572000000000003e+01 8.223153718283809610e+01 5.699372820828590136e+01
7.233463000000000420e+01 4.200035499999999900e+01 7.908604977943046777e+01 6.942770092710347285e+01
4.924508000000000152e+01 4.573075999999999652e+01 6.764723670319158089e+01 4.215759160288220642e+01
5.600366000000000355e+01 5.997305300000000017e+01 7.965260525284372761e+01 6.166592519694442132e+01
4.771408000000000271e+01 5.153596000000000288e+01 8.133474686628272821e+01 6.201916637692924894e+01
6.594256000000000029e+01 5.268306400000000167e+01 6.099017977422013814e+01 4.162188291268500961e+01
5.963242300000000284e+01 4.400560399999999817e+01 5.431906666260071859e+01 4.256049590443625874e+01
6.651388000000000034e+01 5.359824799999999811e+01 6.969247650798097027e+01 6.861609663785905866e+01
6.529474000000000444e+01 5.300702700000000078e+01 6.302421765665432929e+01 5.964628902506366614e+01
5.364372600000000091e+01 4.968298699999999712e+01 6.717642424399437573e+01 3.943058904771004336e+01
6.608248000000000388e+01 5.590762300000000096e+01 6.668396663225907162e+01 6.472803628290439804e+01
8.540730000000000643e+01 3.939616000000000184e+01 8.012996988086590022e+01 4.488662287683838059e+01
8.180530000000000257e+01 4.721235000000000070e+01 6.701674804164331078e+01 3.922314213197360289e+01
6.795614999999999384e+01 4.871293000000000006e+01 6.771992290152790872e+01 5.239897458809013386e+01
8.582438999999999396e+01 4.352882000000000318e+01 9.183538340496244246e+01 6.260841969538975604e+01
7.183495000000000630e+01 4.117258999999999958e+01 4.982906131130163629e+01 6.364026205856490037e+01
8.982984000000000435e+01 5.302496299999999962e+01 7.657222488664189086e+01 3.837620448809102669e+01
5.546585000000000321e+01 5.091448199999999957e+01 6.231123139785071885e+01 6.111980478000270978e+01
8.634445999999999799e+01 4.789676999999999651e+01 6.817706601126818100e+01 5.487402158524841411e+01
4.866503999999999763e+01 4.614283999999999963e+01 6.393755762127598530e+01 6.031484259578686391e+01
8.897745500000000618e+01 3.735638000000000147e+01 4.711606847522806163e+01 5.011029882606391794e+01
5.354012000000000171e+01 4.833178699999999850e+01 4.727295624468524693e+01 4.379036273254644129e+01
5.852781300000000186e+01 3.578958500000000242e+01 5.640852716515602339e+01 6.593148207749503342e+01
8.874388000000000432e+01 3.593610400000000027e+01 6.147542835815510642e+01 5.232416525387244377e+01
