9.588267000000000451e+01 2.653397000000000006e+01 1.037691195744085206e+02 9.308230502021036301e+00
1.295191499999999962e+02 3.220691300000000012e+01 1.307391279864526723e+02 8.269647174397326550e-01
1.130387039999999956e+02 2.450758000000000081e+01 1.026940858654637623e+02 1.360407600167098963e+01
1.289265900000000045e+02 1.218157399999999946e+01 1.286196523831937668e+02 1.712457188638915184e+01
1.065502599999999944e+02 6.022739999999999760e+00 1.069708471190244552e+02 1.689505888315945725e+01
1.158584060000000022e+02 1.987986000000000075e+01 1.262798370969608044e+02 1.359817840789573395e+01
1.356722699999999975e+02 1.789586800000000011e+01 9.810546346006678675e+01 5.153702310524346686e+00
1.264625999999999948e+02 7.166369999999999685e-01 1.032470446723233266e+02 2.399656974190432024e+01
1.222444500000000005e+02 8.908201999999999288e+00 1.245379512642197994e+02 2.535805438400084100e+01
1.206234199999999959e+02 2.294290000000000163e+00 1.208607335297328547e+02 3.565689196763116797e+00
1.015828300000000013e+02 3.012794999999999845e+01 1.366711267419570106e+02 2.208607918287897576e+01
1.349317599999999970e+02 1.207422299999999993e+01 1.136250823935640142e+02 2.435075929725394328e+00
1.209112899999999939e+02 7.267337999999999631e+00 1.111258059209243072e+02 3.833132854373629161e+00
9.897588000000000363e+01 1.434022700000000050e+01 1.029182951137002959e+02 1.360257336197648037e+01
1.221725399999999979e+02 1.971065000000000067e+00 1.162300216434475857e+02 2.082742989378063569e+01
1.294916100000000085e+02 2.620026999999999884e+00 1.064004115642398034e+02 1.055189704663431627e+01
1.020575599999999952e+02 3.032312399999999997e+01 1.298383406842707473e+02 1.823734503612054070e+01
1.162961800000000068e+02 2.799809799999999882e+01 1.279200859410050555e+02 2.308131608537808432e+01
1.219842399999999998e+02 1.118587100000000056e+01 9.625925734386248678e+01 3.093679453994445439e+01
1.165767299999999977e+02 1.286235699999999937e+01 1.047391033572987737e+02 2.783059508338699217e+01
1.048228900000000010e+02 3.249645600000000201e+01 1.301636305265654414e+02 3.349504761626602800e+01
1.176774800000000027e+02 2.114383099999999871e+01 9.536826959265941639e+01 9.344235117404343427e+00
1.229570539999999994e+02 1.920611999999999986e+00 9.713015282919536730e+01 2.612463231416732157e+01
1.227981199999999973e+02 3.281226699999999852e+01 1.125848958758216583e+02 2.695342018331643530e+01
1.291559399999999869e+02 1.352395500000000084e+01 1.295729642743006877e+02 1.175471579003241196e+01
1.258230060000000066e+02 9.050392999999999688e+00 1.148134040487900904e+02 3.284657316751859213e+01
1.355842399999999941e+02 3.165399999999999991e+01 1.025768749682457610e+02 1.137459524723704263e+01
1.262777600000000007e+02 1.555640400000000056e+01 9.300129192422535596e+01 5.109634047633599074e+00
1.133071060000000045e+02 3.074285100000000170e+01 1.008737797678563481e+02 4.520814655708425001e+00
1.167711800000000011e+02 1.044548600000000071e+01 1.224571917589556307e+02 2.837835428135299409e+01
1.308442000000000007e+02 8.125244999999999607e+00 1.340809930644691121e+02 2.532118072675522313e+01
1.279808500000000038e+02 1.237441800000000036e+01 1.221299185284295845e+02 4.342085754608216774e+00
1.229745099999999951e+02 1.295093400000000017e+01 1.229205583187120965e+02 2.355733748751780254e+01
1.148329200000000014e+02 2.281423799999999957e+01 1.346922620163372528e+02 9.226680258841382098e+00
1.235973099999999931e+02 1.219101299999999988e+01 1.090325860091225252e+02 3.366815164324532361e+01
1.112859399999999965e+02 7.286299999999999999e-01 1.356936698605273648e+02 1.323894709740304343e+01
1.279676800000000014e+02 9.560188000000000130e+00 9.668572505828313979e+01 5.065088714451846386e+00
1.065282440000000008e+02 1.715186000000000099e+00 1.255192054850016490e+02 4.236565396339159406e+00
1.327039000000000044e+02 1.584810399999999930e+01 1.217987469856151677e+02 1.820189628687581518e+01
1.219884500000000003e+02 2.734084500000000162e+01 1.209451898528529483e+02 2.385638564614265178e+01
1.063328249999999997e+02 1.094751899999999978e+01 1.041348668161971034e+02 1.311089077136222247e+00
1.320785700000000134e+02 1.136370800000000081e+01 9.362828289969793616e+01 1.567033443761779132e+01
1.367545299999999884e+02 1.483705600000000047e+01 1.326500336719004451e+02 2.636038766538024092e+01
1.222486099999999993e+02 1.220074699999999979e+01 1.019434277769359056e+02 8.283655627256864662e+00
1.137167199999999951e+02 2.209496700000000047e+01 1.169460364351154595e+02 9.726833238495398604e+00
9.801369499999999846e+01 2.871176499999999976e+01 1.129834193011641474e+02 9.839994420062661007e+00
1.200522399999999976e+02 3.491102000000000061e+01 1.042347390436942618e+02 1.852357685783842456e+01
1.174997939999999943e+02 1.471192300000000053e+01 1.068777771122423133e+02 1.282161348477074370e+01
1.173357539999999943e+02 2.219921099999999825e+01 1.036259566520730147e+02 3.456815441796097588e+01
1.233091349999999977e+02 7.443515999999999799e+00 1.373240486126997837e+02 3.391093882546770288e+01
9.942723999999999762e+01 2.273704499999999840e+01 1.113925900921321102e+02 1.381081465762001592e+01
1.376394999999999982e+02 1.949024400000000057e+01 1.022712569038103254e+02 1.288051049833124218e+01
1.227206500000000062e+02 2.926232000000000166e+00 1.141848710962924400e+02 1.057452696099351286e+01
1.067997500000000031e+02 2.827483199999999997e+01 1.089216632434173988e+02 1.225148526311631336e+01
1.201075060000000008e+02 6.985503999999999714e+00 1.157003895757849392e+02 1.055825000312735718e+01
9.605414600000000291e+01 3.418947000000000003e+01 1.231994031953975508e+02 2.479094705105954688e+01
1.364280100000000004e+02 4.255118000000000400e+00 1.352074473345342369e+02 2.190787891843149993e+01
1.252033899999999988e+02 9.675684000000000395e+00 1.055963094969899316e+02 3.284941773688693445e+01
1.090832599999999957e+02 1.999703000000000008e+00 1.247786166381678754e+02 2.748351594924138297e+01
1.302385099999999909e+02 7.992467999999999684e+00 9.711794402994107145e+01 1.552196782961146759e+01
1.291512099999999919e+02 1.286193699999999929e+01 1.098044552714800801e+02 3.018444068757892040e+01
1.008899150000000020e+02 2.474351700000000065e+01 1.263659722316383096e+02 8.315751347944813077e+00
9.410971999999999582e+01 1.075564600000000048e+01 1.182234978060396031e+02 2.625445152300532925e+01
1.212147099999999966e+02 1.824274799999999885e+01 9.252488882287528327e+01 1.840793271486658966e+01
1.063184499999999986e+02 2.189414199999999866e+01 1.226094357508414134e+02 1.786087631379584906e+01
1.028493699999999933e+02 2.885465800000000058e+01 1.143220740035215357e+02 7.854980908033305731e+00
1.215274660000000040e+02 9.855489999999999640e+00 1.325875786989153653e+02 3.496054185934958980e+01
1.051916099999999972e+02 9.920849000000000473e+00 1.340466033711936120e+02 3.496540320375997712e+00
1.301707000000000107e+02 5.522420000000000107e-01 1.229605281147907476e+02 7.562477151138661036e+00
1.049673540000000003e+02 2.282041399999999953e+01 1.061502703848269391e+02 1.120878415230274960e+01
1.063444439999999958e+02 3.975452000000000208e+00 1.122092956235273249e+02 1.469295760116468941e+01
1.227775699999999972e+02 3.331928000000000001e+00 1.283680869135380647e+02 2.050972874268473944e+01
1.055970499999999959e+02 6.590237000000000123e+00 9.953588058978819220e+01 1.988828931470322914e+01
1.286900599999999883e+02 1.486477799999999938e+01 1.078348744260691632e+02 3.642332698730491813e+00
1.211230850000000032e+02 1.021513700000000036e+01 1.023337504460360634e+02 3.347297303487789577e+01
1.194439849999999979e+02 3.088717700000000121e+01 9.930723050477151048e+01 2.187696607404164695e+01
1.064764899999999983e+02 2.161875300000000166e+01 1.274084535918565138e+02 4.115009316435746634e+00
1.239427000000000021e+02 2.807401000000000035e+00 1.222882455189995028e+02 2.296711206648711112e+01
1.074369499999999960e+02 2.925465799999999916e+01 1.322064325990064617e+02 2.914471546009038505e+01
1.069558300000000060e+02 3.322021000000000157e+01 1.092338745541352409e+02 1.802817490733102801e+01
9.515203999999999951e+01 1.569428800000000024e+01 1.268298283351775808e+02 2.216813841164174548e+01
1.137061499999999938e+02 2.920176500000000175e+01 1.313979120922566892e+02 2.596940742678317449e+01
9.339405999999999608e+01 1.624022300000000030e+01 9.620230337779165097e+01 1.105470823390051471e+01
1.064715499999999935e+02 3.050993000000000066e+00 1.062880154391196186e+02 2.239826459914335999e+01
1.063705499999999944e+02 2.535100999999999871e+01 9.494280993055058104e+01 1.146927710926273392e+01
1.125423660000000012e+02 2.072739999999999938e+01 1.249970868721360375e+02 3.780273950693531226e+00
1.332452999999999861e+02 2.728622999999999799e+00 1.350111673896522575e+02 1.857342641727812449e+01
1.277506199999999978e+02 9.857113000000000014e+00 9.267850925525605987e+01 2.348780164107368051e+01
1.037949100000000016e+02 1.724506999999999834e+01 1.341201759938222153e+02 1.525725498726578166e+01
1.073123599999999982e+02 2.557497199999999893e+01 1.040815737055026631e+02 2.684551921069508040e+01
1.196812299999999993e+02 2.088022600000000040e+01 1.362859986777617678e+02 1.179270743702817192e+01
1.305737499999999898e+02 2.831986999999999810e+00 1.188023576626407873e+02 2.275141904754831756e+01
1.171882999999999981e+02 2.439474999999999838e+01 1.276848695879527895e+02 2.628515401485518055e+01
1.002797900000000055e+02 2.030880499999999955e+01 1.360704528442614674e+02 7.020715751652194747e+00
9.713448999999999955e+01 2.390841500000000153e+01 1.184501844505298891e+02 1.681202279272254074e+01
1.292556600000000060e+02 1.137209400000000059e+01 1.359336776403233102e+02 1.962181761759054410e+01
1.130844799999999992e+02 1.852679300000000140e+01 1.185175449493509916e+02 4.934412653192488563e+00
9.579921000000000220e+01 1.503351199999999999e+01 1.201947726121861706e+02 1.275644686281931950e+00
9.234408600000000433e+01 1.566721100000000000e+01 1.216146318351011359e+02 2.908667108991589956e+01
1.307676400000000001e+02 9.199001000000000872e+00 1.215375969002080012e+02 2.358919714121838851e+01
1.370959000000000003e+02 5.531164999999999665e+00 1.062237808304323607e+02 1.829232439062407067e+01
1.189220300000000066e+02 1.942037399999999892e+01 1.229882892324878441e+02 7.363742195499998644e+00
1.164115599999999944e+02 1.850963399999999837e+01 1.085657730501643528e+02 1.232846647675473228e+01
1.159256900000000030e+02 2.697432299999999827e+01 1.063837780757986593e+02 3.329950383212072751e+01
1.139231400000000036e+02 3.106367300000000142e+01 1.357106898326809414e+02 2.972533129683693431e+01
1.242736299999999972e+02 6.831006000000000355e+00 1.206407962949432715e+02 2.734672663198272957e+01
1.040978850000000051e+02 1.695514100000000113e+01 1.147460914826027079e+02 2.360350745428958064e+01
1.123958300000000037e+02 1.957101600000000019e+01 1.262777127068542597e+02 2.386851706907318516e+01
1.211260759999999976e+02 1.171536500000000025e+01 1.220699848068042286e+02 3.355957857073674688e+01
1.102168700000000001e+02 2.640597199999999845e+01 1.193918088983595283e+02 1.890782956138479065e+01
1.068494100000000060e+02 1.800854100000000102e+01 1.323480252622034357e+02 2.285110544907367469e+01
1.284304700000000139e+02 1.899298699999999940e+01 1.146769167471496189e+02 1.369705834316734538e+00
1.042143250000000023e+02 3.424630400000000208e+01 1.035409003201132521e+02 2.069862385086046430e+01
9.808326999999999884e+01 2.820190200000000047e+01 1.327301544440377370e+02 1.033421997473320975e+00
1.094431699999999950e+02 2.603854600000000019e+01 1.192028104803139570e+02 1.679396246255051395e+01
1.147561599999999942e+02 1.838597100000000140e+01 1.267851365475765419e+02 1.216771327183406370e+01
1.166653400000000005e+02 4.134577000000000169e+00 1.354626604855126573e+02 2.890801949880302146e+01
9.312736999999999910e+01 1.080105299999999957e+01 9.970130074299029843e+01 2.763484316126120177e+01
1.082378199999999993e+02 1.562821500000000086e+01 1.026891537029327992e+02 1.747582298932754341e+01
1.030357699999999994e+02 2.493956400000000073e+01 9.521083732658441079e+01 3.348005576068038636e+01
1.240100000000000051e+02 1.279410900000000062e+01 1.013027349482842823e+02 8.874010405624876974e-01
1.008948800000000006e+02 1.652329800000000048e+01 1.174140316746710084e+02 2.400586730800997159e+00
1.259232559999999950e+02 4.161654000000000408e+00 9.708657977687037999e+01 1.420062146665770442e+01
1.064823149999999998e+02 3.252676000000000123e+00 1.305884047768457492e+02 3.462647750504292521e+00
1.181643140000000045e+02 2.271122000000000085e+01 9.516753450137194648e+01 3.293853591102718781e+01
1.006795400000000029e+02 2.482919000000000054e+01 1.326470802440871353e+02 2.564459289105011663e+01
1.082674300000000045e+02 2.621295500000000089e+01 1.075909589083202320e+02 5.243337037421643920e+00
1.074301300000000055e+02 3.293291500000000127e+01 1.320057680940339537e+02 1.375376794550263071e+01
1.324894099999999924e+02 1.522223000000000104e+00 1.343028868945701788e+02 1.968440880759351685e+01
1.340509999999999877e+02 2.624378400000000156e+01 9.441243936171206030e+01 8.923195770088634404e+00
1.293635400000000004e+02 1.894171000000000049e+00 1.181391340956743221e+02 9.587273370160339425e+00
1.130644759999999991e+02 5.041568999999999967e+00 1.372099961683057927e+02 1.485230386866654939e+01
1.221697539999999975e+02 5.261603000000000030e+00 1.358693250756120960e+02 6.423411230210391842e+00
1.161196300000000008e+02 2.374014299999999977e+01 1.107731287941551699e+02 3.486141818458622765e+01
1.006227399999999932e+02 1.954385600000000167e+01 1.096859989896556442e+02 2.821166743468452509e+01
1.325616899999999987e+02 2.183529300000000006e+01 9.723236200302636689e+01 1.601393138341468259e+01
1.110467699999999951e+02 3.238026399999999683e+01 1.336928837128996292e+02 6.946587292862457019e+00
9.548212999999999795e+01 1.554973200000000055e+01 1.357176996802485860e+02 2.030896793848986803e+01
1.042165799999999933e+02 2.347071499999999844e+01 1.112474005207626249e+02 1.237569206443943770e+01
1.068959600000000023e+02 4.261408999999999558e+00 1.329038781801682205e+02 2.960433741782204109e+01
1.179312000000000040e+02 9.954869000000000412e+00 9.388447053597661807e+01 2.379817289938169722e+01
1.175999999999999943e+02 1.023433799999999927e+01 9.535393684067490483e+01 3.479941371183157628e+01
1.073838200000000001e+02 2.117361000000000004e+01 1.266341182457012877e+02 6.157505746324260620e+00
1.089955800000000039e+02 1.639875599999999878e+01 1.024945767242624015e+02 5.208996703620833557e+00
1.222112300000000005e+02 1.084067199999999964e+01 1.001388821518685859e+02 6.403723304209790079e+00
1.108547200000000004e+02 1.948833799999999883e+01 9.966577400494225003e+01 5.081717551393579946e+00
1.356580399999999997e+02 1.759958500000000114e+01 1.287122877202502877e+02 1.639012868066648920e+00
1.060799499999999966e+02 9.110470000000000512e-01 1.288830550735722795e+02 2.763275091563280839e+01
1.188353800000000007e+02 2.132730300000000057e+01 1.160067511186779825e+02 4.584437124720614598e+00
1.323020500000000084e+02 3.039486999999999828e+00 1.364042309175392518e+02 4.232472069440742501e+00
1.134008259999999950e+02 2.899073999999999884e+01 9.825438406516715872e+01 1.621720048781328316e+01
1.224132840000000044e+02 1.063505699999999976e+01 1.234774931929559614e+02 2.119305744242494782e+01
1.283993499999999983e+02 1.234091600000000000e+01 1.233380828756151004e+02 2.179298867143701912e+01
1.231785699999999935e+02 1.163075599999999987e+01 1.282889953874167475e+02 6.978877569673541004e+00
1.374745599999999968e+02 3.138292099999999962e+01 9.792116837658140582e+01 9.417269172620466477e+00
1.078554800000000000e+02 1.840535399999999910e+01 1.372151251689999469e+02 1.683163102041488912e+01
1.350492700000000070e+02 1.381308300000000067e+01 1.269174005161266336e+02 1.187167928028821962e+01
9.823951999999999884e+01 1.669737599999999844e+01 1.226114730042637007e+02 2.965965370350163255e+01
1.114765500000000031e+02 2.000540499999999966e+01 1.046964015556304162e+02 5.892134558070242001e+00
1.140755900000000054e+02 8.455011999999999972e+00 1.169562465111225720e+02 4.337337640541532480e+00
1.118345640000000003e+02 2.392749999999999877e-01 9.653471411448273898e+01 1.555321049591486293e+01
1.119646900000000045e+02 1.463188599999999973e+01 9.242794578055777777e+01 5.639634734904267255e+00
1.080707699999999960e+02 1.541756700000000002e+01 1.260796587669963458e+02 2.222517013449526502e+01
1.269610100000000017e+02 1.226305200000000006e+01 1.204982520715563652e+02 7.545699544047552720e+00
9.882135999999999854e+01 3.069462800000000158e+01 1.334481356616385597e+02 2.350001087741830830e+01
1.287667099999999891e+02 1.207068300000000072e+01 1.235263393328634152e+02 2.331014975379708432e+01
1.056316000000000059e+02 1.004083999999999932e+01 9.926289207041698148e+01 8.192753922967371594e+00
1.265867599999999982e+02 2.725253899999999874e+01 1.154427224927860181e+02 8.670168441063083264e+00
1.337603000000000009e+02 1.258384500000000017e+01 1.220060434244727503e+02 9.237578898474101408e+00
1.294755900000000111e+02 2.914704899999999910e+01 1.239110959915729779e+02 8.063125928982867174e-01
1.099067840000000018e+02 1.686253999999999920e+01 1.246755681826683571e+02 2.925027141471094794e+01
1.013173800000000000e+02 1.780067999999999984e+01 1.094908627558030076e+02 3.418291085887382508e+01
1.015857799999999997e+02 1.553561999999999976e+01 1.001154767458824750e+02 2.554212187113723331e+01
1.349519999999999982e+02 1.169487200000000016e+01 9.760200685366248763e+01 4.238587612891103973e+00
1.159619799999999969e+02 3.274969500000000266e+01 1.094004798895852133e+02 1.194021226944521175e+01
1.078898599999999988e+02 1.824183700000000030e+01 1.306517413176648859e+02 2.073996662314987915e+00
1.358888900000000035e+02 4.520160999999999873e+00 1.223375708262172310e+02 1.496856189713784868e+00
1.044894199999999955e+02 3.404343999999999681e+01 1.261807317680382710e+02 1.586306065069931392e+01
1.017952350000000052e+02 1.828858599999999868e+01 1.077220566773407597e+02 8.550690414961163555e+00
1.198241399999999999e+02 4.847177000000000291e+00 1.346933505615060653e+02 1.498639403782286550e+00
1.063831100000000021e+02 8.929643999999999693e+00 9.847912522656424983e+01 1.991530032199849032e+01
1.038327500000000043e+02 1.301466800000000035e+01 1.348363007730304162e+02 1.862579820988466395e+01
1.210841450000000066e+02 2.834050999999999831e+01 9.527917629521166987e+01 3.398890544559632332e+01
1.147472199999999987e+02 3.243150700000000342e+01 1.009678727696596070e+02 6.685982790750887972e+00
1.061328350000000000e+02 2.596210900000000166e+01 1.300732185371287244e+02 1.404135476210835165e+01
9.715987400000000207e+01 1.592667499999999947e+01 1.345072297219445545e+02 2.708579997194268785e+01
1.140301000000000045e+02 2.309675000000000011e+01 9.826087449600504442e+01 2.516939933047152067e+01
1.114416300000000035e+02 1.862790100000000137e+01 1.043246451904201990e+02 6.573321327551405524e+00
1.377720300000000009e+02 1.174125100000000010e+01 1.314396780545302477e+02 2.084909181701200964e+01
1.289106299999999976e+02 7.094847999999999821e+00 1.091462122879235039e+02 2.753544972017687442e+01
1.007028959999999955e+02 2.068726699999999852e+01 1.049474477594725670e+02 6.600695543109091012e+00
9.981171000000000504e+01 2.392927600000000155e+01 1.041890701178049028e+02 2.068417886446584575e+01
9.786359400000000619e+01 2.648629000000000033e+01 1.258575407253056540e+02 2.891296264721249187e+01
1.231192999999999955e+02 3.669859999999999900e+00 1.347408501610142082e+02 2.045260082888733422e+01
9.910477000000000203e+01 2.538836900000000085e+01 1.324537853862783834e+02 7.075087910440196026e+00
1.088749899999999968e+02 2.917879299999999887e+01 1.354377430211486057e+02 2.576106067388262311e+00
1.213953300000000013e+02 5.272655000000000314e+00 1.371330569192670623e+02 2.657059026268963464e+01
1.026750949999999989e+02 3.487172699999999992e+01 1.202422407753410170e+02 2.510856479178628575e+01
1.078730850000000032e+02 3.194168000000000163e+01 9.312736032685978671e+01 2.314935102522163035e+01
1.331978300000000104e+02 1.207540099999999939e+01 1.268591024884793228e+02 1.226205690318430541e+01
1.310166999999999859e+02 1.584964599999999990e+01 1.270147344784114125e+02 2.217768186980657319e+01
1.007858499999999964e+02 2.466396100000000047e+01 9.733244163406700977e+01 2.377952823759158463e+01
1.138388060000000053e+02 1.427283199999999930e+01 1.044722277539155897e+02 3.255732694814613382e+01
1.211047800000000052e+02 2.653878999999999877e+01 1.137390499061359037e+02 1.737397926174766383e+01
1.028629600000000011e+02 1.609947599999999923e+01 1.084410381538885986e+02 1.773096271202173568e+01
1.044074200000000019e+02 1.407581799999999994e+01 1.259073412035754131e+02 3.139979001496027067e+01
1.217480850000000032e+02 1.688053000000000026e+00 9.272630402510537806e+01 2.542096215968564010e+01
1.086714099999999945e+02 1.278264599999999973e+01 1.179482951272876505e+02 1.625826574487868115e+01
1.344037299999999959e+02 3.264661399999999958e+01 1.020862273539179199e+02 3.211862062208356861e+01
1.234565599999999961e+02 1.023036199999999951e+01 1.036463690739751655e+02 1.237158612650585354e+01
9.974796999999999514e+01 3.379717300000000080e+01 1.158826632653493789e+02 8.158098151815968535e+00
1.293298800000000028e+02 7.388890000000000180e-01 1.122766414440176561e+02 8.924623302772815236e+00
1.373412800000000118e+02 7.320990000000000553e-01 1.013228661981129761e+02 1.143992620392793391e+01
9.977344999999999686e+01 2.670044899999999899e+01 1.041297506017486114e+02 7.359696291784784350e+00
1.055329299999999932e+02 8.244474999999999554e+00 1.093617835945828460e+02 3.049771765620365116e+01
9.890682999999999936e+01 1.802293200000000084e+01 1.348552815874109569e+02 1.102590717610599214e+01
1.091274599999999992e+02 2.936315300000000050e+01 1.145539377902476872e+02 1.463806699613124929e+00
1.135468599999999952e+02 1.324376900000000035e+01 1.189602404819467125e+02 1.405692298942025786e+01
9.482461499999999432e+01 7.552875000000000227e+00 1.201129887201503550e+02 3.665272521836573372e+00
1.204627899999999983e+02 7.529904000000000153e+00 1.213728301030953247e+02 1.033365845599563215e+01
1.065032039999999967e+02 4.921710000000000251e-01 9.240459982575758602e+01 2.117468592799322025e+01
1.075895799999999980e+02 1.972467400000000026e+01 1.273135048954720361e+02 1.461384178804766165e+01
1.123576999999999941e+02 3.279659999999999798e-01 1.327244173292718870e+02 1.461897292873638854e+01
1.269099199999999996e+02 8.830450000000000799e+00 9.586538158257022246e+01 9.766955579166058499e+00
1.312442299999999875e+02 1.030026800000000087e+01 1.096267601180993836e+02 2.491654634990273820e+01
1.087185099999999949e+02 1.082315200000000033e+01 9.389338217330282532e+01 1.476489693994841446e+01
1.286587700000000041e+02 1.192577099999999923e+01 9.770755464805047552e+01 2.302308872786340288e+01
9.848784999999999457e+01 2.775841000000000136e+01 1.182175805845825920e+02 2.829951609420528769e+01
1.365753499999999860e+02 3.356936300000000273e+01 1.150567052843047975e+02 3.734652234647832802e+00
1.123588600000000071e+02 5.283899999999999708e-02 9.705245385873678288e+01 3.266623412835409113e+01
1.175967899999999986e+02 3.310830700000000348e+01 1.263589714298022955e+02 2.217643122633041486e+01
9.999969000000000108e+01 2.509792300000000154e+01 1.054252874016668073e+02 1.295470111568344684e+01
1.120615540000000010e+02 2.049053999999999931e+01 1.151736108363468816e+02 7.003892676138717022e+00
1.092677800000000019e+02 3.181741999999999848e+00 1.353832754966333596e+02 1.951844279102614976e+01
1.210836500000000058e+02 1.404887100000000011e+01 1.298847665551512023e+02 1.006771738986420583e+00
1.014903900000000050e+02 3.396592700000000065e+01 1.128406116588583785e+02 5.861279959490558689e+00
1.067377000000000038e+02 2.727607499999999874e+01 1.149004977674247385e+02 3.242209286518832556e+01
1.205864299999999929e+02 8.516370000000000218e+00 1.154017790715080451e+02 2.079312441774718323e+01
9.586464999999999748e+01 3.010379999999999967e+01 1.295097746491178725e+02 1.915034005537770057e+01
1.207063399999999973e+02 1.393922799999999995e+01 1.005040311936823230e+02 2.409865100411369809e+01
1.130678500000000071e+02 1.070391300000000001e+01 1.295407181460206800e+02 2.479464828737321369e+01
1.221146700000000038e+02 7.678874999999999673e+00 1.136704418711931623e+02 2.494134112200329412e+01
1.179488199999999978e+02 1.651808199999999971e+01 1.110080481943611375e+02 2.252750415947937768e+01
1.040049199999999985e+02 2.438359600000000071e+01 9.485147588725872936e+01 2.670739645200165313e+01
1.166539499999999947e+02 2.553005200000000130e+01 9.484338544505266100e+01 5.173150660723380589e+00
1.142837099999999992e+02 1.745475199999999916e+01 1.023879027933112411e+02 2.238311946339592140e+01
1.371154999999999973e+02 4.333319999999999950e-01 1.285487839492806188e+02 1.939347542865454699e+01
1.276204900000000038e+02 1.005807899999999933e+01 9.917283635012606169e+01 4.318041766714311613e+00
1.344861300000000028e+02 1.449819800000000036e+01 9.354116741174455285e+01 3.419282228199024587e+01
1.365897199999999998e+02 8.289113999999999649e+00 9.723246963983778812e+01 3.139337620932312944e+01
1.360862600000000100e+02 1.322449800000000053e+01 1.286511831933146368e+02 1.585563097102733643e+01
1.219990200000000016e+02 5.213186999999999571e+00 9.665607207759497044e+01 3.172369663806814089e+01
1.194723599999999948e+02 1.724490399999999823e+01 1.296635353465917433e+02 2.641384445036587181e+01
1.109553400000000067e+02 1.066729000000000038e+00 1.240389200049013141e+02 1.491294248644956077e+00
1.314515000000000100e+02 1.002607700000000079e+01 1.293894026947108387e+02 2.713747017065302458e+01
1.090422400000000067e+02 3.257660000000000000e-01 1.287098961175160809e+02 2.245562920413680885e+01
9.446862000000000137e+01 4.517010000000000192e-01 1.153759985709929623e+02 1.737684375643198109e+01
1.034372900000000044e+02 1.659929699999999997e+01 1.153335994668562847e+02 1.926903632516586740e+01
1.034781339999999972e+02 1.418773999999999980e+01 1.251044485931544585e+02 1.091024540162224277e+01
9.911983499999999481e+01 3.033258400000000066e+01 1.240350581820230644e+02 1.375266033462883719e+01
1.236907599999999974e+02 2.655348599999999948e+01 1.057998007856897686e+02 1.352277471083712257e+01
1.286794999999999902e+02 1.162912799999999969e+01 9.401077477681519667e+01 2.293897280253882442e+01
1.237617400000000032e+02 2.570814499999999825e+01 1.334538220251788516e+02 1.223206864682776285e+01
1.235097959999999944e+02 2.681490999999999847e+00 1.249854054039526829e+02 2.339744125592856605e+00
1.230936200000000014e+02 4.996221000000000245e+00 1.050938629521991317e+02 3.163375403687283338e+01
1.015794000000000068e+02 7.872015000000000207e+00 1.174263031196981046e+02 1.517922652039279008e+01
1.045020300000000049e+02 3.012155500000000075e+01 1.150418010924377086e+02 3.390738243173048261e+01
9.639709999999999468e+01 2.889318000000000097e+01 1.115712037963474188e+02 2.770863362947120478e+01
1.153614500000000049e+02 1.834740400000000093e+01 1.042692300335151856e+02 1.465415337664095485e+00
1.171555249999999972e+02 2.330280700000000138e+01 1.016366635773136409e+02 1.388294612987109877e+00
1.205367660000000001e+02 1.833390400000000042e+01 1.067798761897312261e+02 2.877193476572798048e+01
1.115640259999999984e+02 1.853575000000000017e+01 1.059013127654739463e+02 1.987814083076066396e+01
1.194070700000000045e+02 1.974189399999999850e+01 1.072787358381600740e+02 1.063935675649905299e+01
1.344432400000000030e+02 7.931499999999999773e+00 9.699686352377298704e+01 1.163327275888490497e+01
1.029471499999999935e+02 1.203110299999999988e+01 9.612897538135156594e+01 2.946833289358218977e+01
1.358911999999999978e+02 3.048414999999999875e+00 1.122147292464035786e+02 1.991924580912097653e+01
9.893878999999999735e+01 2.680315399999999926e+01 1.091062114205095810e+02 1.128097333866694463e+01
1.164053499999999985e+02 1.685597999999999885e+01 1.224571732379215945e+02 1.164387303637151128e+01
1.230443949999999944e+02 4.896641999999999939e+00 1.143655729530978817e+02 2.983054664182451887e+01
1.221295800000000042e+02 8.650660999999999490e+00 1.179607426212174204e+02 3.798338460999581390e+00
9.765413999999999817e+01 2.677711499999999845e+01 1.185446474100388627e+02 1.327529609697060486e+01
1.064903999999999940e+02 1.390643999999999991e+00 1.316098548113181437e+02 2.058262745807748928e+01
9.369768000000000541e+01 1.855701600000000084e+01 1.096727275651980591e+02 2.819655507682471196e+01
1.224107740000000035e+02 7.443858999999999781e+00 1.160107843775335539e+02 2.103282128991707634e+00
1.006064200000000000e+02 2.769523600000000130e+01 9.514807458841852394e+01 2.051327591902699155e+01
9.363790000000000191e+01 1.419008299999999956e+01 9.201776131417793181e+01 3.035780925800511909e+01
1.129410900000000026e+02 1.928609799999999908e+01 1.014629294944764979e+02 1.966153246236805430e+01
1.005045199999999994e+02 2.882197800000000143e+01 9.928358473700816944e+01 2.210566173029773651e+01
1.331729400000000112e+02 1.186766300000000030e+01 9.909484359401082543e+01 3.238664329228300431e+01
1.007823300000000017e+02 2.154664599999999908e+01 1.090823063553500276e+02 2.882879463417268084e+01
1.207382000000000062e+02 1.915753600000000034e+01 9.991014775407499826e+01 1.136864637139559653e+00
1.131231460000000055e+02 2.764571000000000112e+00 1.326909859549705857e+02 1.250170871877247514e+01
1.325039999999999907e+02 4.645293999999999812e+00 9.359524126107122299e+01 6.261403909470873330e+00
1.004048300000000040e+02 2.599754000000000076e+01 1.237239153409993264e+02 6.224032150127940533e+00
1.035757499999999993e+02 1.086949599999999982e+01 1.149430815084638624e+02 1.397961135965182322e+01
1.167593700000000041e+02 2.162810899999999847e+01 1.216893047686967293e+02 2.348445311606888186e+00
9.884615999999999758e+01 1.700900999999999996e+01 9.411566270080599850e+01 3.390381538534752792e+01
1.351008600000000115e+02 2.345284300000000144e+01 1.067640081526750890e+02 7.653333067237010567e+00
9.793104999999999905e+01 2.979559499999999872e+01 1.142929166259076794e+02 8.461452110476010091e+00
9.996817000000000064e+01 2.509249700000000161e+01 1.178567121578827539e+02 2.442077545676183803e+01
1.225821150000000017e+02 6.734340000000000437e+00 1.137880375078723034e+02 1.141588062198957054e+01
1.111686299999999932e+02 3.224828000000000117e+01 1.177100757269549547e+02 1.482959556026247938e+01
1.068714449999999943e+02 1.286970200000000020e+01 1.223165610752858186e+02 2.656919373444107535e+01
1.244378499999999974e+02 2.619258100000000056e+01 1.263839981107068837e+02 2.332804188567604520e+00
1.222981000000000051e+02 3.382558000000000220e+01 1.112975025748692417e+02 7.955662388279652220e+00
1.023049299999999988e+02 2.800608000000000075e+01 1.139656815625494204e+02 2.141885627532267833e+01
1.117162550000000039e+02 2.099041700000000077e+01 1.269138389616220337e+02 1.899031855131621072e+01
1.022638800000000003e+02 3.262707999999999942e+01 1.274405162779422938e+02 2.001174018033702318e+00
1.327581000000000131e+02 3.298633999999999844e+00 1.367601083394086459e+02 1.856518639365502210e+01
1.009060400000000044e+02 2.837463199999999830e+01 1.195550794180190479e+02 9.543071862034937070e+00
1.205678249999999991e+02 2.621988100000000088e+01 1.074609077312451149e+02 1.414693546277549174e+01
9.462124000000000024e+01 2.250560199999999966e+01 1.328951828929547503e+02 4.767378847870976877e+00
9.448524500000000614e+01 1.358393900000000087e+01 9.672243582833226583e+01 2.428957954885400738e+01
1.156589100000000059e+02 2.078124199999999888e+01 1.226019476784635884e+02 3.249432248925361932e+01
1.052273249999999933e+02 1.942294899999999913e+01 1.225969733617486952e+02 9.509675916373341309e+00
1.366617899999999963e+02 1.230031400000000019e+01 1.329921935596254912e+02 2.298440491762664806e+01
1.148343050000000005e+02 2.582363300000000095e+01 1.361222775425989653e+02 1.755023145466392620e+01
1.331191900000000032e+02 8.421360999999999208e+00 1.081874359419041269e+02 1.910191220953463187e+01
1.302130600000000129e+02 1.211599499999999985e+01 1.348223936133174448e+02 3.398545613092517215e+01
1.019195560000000000e+02 2.802453799999999973e+01 1.217316102037181906e+02 2.286988044100696982e+01
1.088499999999999943e+02 2.839095999999999975e+01 1.191176108654544095e+02 7.463003719610444842e-01
1.171505300000000034e+02 2.386019699999999943e+01 1.341403492659072185e+02 2.169985782171162114e+01
9.288236999999999455e+01 2.260556000000000054e+01 1.264858005806813708e+02 2.196604994453308990e+01
9.987552999999999770e+01 8.232086999999999932e+00 1.195908617428564753e+02 2.763330829203746575e+01
1.109355999999999938e+02 1.694945099999999982e+01 1.358451352145276303e+02 2.712999468224656496e+01
1.034284499999999980e+02 2.847408899999999932e+01 1.374098439704250723e+02 2.049745205041402230e+01
1.165112840000000034e+02 2.327571899999999872e+01 1.085086102058025830e+02 2.338324816242840853e+01
9.974071999999999605e+01 1.632757600000000053e+01 1.294753603957084067e+02 1.300381709214406989e+00
1.072066800000000057e+02 2.882234800000000163e+01 1.233754812269223464e+02 1.360207584247739732e+01
1.013219799999999964e+02 1.577685499999999941e+01 1.213035771145796105e+02 4.138847745311587722e+00
1.085890660000000025e+02 5.622329999999999828e-01 1.182510954161183747e+02 3.490217840037959007e+01
1.221657000000000011e+02 3.453664999999999985e+00 1.363024605963264548e+02 2.935468572684046151e+01
9.397973000000000354e+01 1.450080900000000028e+01 1.065811243594722697e+02 2.521893049524497954e+01
1.195463639999999970e+02 2.841035700000000119e+01 1.287979121299578082e+02 1.561326492122132947e+01
1.270486300000000028e+02 1.419520600000000066e+01 1.316368791065535220e+02 2.406142440497725232e+01
1.130060650000000066e+02 2.550459999999999994e+01 9.749217853586954163e+01 2.129071918853869860e+01
1.174418639999999954e+02 1.991549499999999995e+01 1.280711621983047053e+02 3.100648318845920315e+01
1.233474350000000044e+02 2.519231399999999965e+01 9.377568868729046869e+01 2.941354715005910236e+01
1.121058799999999991e+02 5.483360000000000456e-01 1.182391922627653713e+02 3.334729833804943411e+01
1.303382699999999943e+02 1.019772700000000043e+01 1.110684629814228259e+02 3.160366226820581659e+01
1.121128999999999962e+02 1.959123999999999910e+01 1.134219692315364227e+02 2.252991275831485396e+01
1.004917399999999930e+02 3.001473800000000125e+01 1.028683356131698758e+02 9.803546780063792099e+00
1.139247359999999958e+02 2.117171300000000045e+01 1.232309071257945874e+02 2.957484394055703447e+01
1.205464199999999977e+02 1.931105200000000011e+01 9.915856942530841422e+01 3.078218539077551341e+01
1.346454300000000046e+02 1.258279899999999962e+01 9.972168519304257472e+01 1.930958403324210693e+01
1.328286300000000040e+02 1.854412800000000061e+01 1.178559547923266138e+02 3.230578100241397266e+01
9.989088999999999885e+01 2.683164999999999978e+01 9.834675022170456771e+01 3.344700877132135020e+01
1.176956899999999990e+02 6.060266000000000375e+00 9.568049484660974713e+01 2.662906640466579233e+01
1.030200499999999977e+02 2.779550400000000110e+01 1.121205893949240533e+02 2.650121363676981545e+01
1.298188600000000008e+02 9.076064999999999827e+00 1.076429595026202861e+02 3.433638589838120936e+01
1.053158899999999960e+02 1.049280700000000088e+01 1.061811090717567367e+02 1.958618634748423659e+01
1.289122600000000034e+02 1.145462200000000053e+01 1.271706097375408149e+02 5.689815314355920250e+00
1.212168499999999938e+02 5.970590000000000064e-01 1.172149191139655784e+02 8.625731770559776024e+00
1.140009500000000031e+02 2.463463799999999893e+01 1.026092648622526298e+02 2.542424456542617506e+01
1.262176500000000061e+02 1.077972399999999986e+01 1.366981816236618670e+02 1.207598506513391357e+01
1.272875200000000007e+02 3.735890000000000044e-01 9.625228349417204754e+01 3.197939481726146838e+01
1.005264739999999932e+02 1.630819999999999936e+01 1.107674823628239551e+02 2.418967903600536928e+01
1.132667699999999940e+02 2.412417599999999851e+01 1.022485684474733034e+02 9.639416678589039833e+00
1.010747149999999976e+02 1.745857799999999926e+01 1.202537168092558062e+02 1.242931189393561731e+01
9.686450000000000671e+01 3.287660000000000338e+01 1.230923341196860008e+02 2.673201204561863875e+01
1.007646940000000058e+02 2.517087599999999981e+01 1.056211565384952280e+02 2.671768388885121226e+01
1.182392499999999984e+02 2.503325500000000048e+01 1.269673383570599299e+02 6.182060023113121083e+00
1.074125099999999975e+02 6.090900000000000425e+00 1.126664163829390901e+02 6.647872822907340051e+00
1.073470499999999959e+02 1.714681799999999967e+01 1.054439194060570344e+02 1.485988098590275008e+01
1.189205999999999932e+02 1.653125000000000000e+01 1.131446758819231917e+02 3.071280530555296195e+01
1.268122939999999943e+02 2.672148999999999930e+01 1.154195172108109659e+02 5.164785746750226281e+00
1.128090440000000001e+02 2.218561000000000050e+01 1.164670024697369541e+02 2.820125322388803468e+01
1.257966299999999933e+02 8.756054999999999922e+00 1.280549207888943783e+02 1.800377056094794881e+01
1.148769499999999937e+02 6.728119999999999656e-01 1.039971210725305610e+02 8.096602937060193739e+00
1.370245700000000113e+02 1.147566899999999990e+01 9.923373507487673351e+01 1.719114799179038400e+01
1.083680499999999967e+02 2.084225800000000106e+01 1.331381548012595317e+02 2.345934683940299692e+01
1.031737439999999992e+02 5.745917000000000385e+00 1.355269154256445745e+02 6.886073830335774915e+00
1.311990399999999966e+02 2.885759999999999881e+00 1.131865549051708655e+02 2.091757380626702556e+01
1.082274599999999936e+02 2.717001000000000133e+01 1.305189482521932689e+02 3.390999721027527336e+00
1.181806899999999985e+02 1.782495300000000071e+01 1.257289714239064295e+02 5.071071923708232454e+00
1.287149499999999875e+02 8.613853000000000648e+00 1.156570897398016768e+02 1.672166656938832929e+01
1.009766800000000018e+02 1.603761899999999940e+01 1.094267461448183525e+02 2.560903151084255036e+00
1.343265800000000070e+02 3.472433000000000192e+01 1.080106157488185659e+02 2.716698538539539953e+01
1.078804999999999978e+02 1.347900000000000098e+00 1.198284309181797624e+02 1.891993534748061379e+01
1.084516140000000064e+02 7.152399999999999869e-01 1.158252726095177678e+02 8.970468875729784131e+00
1.369361299999999915e+02 1.332057299999999955e+01 1.287166269393113396e+02 3.347123207600425587e+01
1.216335140000000052e+02 1.368565999999999949e+00 1.233307711357309273e+02 3.174147214336499090e+01
1.172729949999999945e+02 2.140795900000000174e+01 1.166504779381959054e+02 1.852255420636873140e+01
1.122994499999999931e+02 1.439847999999999928e+01 1.108141773391589027e+02 2.310650859532115220e+01
1.101911099999999948e+02 1.101826999999999934e+01 1.185040961043838195e+02 1.372478565579648624e+01
1.214991760000000056e+02 1.366147199999999984e+01 1.031419778317311540e+02 2.514086464205611904e+01
