1.221146700000000038e+02 7.678874999999999673e+00 1.166684799358910141e+02 3.180292995882172846e+01
9.982527000000000328e+01 2.515078700000000111e+01 1.147032279983191501e+02 2.307427866610627731e+01
1.080707699999999960e+02 1.541756700000000002e+01 1.044301742373775284e+02 2.223645914598812823e+01
1.349417400000000100e+02 3.249795499999999748e+01 1.374882558889111692e+02 3.164291768120705939e+01
1.355842399999999941e+02 3.165399999999999991e+01 1.280057735415140598e+02 1.939989667272459428e+01
9.492020999999999731e+01 2.098355700000000112e+01 1.323191223385986461e+02 1.056248275246463031e+01
1.262777600000000007e+02 1.555640400000000056e+01 1.250786740265016022e+02 2.649601823420527680e+01
1.245306700000000006e+02 7.659853000000000023e+00 1.231863272551454571e+02 7.883064836106558282e+00
1.264986999999999995e+02 2.455890000000000128e+01 1.036321825815411728e+02 3.054924849087730543e+00
1.222981000000000051e+02 3.382558000000000220e+01 1.271339142707252847e+02 3.396900881767846414e+01
1.293536799999999971e+02 7.147846000000000366e+00 9.807614551810799242e+01 1.852437338861493998e+01
1.132039199999999965e+02 1.668616300000000052e+01 1.079492582461314214e+02 2.666341155555141285e+01
9.897129999999999939e+01 1.955711399999999855e+01 1.106711134989159291e+02 2.040796209900065961e+01
1.197064500000000038e+02 1.762339400000000111e+01 1.337816643929878637e+02 6.770472589507081196e+00
1.320423000000000116e+02 1.426623200000000047e+01 1.102509293546078908e+02 1.206553431301686352e+01
1.183520900000000040e+02 1.158915299999999959e+01 1.326094250959806118e+02 2.650596871030202095e+01
1.369361299999999915e+02 1.332057299999999955e+01 1.311829584107562425e+02 2.714258776100906800e+01
1.094362699999999933e+02 8.352039999999999464e-01 1.005756243204573082e+02 2.990207404776062106e+01
1.108547200000000004e+02 1.948833799999999883e+01 1.144609489310602726e+02 2.454160672325519954e+01
9.954317000000000348e+01 2.821960599999999886e+01 9.770009220227576918e+01 5.956588201464850130e+00
9.586464999999999748e+01 3.010379999999999967e+01 1.330100570417769461e+02 3.485131988381134249e+01
9.397973000000000354e+01 1.450080900000000028e+01 9.909587955085986266e+01 8.260228055856748242e+00
1.218254000000000019e+02 4.371687999999999796e+00 1.361662846696325460e+02 5.191089823099745537e+00
9.844208500000000583e+01 2.976761600000000030e+01 9.248027411333134751e+01 1.975934291917728203e+01
1.148343050000000005e+02 2.582363300000000095e+01 1.111620177855518392e+02 1.845230716334355137e+01
1.205864299999999929e+02 8.516370000000000218e+00 1.047588170212836332e+02 4.854088757887651262e+00
1.127789899999999932e+02 1.603903199999999885e+01 1.195662009559443817e+02 1.540520003593866427e+01
1.038123300000000029e+02 1.618331999999999837e+01 1.354444768379418065e+02 2.291934786180797445e+01
1.370396700000000010e+02 1.252472000000000030e+00 1.110488515191334500e+02 2.234119921520696295e+01
1.289265900000000045e+02 1.218157399999999946e+01 9.658641740338804027e+01 3.414373572264447887e+01
1.081589000000000027e+02 1.194670699999999997e+01 1.286026206572556703e+02 9.419241643550439136e+00
1.346454300000000046e+02 1.258279899999999962e+01 1.279965892325445225e+02 2.898029132058474033e+01
1.009060400000000044e+02 2.837463199999999830e+01 1.341156907421408278e+02 3.546854120445303016e-01
1.179452600000000047e+02 3.413794299999999993e+01 1.049184786638646756e+02 8.801221611625804186e+00
1.182651900000000040e+02 1.205452299999999966e+01 1.101545977062413186e+02 1.110121540064164947e+01
1.063444439999999958e+02 3.975452000000000208e+00 1.151965341330156463e+02 5.310716361195144231e+00
1.350492700000000070e+02 1.381308300000000067e+01 9.367940269118945196e+01 1.447759629031651585e+01
1.211231700000000018e+02 5.250886000000000386e+00 1.362090513814127348e+02 3.404603518553364694e+01
1.219349399999999974e+02 1.171463199999999993e+01 1.168654400369394182e+02 2.792990126756694025e+01
1.349069200000000137e+02 4.621629999999999905e-01 1.345498954514735033e+02 2.125822274983450200e+01
1.093003099999999961e+02 1.012630000000000058e-01 9.725608611103989176e+01 3.000663942014823959e+01
9.569082000000000221e+01 2.712815700000000163e+01 1.235038108153587615e+02 1.923158026582057545e+01
1.331191900000000032e+02 8.421360999999999208e+00 1.147170230175197361e+02 1.261977661155684416e+01
1.270486300000000028e+02 1.419520600000000066e+01 1.171362623984042415e+02 8.422190141212453796e+00
1.208341900000000066e+02 1.204352800000000023e+01 1.322893327951753690e+02 1.197310392766214981e+01
1.007646940000000058e+02 2.517087599999999981e+01 1.347925021712549096e+02 5.046124232526499886e-01
1.100269849999999963e+02 1.782430499999999896e+01 1.140158980826291781e+02 3.000753312117500471e+01
1.009878700000000009e+02 1.558966700000000039e+01 1.221198289823522884e+02 1.598810485137426163e+01
1.234565599999999961e+02 1.023036199999999951e+01 1.003624682913394253e+02 1.194637285909127655e+01
1.039862200000000030e+02 2.419322400000000073e+01 1.353205236842860302e+02 3.309754469682455635e+01
1.073123599999999982e+02 2.557497199999999893e+01 9.231531338328251479e+01 2.314887167344027219e+01
1.038327500000000043e+02 1.301466800000000035e+01 1.351705789745830657e+02 3.073882751333634644e+01
1.363643999999999892e+02 1.274971000000000032e+01 1.347590613867075149e+02 2.580458626189340876e+01
1.018777000000000044e+02 2.861357299999999881e+01 9.839774033050920821e+01 3.534041445769026790e+00
1.126715200000000010e+02 1.748623999999999867e+01 1.202687609003517082e+02 3.258407039401106431e+01
1.180998459999999994e+02 1.284827399999999997e+01 1.120736685306943343e+02 2.835975451542499526e-01
1.179312000000000040e+02 9.954869000000000412e+00 9.429947745609790388e+01 3.452325264727238618e+01
9.801369499999999846e+01 2.871176499999999976e+01 1.308582246601842201e+02 3.145248925427432951e+01
1.087185099999999949e+02 1.082315200000000033e+01 1.292853001551609680e+02 1.407386867870668468e+01
1.208729550000000046e+02 1.335633900000000018e+01 1.366950165362573557e+02 9.982365603762794137e+00
1.020943999999999932e+02 1.659711000000000070e+01 1.236842054008166372e+02 3.272500302200481315e+01
1.065750199999999950e+02 2.890432200000000051e+01 1.285570082762804418e+02 1.815332194084004058e+01
1.250700149999999979e+02 1.553383900000000040e+01 1.240455043956208101e+02 2.950619250982064123e+00
1.118345640000000003e+02 2.392749999999999877e-01 9.561344512965301590e+01 2.009218954413739056e+01
1.201523200000000031e+02 2.317364500000000049e+01 1.233073511461280987e+02 5.090852536534640649e+00
1.007858499999999964e+02 2.466396100000000047e+01 9.390850444712845047e+01 1.365085058569349918e+01
1.293009299999999939e+02 1.654629999999999990e-01 1.322962329549104368e+02 7.134707913941358726e+00
1.294280699999999911e+02 7.853149000000000157e+00 1.091574913528864954e+02 2.187306208151473896e+01
1.207063399999999973e+02 1.393922799999999995e+01 1.050682324493215276e+02 1.607373711685456641e+01
1.071924700000000001e+02 1.362108100000000022e+01 9.676410656919989606e+01 1.726922966516404045e+01
1.210836500000000058e+02 1.404887100000000011e+01 1.163856330857841641e+02 2.259276645014067597e+01
1.248270700000000062e+02 4.432827999999999768e+00 1.264213562013304113e+02 2.353117477114559097e+00
1.005045199999999994e+02 2.882197800000000143e+01 1.134565409527919257e+02 2.540804879448203124e+01
9.639709999999999468e+01 2.889318000000000097e+01 1.374546927400369327e+02 1.058708083135646838e+01
1.258230060000000066e+02 9.050392999999999688e+00 9.849047824499858450e+01 3.431974856696131582e+01
9.974796999999999514e+01 3.379717300000000080e+01 1.162008623628031074e+02 2.210522842786444642e+01
9.612255000000000393e+01 3.490480999999999767e+01 1.327267917478201866e+02 2.829970361214282448e+01
1.004917399999999930e+02 3.001473800000000125e+01 1.068301875720946015e+02 3.248815130475493618e+01
1.078898599999999988e+02 1.824183700000000030e+01 1.179281562763613067e+02 1.869655577256314061e+01
1.118961000000000041e+02 1.561135900000000021e+01 1.280762819637116081e+02 5.199738670117820760e+00
1.234837399999999974e+02 2.555160000000000209e-01 9.314226589837251424e+01 2.454678356594324384e+01
1.371154999999999973e+02 4.333319999999999950e-01 1.097571921341411780e+02 2.390733637792570576e+01
1.205464199999999977e+02 1.931105200000000011e+01 1.168280447411795535e+02 2.718660465991239761e+01
1.360862600000000100e+02 1.322449800000000053e+01 1.010552295859223335e+02 8.804057743923388912e+00
1.092677800000000019e+02 3.181741999999999848e+00 1.045768506035901311e+02 2.015442388866039547e+00
1.223638150000000024e+02 9.904870000000000729e+00 9.397937552108827219e+01 3.234468423354897038e-02
1.086584299999999956e+02 1.116496899999999926e+01 1.061656590667978861e+02 1.921196236112108835e+01
1.014903900000000050e+02 3.396592700000000065e+01 1.304105121260720352e+02 2.329552863743469615e+01
1.013219799999999964e+02 1.577685499999999941e+01 1.338730733031753175e+02 5.985089293880688999e+00
1.233079199999999958e+02 7.494034000000000084e+00 1.149692351860453954e+02 3.388112432387424544e-01
1.014491600000000062e+02 2.277094299999999905e+01 1.211375978624356833e+02 2.155205826754999521e+01
1.102168700000000001e+02 2.640597199999999845e+01 9.597916264485050419e+01 3.003332063604071323e+01
1.158584060000000022e+02 1.987986000000000075e+01 1.318514175232799062e+02 1.595716906413201208e+01
1.006795400000000029e+02 2.482919000000000054e+01 1.206601815491164302e+02 1.079663815284039075e+01
1.307676400000000001e+02 9.199001000000000872e+00 1.269700204566414641e+02 1.731188766271326074e+01
1.219990200000000016e+02 5.213186999999999571e+00 1.072369808445042736e+02 6.595356373226525903e+00
1.112859399999999965e+02 7.286299999999999999e-01 1.082563053921854390e+02 3.345327106542459461e+01
1.189205999999999932e+02 1.653125000000000000e+01 1.343687023097014333e+02 2.808634548431917111e+01
1.133417740000000009e+02 1.599369000000000085e+01 1.241963138467581587e+02 3.424968333970456769e+01
1.252033899999999988e+02 9.675684000000000395e+00 1.138981224541582264e+02 2.199329052558170616e+01
1.136585500000000053e+02 2.298645199999999988e+01 9.671501738923528535e+01 1.226049826222228845e+01
1.305980999999999881e+02 1.224686600000000070e+01 9.552780485854732717e+01 2.327414534746068142e+01
1.019945450000000022e+02 1.624662599999999912e+01 9.319504222311658737e+01 3.250197283171355878e+01
1.376394999999999982e+02 1.949024400000000057e+01 9.462301166418092180e+01 1.106590376869911907e+01
1.344037299999999959e+02 3.264661399999999958e+01 9.568160424162641675e+01 3.079775743454602477e+01
1.214285699999999935e+02 6.701778000000000013e+00 1.278802506255599525e+02 1.435310005017295154e+01
1.211260759999999976e+02 1.171536500000000025e+01 1.026753956658546230e+02 2.412697776563351226e+01
1.033886799999999937e+02 2.024487500000000040e+01 1.183963551410214734e+02 8.775226580286409117e+00
1.084680560000000042e+02 1.681018399999999957e+01 1.156301840911529553e+02 3.386200772222704103e+01
1.210716900000000038e+02 6.892971000000000181e+00 1.247009725182765294e+02 3.229000532564293735e+01
1.031240300000000047e+02 2.424801599999999979e+01 1.074082505281793232e+02 5.414033094109750088e+00
1.227206500000000062e+02 2.926232000000000166e+00 1.241956148603395604e+02 3.458424139452981194e+01
1.358888900000000035e+02 4.520160999999999873e+00 1.001662002106058083e+02 1.349237561608123492e+01
1.047877660000000049e+02 2.743140400000000056e+01 9.993156033726772591e+01 1.650145712958348998e+00
1.079864000000000033e+02 3.225813699999999784e+01 1.311875351170368162e+02 2.658079469589665322e+01
1.139247359999999958e+02 2.117171300000000045e+01 1.076054434943713716e+02 2.336095102398213719e+00
1.240121900000000039e+02 1.423227999999999938e+00 1.105647108337034297e+02 1.957528536903341987e+01
1.294410000000000025e+02 2.921653200000000083e+01 1.158158374045602841e+02 1.727500421737823899e+01
1.303218400000000088e+02 8.996290000000000120e-01 1.372234930478273043e+02 2.954460235306921589e+01
1.237617400000000032e+02 2.570814499999999825e+01 1.173440472569713364e+02 1.357688924834154598e+00
1.209513000000000034e+02 1.574554299999999962e+01 1.252528983913838942e+02 2.749450388136627055e+01
1.065032039999999967e+02 4.921710000000000251e-01 1.129214091002134097e+02 1.820743979915446786e+01
1.212094600000000071e+02 1.131169599999999953e+01 9.634092601027688829e+01 1.058703857489045319e+01
1.090715200000000067e+02 1.751669499999999857e+01 1.305608935290048009e+02 1.789311209842155037e+01
1.109355999999999938e+02 1.694945099999999982e+01 1.044090311974623262e+02 1.710349579441136925e+01
1.172721250000000026e+02 1.818978299999999848e+01 9.396929819408404683e+01 3.425639154392981567e+01
1.106722100000000069e+02 2.715277999999999992e+01 9.425546839283049394e+01 2.322854435177579902e+01
1.007028959999999955e+02 2.068726699999999852e+01 9.355785801916657363e+01 2.866761341683239905e+01
1.230443949999999944e+02 4.896641999999999939e+00 1.092041477309618642e+02 3.442734424251679570e+01
1.211230850000000032e+02 1.021513700000000036e+01 9.817044343917928018e+01 3.936901255410250045e+00
1.006227399999999932e+02 1.954385600000000167e+01 9.795925432963655055e+01 2.831307330140907297e+00
1.138388060000000053e+02 1.427283199999999930e+01 1.098218882235568259e+02 1.417227794446192490e+01
1.030357699999999994e+02 2.493956400000000073e+01 1.139726743324267915e+02 1.506045122296583294e+01
1.073470499999999959e+02 1.714681799999999967e+01 1.202297762793501334e+02 8.042447247793530707e+00
1.117577739999999977e+02 2.046753999999999962e+01 1.003319560958921670e+02 8.134661547112548519e+00
1.305723099999999874e+02 3.448748799999999903e+01 1.310845395529300959e+02 3.465022588524994518e+01
1.017952350000000052e+02 1.828858599999999868e+01 1.371304563246300177e+02 3.650279608967108569e+00
1.088749899999999968e+02 2.917879299999999887e+01 1.336922386277315127e+02 5.274823529405581191e+00
1.175795600000000007e+02 5.611371000000000109e+00 1.341587947242371115e+02 1.841829369174019604e+01
1.273195599999999956e+02 1.021326400000000056e+01 1.345601863677973995e+02 2.009157337405077826e+01
1.152771500000000060e+02 4.479098999999999720e+00 1.151673424037363418e+02 5.017908521452052462e-01
1.121058799999999991e+02 5.483360000000000456e-01 9.376941471903633385e+01 3.208402721339847119e+01
1.332452999999999861e+02 2.728622999999999799e+00 9.719157690716622255e+01 4.568509785531186473e+00
1.063787499999999966e+02 2.825092300000000023e+01 9.434297837298734635e+01 2.354798911961896124e+01
1.061745300000000043e+02 2.465655100000000033e+01 1.131735191448016877e+02 1.176811592947941421e+01
1.028629600000000011e+02 1.609947599999999923e+01 1.086241233527894252e+02 2.889876195956506777e+01
1.034284499999999980e+02 2.847408899999999932e+01 9.660873861959068165e+01 3.535141478636478318e+00
1.365897199999999998e+02 8.289113999999999649e+00 1.166507980667465461e+02 2.516028913050659810e+01
1.305616899999999987e+02 5.040212999999999610e+00 9.768838968602862849e+01 6.744683024848121988e+00
9.520380000000000109e+01 2.239091700000000174e+01 1.301577646202883898e+02 5.128486921931532549e+00
1.031737439999999992e+02 5.745917000000000385e+00 1.293987689411665372e+02 3.524661444725996073e-01
1.294755900000000111e+02 2.914704899999999910e+01 1.064401404650039353e+02 2.186129642910202975e+01
9.359354000000000440e+01 1.516930999999999941e+01 1.195142102463177878e+02 2.822205040491729378e+01
1.209411199999999980e+02 1.190699900000000078e+01 1.372646058855160049e+02 2.110217387896034325e+01
1.360886000000000138e+02 1.322069300000000069e+01 1.226425385658981924e+02 2.124328661186954648e+01
1.073838200000000001e+02 2.117361000000000004e+01 9.879525292842042461e+01 9.212540199796084295e+00
1.033414700000000011e+02 2.611897300000000044e+01 9.966381685126361845e+01 5.847385715267527928e+00
1.294016699999999958e+02 5.396980000000000111e-01 1.168897024985365789e+02 2.829359306797973872e+01
1.333230000000000075e+02 1.215278799999999926e+01 1.337257244873117941e+02 2.255769565984648395e+01
1.093217539999999985e+02 1.300310099999999913e+01 1.355578533431743153e+02 1.533976606731556735e+01
1.370245700000000113e+02 1.147566899999999990e+01 1.303505416651827318e+02 2.694542980356650741e+00
1.181643140000000045e+02 2.271122000000000085e+01 9.755999056794989599e+01 3.038659525920056836e+01
1.213336639999999989e+02 1.455452499999999993e+01 1.172109313965572426e+02 1.928177253385382173e+01
1.075895799999999980e+02 1.972467400000000026e+01 1.224929759450863145e+02 7.589957470728149858e+00
1.066970400000000012e+02 2.854751200000000111e+01 1.122924285196130540e+02 1.244925523899862441e+01
1.255835950000000025e+02 1.142485399999999984e+01 1.062430223209395308e+02 2.083100944284340628e+01
1.276204900000000038e+02 1.005807899999999933e+01 1.340666565187728452e+02 1.890644221651733758e+01
1.242736299999999972e+02 6.831006000000000355e+00 1.066028348421965717e+02 1.098747253699701787e+01
1.016832100000000025e+02 1.628771199999999908e+01 1.101838786986395746e+02 2.278745273338088850e+01
1.092710799999999978e+02 1.336278599999999983e+01 1.235881451025326072e+02 2.897639638147285979e+00
1.140755900000000054e+02 8.455011999999999972e+00 1.126708454069454461e+02 2.454389793282007659e+01
1.299641100000000051e+02 1.389185499999999962e+01 1.214449600084857508e+02 1.939006917937211227e+01
1.194439849999999979e+02 3.088717700000000121e+01 1.038021376140312810e+02 3.341748151527363575e+01
1.074241999999999990e+02 2.922848300000000066e+01 1.172654700406089745e+02 6.020641020890685091e+00
1.325616899999999987e+02 2.183529300000000006e+01 9.326644128728726457e+01 2.025772057759332867e+01
1.130678500000000071e+02 1.070391300000000001e+01 9.403369188142299606e+01 3.322972041051042424e+01
9.908189000000000135e+01 3.429287999999999670e+01 1.110490478061105932e+02 1.270847956665261513e+00
1.153614500000000049e+02 1.834740400000000093e+01 1.242023471225544426e+02 3.215823313101277137e+01
1.216335140000000052e+02 1.368565999999999949e+00 9.443509728128486813e+01 6.699299762871687491e+00
9.369768000000000541e+01 1.855701600000000084e+01 1.067479458402069952e+02 2.648769286802748724e+01
1.122847440000000034e+02 1.660995300000000086e+01 9.490154635730641530e+01 2.116883146617105638e+01
1.148044000000000011e+02 2.044948799999999878e+01 1.164362091159062800e+02 1.511785589031386046e+01
1.136618399999999980e+02 2.985846499999999892e+01 1.301843052012940802e+02 3.421846184848765660e+01
1.233091349999999977e+02 7.443515999999999799e+00 1.135829137901762778e+02 1.368526929688538196e+01
1.229570539999999994e+02 1.920611999999999986e+00 1.309419871693528705e+02 1.703325328595911969e+01
1.303266000000000133e+02 5.151488999999999763e+00 1.325977094708218829e+02 4.382027561716171249e+00
1.368218999999999994e+02 9.378269999999999662e-01 1.147672476902774008e+02 2.139458238257137879e+01
1.363225999999999942e+02 2.142673699999999926e+01 1.160906191616706735e+02 2.861758367158139293e+01
1.165112840000000034e+02 2.327571899999999872e+01 1.192360016857558378e+02 1.908037258779707912e+01
1.175967899999999986e+02 3.310830700000000348e+01 1.361721780406112430e+02 1.567694209545750228e+00
1.040049199999999985e+02 2.438359600000000071e+01 1.046563514926206864e+02 2.268646188738595981e+01
1.255556260000000037e+02 1.372629099999999980e+01 1.153374976142269901e+02 1.735014889800351057e+01
1.269099199999999996e+02 8.830450000000000799e+00 1.156047574878627131e+02 2.228108411914605114e+01
1.268311900000000065e+02 1.202138899999999921e+01 1.091178522384401077e+02 2.605955375010857722e+01
1.176956899999999990e+02 6.060266000000000375e+00 9.429927907100103823e+01 2.228596345641047805e+01
1.089955800000000039e+02 1.639875599999999878e+01 1.099057253965343648e+02 2.708484483484915373e+01
1.227775699999999972e+02 3.331928000000000001e+00 1.047764809532822312e+02 2.012394105893992347e+01
1.242183150000000040e+02 2.629088000000000136e+01 1.281800469823052424e+02 7.387555991666101995e+00
1.290050699999999892e+02 1.324962900000000054e+01 1.238917242818495481e+02 1.803518339507328605e+01
1.237547799999999967e+02 1.402938000000000018e+00 1.349334254835179649e+02 1.729851020480596446e+01
1.174418639999999954e+02 1.991549499999999995e+01 1.309319977996937894e+02 2.691142031274185342e+01
1.284304700000000139e+02 1.899298699999999940e+01 9.711449652221111251e+01 1.050886870995094391e+01
9.713448999999999955e+01 2.390841500000000153e+01 1.064205198744590604e+02 2.064473775908970055e+01
1.281656299999999931e+02 6.427754000000000190e+00 1.160860068324943484e+02 2.798144224497561794e+01
1.245154399999999981e+02 9.428326000000000207e+00 1.125407993605453214e+02 1.438032174096149340e+01
1.072066800000000057e+02 2.882234800000000163e+01 1.078960123385691787e+02 8.468485208644452200e+00
1.032809749999999980e+02 1.728598600000000118e+01 1.354557569718783441e+02 2.397891277792146170e+01
1.022247540000000043e+02 1.159689299999999967e+01 1.024237365051618696e+02 2.040607002982974549e+01
1.164115599999999944e+02 1.850963399999999837e+01 1.232290482556243916e+02 3.008754627948182758e+01
1.065502599999999944e+02 6.022739999999999760e+00 1.322632456393660050e+02 4.527820425503040092e+00
1.180108199999999954e+02 1.392753899999999945e+01 9.462517421629151215e+01 3.162804702163384363e+01
1.165043500000000023e+02 1.716985000000000028e+01 1.002533028516807860e+02 2.880052012251551830e+01
1.040978850000000051e+02 1.695514100000000113e+01 1.283047539143152562e+02 6.700305089856692042e+00
1.015848000000000013e+02 2.689655000000000129e+01 1.052209709747598936e+02 1.419851134563312023e+01
1.079673540000000003e+02 1.237299100000000074e+01 9.746429290434873849e+01 8.533436181132103115e+00
9.686450000000000671e+01 3.287660000000000338e+01 9.898180018318238638e+01 5.678136967142204838e+00
1.195463639999999970e+02 2.841035700000000119e+01 1.377275280910495781e+02 5.876340875001922370e+00
1.215634399999999999e+02 8.080892999999999660e+00 9.857740032485783388e+01 2.475010220894785817e+01
1.084516140000000064e+02 7.152399999999999869e-01 1.242609045489710979e+02 2.370578583572203613e+01
1.004048300000000040e+02 2.599754000000000076e+01 1.137276358856480982e+02 2.595734829142645950e+01
1.299299300000000130e+02 1.610754400000000075e+01 1.367815166687637429e+02 2.270735509777452776e+01
1.357005499999999927e+02 1.938025700000000029e+01 1.162321422099285826e+02 3.484071977488176231e+01
1.008322600000000051e+02 1.836909500000000151e+01 1.373767157200103952e+02 1.204243462628081929e+01
1.096788600000000002e+02 1.849008999999999903e+00 1.051004524123268737e+02 2.836108018773471073e+00
1.291512099999999919e+02 1.286193699999999929e+01 1.262595403776011551e+02 2.192898397562327517e+01
1.087034450000000021e+02 1.879413800000000023e+01 1.150786504137384725e+02 3.928212223228595867e+00
1.090422400000000067e+02 3.257660000000000000e-01 9.695043665477403749e+01 3.267779903272284514e+01
1.215111540000000048e+02 9.026956999999999454e+00 1.340054074187446531e+02 1.706176018194043920e+01
1.110126900000000063e+02 2.886413999999999902e+01 1.102901553767448206e+02 2.857598203631189548e+01
1.075523299999999978e+02 1.898231499999999983e+01 1.175681841229561542e+02 2.882419137542641963e+01
9.515203999999999951e+01 1.569428800000000024e+01 1.194659939078708675e+02 3.162881975212685504e+01
1.221725399999999979e+02 1.971065000000000067e+00 1.023714134536038500e+02 1.044553160596411168e+01
1.216711800000000068e+02 9.723228000000000648e+00 9.746368280131638073e+01 1.508789743599211697e+01
1.231192999999999955e+02 3.669859999999999900e+00 1.168637377521694134e+02 2.703779169015047668e+00
1.063831100000000021e+02 8.929643999999999693e+00 1.316906698210279956e+02 3.652204521599929699e+00
1.068052100000000024e+02 1.683014100000000113e+01 1.288705903499755436e+02 1.308503920619663852e+01
9.999969000000000108e+01 2.509792300000000154e+01 1.342131116632101566e+02 2.743415384106110722e+01
1.297366499999999974e+02 1.097087800000000080e+01 1.094050536611066349e+02 1.656777266965840933e+00
9.977344999999999686e+01 2.670044899999999899e+01 1.210154100783168758e+02 2.944644981589849309e+01
1.110863800000000055e+02 2.956343499999999835e+01 1.233070415146071070e+02 1.838822896290891151e+01
1.312442299999999875e+02 1.030026800000000087e+01 9.744120104046120900e+01 3.428878248321653643e+01
1.148805399999999963e+02 1.808004999999999995e+01 1.224266740282598960e+02 3.411786013395030182e+01
1.129410900000000026e+02 1.928609799999999908e+01 1.163039325460823363e+02 2.593885061860433794e+01
1.311990399999999966e+02 2.885759999999999881e+00 1.074594038256855413e+02 1.723145914479813001e+01
1.144742360000000048e+02 2.767989000000000033e+01 1.010355460752571588e+02 1.644714626568640981e+01
1.123588600000000071e+02 5.283899999999999708e-02 1.019322396205103018e+02 5.163672737189833883e-01
9.882135999999999854e+01 3.069462800000000158e+01 1.378214682102707229e+02 3.096041631068246502e+01
9.765413999999999817e+01 2.677711499999999845e+01 1.143872847769468706e+02 5.573422455782278462e+00
9.996817000000000064e+01 2.509249700000000161e+01 1.023556577514547854e+02 2.363622561032484981e+01
1.287149499999999875e+02 8.613853000000000648e+00 1.081467176488849873e+02 3.075097446373946397e+01
1.345495300000000043e+02 6.859785999999999717e+00 9.633571705190880152e+01 3.370981206425205379e-02
1.247720099999999945e+02 6.038419999999999899e-01 9.695445430757563088e+01 3.375202514067899529e+01
1.250190400000000039e+02 1.223044999999999938e+01 1.378664778052195459e+02 2.254462341776728351e+01
1.002892999999999972e+02 2.375831000000000159e+01 1.059280707656470923e+02 9.629504952906495774e+00
1.205876159999999970e+02 1.334072899999999962e+01 9.965794951398318346e+01 2.391517959754958511e+01
1.066582599999999985e+02 2.877814700000000059e+01 1.144779149860447092e+02 8.422701792363243456e+00
1.166539499999999947e+02 2.553005200000000130e+01 1.134945519422978180e+02 2.677743403467492289e+00
1.036124999999999972e+02 3.156100700000000003e+01 1.014309866139810623e+02 2.528923682358439962e+01
1.019195560000000000e+02 2.802453799999999973e+01 1.001886778464409247e+02 3.069079007058975606e+01
1.105762799999999970e+02 1.713849599999999995e+01 1.220270392498731695e+02 2.368203252930820213e+01
1.122994499999999931e+02 1.439847999999999928e+01 1.321991768118955406e+02 1.659906693911918296e+01
1.327581000000000131e+02 3.298633999999999844e+00 1.107970256113657683e+02 1.233387970318696425e+01
1.286007500000000050e+02 8.765936999999999202e+00 1.116479567883005330e+02 2.403388619521957636e+01
1.222486099999999993e+02 1.220074699999999979e+01 9.903973247461222229e+01 3.227714865240801601e+01
1.179629500000000064e+02 1.794520599999999888e+01 9.918936599602571391e+01 3.022514854222829328e+01
1.190581049999999976e+02 2.063319200000000109e+01 1.301404610482124156e+02 1.161563951198760236e+01
1.205367660000000001e+02 1.833390400000000042e+01 1.091771569058933125e+02 2.531727135831205544e+01
1.227981199999999973e+02 3.281226699999999852e+01 1.222528731887416029e+02 1.948747886744529367e+01
1.141837539999999933e+02 2.640196200000000104e+01 1.001846870336107145e+02 1.321878489007949398e+01
1.346648600000000044e+02 1.416948599999999914e+01 1.188652728509801335e+02 2.668189517358751672e+01
1.325039999999999907e+02 4.645293999999999812e+00 1.127522379495630105e+02 2.958258894916674464e+01
1.130037300000000045e+02 2.547221800000000158e+01 1.044481294504855668e+02 1.754238322170396813e+01
1.090837899999999934e+02 1.109345000000000026e+00 1.151619585302993585e+02 8.448409490134439537e+00
1.182972699999999975e+02 1.483025899999999986e+01 9.853513807754085008e+01 4.761975396427283513e+00
1.358086700000000064e+02 1.854602399999999918e+01 1.243555482966922199e+02 3.268794718443757574e+01
1.286662800000000004e+02 5.189660000000000384e-01 1.272056268683473093e+02 2.682638693183465151e+01
1.061289500000000032e+02 1.904555099999999968e+01 9.211896890294531204e+01 1.806376779892044837e+01
1.253882700000000057e+02 1.252098200000000006e+01 1.172487415091451481e+02 2.494769887688705978e+01
1.082378199999999993e+02 1.562821500000000086e+01 1.315207919048091298e+02 6.800342579730717318e+00
1.026750949999999989e+02 3.487172699999999992e+01 1.229243414325873403e+02 1.460916788462984606e+01
1.094043350000000032e+02 2.911429400000000101e+01 1.257480305740841118e+02 9.285448757766692651e+00
9.605414600000000291e+01 3.418947000000000003e+01 9.499552683513375939e+01 1.507823903453898673e+01
1.175621500000000026e+02 1.813804400000000072e+01 1.321052146411440731e+02 4.015327489523667914e+00
1.007823300000000017e+02 2.154664599999999908e+01 9.759501626697985444e+01 7.732929234089988668e+00
1.291559399999999869e+02 1.352395500000000084e+01 1.252682734696455213e+02 1.652668114354850104e+01
9.918323499999999626e+01 1.574674699999999916e+01 1.207942667517003770e+02 1.694145693594578717e+01
1.064715499999999935e+02 3.050993000000000066e+00 1.193925405736803924e+02 3.451570725264095074e+01
1.268122939999999943e+02 2.672148999999999930e+01 1.115834015543688764e+02 1.545616904187944307e+01
1.206234199999999959e+02 2.294290000000000163e+00 1.234781503875282027e+02 3.053990380644442837e+01
1.212147099999999966e+02 1.824274799999999885e+01 9.554018419063777401e+01 2.861789985419198956e+01
1.134364199999999983e+02 3.037878600000000162e+01 1.006050250340816063e+02 4.920792439569104282e+00
1.352699100000000101e+02 1.797872999999999877e+01 1.059819991319714347e+02 6.086627121558537468e+00
1.259232559999999950e+02 4.161654000000000408e+00 1.301869494416650923e+02 8.000942507887177868e+00
9.410971999999999582e+01 1.075564600000000048e+01 1.006965073419877967e+02 7.141600347721181130e+00
1.244378499999999974e+02 2.619258100000000056e+01 1.319143451881566875e+02 1.184282858174516662e+01
1.189220300000000066e+02 1.942037399999999892e+01 1.275976734585771624e+02 9.388948707386157722e+00
1.176774800000000027e+02 2.114383099999999871e+01 9.726269359404859927e+01 1.272714817671043264e+01
9.793104999999999905e+01 2.979559499999999872e+01 1.237920802769105677e+02 5.695181040404849071e+00
1.032657399999999939e+02 2.896160700000000077e+01 9.224094167940424427e+01 3.202471726671334551e+01
1.339961700000000064e+02 3.438096600000000080e+01 1.053000352445598367e+02 1.313202350540279451e+00
1.259789300000000054e+02 8.138935999999999282e+00 1.245421986916462060e+02 5.922463759754237334e-01
1.307908799999999871e+02 1.009277999999999897e+00 1.010357197232581399e+02 2.714781336790407895e+00
9.899518999999999380e+01 3.035501000000000005e+01 1.280960781341314885e+02 2.903958133763522298e+01
1.225421139999999980e+02 1.088495900000000027e+01 9.679914700053528520e+01 2.776114186497278169e+01
1.034781339999999972e+02 1.418773999999999980e+01 1.345008157963801807e+02 2.672114475954117907e+01
1.015828300000000013e+02 3.012794999999999845e+01 1.291379617179332229e+02 5.805551456662288778e+00
1.063705499999999944e+02 2.535100999999999871e+01 1.136903236093947527e+02 1.574523516172097359e+01
1.344940300000000093e+02 7.012902999999999665e+00 1.361998601799053858e+02 2.625803407736874817e+01
1.262585600000000028e+02 1.632781999999999956e+00 1.326814663929770575e+02 3.101877266803766986e+01
1.230953449999999947e+02 4.679204000000000363e+00 1.010530914832590383e+02 3.126921015197046216e+01
1.121307599999999951e+02 2.552255800000000008e+01 1.097898853414821900e+02 3.172544477002636043e+01
9.234408600000000433e+01 1.566721100000000000e+01 1.275098746448226166e+02 8.309408081460487594e+00
1.367545299999999884e+02 1.483705600000000047e+01 1.131575059640249066e+02 3.376197365264994588e+00
1.301707000000000107e+02 5.522420000000000107e-01 1.179703451944104131e+02 1.024179353260419756e+00
1.236492400000000060e+02 8.307256999999999891e+00 1.135754731724639441e+02 6.765047965454596302e+00
1.323020500000000084e+02 3.039486999999999828e+00 1.066470692655639141e+02 1.960613645658849791e+01
1.067415100000000052e+02 2.775080900000000028e+01 1.193158475737128725e+02 2.381173087854568138e+01
9.805646500000000287e+01 1.719266899999999865e+01 1.254774409391885115e+02 2.472887652459531793e+01
9.678136000000000649e+01 1.699195500000000081e+01 9.906875055786431972e+01 1.880125864810943170e+01
1.221657000000000011e+02 3.453664999999999985e+00 1.353303921773703848e+02 2.549547674400820085e+00
1.053297349999999994e+02 2.381371899999999897e+01 1.023597366987484634e+02 2.734961685002074105e+01
1.058196200000000005e+02 1.893849399999999861e+01 1.326119835285959994e+02 7.035594263307160645e+00
1.190961999999999961e+02 7.138060000000000516e-01 1.264356310126643450e+02 1.473723882117722539e+01
1.358911999999999978e+02 3.048414999999999875e+00 1.165163626335554881e+02 5.632301819488066741e+00
1.010747149999999976e+02 1.745857799999999926e+01 1.109241974725802180e+02 1.911058531097799573e+01
1.286794999999999902e+02 1.162912799999999969e+01 9.828174289989037504e+01 1.666647648132357062e+01
1.287118000000000109e+02 8.186422000000000310e+00 9.810616916407263943e+01 1.775616754203752734e+01
1.000685000000000002e+02 2.550993300000000019e+01 1.235739042352822707e+02 3.437123331999569764e+00
1.090970899999999943e+02 2.084872599999999920e+01 1.018080136086925052e+02 2.665735480258511814e+00
1.274613300000000038e+02 8.821358999999999284e+00 1.272600515087206503e+02 1.069559652979887154e+01
1.162218600000000066e+02 1.465482599999999991e+01 9.812926737585418380e+01 1.259538487013263186e+01
1.221287399999999934e+02 7.625099999999999767e+00 1.340539167346101976e+02 2.992517976334525187e+01
1.130484199999999930e+02 2.044042800000000071e+01 1.317341626748830663e+02 5.047431540109919013e+00
1.223199099999999930e+02 8.781103999999999132e+00 1.023482756385734405e+02 3.392006803215500810e+01
9.981171000000000504e+01 2.392927600000000155e+01 1.077571350509282553e+02 1.479119712200048653e+01
1.232222500000000025e+02 1.022940900000000042e+01 9.840223660812344519e+01 8.442651657730177561e+00
1.349317599999999970e+02 1.207422299999999993e+01 9.455948193713099670e+01 1.926638137257798888e+01
1.229745099999999951e+02 1.295093400000000017e+01 1.185269575500998656e+02 7.068930916607590653e+00
1.245766100000000023e+02 8.309366000000000696e+00 1.102684870122556049e+02 3.184148845620070745e+01
1.286229600000000062e+02 3.030732499999999874e+01 1.017869833037389498e+02 7.938591407749147955e+00
1.064764899999999983e+02 2.161875300000000166e+01 1.210200105258520153e+02 3.237423455960201579e+01
1.101911099999999948e+02 1.101826999999999934e+01 1.374375048229114213e+02 2.530369038049951058e+01
1.378785100000000057e+02 1.122782400000000003e+01 1.140224388660985397e+02 9.554240144212672092e+00
1.344432400000000030e+02 7.931499999999999773e+00 1.179539196595117687e+02 2.089261125019073617e+01
1.078804999999999978e+02 1.347900000000000098e+00 1.348659339522097866e+02 4.942963232508531313e+00
1.140009500000000031e+02 2.463463799999999893e+01 9.923554412954567283e+01 1.072484497619813837e+01
1.252029399999999981e+02 8.083719000000000321e+00 1.348558588608208879e+02 2.772363982497051893e+01
1.214991760000000056e+02 1.366147199999999984e+01 9.879462555514264466e+01 1.286697532148616041e+01
1.204627899999999983e+02 7.529904000000000153e+00 1.233050347208580035e+02 2.583279089100202874e+00
1.162961800000000068e+02 2.799809799999999882e+01 1.171334781923941080e+02 1.017099854837080208e+01
1.281946399999999926e+02 1.151056699999999999e+01 1.114905360762282953e+02 8.459122886105825856e+00
1.309324000000000012e+02 9.878012000000000015e+00 9.351046983514481781e+01 3.016635647038701862e+01
1.178697700000000026e+02 2.086379200000000012e+01 1.245526463729418367e+02 2.040751112459419758e+01
1.305158500000000004e+02 8.179097000000000506e+00 1.039689016917028823e+02 2.462344475265974442e+00
1.376754999999999995e+02 1.454145600000000016e+01 1.198510810851143162e+02 1.448234566008930813e+01
1.049337600000000066e+02 3.191469599999999929e+01 1.008065729075093202e+02 2.815224129281157062e+01
1.181806899999999985e+02 1.782495300000000071e+01 1.202718390419345411e+02 1.896905438892309803e+01
1.182392499999999984e+02 2.503325500000000048e+01 9.932541863741103327e+01 3.308127798290367139e+01
1.035987200000000001e+02 1.906737000000000037e+01 1.126845606543378437e+02 1.971318597874951450e+01
1.240659799999999962e+02 7.754509999999999792e+00 1.173720899751725426e+02 1.245138805704779905e+01
1.344861300000000028e+02 1.449819800000000036e+01 1.097000612651033578e+02 4.913439405737353383e+00
1.187915799999999962e+02 1.987776600000000116e+01 1.108141646167604648e+02 2.356963721756157426e+01
1.078603300000000047e+02 3.205924000000000262e+01 1.199345987855076885e+02 1.596630958235545528e+01
1.257966299999999933e+02 8.756054999999999922e+00 1.210204945476508698e+02 2.552806388339715582e+01
1.197646199999999936e+02 2.030460199999999915e+01 1.023063823979876474e+02 1.288785270045151243e+01
1.331578700000000026e+02 1.155118900000000082e+01 9.876230765652496757e+01 2.692199533398400568e+00
1.087293999999999983e+02 2.527930000000000010e+00 1.272810051550760875e+02 7.180146781111109711e+00
9.482461499999999432e+01 7.552875000000000227e+00 9.857217126270997198e+01 4.895444780090787873e+00
1.200522399999999976e+02 3.491102000000000061e+01 1.122199801513282580e+02 2.418100122250989159e+01
1.008948800000000006e+02 1.652329800000000048e+01 1.021829224677402550e+02 7.959185159921543296e+00
1.248241299999999967e+02 2.644671599999999856e+01 1.045619389245561734e+02 2.932886445261215158e+01
9.264901000000000408e+01 2.078608699999999843e+01 1.156832296184506390e+02 2.200475505876846682e+01
1.106924300000000017e+02 8.721729999999999761e-01 1.045734900686004067e+02 7.747973191297691464e+00
1.147561599999999942e+02 1.838597100000000140e+01 1.041329242382913378e+02 2.874625584981685478e+01
1.240100000000000051e+02 1.279410900000000062e+01 9.719203248534071804e+01 2.580758386039389762e+01
1.204545700000000039e+02 7.107947000000000237e+00 9.339008930446766499e+01 3.151649925692042231e+01
1.279808500000000038e+02 1.237441800000000036e+01 9.513250505209897767e+01 1.235601286368643770e+01
1.120615540000000010e+02 2.049053999999999931e+01 1.079735625580237866e+02 2.547390011527231657e+00
9.868321000000000254e+01 2.970345299999999966e+01 1.110882041181706086e+02 1.845218687311921402e+00
1.037949100000000016e+02 1.724506999999999834e+01 9.853079760634648210e+01 2.407535590617749222e+01
1.030680899999999980e+02 2.392125499999999860e+01 9.321988877671843454e+01 2.321307105405223936e+01
1.205819099999999935e+02 1.267323900000000059e+01 1.262883216244177049e+02 2.287385081691870425e+01
1.079174000000000007e+02 2.103756999999999877e+01 1.105773608357279869e+02 2.726195565634770546e+01
1.065282440000000008e+02 1.715186000000000099e+00 1.354778608235288573e+02 1.829485962743977367e+01
1.324894099999999924e+02 1.522223000000000104e+00 1.013128771121530463e+02 2.149286373431958097e+01
1.006064200000000000e+02 2.769523600000000130e+01 1.075031668045262876e+02 8.110279880556390708e+00
1.222376000000000005e+02 3.524550000000000183e-01 1.225705846060518240e+02 1.862048429268314820e+01
1.105124739999999974e+02 2.767481799999999836e+01 9.801629942918100369e+01 7.519423504233243349e+00
1.349519999999999982e+02 1.169487200000000016e+01 1.016369041518772178e+02 1.284739548516752272e+01
1.205678249999999991e+02 2.621988100000000088e+01 1.119818226820179774e+02 4.192893714215356837e+00
1.224132840000000044e+02 1.063505699999999976e+01 1.216765997426870172e+02 5.433412767989050707e+00
1.356722699999999975e+02 1.789586800000000011e+01 1.121187201902495332e+02 2.906304731452312051e+00
9.491244500000000528e+01 6.986594000000000193e+00 9.320129202344404007e+01 2.165713056336302245e+01
1.262143800000000056e+02 1.201316999999999968e+00 1.188176608831059582e+02 8.504963140987664261e+00
1.002797900000000055e+02 2.030880499999999955e+01 1.180217707966865532e+02 2.027944354756218814e+01
1.056335140000000052e+02 2.491520699999999877e+01 1.377595734126600462e+02 2.602271700622589279e+01
1.260793199999999956e+02 1.507600200000000079e+01 1.156154388929261927e+02 8.391611954047062838e+00
1.130844799999999992e+02 1.852679300000000140e+01 1.351285662403048491e+02 1.569386427396020167e+01
1.041200560000000053e+02 2.495909899999999837e+01 1.062516050809432215e+02 2.637848750583107105e+01
1.222233659999999986e+02 2.248752000000000084e+00 9.690018192404006925e+01 1.039496386381515691e+01
1.181114039999999932e+02 1.644512699999999938e+01 1.374176077169152563e+02 7.448052419354932674e+00
