1.174917099999999976e+02 2.498683400000000177e+01 1.314802411717671475e+02 3.494325334881962508e+00
1.041328660000000070e+02 2.457218200000000152e+01 1.050572490579376819e+02 2.505521823683307758e+01
1.081180899999999951e+02 3.227875000000000227e+01 1.214348952853273147e+02 3.394337259338855262e+01
1.103286899999999946e+02 1.103283000000000014e+00 9.885454743827601476e+01 1.110642935570067280e+01
1.191021599999999978e+02 1.562066500000000069e+01 1.165581690387657687e+02 1.696129242803788628e+01
1.033215500000000020e+02 1.091743999999999915e+01 1.212216496210299681e+02 8.654434353932046520e+00
1.239506300000000039e+02 1.062640999999999991e+01 9.399470461319589276e+01 1.052810738551245784e+01
1.245430300000000017e+02 2.024064000000000085e+00 1.348667928021708349e+02 8.516282413672925600e+00
1.170933699999999931e+02 1.631709499999999835e+01 1.015014451118813099e+02 8.456288097862923792e+00
1.054833399999999983e+02 7.198695999999999984e+00 1.180381021699028139e+02 1.378295347706807661e+01
1.143885960000000068e+02 2.193498999999999910e+01 1.142530452328827835e+02 1.273625307898179493e+01
1.362104300000000023e+02 3.216197000000000195e+00 1.053229205219776929e+02 1.363476121894742477e+01
1.106384299999999996e+02 3.058228099999999827e+01 1.104936902816417899e+02 8.735625732454101566e+00
1.093180899999999980e+02 1.304350999999999949e+01 1.094494970297535730e+02 3.044597433962513122e+01
1.009878700000000009e+02 1.558966700000000039e+01 1.349216676610559489e+02 2.143271952183692619e+01
9.592883000000000493e+01 2.637040999999999968e+01 9.446174924957544761e+01 2.083913831416436935e+00
1.087539900000000017e+02 1.329248699999999950e+01 1.189721708740142816e+02 1.641413644135061034e+01
1.263779700000000048e+02 5.362957999999999892e+00 1.019874133092241948e+02 2.427431510900566991e+01
1.270234300000000047e+02 5.967240000000000322e+00 1.011447256899639484e+02 1.351511200287361092e+01
1.360654100000000142e+02 3.072567999999999966e+00 1.084884176569240424e+02 6.922749011278333420e+00
1.121061799999999948e+02 1.889255100000000098e+01 1.031940024376851142e+02 3.325293203096394734e+01
1.283342100000000130e+02 2.203216400000000164e+01 1.274410154960259831e+02 1.998186583740828581e+01
1.040398940000000039e+02 3.205678000000000338e+01 1.127555748839103273e+02 8.012695953417138028e+00
1.215382000000000033e+02 6.101842000000000432e+00 1.269071930517998794e+02 2.823101587556815772e+01
1.039746800000000064e+02 2.082602500000000134e+01 9.792418417608521963e+01 2.985785347322491035e+01
1.190581049999999976e+02 2.063319200000000109e+01 1.212875060231524458e+02 3.192524242011383251e+01
1.231748800000000017e+02 3.198018999999999945e+00 1.275655571078143282e+02 2.553114039086156595e+01
1.295190699999999993e+02 1.326800999999999897e+00 1.318469670416215536e+02 2.319623909561602204e+01
1.066686859999999939e+02 3.609456000000000220e+00 1.030143357832481428e+02 2.184601519361630828e+00
1.063641049999999950e+02 2.387164500000000089e+01 1.230933164827032158e+02 2.563690579497610145e+01
1.115106700000000046e+02 2.996729999999999894e+00 9.825739177051923434e+01 1.016873264682640254e+01
1.188802900000000022e+02 7.100107000000000390e+00 1.311946367598106917e+02 1.694072287296778967e+01
1.064135899999999992e+02 2.078034999999999854e+01 1.243915797392259606e+02 3.208941446275178322e+01
1.101610500000000030e+02 1.556163899999999956e+01 1.066299735193764775e+02 2.569285301626584328e+01
1.334171399999999892e+02 1.512338199999999944e+01 1.054920104419171025e+02 1.134221941623617447e+01
1.188607300000000038e+02 2.157856400000000008e+01 1.102049453072670531e+02 3.425642287860703306e+01
1.079575040000000001e+02 1.263439100000000082e+01 1.353660888561792603e+02 2.752409102439296618e+01
1.255558699999999988e+02 4.544313999999999965e+00 9.361060263086045552e+01 6.995038652973462057e+00
1.180546499999999952e+02 5.906247999999999720e+00 9.428611247952966323e+01 7.134099472988536306e+00
1.221508800000000008e+02 1.807763900000000135e+01 1.282534275262441952e+02 8.848785191599397137e+00
1.257716139999999996e+02 1.154715299999999978e+01 1.291334273076022043e+02 2.604055253369135770e+01
1.022503200000000021e+02 1.647226099999999960e+01 1.259826415990384305e+02 2.959205759296696314e+01
1.210324499999999972e+02 1.877111599999999925e+01 1.022127489799358671e+02 2.086529963751691241e+01
1.036258200000000045e+02 2.503497700000000137e+01 1.135272652554174755e+02 2.599713070180634134e+01
1.200969999999999942e+02 1.983857199999999921e+01 1.180286233015227566e+02 8.558655306738987889e+00
1.081554900000000004e+02 3.279561199999999843e+01 9.319962953918661697e+01 1.360583560438377226e+01
1.209966349999999977e+02 5.420730000000000270e-01 1.279795687143990222e+02 2.550835895816069510e+01
1.051010700000000071e+02 8.262510999999999939e+00 1.090019843229739536e+02 2.386513289583256636e+01
1.272999200000000002e+02 3.150138899999999964e+01 1.297451979542552749e+02 2.295808416138106267e+01
1.322271299999999883e+02 3.772314000000000167e+00 1.109091466759111313e+02 2.894330459087947460e+01
9.914275999999999556e+01 6.968159999999999910e-01 9.301784386855374009e+01 2.516145088138101471e+01
9.442122000000000526e+01 2.540277000000000118e+00 1.191726871290636751e+02 3.151653566615987501e+00
1.180998459999999994e+02 1.284827399999999997e+01 1.217405547681580629e+02 3.498334918996314258e+01
1.003025499999999965e+02 1.609912900000000135e+01 9.381552420835829764e+01 1.792613798716404006e+01
9.706763499999999567e+01 3.140763000000000105e+01 9.795223637900211600e+01 2.923037198515728718e+01
1.245328750000000042e+02 5.898450999999999667e+00 1.262408421387375057e+02 2.868368825541832479e+00
1.090013050000000021e+02 2.906080000000000041e+01 1.179694817532814000e+02 1.417387722122904670e+01
1.368379400000000032e+02 1.267808499999999938e+01 1.339003801449894695e+02 1.280442498217027847e+01
1.240439760000000007e+02 1.015085200000000043e+01 1.252471590261783660e+02 9.356563659356226248e-01
1.095285400000000067e+02 9.065305000000000391e+00 1.293892344571094100e+02 3.720357174733527117e+00
1.357525300000000072e+02 3.087321499999999830e+01 1.031451242990372492e+02 2.005018603403568633e+01
1.338978899999999896e+02 2.646328499999999906e+01 1.155116004430341690e+02 6.422960018339624044e-01
1.290636000000000081e+02 2.394454999999999956e+01 1.095453403859157220e+02 2.731746192965507092e+01
1.100146940000000058e+02 1.474479000000000095e+00 1.054944705325672061e+02 9.987285006198364457e+00
1.252556299999999965e+02 7.355453999999999937e+00 1.046184480776316832e+02 3.242310382811640324e+01
1.245740399999999966e+02 7.411394999999999733e+00 1.201685266327317834e+02 1.130164343429843044e+01
1.175428899999999999e+02 5.199050999999999867e+00 1.224577383736635312e+02 1.811643145867077820e+01
1.135665900000000050e+02 2.140552999999999884e+01 1.163987405216576008e+02 9.595294875944581747e+00
9.511124399999999923e+01 2.042535200000000017e+01 1.179206039066231568e+02 2.146969407397755703e+01
9.837326000000000192e+01 3.410959199999999925e+01 1.083708884291922061e+02 3.487459725178787551e+01
1.359293499999999995e+02 3.021938000000000102e+01 1.327322155491166598e+02 1.512362204132304200e+01
1.056766800000000046e+02 2.239682399999999873e+01 1.222373121269777698e+02 8.993352012506724336e+00
1.190333899999999971e+02 1.967544600000000088e+01 1.093584033444593615e+02 3.352645998244688741e+01
1.066970400000000012e+02 2.854751200000000111e+01 1.034343256429279450e+02 1.066032824324611816e+01
1.024969600000000014e+02 3.116606700000000174e+01 1.035351258767694276e+02 3.045754730780809894e+01
1.049697199999999953e+02 2.328538299999999950e+01 9.361345376348594982e+01 2.882090405303420866e+01
1.149824200000000047e+02 3.944373000000000129e+00 9.802792671695050331e+01 3.235530636540920568e+01
1.264931950000000001e+02 3.052376699999999943e+01 1.185852977779241684e+02 9.848572030830746726e+00
9.255561000000000149e+01 1.543583399999999983e+01 1.267231643562368788e+02 1.159504934465677550e+01
9.820441999999999894e+01 1.853960000000000008e+01 1.002481053718965853e+02 2.107403632611831945e+00
1.264731799999999993e+02 8.246715000000000018e+00 9.321641107330879095e+01 3.448413884590582512e+01
9.868321000000000254e+01 2.970345299999999966e+01 1.140650693258663040e+02 2.650307313568096390e+01
1.130173300000000012e+02 1.738992299999999958e+01 1.083144023318132980e+02 3.165457974417316223e+01
1.003903799999999933e+02 1.687093700000000140e+01 1.117262944348215683e+02 1.795867892399038368e+01
1.177207499999999953e+02 1.377951799999999949e+01 1.365170500662285349e+02 2.866313024062137416e+01
9.458802000000000021e+01 6.645486000000000004e+00 1.108717615225806838e+02 1.356956472614298193e+01
1.055823599999999942e+02 2.382420000000000115e+01 1.328962757309901690e+02 9.727029076531433560e+00
1.070288800000000009e+02 3.354578000000000060e+01 1.034030567068842004e+02 2.138005185539674002e+01
1.034334800000000030e+02 1.589862499999999912e+01 1.268005598400118004e+02 1.361742430572503970e+01
1.172721250000000026e+02 1.818978299999999848e+01 1.337229398511998397e+02 1.446026893679831815e+01
1.303248900000000106e+02 1.212361300000000064e+01 1.234591247055055021e+02 5.699238855333696563e+00
1.052534940000000034e+02 1.293445499999999981e+01 1.280853815894864738e+02 3.026419006735632422e+01
1.281946399999999926e+02 1.151056699999999999e+01 1.184308577712717465e+02 2.665243216238721757e+01
9.910432400000000541e+01 1.760354200000000091e+01 9.531428444184807347e+01 3.173704569612806381e+01
1.167996100000000013e+02 2.692645800000000023e+01 9.344770809236810294e+01 2.274835384311268172e+01
1.077520999999999987e+02 2.914027000000000100e+01 1.337623228583177593e+02 9.401749833004712897e+00
1.035987200000000001e+02 1.906737000000000037e+01 1.051696787384797176e+02 1.522862718709454910e+01
9.826783000000000357e+01 3.081710999999999956e+01 9.866999561190132795e+01 1.556736867773184763e+01
9.918323499999999626e+01 1.574674699999999916e+01 1.369411399604912845e+02 2.162818894357269528e+01
1.340829600000000141e+02 1.444733800000000024e+01 1.205599940978910638e+02 1.234867078599642376e+01
1.087744299999999953e+02 9.552899999999999725e-01 1.327863091782834317e+02 2.188579884545193721e+01
1.118822600000000023e+02 1.745740999999999943e+01 1.358524850451011332e+02 1.437223701791910635e+01
1.286689599999999984e+02 1.164122899999999916e+01 9.654539453611511135e+01 2.362030823647418387e+01
1.220831000000000017e+02 5.744365000000000165e+00 1.365750508409278723e+02 2.489393270545746972e+01
1.217125499999999931e+02 1.215416100000000021e+01 1.255173338967927350e+02 2.749582372194686997e+01
1.076719200000000001e+02 1.886546900000000093e+01 1.046649114972048551e+02 2.306897043970512939e+01
1.199050600000000060e+02 3.175273699999999977e+01 1.249916746178783171e+02 4.499891046418387219e+00
1.368892999999999915e+02 1.899810999999999916e+00 1.247145601136573703e+02 1.651231484617904854e+01
1.068336939999999942e+02 1.901988000000000056e+01 1.066541708418492789e+02 3.285895078644164613e+01
1.007992859999999951e+02 1.987467600000000090e+01 1.311431438977995185e+02 1.405229586021273125e+00
1.188096199999999953e+02 2.054302399999999906e+01 1.097394796062270785e+02 1.426992962864273551e+01
1.266665100000000024e+02 8.246174999999999145e+00 1.071802955018300594e+02 3.229827986132898232e+00
1.118422850000000039e+02 1.812244600000000005e+01 1.055892619342442345e+02 4.429281495798364610e+00
1.208825700000000012e+02 1.676954800000000034e+01 1.037583777356985593e+02 1.813852927362639633e+01
1.372423000000000002e+02 1.840880000000000072e+00 1.249018725157554002e+02 2.194874784521862665e+01
1.130484199999999930e+02 2.044042800000000071e+01 1.117211367363781278e+02 2.343360686026222695e+01
1.238492049999999978e+02 6.742491000000000234e+00 1.092249495032029216e+02 1.684834616457959555e+01
9.463783999999999708e+01 2.379528600000000083e+01 1.208498628542198503e+02 3.040702445071136850e+01
1.012475900000000024e+02 3.300020200000000159e+01 1.104528250163207872e+02 7.053567036664468048e+00
1.297718999999999880e+02 1.096346999999999916e+01 1.069954971914432917e+02 9.046543230033494254e+00
1.232360460000000018e+02 2.468323699999999832e+01 1.197384761656675352e+02 1.500227714142061686e+01
1.228012540000000001e+02 2.491700999999999944e+00 1.224035757469623178e+02 9.597802938522930205e+00
1.350937500000000000e+02 5.117070000000000007e+00 1.076170254613330570e+02 1.940894414431000570e+01
1.146491199999999964e+02 2.055787799999999876e+01 1.055578867596267543e+02 2.963221804971909279e+01
1.317522700000000100e+02 7.439243000000000272e+00 9.591749006877277850e+01 8.204100473897474322e-01
1.057244199999999950e+02 4.930296000000000234e+00 1.055212550692528737e+02 2.337244232586946069e+01
1.105124739999999974e+02 2.767481799999999836e+01 1.092933492506117545e+02 2.830691805777472325e+01
1.101622600000000034e+02 1.989431400000000139e+01 1.131042864080420429e+02 4.583297083186766763e+00
1.110726800000000054e+02 1.657695800000000119e+01 9.636845484818495322e+01 5.476430188790372355e+00
1.274986999999999995e+02 1.990880800000000050e+01 1.060089124669148219e+02 2.261822272456675265e+01
9.328924999999999557e+01 3.156033700000000053e+01 1.148580152191856740e+02 3.328089394044678784e+01
1.294545999999999992e+02 9.188390999999999309e+00 1.195586818570743901e+02 2.299854273405214755e+01
9.654631999999999437e+01 4.674180000000000001e-01 1.200331225064260252e+02 2.058104099924128150e+01
1.036701050000000066e+02 2.659670799999999957e+01 1.312736190416814850e+02 3.193984193689396989e+01
1.128938299999999941e+02 1.716561099999999840e+01 9.744825918275112997e+01 1.923747058291090539e+01
1.096538500000000056e+02 3.307865999999999929e+01 9.522717030888431111e+01 1.995552582332864233e+01
1.311959400000000073e+02 1.344396599999999964e+01 1.194696613543917181e+02 3.404521896189353924e+01
9.672302000000000533e+01 1.161534400000000034e+01 1.116680379791818041e+02 1.739931882233529947e+01
1.020943999999999932e+02 1.659711000000000070e+01 1.283960929333150318e+02 1.653424180757332351e+01
1.333482799999999884e+02 1.179657699999999920e+01 1.267515368542960772e+02 4.831809393484999049e+00
1.270006400000000042e+02 1.816579000000000121e+01 1.161009872871291577e+02 2.429447609145569942e+01
1.054926999999999992e+02 8.352017999999999276e+00 1.220813962204387622e+02 2.771426125935897389e+01
1.228618239999999986e+02 3.672254999999999825e+00 9.543386961728887741e+01 2.027160927560069581e+01
1.141925499999999971e+02 2.823162999999999911e+01 9.795171669279949356e+01 5.659014650817183245e+00
1.234273799999999994e+02 2.926879100000000022e+01 1.265957906562788935e+02 3.284501502368081560e+01
9.797517999999999461e+01 2.656917599999999879e+01 1.254257948010811958e+02 2.284883777556526852e+01
1.063181799999999981e+02 1.158888400000000019e+01 1.075949749694324993e+02 1.175344906430533598e+01
1.045258199999999960e+02 2.783367300000000100e+01 1.198695046206606065e+02 8.355008687067066120e+00
1.292091000000000065e+02 9.637442000000000064e+00 1.319908215479863998e+02 1.610334064424976575e+01
1.265143659999999954e+02 1.300008799999999987e+01 1.062634938546650858e+02 6.862073892052850788e+00
1.221774099999999947e+02 4.068751999999999924e+00 1.312140696067705221e+02 2.982558019351517586e+01
1.106722100000000069e+02 2.715277999999999992e+01 1.159276372300771527e+02 2.738931855142738403e+00
1.355958899999999971e+02 2.055382000000000176e+01 9.361900595434414640e+01 6.405125807895907464e+00
1.165399000000000029e+02 2.132931500000000113e+01 1.163825784925912075e+02 2.634592465363047609e+01
1.271800499999999943e+02 1.194703699999999991e+01 1.033999502298219682e+02 2.443782464079628625e+01
1.115443949999999944e+02 1.032299199999999928e+01 1.009355047170149504e+02 1.837210255877404563e+01
1.227914099999999991e+02 2.626429399999999958e+01 1.288631650832365665e+02 1.825770643188791809e+01
1.069821239999999989e+02 1.260053199999999940e+01 9.200894386253825985e+01 2.351504452045935878e+01
1.074345600000000047e+02 3.142921400000000176e+01 1.217871874286739882e+02 1.553042693592833601e+01
1.299641100000000051e+02 1.389185499999999962e+01 1.260790557449480218e+02 1.500257298355828617e+01
1.122884899999999959e+02 2.932126999999999839e+01 1.142893313925643639e+02 2.992876240434589619e+01
9.854899000000000342e+01 3.494611400000000145e+01 1.318407139405308328e+02 2.097768282550516972e+01
1.254562600000000003e+02 3.918108000000000146e+00 1.303730223660886622e+02 1.508997635987513242e+01
1.226557159999999982e+02 2.243978999999999946e+00 1.006192544287225132e+02 2.047725733603483533e+01
1.355843000000000131e+02 4.260162000000000226e+00 1.210603714244137592e+02 3.380798875399060677e+01
1.355708199999999977e+02 1.183108600000000088e+01 1.100915390432546985e+02 3.103521561879896140e-01
9.467365999999999815e+01 2.161741400000000013e+01 1.274170595295200030e+02 6.095894554957745015e+00
1.369836099999999988e+02 2.763330999999999982e+00 1.116302941453122202e+02 1.162515342996448808e+01
9.533898999999999546e+01 1.831156199999999856e+01 1.152561222320780701e+02 5.563321652635142556e+00
1.100357360000000000e+02 2.855119900000000044e+01 1.309383124002739009e+02 2.197646610594735250e+01
1.261360600000000005e+02 1.381871199999999966e+01 1.252627520764125677e+02 6.680396904611018982e-01
1.019243799999999993e+02 1.454230699999999921e+01 9.905125080943295757e+01 1.125729452597792246e+01
1.136655350000000055e+02 2.345211400000000168e+01 1.060421005494397093e+02 2.507383178019636816e+01
1.306066700000000083e+02 3.339365399999999795e+01 1.019998856682494761e+02 1.699438223356371935e+01
1.280408500000000060e+02 3.937300000000000244e-01 1.376292406369050525e+02 1.324376113815928235e+00
9.395832000000000050e+01 5.743917999999999857e+00 1.073754046985039992e+02 2.902607452889768425e+01
1.216318360000000069e+02 6.971199999999999619e+00 1.278488010976161604e+02 1.885085948310734594e+01
1.044513100000000065e+02 2.886278000000000077e+01 1.352139950158642137e+02 1.424553766326505233e+01
9.848254000000000019e+01 1.238479700000000072e+01 1.155002254831694728e+02 3.438926118245538532e+01
1.275184249999999935e+02 3.174202500000000171e+01 1.009982433872521170e+02 6.285823689820500881e+00
1.054726639999999946e+02 1.292944400000000016e+01 1.353250909315651143e+02 1.330669067101550240e+01
1.139279860000000042e+02 2.727532000000000068e+01 1.313246723821375781e+02 3.337154643240325669e+01
1.058196200000000005e+02 1.893849399999999861e+01 9.956949533397002483e+01 2.667542730948539997e+00
1.067001900000000063e+02 1.305196199999999962e+01 1.200517416745976362e+02 2.502610125039345945e+01
1.008170850000000058e+02 2.297933400000000148e+01 9.783093736626352666e+01 4.591836836815027745e+00
1.369524999999999864e+02 1.756889699999999976e+01 1.238470062504586906e+02 2.713157796327999449e+01
1.253308099999999996e+02 7.591994999999999827e+00 1.152491520888769116e+02 1.760961714105052422e+01
1.224160899999999970e+02 7.696626000000000190e+00 1.150055955550502915e+02 3.127132640865264790e+01
1.119810260000000000e+02 2.986763200000000040e+01 1.035882522928988436e+02 1.718275803271486879e+01
1.090113900000000058e+02 1.594006100000000004e+01 1.318017743591558144e+02 3.072326031444830008e+01
1.073996900000000068e+02 2.886654499999999857e+01 9.412785912519075282e+01 1.644489751059743554e+01
9.488523999999999603e+01 3.360560600000000164e+01 1.059366340877744790e+02 1.086130801921430589e+01
1.216861899999999963e+02 5.113725999999999772e+00 1.086092005852461426e+02 1.568163535750353077e+01
9.941939999999999600e+01 5.308472000000000079e+00 1.125673438584193917e+02 1.833430717203051330e+01
1.067624600000000044e+02 2.577194400000000130e+01 1.250805031302559769e+02 6.396916309734142381e+00
1.218883199999999931e+02 1.257749699999999926e+01 1.251314356711070275e+02 2.490628705144830590e+01
1.039407649999999990e+02 1.002263800000000060e+01 9.377863379726173321e+01 2.168633636952867505e+01
1.129650599999999940e+02 1.078936599999999935e+01 1.136408263226105646e+02 2.827954494386095163e+01
1.304161799999999971e+02 1.597442700000000038e+01 1.323325328283405611e+02 1.846699159823460556e+00
1.003017040000000009e+02 2.323865999999999943e+01 1.090979561184636424e+02 2.489797348988937387e+01
1.056286400000000043e+02 2.796617300000000128e+01 1.201490629328969533e+02 1.985456110230052218e+01
1.290811199999999985e+02 1.133759300000000003e+01 1.052699937112544433e+02 2.824380448760473072e+01
1.158468500000000034e+02 2.654724699999999871e+01 1.287261919995366952e+02 2.871071145660049240e+01
1.237547799999999967e+02 1.402938000000000018e+00 9.464639707320519335e+01 3.063120789343427930e+01
1.003601900000000029e+02 6.202410999999999675e+00 1.372133763316686270e+02 2.499593656448478640e+01
1.092710799999999978e+02 1.336278599999999983e+01 9.632052029169449270e+01 9.095264768660610288e-01
1.262763199999999983e+02 1.215531000000000006e+01 9.451425599000761224e+01 2.751349281640323952e+01
1.180868300000000062e+02 8.296312000000000353e+00 1.183441060483256280e+02 1.100825900981780947e+01
1.060613900000000029e+02 3.150582100000000096e+01 1.201598909497895988e+02 2.858363759795160775e+00
9.694570000000000221e+01 1.687334399999999945e+01 1.139965818897362908e+02 1.633323279942786854e+01
1.092301300000000026e+02 1.388265000000000082e+00 1.252767476186045030e+02 4.744959014424998678e+00
9.229735599999999351e+01 1.949507300000000143e+01 1.185704160991209335e+02 1.422635080830768395e+01
9.940874999999999773e+01 1.305378200000000000e+01 1.372190028508743467e+02 4.860927772719841222e+00
9.981167000000000655e+01 2.547162799999999905e+01 1.300827336879353879e+02 4.542453403119633748e+00
1.082205100000000044e+02 3.116235000000000088e+00 1.226001167607433331e+02 2.964987254121327709e+01
1.182651900000000040e+02 1.205452299999999966e+01 1.339605693551760623e+02 5.665942772630235602e+00
1.220807700000000011e+02 2.383238199999999907e+01 1.181914988149706147e+02 5.368766779537216927e+00
1.066784899999999965e+02 8.027340000000000586e+00 9.920233727736622598e+01 3.188804484442693976e+01
1.240659799999999962e+02 7.754509999999999792e+00 9.506268725415333165e+01 1.630412700468711051e+01
1.116475999999999971e+02 2.947777999999999921e+01 1.108278114982207398e+02 3.288172799339336194e+01
1.051628400000000028e+02 1.601568200000000175e+01 1.341316811994643956e+02 2.665242820746124508e+01
1.039038099999999929e+02 2.730013999999999896e+01 1.330986336173962741e+02 9.691142630694276505e+00
1.239288300000000049e+02 7.131028999999999840e+00 1.009526586080625066e+02 1.839975495953395779e+01
1.117843550000000050e+02 3.318811999999999784e+01 1.216115444712851712e+02 3.277783439524242670e+00
1.292459900000000061e+02 4.137847999999999971e+00 1.023042717517943174e+02 2.088419021310638968e+01
1.149692299999999960e+02 2.266322900000000118e+01 1.179083347223352689e+02 1.388527064596184424e+01
1.364772499999999980e+02 2.120343999999999784e+00 1.093730226730539243e+02 1.858628675756333237e+01
1.082233399999999932e+02 1.948895999999999873e+01 1.206701567864427034e+02 2.557831763342553444e+01
1.096028799999999990e+02 2.265409999999999968e+01 9.322213533714776190e+01 1.910251417375233851e+00
1.060830399999999969e+02 5.075204000000000271e+00 1.149784038989082262e+02 2.694957971680999620e+01
9.286606600000000356e+01 6.433735999999999677e+00 1.258079535400431439e+02 3.366025340899665963e+01
1.237956499999999949e+02 7.412607999999999642e+00 1.254279957639126906e+02 7.054800331541446923e+00
1.073580860000000001e+02 5.845627000000000351e+00 1.378839102448414451e+02 2.929185026764172406e+01
1.013850300000000004e+02 5.791350000000000442e+00 9.856483466425891038e+01 4.637307241175879113e+00
1.276514700000000033e+02 1.503062899999999935e+01 1.165172897604759896e+02 3.479535847703841256e+01
1.066796700000000016e+02 7.535884000000000249e+00 1.195686765146075174e+02 2.805073105014477264e+01
1.324789299999999912e+02 1.566821200000000047e+01 1.035506981038275001e+02 1.414402419254673582e+01
9.665582999999999458e+01 3.197328999999999866e+01 9.459358351433841960e+01 2.043288708953033250e+01
9.897129999999999939e+01 1.955711399999999855e+01 1.050555814726484130e+02 1.033248373914148921e+01
1.042875439999999969e+02 1.675788000000000011e+01 1.351383736819738033e+02 2.801433713921542434e+01
1.134066899999999976e+02 2.294010199999999955e+01 1.257344329408334715e+02 1.003713579371716591e+01
1.242183150000000040e+02 2.629088000000000136e+01 9.790487709873588074e+01 4.598203118415944424e-01
1.210114200000000011e+02 2.978116199999999836e+01 1.315408144956614080e+02 5.644856751494687686e+00
1.183045350000000013e+02 1.970592500000000058e+01 9.308934404729284040e+01 2.255318746041945843e+01
1.251190799999999967e+02 3.508843000000000156e+00 9.206426828991072853e+01 1.351348749238900560e+01
1.118793399999999991e+02 2.173621999999999943e+01 1.232735995801089217e+02 1.327858202964101153e+01
1.325071299999999894e+02 3.182958000000000176e+00 1.325553843844738253e+02 3.133856459371377312e+01
1.085017849999999981e+02 2.128969999999999985e+01 9.798217340243284923e+01 2.672369095814363504e+01
1.256887399999999957e+02 2.777485499999999874e+01 9.250849642775457937e+01 3.121033467437738196e+01
1.259025960000000026e+02 8.412031000000000702e+00 9.626699929362636965e+01 3.300984716375602090e+01
1.192735749999999939e+02 1.863693999999999917e+01 1.288584643769099500e+02 1.425566390630455693e+01
1.060215299999999985e+02 3.060406000000000049e+01 1.088589046627894419e+02 8.531312086031617170e+00
1.321269700000000000e+02 2.966490999999999989e+00 1.001552848394703119e+02 2.473716497269161252e+01
1.333230000000000075e+02 1.215278799999999926e+01 1.016729811419878899e+02 3.239581350714914976e+01
1.331738100000000031e+02 1.710335399999999950e+01 1.111727700938897385e+02 1.557525859869486951e+01
1.004663800000000009e+02 2.924779099999999943e+01 1.060739943086370971e+02 2.499501272529547791e+01
1.175795600000000007e+02 5.611371000000000109e+00 1.251991827379908102e+02 1.817967437852960444e+01
1.286331199999999910e+02 8.588366999999999862e+00 1.206861318603735072e+02 1.700755510445067387e+01
1.290645299999999907e+02 1.239838499999999932e+01 1.140649204352845913e+02 6.935494074002458653e+00
1.294410000000000025e+02 2.921653200000000083e+01 1.243942069598419664e+02 3.418271356270937389e+01
9.227044999999999675e+01 7.180528999999999940e+00 1.093747954687238604e+02 1.647085225341017178e+01
1.225021299999999940e+02 2.699719199999999830e+01 1.319443866369181535e+02 1.998251072511135717e+01
1.194749450000000053e+02 3.442628000000000021e+00 1.072338796079958740e+02 2.513755734439341438e+01
1.104863299999999953e+02 2.858129299999999873e+01 1.282665338036699438e+02 2.756340845456274380e+01
1.081480499999999978e+02 2.939423800000000142e+01 1.342836009697588224e+02 1.539126462621012514e+01
1.124240099999999956e+02 2.294134899999999888e+01 1.192173238600158527e+02 3.026693043226243063e+01
1.001120700000000028e+02 3.238637500000000102e+01 1.376225869881673702e+02 1.881459387460754584e+01
1.084680560000000042e+02 1.681018399999999957e+01 1.158548284834643738e+02 1.065900772606456393e+01
1.346411899999999946e+02 1.026627900000000082e+01 1.110007696091119698e+02 3.753251741048473367e+00
1.074754400000000061e+02 1.089594899999999988e+01 1.242283470537612686e+02 2.393085254086541624e+01
1.167256500000000017e+02 2.093230000000000146e+01 1.163380055081127580e+02 2.291789588506377484e+01
1.296366999999999905e+02 1.288157499999999978e+01 1.057864022900056966e+02 3.260802207587862256e+01
1.274336799999999954e+02 5.681447999999999610e+00 9.734808660938813318e+01 2.434231068383445873e+01
1.003582999999999998e+02 2.007404500000000169e+01 1.324460608957560908e+02 3.956626712880319641e+00
1.118623300000000000e+02 1.493086300000000044e+01 1.100091993924816620e+02 9.690562092946011674e+00
1.040388099999999980e+02 2.273069800000000029e+01 1.311467691962307072e+02 2.835976960327120722e+01
1.126016500000000065e+02 1.711163499999999971e+01 1.070980469892780178e+02 4.761843452964939161e+00
1.285662100000000123e+02 1.856218499999999949e+01 1.030956042786027069e+02 1.991358634742843492e+01
1.153253600000000034e+02 2.193689499999999981e+01 1.310548893617449266e+02 9.129276884183980201e+00
1.295547799999999938e+02 1.619976000000000127e+01 1.027246634454098597e+02 5.994654593520622576e+00
1.043324360000000013e+02 3.222833599999999876e+01 1.108574247426025323e+02 2.991594331987414890e+01
1.055051500000000004e+02 2.869513999999999854e+01 1.034690045369926423e+02 9.487478916250511318e+00
9.787903599999999926e+01 2.704211799999999855e+01 1.170756581505513765e+02 5.237267251108335131e+00
1.285246099999999956e+02 8.549483999999999639e+00 9.873341957104588573e+01 1.040125825993506403e+01
1.002940300000000065e+02 2.053976400000000169e+01 1.034170099351887728e+02 1.244997750606765230e+01
1.080927049999999952e+02 1.663354700000000008e+01 1.069915457402088066e+02 2.414929616720168681e+01
9.806082999999999572e+01 1.700191900000000089e+01 9.454133488735577373e+01 3.471374656336362818e+01
1.150612100000000027e+02 2.330619199999999935e+01 9.528748552624087154e+01 1.486302857325933324e+01
1.338926400000000001e+02 1.374230400000000074e+01 1.344533991220361884e+02 5.189953513495392912e+00
1.065015499999999946e+02 2.745592699999999908e+01 1.313723368124059050e+02 3.798079412618776907e+00
1.015988300000000066e+02 1.442102200000000067e+01 1.230911962738741323e+02 2.242916160813581783e+01
1.074296650000000000e+02 4.943573999999999913e+00 1.001673715132504867e+02 2.982722500661881071e+01
9.546621000000000379e+01 1.610011700000000090e+01 1.293371499392538055e+02 5.763613654708835909e+00
1.199698300000000017e+02 1.242413400000000046e+01 1.197519375178998189e+02 1.704947751151273394e+01
1.195968249999999955e+02 1.992211299999999952e+01 1.164417683280084646e+02 6.678560697355329090e+00
1.376184800000000052e+02 1.351674500000000023e+01 1.008724245537222117e+02 2.801699524835414223e+01
1.236827799999999939e+02 7.704500000000000348e+00 1.353242759122484244e+02 1.360607634568589130e-01
1.218254000000000019e+02 4.371687999999999796e+00 1.332949300543883169e+02 1.126677637406364729e-01
9.784082999999999686e+01 2.707178299999999993e+01 1.112338982130202112e+02 9.726490946948938898e+00
1.067415100000000052e+02 2.775080900000000028e+01 1.251960013922241046e+02 1.338370614511056989e+00
9.479399999999999693e+01 2.222920399999999930e+01 1.009758942766555236e+02 3.523371015393963024e+00
1.182681050000000056e+02 5.761924999999999741e+00 1.280979928573632947e+02 4.410725865095873388e+00
1.007371399999999966e+02 2.470236600000000138e+01 1.015068050132125705e+02 2.137136596477870576e+00
1.282690399999999897e+02 1.507000900000000065e+01 1.276223951105977790e+02 1.943274444689911817e+01
9.321741500000000258e+01 2.734300199999999847e+01 9.377035074227509881e+01 1.069280765725297222e+01
1.057207899999999938e+02 6.388937000000000310e+00 1.328425543092355952e+02 3.009385807460834172e+00
1.095199900000000071e+02 2.535725599999999957e+01 1.071011893847612981e+02 1.493870536999025234e+01
9.375951999999999487e+01 5.335786999999999836e+00 1.218203919603474787e+02 2.799461352029401340e+01
1.015174399999999935e+02 2.652536600000000178e+01 1.283861099532817605e+02 5.500465574162838323e+00
1.131172600000000017e+02 3.900424000000000113e+00 1.368143275613748528e+02 3.270714910456506175e+01
1.329613999999999976e+02 9.990607000000000681e+00 1.292135851992558742e+02 1.193261786335747532e-01
1.064269500000000050e+02 1.623254999999999981e+01 1.080373603580138848e+02 9.761684140593157366e+00
1.366002000000000010e+02 2.353372600000000148e+01 1.329612074915335711e+02 8.353063030305738934e+00
1.139736300000000000e+02 3.053206000000000131e+01 1.297997099070966840e+02 6.070529448591790000e+00
1.202923300000000069e+02 1.427440499999999979e+01 1.136137665131236929e+02 8.421975573348314370e+00
1.336111899999999935e+02 1.554583700000000057e+01 1.178350485049483893e+02 2.206819534801515559e+01
1.139474799999999988e+02 1.840344800000000092e+01 1.249419912841732980e+02 9.444466692244738226e+00
1.116914900000000017e+02 1.667273899999999998e+01 1.004331906268598686e+02 2.921972370252447959e+01
1.261416849999999954e+02 2.764416500000000099e+01 1.333623053581096940e+02 2.073642101466172960e+01
1.190509339999999980e+02 3.018608700000000056e+01 1.117736459062189027e+02 1.306359015359836029e+01
1.033669500000000028e+02 2.366564999999999941e+01 1.301288451490472653e+02 3.642800914650346389e+00
1.180082500000000039e+02 7.897013000000000282e+00 1.142473006474656501e+02 8.919049510587656826e+00
1.094848860000000030e+02 1.771904200000000174e+01 1.279859096688388718e+02 1.831066978097781117e+01
1.001926700000000068e+02 2.105336399999999841e+01 9.812241854002060393e+01 1.099853240613180816e+01
1.081945400000000035e+02 1.628570200000000057e+01 1.299999987424515666e+02 1.879701516555290297e+01
1.357156699999999887e+02 3.125895300000000177e+01 1.295096609932294598e+02 4.946636950152382362e+00
1.132756650000000036e+02 2.208142499999999941e+01 9.418453447234278997e+01 1.054649298800217672e+01
1.155358300000000042e+02 1.622392699999999977e+01 1.279562729807765749e+02 1.716726678599292200e+01
1.335665099999999939e+02 1.182989399999999947e+01 9.474128678961838546e+01 1.942882780310494795e+01
9.677979999999999450e+01 2.492586299999999966e+01 1.053364279724679307e+02 1.571299381137260553e+01
1.090090940000000046e+02 2.143956000000000195e+00 1.249755776211632963e+02 1.191852074582671150e+01
1.151021999999999963e+02 2.461723999999999890e+01 1.306648958542589867e+02 3.452123344586792086e+01
1.102383499999999970e+02 1.642134899999999931e+01 1.103812434344571329e+02 6.852271910503153762e+00
1.216885450000000048e+02 2.590928999999999860e+01 1.326220660082509539e+02 2.624973607961203825e+01
1.008096900000000034e+02 1.563741100000000017e+01 1.025225426446592962e+02 6.807359581662212555e+00
1.021893000000000029e+02 2.534525299999999959e+01 1.370776736380067859e+02 1.129552422716610316e+01
1.034398300000000006e+02 1.943669999999999831e+01 1.339049514015179057e+02 2.811895864150221769e+01
1.274859500000000025e+02 2.643822899999999976e+01 1.272273168270840102e+02 1.607135399781950724e+01
1.263779140000000041e+02 1.207870400000000011e+01 9.783782946992728569e+01 1.079783565653930211e+01
1.206544499999999971e+02 1.271279400000000059e+01 1.265221052848070826e+02 1.045169877408322812e+01
1.238390100000000018e+02 2.922833299999999923e+01 1.350832587168146688e+02 2.185693197328128612e+00
9.881056999999999846e+01 3.213821999999999690e+01 1.367464202874322154e+02 2.693890920624842522e+01
1.266689800000000048e+02 1.227758900000000075e+01 1.247345978859934945e+02 1.363891774366044096e+01
1.240774600000000021e+02 2.988545999999999925e+00 1.216538247423062984e+02 1.013707021645174500e+01
1.248270700000000062e+02 4.432827999999999768e+00 1.374396238156734853e+02 8.011912553681266758e+00
1.190807700000000011e+02 3.056827399999999884e+01 1.262985061637518811e+02 2.621417808992922716e+01
1.014060060000000050e+02 2.798674199999999956e+01 1.144343532612243024e+02 1.740726657171314073e+01
1.234103000000000065e+02 1.101651599999999931e+01 1.099025825624599264e+02 3.002394356655577567e+01
1.377753099999999904e+02 1.232100499999999954e+01 9.875434185859599268e+01 1.512321998203477413e+01
1.285267200000000116e+02 1.431049299999999924e+01 9.802139570502633603e+01 3.000700067715273178e+01
1.081513700000000000e+02 3.198137499999999989e+01 1.072255774479169048e+02 2.753049883627774008e+01
