1.020575599999999952e+02 3.032312399999999997e+01 1.037429000045136576e+02 5.075346745538516835e+00
1.353151900000000012e+02 1.279140499999999925e+01 1.338889615190457221e+02 9.572671969528611768e+00
1.053509449999999958e+02 9.028912999999999300e+00 9.237872794357936357e+01 2.649650755713968309e+01
1.309324000000000012e+02 9.878012000000000015e+00 9.446973829323232508e+01 1.770292388885854606e+01
1.299299300000000130e+02 1.610754400000000075e+01 1.027641158681128815e+02 1.791604829722960801e+01
1.013219799999999964e+02 1.577685499999999941e+01 1.364110175868042916e+02 5.841985425801087928e+00
9.953991000000000611e+01 1.765159200000000084e+01 1.038651386797051259e+02 9.315876415943824540e+00
1.073470499999999959e+02 1.714681799999999967e+01 1.098433910479240154e+02 2.661977276618672761e+01
1.047176599999999951e+02 4.703091999999999828e+00 1.098406651592500083e+02 2.941305628329924815e+01
1.008948800000000006e+02 1.652329800000000048e+01 9.367504688194432561e+01 8.689954049560324023e+00
1.179312000000000040e+02 9.954869000000000412e+00 1.238355304912161898e+02 8.497176936907006706e+00
1.134008259999999950e+02 2.899073999999999884e+01 1.366680056863985726e+02 2.826841373974285077e+01
1.028629600000000011e+02 1.609947599999999923e+01 9.942854024414597802e+01 1.728995258872710217e+00
1.181114039999999932e+02 1.644512699999999938e+01 1.260931551360683613e+02 1.869860246290504335e+01
1.000685000000000002e+02 2.550993300000000019e+01 1.294476306736711138e+02 3.371128813124646939e+01
1.030680899999999980e+02 2.392125499999999860e+01 1.355079641081152602e+02 1.932835829027892416e+01
1.197064500000000038e+02 1.762339400000000111e+01 9.923494182543340969e+01 1.000187321314415101e+01
1.357005499999999927e+02 1.938025700000000029e+01 1.092165539640916734e+02 5.603631985927580494e+00
1.101911099999999948e+02 1.101826999999999934e+01 1.287826203895786534e+02 1.059675799228503124e+01
1.063787499999999966e+02 2.825092300000000023e+01 9.500442751775699435e+01 3.081940789510101419e-01
1.080707699999999960e+02 1.541756700000000002e+01 1.299185380802200029e+02 2.313894421944960555e+01
9.515203999999999951e+01 1.569428800000000024e+01 1.295807273280123866e+02 1.923574998726839880e+01
1.117577739999999977e+02 2.046753999999999962e+01 1.099811279736510414e+02 3.347811675426331846e+01
1.034372900000000044e+02 1.659929699999999997e+01 1.258067781067225042e+02 1.627013797779017779e+01
1.148044000000000011e+02 2.044948799999999878e+01 1.152370721763574011e+02 4.973449445355401899e+00
1.303382699999999943e+02 1.019772700000000043e+01 1.331492350589879265e+02 1.035012747531856458e+00
1.175999999999999943e+02 1.023433799999999927e+01 1.255159392626306385e+02 2.814025256294307908e+01
1.195463639999999970e+02 2.841035700000000119e+01 9.964947176036093879e+01 3.082117852592369900e+01
1.183520900000000040e+02 1.158915299999999959e+01 1.048186995297318873e+02 2.023975638616628459e+01
1.324488800000000026e+02 9.132956999999999326e+00 9.618370741357001918e+01 2.612377155669127760e+01
1.087034450000000021e+02 1.879413800000000023e+01 1.323321747844590277e+02 5.653739454896570926e+00
1.355842399999999941e+02 3.165399999999999991e+01 1.172521431349385921e+02 1.389024810365706308e+01
1.063896100000000047e+02 3.912881000000000054e+00 1.127651936279680882e+02 1.579244734226486102e+01
1.078730850000000032e+02 3.194168000000000163e+01 1.242241723649676572e+02 7.552695128965957849e+00
1.272875200000000007e+02 3.735890000000000044e-01 1.011493716316714711e+02 3.071810328724614436e+01
1.135055600000000027e+02 1.730492999999999881e+01 1.027957145275873643e+02 1.539642561170076007e+01
1.277506199999999978e+02 9.857113000000000014e+00 1.063103962775399509e+02 3.396752135458076793e+01
1.040049199999999985e+02 2.438359600000000071e+01 1.174724409717520359e+02 2.690644963685292268e+01
1.292556600000000060e+02 1.137209400000000059e+01 1.078168766340042737e+02 2.449780003381047422e+01
9.312736999999999910e+01 1.080105299999999957e+01 1.265624742454585885e+02 2.299697370371449168e+01
1.255835950000000025e+02 1.142485399999999984e+01 1.332196591353875874e+02 6.917198187691085742e+00
1.130844799999999992e+02 1.852679300000000140e+01 1.099200905957479364e+02 1.229566018056564403e+01
1.006795400000000029e+02 2.482919000000000054e+01 1.364428990361970762e+02 2.616944952430857185e+01
1.237617400000000032e+02 2.570814499999999825e+01 1.250614723339385961e+02 4.228738219880773253e-01
1.197646199999999936e+02 2.030460199999999915e+01 9.889409297938478005e+01 8.340204295097160880e+00
1.209112899999999939e+02 7.267337999999999631e+00 1.162092640221149509e+02 1.595299227789181273e+01
1.262176500000000061e+02 1.077972399999999986e+01 1.201577691305842990e+02 2.595462385024412910e+01
1.201075060000000008e+02 6.985503999999999714e+00 1.147134900137056661e+02 1.122966639541657763e+01
1.232222500000000025e+02 1.022940900000000042e+01 1.156589428557643373e+02 1.780661593266533060e+00
1.192039699999999982e+02 8.441069999999999851e+00 1.210105670380873448e+02 1.708123719122296791e+01
1.293635400000000004e+02 1.894171000000000049e+00 1.254588870882404592e+02 8.849822435977227286e+00
1.221725399999999979e+02 1.971065000000000067e+00 1.246825540462952802e+02 3.137668176369602335e+01
1.060799499999999966e+02 9.110470000000000512e-01 1.360067454022584741e+02 2.799102380676800905e+01
1.064971539999999948e+02 2.229241000000000028e+01 1.111271380130899473e+02 1.862756053740724482e+01
1.289265900000000045e+02 1.218157399999999946e+01 9.444716450506231809e+01 2.598919478819353479e+00
1.346648600000000044e+02 1.416948599999999914e+01 1.329207181230185597e+02 9.409534409128140098e+00
1.273446660000000037e+02 1.365026600000000023e+01 9.888556943250726761e+01 2.681660421334964184e+01
1.204627899999999983e+02 7.529904000000000153e+00 1.240001473501885840e+02 1.797288633376980371e+01
1.007646940000000058e+02 2.517087599999999981e+01 1.254974549207771730e+02 3.089024847534735230e+01
1.207382000000000062e+02 1.915753600000000034e+01 1.153235593290015544e+02 2.276705376175231521e+01
9.974796999999999514e+01 3.379717300000000080e+01 1.345847796520729389e+02 1.738739867195171129e+01
1.061328350000000000e+02 2.596210900000000166e+01 1.008961529318870589e+02 1.949814002955345771e+01
1.006493899999999968e+02 1.672829600000000028e+01 9.267249348116706642e+01 1.396467688095836124e+01
1.065502599999999944e+02 6.022739999999999760e+00 1.085182113687897356e+02 2.752733335301883599e+01
1.215274660000000040e+02 9.855489999999999640e+00 1.232166813493230961e+02 2.801339396781326485e+01
1.165043500000000023e+02 1.716985000000000028e+01 9.768122204824798871e+01 3.016106174579953247e+01
1.089955800000000039e+02 1.639875599999999878e+01 1.080379327073910645e+02 1.087748700061387241e+00
1.121128999999999962e+02 1.959123999999999910e+01 9.424578711740166170e+01 1.819656752377024134e+01
1.061745300000000043e+02 2.465655100000000033e+01 1.295917658469934395e+02 1.620857925547073464e+01
1.013173800000000000e+02 1.780067999999999984e+01 1.368796245861350371e+02 1.818109189033308937e+01
1.067377000000000038e+02 2.727607499999999874e+01 1.335448049082664284e+02 3.976660969301275550e+00
1.048228900000000010e+02 3.249645600000000201e+01 1.107541577210790535e+02 1.018831580101220702e+01
1.056316000000000059e+02 1.004083999999999932e+01 1.075778770297365980e+02 1.445248447802883618e+01
1.230936200000000014e+02 4.996221000000000245e+00 9.351529559218037946e+01 1.025269390955422466e+01
1.099067840000000018e+02 1.686253999999999920e+01 1.238769766821543925e+02 1.939906984211566865e+01
1.269099199999999996e+02 8.830450000000000799e+00 1.125953065992313356e+02 2.994075738498655426e+01
1.024364300000000014e+02 2.697588299999999961e+01 1.316439065652478462e+02 3.067566449738159307e+01
1.164321900000000056e+02 1.890602499999999964e+01 1.355657931953264210e+02 1.779804849820300916e+01
1.344861300000000028e+02 1.449819800000000036e+01 1.161694661642495419e+02 3.199906088036629370e+01
1.112859399999999965e+02 7.286299999999999999e-01 1.096147715915733869e+02 2.535288360309984057e+01
1.239107999999999947e+02 6.146923000000000137e+00 1.038037871840179776e+02 5.761667982593040804e+00
1.337603000000000009e+02 1.258384500000000017e+01 1.339547128714895052e+02 2.050401908897227443e+01
1.359555699999999945e+02 2.916656499999999852e+01 1.169145663013432710e+02 1.959925116609677787e+01
1.308442000000000007e+02 8.125244999999999607e+00 1.113842111656901324e+02 5.524069725019109534e-01
1.098809700000000049e+02 2.526983800000000002e+01 1.247499812171392080e+02 8.308710531669770916e+00
1.210841450000000066e+02 2.834050999999999831e+01 1.065153241807601319e+02 1.108290969745666743e+01
1.216335140000000052e+02 1.368565999999999949e+00 1.029840274989454372e+02 2.941483849824470909e+01
9.981171000000000504e+01 2.392927600000000155e+01 1.346006546525396175e+02 1.136129626382266800e+01
1.293298800000000028e+02 7.388890000000000180e-01 1.170881214834146391e+02 1.937162482682417775e+01
1.164053499999999985e+02 1.685597999999999885e+01 1.085659450522766036e+02 2.338401325170302059e+01
1.063184499999999986e+02 2.189414199999999866e+01 9.854845490500416361e+01 3.326828752508987463e+01
1.286794999999999902e+02 1.162912799999999969e+01 1.123781350528077780e+02 1.131546238182653141e+01
1.140301000000000045e+02 2.309675000000000011e+01 1.370238763387766028e+02 9.207695404827436647e+00
1.182392499999999984e+02 2.503325500000000048e+01 1.198723953390634591e+02 1.450977318175721109e+01
1.174418639999999954e+02 1.991549499999999995e+01 1.312112609767870595e+02 2.542156582536645004e+01
1.017952350000000052e+02 1.828858599999999868e+01 1.302061465633725277e+02 6.928168589953192402e+00
1.289122600000000034e+02 1.145462200000000053e+01 1.287718187911817722e+02 2.169345581480941476e-01
1.274308900000000051e+02 1.213617600000000074e+01 1.341321744687249975e+02 3.562033892339272478e-01
1.323020500000000084e+02 3.039486999999999828e+00 9.640866491219914280e+01 4.907443844659676202e+00
1.004711900000000071e+02 2.451955200000000090e+01 1.316002115963203210e+02 7.719588149706568814e-01
1.014903900000000050e+02 3.396592700000000065e+01 9.369252647285154012e+01 1.521032692561261435e+01
9.462124000000000024e+01 2.250560199999999966e+01 9.647495094771943513e+01 1.184294217087918533e+01
1.015828300000000013e+02 3.012794999999999845e+01 1.281880127955527655e+02 2.306374291547447797e+01
1.045020300000000049e+02 3.012155500000000075e+01 9.277748231800904932e+01 1.398886258129769544e+01
1.150682749999999999e+02 1.918149599999999921e+01 9.315092449603680791e+01 5.229320316707020133e+00
1.363643999999999892e+02 1.274971000000000032e+01 1.018776917850072152e+02 1.942456919870007681e+01
1.035757499999999993e+02 1.086949599999999982e+01 9.414439645170368465e+01 1.179665478585244287e+01
1.028035200000000060e+02 2.750330200000000147e+01 1.235916348490610233e+02 1.322393143420090311e+01
1.115640259999999984e+02 1.853575000000000017e+01 1.081227405840338633e+02 7.790484017050595789e+00
1.030357699999999994e+02 2.493956400000000073e+01 1.141554787517893743e+02 8.090546106863879317e+00
9.686450000000000671e+01 3.287660000000000338e+01 1.222646922411973947e+02 2.303824471823140740e+01
1.120615540000000010e+02 2.049053999999999931e+01 1.047908325499762299e+02 5.527031760473067656e+00
1.006064200000000000e+02 2.769523600000000130e+01 1.288429293053349625e+02 8.950070653255828290e+00
9.793104999999999905e+01 2.979559499999999872e+01 1.231869448636891491e+02 1.088296554435100916e+01
1.026750949999999989e+02 3.487172699999999992e+01 1.050519230302978997e+02 3.107899374544556181e+01
1.279676800000000014e+02 9.560188000000000130e+00 1.055401388090185719e+02 2.323061303630458596e+00
1.232273500000000013e+02 4.342469000000000356e+00 1.142724965679468170e+02 1.165726085039419324e+01
1.159619799999999969e+02 3.274969500000000266e+01 1.116201409862277387e+02 2.921432715528180513e+00
1.067997500000000031e+02 2.827483199999999997e+01 1.190796512030804593e+02 3.216638757691099926e+01
1.211260759999999976e+02 1.171536500000000025e+01 1.009127767829789661e+02 2.743353733679124051e+00
1.165112840000000034e+02 2.327571899999999872e+01 9.436583635494825728e+01 2.670636251023345054e+01
1.102149799999999971e+02 2.830182999999999893e+01 1.162233807807148196e+02 1.017835380514391019e+01
1.365753499999999860e+02 3.356936300000000273e+01 1.008112404300032097e+02 9.100962542640717245e+00
1.222981000000000051e+02 3.382558000000000220e+01 1.109836392986757403e+02 1.283151232623681715e+01
1.210716900000000038e+02 6.892971000000000181e+00 9.474167218149321457e+01 2.131185369242895433e+01
1.064823149999999998e+02 3.252676000000000123e+00 1.008262600743448445e+02 5.638022751971918822e+00
1.010540500000000037e+02 1.139439199999999985e+01 1.308363152689106244e+02 4.939464752761293376e+00
1.281656299999999931e+02 6.427754000000000190e+00 9.574410962396891023e+01 3.472871120688868274e+01
9.974071999999999605e+01 1.632757600000000053e+01 1.029380330428427612e+02 5.504977259136753176e+00
1.110863800000000055e+02 2.956343499999999835e+01 1.263430236951244012e+02 9.502993007677314807e+00
1.189205999999999932e+02 1.653125000000000000e+01 1.275009672852583549e+02 2.869662573601247502e+01
1.047877660000000049e+02 2.743140400000000056e+01 9.838868604683267449e+01 2.162379153105110419e+01
1.020971899999999977e+02 2.676877800000000107e+01 1.212521993447094673e+02 2.562344394204881581e+01
1.240100000000000051e+02 1.279410900000000062e+01 9.915552432802695648e+01 1.457460873429658932e+01
9.893878999999999735e+01 2.680315399999999926e+01 1.029162644704870502e+02 3.480645651944100649e+01
1.332452999999999861e+02 2.728622999999999799e+00 1.181722948203387915e+02 1.983214494390227856e+01
1.162961800000000068e+02 2.799809799999999882e+01 9.633659750640536856e+01 3.047703923337261589e+00
1.021120999999999981e+02 2.292310000000000159e+01 1.115032581044928577e+02 1.753446034775232576e+01
1.092677800000000019e+02 3.181741999999999848e+00 1.033060478120574857e+02 1.327371577077436982e+01
1.129178600000000046e+02 2.190700100000000106e+01 1.264524087547450648e+02 2.218568722978899999e+01
1.219842399999999998e+02 1.118587100000000056e+01 1.378871627177842925e+02 2.926660088542242022e+00
1.180108199999999954e+02 1.392753899999999945e+01 9.296433861881594396e+01 2.795254457292444172e+01
1.222112300000000005e+02 1.084067199999999964e+01 1.079893401197434457e+02 1.771346670495812958e+01
1.295191499999999962e+02 3.220691300000000012e+01 1.252746413850327372e+02 2.941983809475265943e+01
9.359354000000000440e+01 1.516930999999999941e+01 1.141334663174123421e+02 2.899009097398646517e+01
1.327581000000000131e+02 3.298633999999999844e+00 1.208500468340572240e+02 2.451364826093105265e+01
1.325039999999999907e+02 4.645293999999999812e+00 1.291876917529320394e+02 2.636363294797073564e+01
1.131231460000000055e+02 2.764571000000000112e+00 1.329550982710295557e+02 8.343592958478827981e+00
1.008899150000000020e+02 2.474351700000000065e+01 1.019771223977471948e+02 3.182936103922610371e+01
1.239427000000000021e+02 2.807401000000000035e+00 1.178450533744935456e+02 2.595217122099297313e+01
1.044894199999999955e+02 3.404343999999999681e+01 1.097506002019760274e+02 1.197545482551568163e+01
1.324696399999999983e+02 1.699832699999999974e+01 9.709752658315035490e+01 2.720836513758388975e+01
1.063444439999999958e+02 3.975452000000000208e+00 1.231931429384357557e+02 2.323622999404924450e+00
9.996817000000000064e+01 2.509249700000000161e+01 1.114038312705966689e+02 2.617946720774529012e+01
1.327039000000000044e+02 1.584810399999999930e+01 1.370230326903217701e+02 1.566809247169130970e+01
1.283993499999999983e+02 1.234091600000000000e+01 1.021784326963864231e+02 3.442027805853523859e+01
1.140009500000000031e+02 2.463463799999999893e+01 1.330434093967388378e+02 3.419329467323821348e+01
1.307908799999999871e+02 1.009277999999999897e+00 1.166770318994455806e+02 3.238553187877685957e+01
1.140755900000000054e+02 8.455011999999999972e+00 1.361090318370843875e+02 5.463431904201315525e+00
1.291512099999999919e+02 1.286193699999999929e+01 9.513147680812237184e+01 2.066887472064619047e+01
1.039862200000000030e+02 2.419322400000000073e+01 9.636198362583266430e+01 3.295384585201297512e+00
1.328286300000000040e+02 1.854412800000000061e+01 1.045801741646402547e+02 2.978142321980153540e+01
1.279924850000000021e+02 1.403315199999999940e+01 1.189276822556026758e+02 1.700172746994906348e+01
1.222376000000000005e+02 3.524550000000000183e-01 1.182847329361048168e+02 1.640791190118955356e+01
1.358888900000000035e+02 4.520160999999999873e+00 1.257528042182885741e+02 2.138155943079543420e+01
1.235097959999999944e+02 2.681490999999999847e+00 9.825949145860246858e+01 2.584454632514098193e+01
9.987552999999999770e+01 8.232086999999999932e+00 1.064649871077277794e+02 2.587593317435846885e+01
1.069558300000000060e+02 3.322021000000000157e+01 1.073413089460695886e+02 2.171616592927147948e+01
1.202229399999999941e+02 1.300534999999999997e+01 1.357342122022755007e+02 2.978745461318487386e+01
1.305737499999999898e+02 2.831986999999999810e+00 1.164736993651245740e+02 1.578405814812966312e+01
1.099410100000000057e+02 2.527390700000000123e+01 1.188023273039529499e+02 2.061830814283019464e+01
1.093217539999999985e+02 1.300310099999999913e+01 9.437984037318562969e+01 6.838052507998737539e-02
9.448524500000000614e+01 1.358393900000000087e+01 1.354134405840606519e+02 3.809111919867869567e+00
1.366617899999999963e+02 1.230031400000000019e+01 1.012568721060087853e+02 2.123847573113826925e+01
1.154087799999999930e+02 2.365899500000000089e+01 1.215124907850730835e+02 4.680074917438670212e-01
9.942723999999999762e+01 2.273704499999999840e+01 1.075182205721990698e+02 3.317786836466362388e+01
1.063831100000000021e+02 8.929643999999999693e+00 1.360314308991972325e+02 3.210626547984429635e+01
1.023049299999999988e+02 2.800608000000000075e+01 1.023259505621706893e+02 6.148478059691038666e+00
1.325118699999999876e+02 7.074665000000000425e+00 1.375416760535238723e+02 3.223663583136782762e+01
9.397973000000000354e+01 1.450080900000000028e+01 1.070516917330938185e+02 1.524554542641130972e+01
1.127789899999999932e+02 1.603903199999999885e+01 1.315871954163613964e+02 2.061595726015500318e+01
1.200522399999999976e+02 3.491102000000000061e+01 1.147307846436160901e+02 1.357230245085406395e+01
1.213342499999999973e+02 2.617049000000000181e+00 1.144823635899535503e+02 4.919319503063642962e+00
1.123576999999999941e+02 3.279659999999999798e-01 1.371348100675490969e+02 3.378854650099045642e+01
1.209513000000000034e+02 1.574554299999999962e+01 1.070993794559247334e+02 4.639312030457790392e+00
9.977344999999999686e+01 2.670044899999999899e+01 1.372373867221694468e+02 1.949154811010528343e+00
9.808326999999999884e+01 2.820190200000000047e+01 1.019271566484388671e+02 3.457703584694981203e+01
1.118345640000000003e+02 2.392749999999999877e-01 1.176363819997137341e+02 1.850270435710065797e+01
9.844208500000000583e+01 2.976761600000000030e+01 1.073066177488186952e+02 1.259413682406596813e+01
1.073123599999999982e+02 2.557497199999999893e+01 1.091709870976235948e+02 3.304818715746314695e+01
1.179488199999999978e+02 1.651808199999999971e+01 1.330510075886257653e+02 2.558152496395991182e+00
9.882135999999999854e+01 3.069462800000000158e+01 1.215591030230936269e+02 7.814812719990404055e+00
1.360862600000000100e+02 1.322449800000000053e+01 1.192969121891856901e+02 1.989305781239664483e+01
1.053158899999999960e+02 1.049280700000000088e+01 1.257963527167919722e+02 3.855178362649109403e+00
1.078898599999999988e+02 1.824183700000000030e+01 1.163422536599152437e+02 2.688014135693800455e+01
1.015794000000000068e+02 7.872015000000000207e+00 1.326918317083719216e+02 3.238233375914977330e+01
1.215120100000000036e+02 3.517780999999999825e+00 1.180382131094950182e+02 1.173099970453941232e+01
1.219884500000000003e+02 2.734084500000000162e+01 9.615849810386733054e+01 2.287993014417889981e+01
1.324894099999999924e+02 1.522223000000000104e+00 1.052878266530816518e+02 7.325923812596632168e+00
1.009060400000000044e+02 2.837463199999999830e+01 1.281584435701867619e+02 7.358945721776788407e-01
1.207063399999999973e+02 1.393922799999999995e+01 1.007458540670132408e+02 4.632977659954898186e+00
1.255556260000000037e+02 1.372629099999999980e+01 1.154833004954933813e+02 2.022633938610121618e+01
1.094431699999999950e+02 2.603854600000000019e+01 1.172522196993125050e+02 7.580377566007530987e+00
1.356722699999999975e+02 1.789586800000000011e+01 1.191875383971575388e+02 2.525012749894203878e+01
1.269610100000000017e+02 1.226305200000000006e+01 1.361575705868791033e+02 2.797759577870259307e+01
1.084516140000000064e+02 7.152399999999999869e-01 9.448906516101682485e+01 7.128402870916138667e+00
1.120762000000000000e+02 7.865459999999999674e-01 1.248422462901684611e+02 3.301403449228519360e+00
1.276204900000000038e+02 1.005807899999999933e+01 1.268336488689944161e+02 1.506602230458958935e+01
1.252770199999999932e+02 1.020389400000000002e+01 1.103147341324033164e+02 2.574008956283300975e+01
1.081589000000000027e+02 1.194670699999999997e+01 1.037789677909384523e+02 5.993300658392413993e+00
1.210836500000000058e+02 1.404887100000000011e+01 1.292715155630662025e+02 2.538820652474294448e+01
1.004917399999999930e+02 3.001473800000000125e+01 1.068334117019806655e+02 2.782315036203817726e+01
1.222444500000000005e+02 8.908201999999999288e+00 9.440460705883440085e+01 8.374690863705769317e+00
1.065750199999999950e+02 2.890432200000000051e+01 1.309322627290304695e+02 2.826270652991455634e+01
1.068052100000000024e+02 1.683014100000000113e+01 1.171918405351059960e+02 8.877107336291256701e+00
1.139231400000000036e+02 3.106367300000000142e+01 1.291463651409416968e+02 2.276989129755257935e+01
1.365897199999999998e+02 8.289113999999999649e+00 1.073192540898776031e+02 2.350682607961959647e+01
1.221295800000000042e+02 8.650660999999999490e+00 9.720632329373306391e+01 2.835411746736878236e+00
1.312442299999999875e+02 1.030026800000000087e+01 1.294145091736058930e+02 1.975487344037432891e+01
1.221697539999999975e+02 5.261603000000000030e+00 9.315033661630015160e+01 7.476384855658245954e+00
1.349519999999999982e+02 1.169487200000000016e+01 1.357056040153830168e+02 1.984995054209330334e+01
1.045286559999999980e+02 2.332880600000000015e+01 9.249078130929258634e+01 1.017590042924436133e+01
1.148769499999999937e+02 6.728119999999999656e-01 1.212530305602613936e+02 2.609348080481115417e+01
1.088749899999999968e+02 2.917879299999999887e+01 1.116824555092525912e+02 5.875591609601742427e+00
1.225421139999999980e+02 1.088495900000000027e+01 1.274296795926669859e+02 1.274139084433994817e+01
1.289106299999999976e+02 7.094847999999999821e+00 1.363705288559676490e+02 1.351418632826132082e+01
1.111686299999999932e+02 3.224828000000000117e+01 1.352186479120105673e+02 7.138599770068295491e+00
1.082274599999999936e+02 2.717001000000000133e+01 1.032603427626977464e+02 2.308741319957810489e+01
1.219563600000000037e+02 4.037063999999999986e+00 1.194065401066448686e+02 3.295804783557208406e+00
1.331978300000000104e+02 1.207540099999999939e+01 1.363326142907150995e+02 3.262365315236876029e+01
1.005264739999999932e+02 1.630819999999999936e+01 9.963800497629553377e+01 3.026426675452254855e+01
1.105762799999999970e+02 1.713849599999999995e+01 1.025883529938813012e+02 2.312578125453557121e+01
1.196812299999999993e+02 2.088022600000000040e+01 1.066734604242088409e+02 1.043589414596695875e+01
1.264986999999999995e+02 2.455890000000000128e+01 1.169325987983005319e+02 1.151539847711933362e+01
1.198241399999999999e+02 4.847177000000000291e+00 9.873513383684257860e+01 9.578799075256311468e+00
1.309361900000000105e+02 8.523167000000000826e+00 1.328896499665294471e+02 2.667277874915571889e+00
1.251748699999999985e+02 2.681115199999999987e+01 9.297722434370864164e+01 2.066967485991884956e+01
9.609209400000000301e+01 1.652753299999999825e+01 1.347555589488491705e+02 2.878662357078641421e+01
1.125423660000000012e+02 2.072739999999999938e+01 1.142901088569960280e+02 1.218377237990560147e+01
1.146143200000000064e+02 2.004928200000000160e+01 1.001234334443674356e+02 3.189873960935772956e+01
1.138388060000000053e+02 1.427283199999999930e+01 9.737439987677636566e+01 1.461764855140859076e+01
1.346454300000000046e+02 1.258279899999999962e+01 1.009146327330143578e+02 3.017391940446576726e+01
1.078804999999999978e+02 1.347900000000000098e+00 9.328306378211838990e+01 2.825547115086625993e+01
9.369768000000000541e+01 1.855701600000000084e+01 1.243568223546693616e+02 1.437620807751736862e+01
1.188353800000000007e+02 2.132730300000000057e+01 1.086690030852337969e+02 1.666088789943839643e+01
1.284304700000000139e+02 1.899298699999999940e+01 1.079497683332724733e+02 1.970245729650157784e+01
9.579921000000000220e+01 1.503351199999999999e+01 1.084473908761411280e+02 9.543755968304372672e+00
1.034781339999999972e+02 1.418773999999999980e+01 1.163832584023438415e+02 9.992361674357837842e+00
1.012301199999999994e+02 1.617340499999999892e+01 1.252029889468078068e+02 2.211422429111934918e+01
1.148470839999999953e+02 1.232656199999999913e+01 1.253404855215683824e+02 9.168166703129660533e+00
1.212094600000000071e+02 1.131169599999999953e+01 1.119882022229955680e+02 3.158492453227052366e+01
1.374745599999999968e+02 3.138292099999999962e+01 9.498067232815847660e+01 3.795463406786396376e+00
1.158584060000000022e+02 1.987986000000000075e+01 1.268513701156184368e+02 2.182145319637893266e+01
1.029471499999999935e+02 1.203110299999999988e+01 9.887074234769259817e+01 2.474295870960553145e+00
1.294755900000000111e+02 2.914704899999999910e+01 1.214289377203847664e+02 3.444772453563001591e+01
1.055329299999999932e+02 8.244474999999999554e+00 1.338784663130101080e+02 1.988160116371376773e+01
9.699267600000000300e+01 3.332831000000000188e+01 1.020222318343810741e+02 3.473147305267018226e+01
1.074369499999999960e+02 2.925465799999999916e+01 1.351675462270407309e+02 3.444785848848967191e+01
1.252033899999999988e+02 9.675684000000000395e+00 1.155261131663965273e+02 2.842496880167893369e+00
1.286229600000000062e+02 3.030732499999999874e+01 1.207035813400308655e+02 5.346210827149835865e+00
1.286900599999999883e+02 1.486477799999999938e+01 1.241665636016874998e+02 1.918663690381588083e+01
1.294016699999999958e+02 5.396980000000000111e-01 1.265928958573784939e+02 2.767509107274336344e+01
1.148343050000000005e+02 2.582363300000000095e+01 1.104517622835989670e+02 3.334542240041733940e+00
1.114416300000000035e+02 1.862790100000000137e+01 1.105146326497218610e+02 5.940326555194667790e+00
1.041200560000000053e+02 2.495909899999999837e+01 1.061072783291273680e+02 1.431875281987317905e+01
9.999969000000000108e+01 2.509792300000000154e+01 1.298282134844308189e+02 1.093922695247568377e+01
1.221146700000000038e+02 7.678874999999999673e+00 1.010102421970934898e+02 2.589346253762475847e+00
1.268122939999999943e+02 2.672148999999999930e+01 1.168062348388627356e+02 1.184822146858928349e+01
1.349317599999999970e+02 1.207422299999999993e+01 1.175441171734560299e+02 2.146460433836134385e+00
1.147561599999999942e+02 1.838597100000000140e+01 1.327293647605007436e+02 1.596550221228550726e+01
9.586464999999999748e+01 3.010379999999999967e+01 9.388386557241331332e+01 1.084868166473501461e+01
1.344405199999999923e+02 3.228481299999999976e+01 1.113079057877491209e+02 1.885528936181875004e+00
1.364280100000000004e+02 4.255118000000000400e+00 1.298903726294224725e+02 1.017755766287650943e+01
1.147472199999999987e+02 3.243150700000000342e+01 1.040709620414086629e+02 1.049766876241907454e+01
1.007028959999999955e+02 2.068726699999999852e+01 1.300361505105177855e+02 1.538536211840229306e+01
1.259789300000000054e+02 8.138935999999999282e+00 1.124312028901719600e+02 2.214991205380886541e+01
1.205367660000000001e+02 1.833390400000000042e+01 1.236218827145732035e+02 3.158361589585118878e+01
9.446862000000000137e+01 4.517010000000000192e-01 9.317867229873844792e+01 4.433104295060070754e+00
1.175967899999999986e+02 3.310830700000000348e+01 9.639615431191691641e+01 1.110895396519109823e+01
1.331729400000000112e+02 1.186766300000000030e+01 1.283788123618524537e+02 1.041070028322811858e+01
1.262777600000000007e+02 1.555640400000000056e+01 1.040976013015387593e+02 9.010155336395982317e+00
9.954652400000000512e+01 2.725922600000000173e+01 1.253424913538032683e+02 1.801231061793275856e+01
1.219990200000000016e+02 5.213186999999999571e+00 1.023974721350377735e+02 2.168188997355683867e+01
1.171555249999999972e+02 2.330280700000000138e+01 1.324235332045487326e+02 2.032911242657314688e+01
1.082674300000000045e+02 2.621295500000000089e+01 1.372620112388438542e+02 2.129128984900176036e+01
1.153614500000000049e+02 1.834740400000000093e+01 1.187739475036393912e+02 2.532772055795865995e+01
1.217480850000000032e+02 1.688053000000000026e+00 1.249216185679991895e+02 1.088701483335296238e+01
9.339405999999999608e+01 1.624022300000000030e+01 1.312430988666379221e+02 1.125121081253734623e+01
1.006227399999999932e+02 1.954385600000000167e+01 1.317418212424620663e+02 1.772787788117178920e+01
1.032657399999999939e+02 2.896160700000000077e+01 1.096759105022876213e+02 1.565861196331804805e+01
1.370959000000000003e+02 5.531164999999999665e+00 1.050046032304470458e+02 3.267811181360692530e+01
9.786359400000000619e+01 2.648629000000000033e+01 1.308065974042155517e+02 1.590866689971768722e+01
1.022638800000000003e+02 3.262707999999999942e+01 1.166747287038342051e+02 2.147398070312126706e+01
1.311990399999999966e+02 2.885759999999999881e+00 1.148115383042386952e+02 2.785741220195896872e+01
1.052273249999999933e+02 1.942294899999999913e+01 1.097713152468425051e+02 3.234060965386765929e+01
1.117162550000000039e+02 2.099041700000000077e+01 1.270676386439704686e+02 2.174085078783479119e+01
1.340509999999999877e+02 2.624378400000000156e+01 9.401407253251190355e+01 1.152351489731162815e+01
1.086714099999999945e+02 1.278264599999999973e+01 1.288765810711010147e+02 3.087599919878072896e+01
1.369361299999999915e+02 1.332057299999999955e+01 1.057878744879936619e+02 1.712764727744045246e+01
1.176738359999999943e+02 1.385884099999999997e+01 1.372086217288199919e+02 7.131280645359842296e+00
1.064903999999999940e+02 1.390643999999999991e+00 1.242998331613843561e+02 1.468624256247121274e+01
9.569082000000000221e+01 2.712815700000000163e+01 1.376569296708080117e+02 2.183824399687467732e+01
1.102168700000000001e+02 2.640597199999999845e+01 1.188022023970401051e+02 3.645055582656525628e-01
1.205464199999999977e+02 1.931105200000000011e+01 9.252911765805048105e+01 1.812197766121237308e+01
1.303266000000000133e+02 5.151488999999999763e+00 9.719299948510938236e+01 2.259461581351926540e+00
1.244378499999999974e+02 2.619258100000000056e+01 1.268463560078098737e+02 1.527770258894752864e+01
1.307676400000000001e+02 9.199001000000000872e+00 1.145156112273410827e+02 3.184800119108540528e+01
1.090422400000000067e+02 3.257660000000000000e-01 1.142801469708598461e+02 2.825834637352315326e+00
1.189220300000000066e+02 1.942037399999999892e+01 1.193052847722278216e+02 2.876049689011260213e+01
1.074301300000000055e+02 3.293291500000000127e+01 1.295237045862322134e+02 1.573188692893295126e+01
1.130060650000000066e+02 2.550459999999999994e+01 1.168583034781198648e+02 1.649564702046387765e+01
9.423632999999999527e+01 1.031035299999999921e+01 1.048447314845190022e+02 1.907529029015265820e+01
1.019195560000000000e+02 2.802453799999999973e+01 1.176529838082387016e+02 1.536855316068325816e+00
1.156589100000000059e+02 2.078124199999999888e+01 1.267435637362090119e+02 1.494110557948558871e+01
1.175621500000000026e+02 1.813804400000000072e+01 1.376873309827548724e+02 8.864400210106117228e+00
1.133071060000000045e+02 3.074285100000000170e+01 1.062465748138352382e+02 9.853760079824196438e+00
9.801369499999999846e+01 2.871176499999999976e+01 1.306519543157529597e+02 2.371705588523196084e+01
1.303218400000000088e+02 8.996290000000000120e-01 1.013038848705625696e+02 3.265095434865537527e+01
1.090837899999999934e+02 1.109345000000000026e+00 1.123304699906915118e+02 2.076302224347951864e+01
1.287149499999999875e+02 8.613853000000000648e+00 9.296442382472071131e+01 4.277230177884373319e+00
1.091274599999999992e+02 2.936315300000000050e+01 9.536855624388817887e+01 1.769895845051180316e+01
9.833840999999999610e+01 3.082450000000000045e+01 1.146877599364553078e+02 5.824965161152966253e+00
1.194070700000000045e+02 1.974189399999999850e+01 1.008128850706982860e+02 7.147853766061968095e+00
1.225821150000000017e+02 6.734340000000000437e+00 1.308008177205605875e+02 1.385124462927131006e+01
1.318405300000000011e+02 1.077468200000000031e+01 9.646914841183844658e+01 1.231076837586582151e+01
1.063705499999999944e+02 2.535100999999999871e+01 1.026907199886407085e+02 1.534157766263768430e+00
1.064764899999999983e+02 2.161875300000000166e+01 1.227717238314857582e+02 2.507510225747900279e+01
1.229570539999999994e+02 1.920611999999999986e+00 1.179531130950479394e+02 2.567337464609522257e+01
1.074125099999999975e+02 6.090900000000000425e+00 1.367797020426258996e+02 1.252913918282258265e+01
1.305980999999999881e+02 1.224686600000000070e+01 1.143689271693764482e+02 1.531426324834112052e+01
1.082378199999999993e+02 1.562821500000000086e+01 9.435072116471751258e+01 1.368664522248791116e+01
1.373412800000000118e+02 7.320990000000000553e-01 1.282659734655393038e+02 2.534062680994249206e+01
1.034284499999999980e+02 2.847408899999999932e+01 9.673776703619839168e+01 7.237341479229986163e+00
9.848784999999999457e+01 2.775841000000000136e+01 1.119743423884780213e+02 1.047989061649925802e+01
1.222190400000000068e+02 1.304349299999999978e+01 1.006470639061106738e+02 1.164577012431023961e+00
1.010747149999999976e+02 1.745857799999999926e+01 1.318360457839128799e+02 1.201237957962500680e+01
1.008322600000000051e+02 1.836909500000000151e+01 1.056478144139602193e+02 2.867870619191103287e+01
1.211230850000000032e+02 1.021513700000000036e+01 1.363752714559579431e+02 2.031338913086808873e+01
1.257966299999999933e+02 8.756054999999999922e+00 1.120608187985492066e+02 1.687596369218951509e+01
1.083680499999999967e+02 2.084225800000000106e+01 1.147468994378718889e+02 1.353568995503653483e+01
1.377720300000000009e+02 1.174125100000000010e+01 9.649492976896252117e+01 3.131102370451176142e+01
1.245306700000000006e+02 7.659853000000000023e+00 1.001841155285657408e+02 3.438592334544744489e+01
1.205876159999999970e+02 1.334072899999999962e+01 1.054318580597038988e+02 2.149077013484341236e+01
9.548212999999999795e+01 1.554973200000000055e+01 1.085621587007860711e+02 2.611923489782543939e+01
1.371154999999999973e+02 4.333319999999999950e-01 1.093495418020252714e+02 2.696728673988948000e+00
1.221287399999999934e+02 7.625099999999999767e+00 1.287174894246526549e+02 1.194710391921858594e+01
9.899518999999999380e+01 3.035501000000000005e+01 1.293675154562520504e+02 1.745524540119080825e+01
1.221657000000000011e+02 3.453664999999999985e+00 1.133048103574803491e+02 5.896016653896867687e+00
1.171505300000000034e+02 2.386019699999999943e+01 1.046646669334023727e+02 2.262585977120265568e+01
1.171882999999999981e+02 2.439474999999999838e+01 1.253143865885197101e+02 2.388433244712268788e+01
1.227206500000000062e+02 2.926232000000000166e+00 9.336558860615805600e+01 1.908406593392633610e+01
1.050813700000000068e+02 4.424735000000000085e+00 1.136737070700467029e+02 1.786645599619813041e+01
1.233091349999999977e+02 7.443515999999999799e+00 1.345397038629603230e+02 2.008600634131643048e+01
1.302130600000000129e+02 1.211599499999999985e+01 1.224670403619149681e+02 7.735322344008493944e-01
1.344037299999999959e+02 3.264661399999999958e+01 9.361264386186159925e+01 1.333794493697556227e+01
9.319089999999999918e+01 1.835962900000000175e+01 1.189542331755713462e+02 1.543510218539626777e+01
1.227981199999999973e+02 3.281226699999999852e+01 1.043419407360803604e+02 1.687765554076238672e+01
1.301707000000000107e+02 5.522420000000000107e-01 1.163397846362495187e+02 5.448178673782889447e+00
1.331578700000000026e+02 1.155118900000000082e+01 1.375402295568258353e+02 2.757944037906979773e+01
1.143764000000000038e+02 1.332743100000000069e+01 9.843262010275174134e+01 1.876621313319557061e+00
1.199054399999999987e+02 1.518948900000000002e+01 1.285987812888085671e+02 3.442559158895388549e+01
9.288236999999999455e+01 2.260556000000000054e+01 1.362948150453343885e+02 8.935215764412557382e-01
1.038327500000000043e+02 1.301466800000000035e+01 1.217587362192546863e+02 7.762075954625208274e-01
1.258230060000000066e+02 9.050392999999999688e+00 1.314113369922910124e+02 7.983757785434939080e+00
1.164115599999999944e+02 1.850963399999999837e+01 1.132720438210814962e+02 1.987081361582753658e+01
1.302385099999999909e+02 7.992467999999999684e+00 9.969061635868308713e+01 3.434796914891001052e+01
1.161196300000000008e+02 2.374014299999999977e+01 1.061630860644758485e+02 1.624620332826565772e+01
1.090832599999999957e+02 1.999703000000000008e+00 9.969098167016605316e+01 3.158259358803572070e+01
1.073838200000000001e+02 2.117361000000000004e+01 1.210025203184748364e+02 1.813873720530871836e+01
1.068494100000000060e+02 1.800854100000000102e+01 1.094101630811340442e+02 9.735388331342630153e+00
1.167593700000000041e+02 2.162810899999999847e+01 9.674361940133668725e+01 3.130174980346026814e+01
1.320785700000000134e+02 1.136370800000000081e+01 9.635637687375883331e+01 2.801146673533843057e+01
1.224132840000000044e+02 1.063505699999999976e+01 1.201447301706751887e+02 6.737893260864741052e+00
1.167711800000000011e+02 1.044548600000000071e+01 1.132193663754065369e+02 1.162728207182171936e+01
1.132667699999999940e+02 2.412417599999999851e+01 1.310915715936787933e+02 2.349673811876019869e+01
1.244601700000000051e+02 2.153512000000000093e+00 1.081614529715548656e+02 2.408829552286059794e+01
1.205678249999999991e+02 2.621988100000000088e+01 1.324703207355240409e+02 6.024106173326786440e+00
1.042143250000000023e+02 3.424630400000000208e+01 1.046001340616228532e+02 3.868050117297582968e+00
1.122994499999999931e+02 1.439847999999999928e+01 1.084032583155221090e+02 8.630770396925090182e+00
1.028493699999999933e+02 2.885465800000000058e+01 9.865681412128313355e+01 2.775104458479675174e+01
9.982527000000000328e+01 2.515078700000000111e+01 1.016093941243906329e+02 1.368404087255859380e+01
1.031737439999999992e+02 5.745917000000000385e+00 1.273984648342074166e+02 9.742208760428285430e+00
1.134832399999999950e+02 1.777810300000000154e+01 1.350890697537758172e+02 1.721937349211416191e+01
1.128090440000000001e+02 2.218561000000000050e+01 1.306251113908049888e+02 1.684351150902031335e+01
1.287667099999999891e+02 1.207068300000000072e+01 1.148584064574121300e+02 3.673817038540862612e+00
1.130644759999999991e+02 5.041568999999999967e+00 1.250433416002096294e+02 1.363200994752469697e+01
1.173357539999999943e+02 2.219921099999999825e+01 1.033630205512979217e+02 1.733919536006304440e+01
9.639709999999999468e+01 2.889318000000000097e+01 1.056593727899609121e+02 1.465926733831091688e+01
1.037949100000000016e+02 1.724506999999999834e+01 1.171992194373293756e+02 2.717864103284400912e+01
1.110126900000000063e+02 2.886413999999999902e+01 1.038447389932925660e+02 8.664002650382315096e+00
1.066250150000000048e+02 2.543620000000000214e+00 9.340021746195310470e+01 2.434253226884000476e+00
1.305158500000000004e+02 8.179097000000000506e+00 1.277178488866255321e+02 1.732149272564997489e+01
1.129410900000000026e+02 1.928609799999999908e+01 9.614878533565230612e+01 2.720265783103412360e+01
1.253882700000000057e+02 1.252098200000000006e+01 1.063051843412425512e+02 4.488364625839061262e+00
1.126715200000000010e+02 1.748623999999999867e+01 1.240619396982147293e+02 3.466270057301770180e+01
1.117835000000000036e+02 4.146894999999999776e+00 1.049173648259017142e+02 3.003620909401343653e+01
1.108547200000000004e+02 1.948833799999999883e+01 9.824167285163515828e+01 3.287955556394539514e+01
