3.140849000000000046e+01 4.062901699999999749e+01 1.461906642036444914e+01 6.068775065461863960e+01
2.756224399999999974e+01 4.802433400000000319e+01 6.369165146529148558e+00 3.550647012133521230e+01
3.039706599999999881e+01 5.247428500000000184e+01 3.458726237629431921e+01 4.800443281802854045e+01
4.268843499999999835e+01 5.880199000000000353e+01 2.667404037553790630e+00 3.615269633261736715e+01
3.767678999999999689e+01 3.562928800000000251e+01 1.425783034127148596e+01 6.693459326746730653e+01
2.515089000000000041e+01 6.959747000000000128e+01 3.372201153987064970e+01 3.540686982990968090e+01
2.948149000000000086e+01 5.538801600000000036e+01 3.121151368189163477e+01 3.715090007010098816e+01
2.620334000000000074e+01 5.652613000000000198e+01 1.582974047565980769e+01 6.083333632318770867e+01
2.738343599999999967e+01 3.635428000000000281e+01 3.496049098488061446e+01 5.161569803366190001e+01
4.241102000000000061e+01 6.938985399999999970e+01 3.270817331807291950e+00 6.852210233295555497e+01
4.193101000000000056e+01 5.099340399999999818e+01 5.760377587228530771e+00 4.005772901382007944e+01
2.690281099999999981e+01 3.586659999999999826e+01 3.966548972038091847e+01 5.570954691411983362e+01
1.338759100000000046e+01 5.478294999999999959e+01 4.443598253076935123e+01 4.689355340545466788e+01
4.265365599999999802e+01 5.176737599999999873e+01 6.313482816374408557e+00 6.073673119047926150e+01
2.656410999999999856e+00 5.552497499999999775e+01 3.009328400289409444e+01 6.164053369403102778e+01
1.201374299999999984e+01 5.939693499999999915e+01 2.823730990260374440e+00 5.561523140636145968e+01
1.716041600000000145e+01 4.202801000000000187e+01 2.581651826956934670e+01 3.990946011850604691e+01
4.177955599999999947e+01 4.792054399999999958e+01 4.348699446594994811e+01 5.653201398261478516e+01
3.810731499999999983e+01 3.808632699999999716e+01 1.164532692433655292e+01 6.201450296750979874e+01
1.461216399999999993e+01 5.635692000000000235e+01 4.421804469830290429e+01 4.550176200196065679e+01
3.761019499999999738e+01 4.242291000000000167e+01 4.589658348389281173e+01 6.474230810704511896e+01
2.670815000000000161e+00 5.141639299999999935e+01 1.237906841507199829e+01 5.934019220880955459e+01
2.274924000000000035e+01 5.384718999999999767e+01 3.231652918320020973e+01 5.146879521004183289e+01
2.476857400000000098e+01 3.830488199999999921e+01 1.045042583637877875e+01 3.927260780345629598e+01
1.460647200000000012e+01 5.690053000000000338e+01 1.246563705515376519e+01 6.256576476044865842e+01
1.577910699999999977e+01 4.904657000000000266e+01 9.209262008857204140e-01 6.414018516540471637e+01
4.154355999999999938e+01 6.410099999999999909e+01 3.243922059351754683e+01 6.727107587523474308e+01
6.119261999999999979e+00 4.910499200000000286e+01 3.979698834356365467e+01 5.079032233585313350e+01
1.504237799999999936e+01 6.410210399999999709e+01 1.017964671127717224e+01 6.003357764605854641e+01
3.763485699999999667e+01 5.200806999999999647e+01 1.782494158609466917e+00 6.671148140040631347e+01
2.166530799999999957e+01 4.966210999999999842e+01 1.983617188555061617e+01 4.809305832866905916e+01
3.988503000000000043e+01 5.418994500000000158e+01 1.720580567632746138e+01 4.456904330561184935e+01
4.050164399999999887e+01 6.437727999999999895e+01 2.005727107328488756e+01 6.129875079645597680e+01
2.448983999999999828e+00 5.987508400000000108e+01 1.218127272313870790e+01 4.077111910131607431e+01
1.182230099999999950e+01 5.460882600000000053e+01 2.279787720039977472e+01 6.353673295706644808e+01
1.826121900000000053e+01 3.891745399999999933e+01 3.118117345684030539e+01 6.182536138683688165e+01
7.703439000000000370e+00 6.812961599999999862e+01 1.189800424807715196e+00 5.929216572553964681e+01
1.498079099999999997e+01 4.170803500000000241e+01 1.249161026232434635e+00 6.757168949827416782e+01
4.585573000000000121e+01 5.001910000000000167e+01 1.883515795167572549e+01 5.684777944807972005e+01
3.811621499999999685e+01 5.702847700000000231e+01 4.491433719638767741e+01 3.689236271000698508e+01
1.275949000000000000e+00 5.040732200000000063e+01 2.050722483841818544e+01 5.917862891603901687e+01
4.455226499999999845e+01 4.338027999999999906e+01 3.440389217201233407e+01 5.704915022599809049e+01
3.577092400000000083e+01 3.943465400000000187e+01 1.146626769268261903e-01 4.182047021357905692e+01
3.367631000000000085e+01 4.416268500000000330e+01 3.235818426760997824e+01 4.627703772349187261e+01
1.448131799999999991e+01 5.734082000000000079e+01 2.884438044806186241e+01 5.186125072640103895e+01
2.433743499999999926e+01 5.746827300000000349e+01 3.205880022131240281e+01 5.629823669713897516e+01
1.518427600000000055e+01 3.650966300000000331e+01 5.683789699948471608e+00 4.436792460230232393e+01
9.447857000000000838e+00 6.100621399999999994e+01 1.613382574740828446e+01 6.435500216000306750e+01
1.861857200000000034e+01 4.571632000000000318e+01 2.173179030816066870e+01 6.346564483963848602e+01
8.138958999999999833e+00 5.887785300000000177e+01 2.442747986431311702e+01 5.123575264385964090e+01
4.387977200000000266e+01 4.059535199999999833e+01 2.012647834369971278e+01 4.294750729889602070e+01
1.229472400000000043e+01 5.785528599999999955e+01 2.953292198730059681e+01 4.903065015157206830e+01
1.147961399999999976e+01 5.936996500000000054e+01 1.513521992175851238e+01 6.207525802194498965e+01
8.116940000000000266e-01 6.840770999999999447e+01 7.953620093321865703e+00 5.086810951391110081e+01
4.027568399999999826e+01 5.346336000000000155e+01 3.742142686861760126e+01 4.198650787120124761e+01
1.204120499999999971e+01 5.724673500000000104e+01 1.814584672987916747e+01 5.711928005584790924e+01
4.218086999999999875e+01 5.064628199999999936e+01 1.733066793201626865e+01 4.627442743729160668e+01
1.590143699999999960e+01 5.918668399999999963e+01 4.053819760776337233e+01 5.756673890671162752e+01
1.856991800000000126e+01 4.882682799999999901e+01 2.971538424825990532e+01 4.463771603512834929e+01
2.595387000000000111e+00 5.622023800000000193e+01 4.342459910968076997e+01 5.566451217080619784e+01
9.063480999999999455e+00 5.233923000000000059e+01 1.816578244626984073e+01 5.039695869098811443e+01
3.573833499999999930e+01 5.216803999999999775e+01 3.654246620216352426e+01 6.682150361848908915e+01
1.888938900000000132e+01 5.165296000000000021e+01 3.034956939960002131e+01 3.762941176056666848e+01
1.591282099999999922e+01 3.896981999999999857e+01 2.202925155602062546e+01 6.773301003456687397e+01
6.930100999999999623e+00 4.932079999999999842e+01 2.996309271113476669e+01 4.421421161569954705e+01
5.426651999999999809e+00 5.104739000000000004e+01 4.476282447772563700e+01 5.198969922171262681e+01
1.507446500000000000e+01 5.454809999999999803e+01 3.782048975295685267e+01 6.468932564091480231e+01
2.503682699999999883e+01 3.724097400000000135e+01 1.877324522341019541e+00 4.402413957841307024e+01
8.250394000000000005e+00 6.200380700000000189e+01 6.690638431557905719e+00 5.963754033120804365e+01
3.309278499999999923e+01 5.288000499999999704e+01 3.930397348652925160e+01 4.609828347360497958e+01
1.056301599999999929e+01 5.907921000000000333e+01 1.745735340788132817e+01 6.002164348365725033e+01
1.883284000000000091e+01 4.351474799999999732e+01 9.129421098547950919e+00 4.034563599383231747e+01
2.816203499999999948e+01 5.399354999999999905e+01 3.753469373944623300e+01 5.783765651388625884e+01
4.108551400000000342e+01 4.542605199999999854e+01 4.284496652721708543e+00 4.311856001361214652e+01
4.850017000000000245e+00 4.850082799999999850e+01 6.245817098839507864e-01 6.554105579660051717e+01
2.210940199999999933e+01 3.546170399999999745e+01 3.263788541718800218e+01 5.042220265527339507e+01
3.667219500000000210e+01 4.137001000000000062e+01 5.418002108729413902e-01 3.710032220506058565e+01
9.291878000000000526e+00 6.021866599999999892e+01 2.152296828710855792e+01 4.947414432426402442e+01
2.114305999999999841e+01 4.310028499999999951e+01 3.609700558134024817e+01 3.621894172322242156e+01
4.287133399999999739e+01 5.014114000000000004e+01 1.138931961734614795e+01 5.552051046507290266e+01
2.836670300000000111e+01 6.832810999999999524e+01 3.725253954112112353e+01 5.174225478253909216e+01
9.782237999999999545e+00 5.453354999999999819e+01 1.791074188302396664e+01 6.137099522682353836e+01
1.402747199999999950e+01 5.472702400000000011e+01 3.239816862354251015e+01 5.720397335749019874e+01
3.212254699999999730e+01 6.583066599999999369e+01 1.431500797133765346e+01 5.211299973315890099e+01
2.582378200000000135e+01 6.063582000000000249e+01 1.796759323513929374e+01 6.454787779201157605e+01
3.573116999999999877e+01 5.765273299999999779e+01 1.571053951909309987e+01 4.801482115545596940e+01
3.303834499999999963e+01 4.922323200000000298e+01 1.066446874739529171e+01 5.841906082601029482e+01
3.951232000000000255e+01 6.266030500000000103e+01 3.337583398554900782e+01 4.990269669072722536e+01
3.893357499999999760e+01 5.273726700000000278e+01 4.513354961501577378e+01 4.019877839200091074e+01
1.329279400000000066e+01 4.524612799999999879e+01 1.279615673312101443e+01 5.155661849468572200e+01
3.907248299999999830e+01 6.171650700000000001e+01 2.505303005208093836e+01 6.437715105315594144e+01
3.165490999999999833e+00 5.479666000000000281e+01 1.277766559749692199e+01 6.808246507327478980e+01
1.869069000000000003e+01 5.685184499999999730e+01 4.479423258120712603e+01 6.095333059338038595e+01
5.806896000000000058e+00 5.836661999999999750e+01 3.719796716480187371e+01 6.895999976604468884e+01
1.480263700000000071e+01 6.597293999999999414e+01 4.561807792869404210e+01 3.740506416831219383e+01
1.589990000000000059e+01 4.083497599999999750e+01 3.982213457322517058e+01 6.289737734505334288e+01
2.818986000000000214e+00 5.387167000000000172e+01 2.037840659423703826e+01 6.919952275572697431e+01
4.143897199999999970e+01 4.557254999999999967e+01 5.947179548610480815e+00 4.981217910365059964e+01
4.241403600000000296e+01 5.918175000000000097e+01 4.099798282923499926e+01 4.186968423285950536e+01
2.040858800000000173e+01 4.501469000000000165e+01 4.528138373404544126e+01 6.475168039493534877e+01
1.636617000000000033e+01 5.181973599999999891e+01 1.949104382828936011e+01 5.796801528317889307e+01
1.734387200000000107e+01 3.666249499999999983e+01 3.676649580153280539e+01 6.614768357211499961e+01
1.621991699999999881e+01 3.698929600000000306e+01 2.796336795995812707e+01 6.658265548775109721e+01
3.337870000000000203e+01 6.814159399999999778e+01 9.636761559091686635e+00 6.302313677602573705e+01
4.537825999999999915e+00 5.124821000000000026e+01 3.183181417940509306e+01 6.197472966392940918e+01
1.646816600000000008e+01 6.049651300000000020e+01 3.015701086281433163e+01 5.017368835963105766e+01
3.549851999999999919e+01 4.136945000000000050e+01 4.355731900873907136e+01 6.203319447063483949e+01
2.377868700000000146e+01 4.735770999999999731e+01 4.085112157161749735e+01 5.657288990493105985e+01
1.153839400000000026e+01 5.489689299999999861e+01 2.115592679447217961e+01 5.201242601548477751e+01
1.152502400000000016e+01 5.478191999999999950e+01 1.344048732359309462e+01 6.532210148141032846e+01
1.359838000000000058e+01 5.157827999999999946e+01 3.193339910449622820e+01 6.636806794101174489e+01
1.736998399999999876e+01 5.959009600000000262e+01 2.804225133129440550e+01 5.132256163747798894e+01
4.737674000000000163e+00 3.939408499999999691e+01 2.960898055889336433e+01 5.777858724482084085e+01
2.327441599999999866e+01 6.096310799999999830e+01 2.893713304458234603e+01 3.853560903955322203e+01
4.017575000000000074e+01 4.352619599999999878e+01 3.213728919522798577e+01 6.355245036256952318e+01
7.842927000000000426e+00 5.966224299999999658e+01 2.545613437106613031e-01 6.469774406260111732e+01
4.423760200000000253e+01 4.108593799999999874e+01 3.570033780554122416e+01 4.057470126495800145e+01
2.545573800000000020e+01 3.504720300000000321e+01 4.092411800625404439e+00 5.623932355321052512e+01
1.928472000000000008e+01 5.951088000000000022e+01 2.225624830759841188e+01 4.349010652926342146e+01
1.895891599999999855e+01 6.384127800000000263e+01 2.956886143075417195e+01 6.813876438796194179e+01
4.320056999999999903e+01 4.976563000000000159e+01 3.834300482628215434e+01 6.844294534179124412e+01
2.765665999999999958e+00 6.250459000000000032e+01 4.094242265375388001e+01 5.882998303515197591e+01
4.930530000000000190e-01 6.244571700000000192e+01 3.246030791191621034e+01 5.705173696838267006e+01
3.709942000000000206e+01 5.630762000000000000e+01 1.380184920229609169e+01 3.666348828310051289e+01
1.199676299999999962e+01 5.924573999999999785e+01 1.009493805030389346e+01 4.522842529239656528e+01
3.847637000000000285e+01 4.535535399999999839e+01 1.729847882783159463e+01 5.954419965901603007e+01
3.734930399999999651e+01 4.099488999999999805e+01 1.340683671907161090e+00 4.372069383166248002e+01
1.878148699999999849e+01 5.871880699999999820e+01 3.703517346294561463e+01 5.014563997410013485e+01
9.777056999999999221e+00 6.614091999999999416e+01 4.112400974818535104e+01 3.817642972363901066e+01
2.819861200000000068e+01 5.461393400000000042e+01 7.878693870816951161e+00 6.919313915431064288e+01
4.526735699999999696e+01 4.896455000000000268e+01 1.372811331399703505e+01 6.735430442473997914e+01
3.537763600000000253e+01 3.669556399999999741e+01 4.119157917019562376e+01 6.415943098140161283e+01
4.206835000000000235e+01 4.441762500000000102e+01 2.804151784414789716e+01 6.336856479865879521e+01
3.828636000000000195e+01 4.357527499999999776e+01 1.059557209800022548e+01 5.908816222836708221e+01
3.799981700000000018e+01 4.890085599999999744e+01 4.451522403970211172e+01 4.577611787696643830e+01
2.504934899999999942e+01 5.915915999999999997e+01 2.005510873726466059e+01 4.957657352345942314e+01
2.343892699999999962e+01 5.418700400000000172e+01 1.702545032937731406e+01 4.263954253627801450e+01
1.707133500000000126e+01 5.666542400000000157e+01 1.925942539778957352e+00 3.503197005742821091e+01
4.329437999999999676e+01 4.878723999999999705e+01 4.245854932063966913e+01 4.532213474866098579e+01
1.619154199999999832e+01 5.066434000000000282e+01 1.007304055617327521e+01 6.682660311517423679e+01
1.129526700000000083e+01 6.329623000000000133e+01 3.643848635701495908e+01 3.992166842732911647e+01
1.633725700000000103e+01 5.619579699999999889e+01 1.322279230465698774e+01 6.953532975804991167e+01
1.154576999999999920e+01 5.723457700000000159e+01 2.040597073712128307e+01 3.878398577079946108e+01
2.465796299999999874e+01 5.367492699999999672e+01 2.537453599801588311e+01 3.674237646110496058e+01
2.437430799999999920e+01 4.264974999999999739e+01 2.672740178154850810e+01 6.976448161704848872e+01
2.925828000000000095e+00 6.909365999999999985e+01 2.833517554645847270e+01 6.313234665554304570e+01
1.400631599999999999e+01 5.078443000000000040e+01 1.544180285399802521e+01 5.015417732498697490e+01
9.123061999999999117e+00 6.282880800000000221e+01 1.081643735924540017e+01 6.244450389475273511e+01
2.295298199999999866e+01 6.450052999999999770e+01 1.228002351586846252e+01 5.629013207668700147e+01
1.106544399999999939e+01 5.727572599999999881e+01 1.128395909730797975e+01 5.123041468734484027e+01
1.421734000000000009e+01 5.514513800000000288e+01 2.006864051805103699e+01 3.533530585189392070e+01
1.912055399999999850e+01 5.767318699999999865e+01 2.316937118466161394e+01 4.649127966377849930e+01
1.084190599999999982e+01 6.018229300000000137e+01 4.025844813249948118e+01 6.991692483193060070e+01
4.388095999999999997e+00 6.141528999999999883e+01 2.713024061577162271e+01 4.376648140391076680e+01
8.785565000000000069e+00 5.429687500000000000e+01 4.137015022828201438e+01 4.777391606823734094e+01
3.114416999999999991e+00 5.429412500000000108e+01 2.163817620756734783e+01 4.255318534755774351e+01
1.564140800000000020e+01 4.788031399999999849e+01 3.470822456421525004e+01 5.205881468210355933e+01
2.009473399999999899e+01 5.796891999999999712e+01 1.296469011703141305e+01 5.124134807714882811e+01
5.743799000000000099e+00 6.508179499999999962e+01 2.254652568283172798e+01 3.548886088452992738e+01
8.342302000000000106e+00 6.709614000000000544e+01 3.815105252087198551e+01 5.321031752249007241e+01
4.092120400000000302e+01 6.417640000000000100e+01 1.672561785569032367e+01 6.578737813241248489e+01
2.594866400000000084e+01 6.678055999999999415e+01 8.865237297574282138e+00 5.469976521103134104e+01
2.591426799999999986e+01 4.905017500000000297e+01 1.467527070740854001e+01 6.024961031341692319e+01
4.362464500000000100e+01 3.793874999999999886e+01 8.082535079020489732e+00 6.265130689436770695e+01
3.707959699999999970e+01 5.148483000000000231e+01 4.416037027679891480e+00 3.501902138851649937e+01
3.236693999999999960e+00 6.044221000000000288e+01 4.539923132704937103e+01 4.112931791264635706e+01
2.344557199999999852e+01 6.032480000000000331e+01 2.228186490733071423e+01 3.827677324712036722e+01
8.107670999999999850e+00 6.089752000000000010e+01 2.164461674225236720e+01 5.034031229054674128e+01
1.374759300000000017e+01 4.440596399999999733e+01 2.309585364538124352e+01 4.479234155105550741e+01
7.495398999999999923e+00 6.436939999999999884e+01 2.259450808667456911e+01 4.309723140734739388e+01
3.776319000000000159e+01 4.049521599999999921e+01 1.358462643215496790e+01 3.702461196360027884e+01
2.678280300000000125e+01 3.695114999999999839e+01 1.627515782791464360e+01 4.836314372312964593e+01
5.548391999999999769e+00 4.565305000000000035e+01 1.279585759937777567e+01 4.884502869037649475e+01
1.728610799999999870e+01 6.920991999999999678e+01 1.574765034943911246e+01 3.907293407020985399e+01
1.733273499999999956e+01 4.364893299999999954e+01 7.695383942627357143e+00 6.033292377955910979e+01
4.791161999999999921e+00 5.754554000000000258e+01 2.406932823116357056e+01 4.977922558719156143e+01
2.034913299999999836e+01 5.886168299999999931e+01 1.781944824293339336e+00 3.617800304718101501e+01
8.913596000000000075e+00 6.494965999999999440e+01 4.014676414354287459e+01 5.954661115297506058e+01
1.467177799999999976e+01 5.773542799999999886e+01 2.646867209768258178e+01 5.368020199475587617e+01
1.530063700000000004e+01 3.602707699999999846e+01 3.312073113741286079e+01 5.686155827271278440e+01
3.191590000000000149e+00 5.882735399999999970e+01 4.018590614860443111e+00 4.558690516474915455e+01
4.304643000000000086e+01 3.714912999999999954e+01 1.240400902591805554e+01 5.907779932676355372e+01
3.484821000000000168e+01 5.335891999999999769e+01 3.828139111620228618e+01 4.708158298208427084e+01
2.333440399999999926e+01 4.284572200000000208e+01 1.005809759682303461e-01 5.685396472539665780e+01
1.793926799999999844e+01 5.304739800000000116e+01 7.762893060682562130e+00 4.073797164149790717e+01
2.412726800000000082e+01 6.435965000000000202e+01 1.484039130857910571e+01 3.768579920304274822e+01
5.971942000000000306e+00 6.326541499999999729e+01 8.478601853326795279e+00 4.742073828405553115e+01
2.101255199999999945e+01 5.147966799999999665e+01 6.945768630222598716e+00 5.724466228822517166e+01
4.599398399999999754e+01 5.064596000000000231e+01 4.050869663868868287e+01 6.356709161713814638e+01
2.472912399999999877e+01 6.052721999999999980e+01 3.941296252538973732e+01 5.640885234513074664e+01
2.278309000000000140e+00 6.008339999999999748e+01 3.982351454402810731e+01 5.792402325280112052e+01
2.241394199999999870e+01 5.949081799999999731e+01 3.945564275228535678e+01 4.945727954936120341e+01
1.644122099999999875e+01 4.968412000000000006e+01 1.162924692129544901e+01 6.929141718859060006e+01
3.421444300000000283e+01 5.633475500000000125e+01 1.308232645095795288e+00 5.593601610541339397e+01
2.184437000000000140e+01 6.438705000000000211e+01 1.241159652712646722e+00 4.946397852999120914e+01
2.649867599999999968e+01 5.640153999999999712e+01 7.321045699883928393e+00 3.604375370390302180e+01
6.329129000000000005e+00 3.680866600000000233e+01 1.625027309224691052e+01 5.203367114157924789e+01
7.741817000000000171e+00 4.160178400000000210e+01 1.609113651248011934e+01 5.369911943359141304e+01
1.590551999999999921e+01 4.373169699999999693e+01 3.174183837776813633e+01 6.733154935006456299e+01
4.747728000000000392e+00 5.804616000000000042e+01 3.957891317758932992e+00 6.020805350309055370e+01
2.365939000000000014e+00 6.099974999999999881e+01 4.306613714178329388e+01 5.639563191689926214e+01
2.479910999999999976e+00 6.505331999999999937e+01 3.750226107476407833e+01 5.045146106244339990e+01
1.397349600000000081e+01 3.581828000000000145e+01 8.055991263492165544e+00 4.649627340344594018e+01
1.543543099999999946e+01 4.036592499999999717e+01 4.300837426884521619e+01 4.863732033346804684e+01
1.023534300000000030e+01 5.935090300000000241e+01 2.806026601414576049e+01 6.922585439934586304e+01
2.215020000000000167e+01 5.683286700000000025e+01 4.423057701031162026e+01 6.505298018626763223e+01
4.539128000000000185e+01 5.068228500000000025e+01 4.440161557883836707e+01 4.797055290029410912e+01
4.070667999999999864e+01 6.272796999999999912e+01 8.079032525853829583e+00 6.038739634337377993e+01
3.994542700000000224e+01 5.712681599999999804e+01 2.534810567502170642e+01 5.215175657980507395e+01
7.406789999999999985e+00 5.974472000000000094e+01 7.063065617321468981e-01 3.974245828714798279e+01
1.617995499999999964e+01 4.679462999999999795e+01 2.250141847462376887e+01 3.639669422629064144e+01
1.396907900000000069e+01 5.843611500000000092e+01 4.128549247165315705e+01 5.892691498665801930e+01
4.004395000000000238e+01 4.399806999999999846e+01 4.033376102707005373e+01 5.065976207736356685e+01
3.606507500000000022e+01 4.464204399999999850e+01 1.721859125857001871e+01 4.474968762137773837e+01
2.576320499999999925e+01 5.315726500000000243e+01 1.422456599033882618e+01 4.185616102068035360e+01
2.904558000000000195e+00 5.451090599999999853e+01 2.695754379616625940e+01 4.242400805191120128e+01
3.761818000000000239e+01 4.655321500000000157e+01 2.376226758633657710e+01 3.966191871378239853e+01
3.976872300000000138e+01 4.182928499999999872e+01 3.371509307240125963e+01 5.330593683468666200e+01
4.223050299999999879e+01 4.824970600000000331e+01 2.421956908589573487e+01 4.640180245067679721e+01
2.580251900000000020e+01 5.287455700000000292e+01 7.739517637481534429e+00 3.559135619220297286e+01
2.974889800000000051e+01 5.763965000000000316e+01 8.597677798435309882e+00 4.545427640354937182e+01
4.444030999999999665e+01 4.677908999999999651e+01 4.333209083980975862e+01 4.387707127114158823e+01
1.630300000000000082e-01 4.799763999999999697e+01 2.256971511175569134e+01 6.963672298963273022e+01
1.529484099999999991e+01 5.446101000000000170e+01 3.895760261231834676e+01 5.047817050846401088e+01
5.518631000000000064e+00 3.995818700000000234e+01 3.972146827430740501e+01 4.140993974375848552e+01
3.730768199999999979e+01 5.231282999999999817e+01 2.134797402699401658e+01 3.662497877751692954e+01
3.231607400000000041e+01 4.133830600000000288e+01 3.630705537235679969e+01 4.943562540654325943e+01
2.247894700000000157e+01 6.923373399999999833e+01 3.526303654021593559e+01 4.286121268097677728e+01
2.988736199999999954e+01 5.273558400000000290e+01 2.938105571465694155e+01 6.828286890359566996e+01
1.154741699999999938e+01 4.550878999999999763e+01 2.215521124486872040e+01 3.696153606105141876e+01
2.789372300000000138e+01 5.365411000000000286e+01 4.516863064369849923e+01 4.727355059037707719e+01
3.094522999999999868e+01 4.991616400000000198e+01 2.061670102243921665e+00 5.972330040625559633e+01
4.660190000000000166e-01 6.161782999999999788e+01 1.131447382623930586e+01 4.934617140419658199e+01
4.590393999999999863e+01 4.410218400000000116e+01 1.560932644597593821e+01 4.672170460459808083e+01
1.118388799999999961e+01 5.883819600000000349e+01 1.649892411386438695e+01 5.828370519071013689e+01
4.529326999999999970e+01 4.384725999999999857e+01 4.314035992758713434e+01 6.484234729987926471e+01
3.686227800000000343e+01 3.918325000000000102e+01 2.568063413888174296e+01 4.594938166757300735e+01
3.880069999999999908e+01 3.652320999999999884e+01 2.504582420341886362e+01 6.374872707169416941e+01
2.019312700000000049e+01 6.357387500000000102e+01 2.834668122007524360e+01 3.689410232623367136e+01
1.945882200000000140e+01 4.434779999999999944e+01 4.049422120273831638e+01 4.603093492892186589e+01
1.021738999999999997e+01 3.719040300000000343e+01 2.011941890818119205e+01 3.866277523279606498e+01
1.771556700000000006e+01 5.204643599999999992e+01 1.691254842650247880e+01 5.607125875420042149e+01
3.734517000000000309e+01 4.888995700000000255e+01 6.736923093428295317e+00 5.595420799954153779e+01
2.043900500000000164e+01 4.086438799999999816e+01 2.731719585647640258e+01 6.380037279471842027e+01
2.480800199999999833e+01 4.395277000000000100e+01 4.155136497477743518e+01 5.797600375389201588e+01
4.420453599999999739e+01 4.340173300000000012e+01 2.667223344347283387e+01 3.874311115376440284e+01
1.496122800000000019e+01 3.650019499999999795e+01 1.630353539656750428e+01 3.758377065073871393e+01
1.279189099999999968e+01 4.548408500000000032e+01 3.106672303444052208e+00 4.599191630883103699e+01
1.832833000000000112e+01 6.259794600000000031e+01 1.806415215750801195e+01 3.757421559744374662e+01
1.680643799999999999e+01 5.503429400000000271e+01 1.797958352995714293e+01 3.919351000978997490e+01
1.368329400000000007e+01 5.763781399999999877e+01 4.170188053369498249e+01 6.832300711787704017e+01
1.515436700000000059e+01 5.340621000000000151e+01 2.649929844703990156e+01 5.372094899404952173e+01
2.466761999999999944e+01 6.107224300000000028e+01 1.848000519488505233e+01 3.540551845304959500e+01
1.387270400000000059e+01 3.556823299999999932e+01 2.905936275681851200e+00 5.629977793331337921e+01
1.542130099999999970e+01 4.807432000000000016e+01 4.370156523739566978e+01 4.611921829353193658e+01
1.780761700000000047e+01 5.876729199999999764e+01 3.684175742852123392e+01 3.604469131279241623e+01
2.961089899999999986e+01 5.490640299999999741e+01 4.230037052840442158e+01 6.678236441197924478e+01
2.972828300000000112e+01 5.583885599999999982e+01 3.871120662203998108e+01 5.845796791365513201e+01
6.241300000000000320e-02 6.681692499999999768e+01 3.063325947804188942e+01 3.946134631290458117e+01
1.062628600000000034e+01 4.931256499999999932e+01 3.416160778573517831e+01 3.673009239645507051e+01
3.005353399999999908e+01 5.361134700000000208e+01 1.893555979532737155e+01 3.895798429416775832e+01
2.613117400000000146e+01 4.872957000000000249e+01 3.125611676382319359e+01 6.044253628793376265e+01
1.579499799999999965e+01 4.497953400000000101e+01 7.576275178059057147e+00 3.725981820270256151e+01
4.067368299999999692e+01 4.512512999999999863e+01 1.559292727231255782e+01 4.915371138261561867e+01
1.948550399999999883e+01 6.497793599999999969e+01 1.769143996604270352e+00 3.547054832189146367e+01
4.427252200000000215e+01 4.034404800000000080e+01 4.073448653645987605e+01 4.233950503239234564e+01
3.826961000000000013e+01 5.214033500000000032e+01 2.922056339563711802e+01 4.984437731919852155e+01
1.978250699999999895e+01 5.660644500000000079e+01 2.460527694035656054e+01 6.848651462001404866e+01
2.536109700000000089e+01 5.736187400000000025e+01 3.925730721548742252e+01 4.958878448239291004e+01
4.199839999999999662e+01 5.477158000000000015e+01 5.562649151970413541e+00 6.391475236781950287e+01
3.723375699999999711e+01 4.605458500000000299e+01 2.259224665717971980e+00 4.572666101715848441e+01
1.377569399999999966e+01 3.514602699999999658e+01 1.924392295056219027e+01 5.018962682152209709e+01
4.167210399999999737e+01 4.766912500000000108e+01 1.633079813691023219e+01 5.983357285068525755e+01
1.155016499999999979e+01 5.874340000000000117e+01 3.594474918099330729e+00 5.960008177835223364e+01
4.051774199999999837e+01 4.839182699999999926e+01 2.280184010462392408e+01 6.713922324225038096e+01
1.257836999999999961e+01 4.189283799999999758e+01 3.046914364289411026e+01 4.765535156041950415e+01
1.358955100000000016e+01 4.937272300000000058e+01 1.156925523375521792e+00 4.230652881564277834e+01
1.874387400000000170e+01 4.520773299999999750e+01 2.954113814002303684e+01 5.658207202147876558e+01
2.814271199999999951e+01 5.909845399999999671e+01 3.879834581103588143e+00 6.759411695880810100e+01
1.508210999999999968e+00 4.790751600000000110e+01 1.097140070922591093e+01 6.668847340930685164e+01
1.307688699999999926e+01 6.822938999999999510e+01 3.368880237536025390e+01 3.546960543179429237e+01
1.457427500000000009e+01 5.140321399999999841e+01 4.258132279915059115e+01 3.848571373154118902e+01
1.374290700000000065e+01 3.531032600000000343e+01 3.665248979307922639e+01 3.945912921042363308e+01
