8.693619499999999789e+01 3.656411399999999645e+01 8.757780222928602143e+01 5.485638333911592213e+01
7.745943499999999915e+01 5.897106600000000043e+01 9.114061611763628434e+01 4.648030470613276322e+01
6.529474000000000444e+01 5.300702700000000078e+01 6.238785800760891220e+01 5.099683497418509859e+01
6.441042000000000201e+01 5.155160999999999660e+01 5.930274332639351087e+01 6.250054712693194858e+01
7.830775500000000022e+01 5.541690400000000238e+01 4.715479470043928956e+01 5.713988611366283976e+01
5.336617300000000341e+01 4.647099299999999999e+01 8.636516370967569856e+01 6.921138857895351748e+01
8.956656999999999869e+01 4.467163999999999646e+01 8.183917075827946519e+01 6.974697241520064495e+01
7.430379000000000644e+01 4.396401000000000181e+01 5.611060778198604737e+01 3.971963670589629913e+01
6.608248000000000388e+01 5.590762300000000096e+01 5.167788254793298819e+01 4.822271161597210209e+01
5.653450999999999738e+01 6.000314000000000192e+01 4.893561712722618751e+01 6.906131110731368494e+01
4.775068999999999875e+01 3.836014600000000030e+01 6.704355419149561612e+01 4.104440380332946603e+01
8.061682999999999311e+01 5.918603000000000236e+01 7.568105317830172396e+01 5.361291826385732406e+01
5.082811699999999888e+01 4.560262699999999825e+01 6.729394707024339084e+01 5.691007421658174081e+01
6.463611600000000124e+01 5.428184499999999701e+01 5.161696837234256208e+01 4.787510138792679015e+01
4.807733000000000345e+01 3.790756999999999977e+01 9.080684724052233037e+01 5.056938577958718639e+01
6.697539999999999338e+01 6.363968700000000212e+01 4.667434586481996206e+01 5.296877329742690677e+01
5.388501000000000118e+01 5.712486599999999726e+01 7.778225172630361328e+01 5.225937368343868172e+01
7.284009600000000262e+01 6.049586000000000041e+01 7.688491999890024431e+01 5.222066465366860655e+01
6.313089000000000084e+01 5.214475000000000193e+01 6.637801998934546077e+01 6.515544987294416046e+01
5.076733399999999818e+01 3.719605599999999868e+01 6.701582055027732565e+01 3.800506466149963103e+01
8.957053000000000509e+01 4.948764800000000008e+01 4.754884172719367541e+01 6.285621618014350531e+01
5.401004799999999761e+01 4.541924000000000206e+01 8.694407820882815940e+01 4.383627627855764786e+01
8.999599000000000615e+01 5.482777999999999707e+01 7.199834394258968473e+01 5.289456063309958722e+01
7.233463000000000420e+01 4.200035499999999900e+01 5.633105696302402521e+01 5.445349299736739113e+01
5.682670999999999850e+01 4.389077000000000339e+01 5.712584543342931909e+01 3.706703014758278414e+01
8.982984000000000435e+01 5.302496299999999962e+01 5.614323350862446205e+01 6.147786392226646512e+01
5.130496600000000029e+01 5.294500699999999682e+01 5.693647145874105320e+01 4.309902281512042066e+01
5.513156000000000034e+01 6.075578000000000145e+01 7.838221751556771721e+01 5.182994954441420532e+01
7.513997999999999422e+01 6.129621000000000208e+01 5.627099232455363875e+01 5.465502246701747424e+01
7.175524000000000058e+01 6.097810700000000139e+01 5.582547195991126188e+01 6.867878722413450987e+01
6.052741600000000233e+01 5.478904299999999949e+01 4.924696386582388641e+01 4.052006160767485454e+01
6.421460000000000434e+01 4.855725000000000335e+01 5.096260334247214274e+01 4.804681939651879219e+01
6.629274999999999807e+01 6.353835699999999775e+01 8.938750457112890047e+01 6.910680909698268692e+01
9.043658399999999631e+01 4.903705599999999976e+01 6.532712434320895056e+01 6.516682190395671626e+01
4.672376599999999769e+01 6.962304000000000315e+01 8.888171148642581443e+01 5.696984522329462663e+01
8.726282500000000653e+01 4.679518999999999807e+01 8.763880808611335738e+01 5.472441822582467807e+01
5.413719999999999999e+01 6.657320400000000404e+01 7.823837988328732251e+01 6.024565068817885560e+01
5.286663999999999675e+01 5.036919000000000324e+01 8.481109280266497308e+01 6.119015517996025721e+01
6.673151400000000422e+01 6.244692200000000071e+01 8.529374444069696892e+01 6.369069684702292022e+01
6.354970999999999748e+01 6.169022799999999762e+01 8.706144048830057613e+01 4.338044399654005190e+01
5.755927700000000158e+01 5.955747600000000119e+01 5.941233048427807972e+01 4.058680608424984371e+01
6.524366000000000554e+01 5.117226399999999842e+01 8.545544902490590289e+01 5.423183987272685158e+01
5.339562000000000097e+01 4.819332500000000152e+01 5.428791780362534780e+01 3.706158539910815364e+01
5.429485999999999990e+01 4.884084000000000003e+01 4.738353876501874140e+01 6.764746861629322439e+01
4.796895599999999860e+01 4.215628000000000242e+01 8.803999438749880824e+01 5.100287888331190800e+01
4.746859700000000259e+01 6.730271000000000470e+01 7.937339645049192427e+01 6.866873793891738842e+01
7.121519499999999425e+01 6.740169500000000369e+01 7.697574769840178988e+01 5.883950250235144352e+01
6.612401599999999746e+01 6.489065999999999690e+01 6.939677597848394441e+01 6.111775106213055153e+01
7.759128599999999665e+01 6.280809399999999698e+01 4.641340613239599122e+01 3.819032687527631964e+01
4.704746999999999701e+01 4.864985999999999677e+01 6.552635854259298753e+01 4.213861037347980698e+01
4.670871700000000004e+01 6.377425999999999817e+01 5.554240992462118243e+01 4.668209090056097921e+01
7.948573000000000377e+01 4.482542399999999816e+01 6.946778572890590908e+01 5.195908811141102035e+01
6.587040000000000362e+01 5.346339400000000097e+01 4.889262068773241765e+01 3.577206456527658673e+01
8.765320599999999729e+01 4.874345000000000283e+01 7.013623998927158709e+01 6.398704128780765643e+01
8.573838999999999544e+01 6.890942400000000134e+01 5.901468923518596910e+01 6.497285935989879135e+01
6.360340999999999667e+01 4.678952000000000311e+01 7.406376368484076522e+01 4.773745176402253065e+01
8.780607999999999436e+01 3.907204000000000121e+01 6.588318894254004476e+01 5.378155803212970909e+01
6.007629000000000019e+01 4.632620200000000210e+01 5.212990594962484181e+01 3.681001397254939178e+01
7.797402999999999906e+01 3.943486000000000047e+01 5.839335403984171080e+01 4.727797842334628342e+01
8.155437000000000580e+01 4.750036999999999665e+01 5.050351996743140148e+01 3.798098127235832777e+01
8.512422999999999718e+01 4.689227999999999952e+01 4.737220458402778434e+01 4.862180806555674195e+01
7.961629999999999541e+01 6.026303999999999661e+01 5.195588755531638014e+01 4.557132588806866380e+01
7.188934999999999320e+01 4.769791399999999726e+01 5.757797205800898155e+01 4.254041753115593849e+01
7.637748999999999455e+01 6.877970000000000539e+01 5.098701552628402567e+01 3.995311424509110765e+01
6.579370000000000118e+01 5.309502400000000222e+01 4.833507450606625611e+01 5.260201204909047590e+01
8.737299000000000149e+01 4.577764499999999970e+01 6.033426433298214420e+01 4.402315969381586314e+01
7.865295999999999310e+01 6.845534499999999412e+01 7.574589067847870183e+01 4.088615742961992083e+01
7.929738600000000304e+01 5.334486799999999818e+01 6.132362319874536638e+01 3.509816597846073449e+01
4.841457400000000177e+01 6.508395000000000152e+01 7.026181734639993692e+01 4.669844613567219938e+01
5.144386699999999735e+01 5.034185399999999788e+01 4.723408041793904033e+01 5.181304054570687612e+01
6.510826000000000136e+01 6.686397599999999386e+01 8.896079781052458202e+01 5.867559410934772757e+01
5.637333000000000283e+01 5.604807300000000225e+01 6.298428640652350197e+01 4.148217956832496611e+01
5.408736999999999995e+01 4.822462500000000318e+01 5.121495699360394127e+01 6.277863829837817633e+01
5.177651600000000087e+01 4.928925000000000267e+01 6.054031919486350688e+01 5.942626952758543268e+01
5.240546400000000204e+01 5.145674499999999796e+01 8.677898214212464723e+01 5.265634780560164785e+01
5.059288999999999703e+01 3.766018700000000052e+01 6.949291563445162012e+01 6.867772570032701651e+01
5.979800000000000182e+01 4.706063999999999936e+01 8.413370074442795499e+01 4.727498174608765424e+01
5.192617800000000017e+01 5.019215799999999916e+01 7.845798678354552180e+01 4.900830897928538121e+01
5.134787000000000035e+01 5.054391499999999837e+01 7.714640340481088288e+01 4.866884164634325316e+01
8.315384000000000242e+01 4.671061999999999870e+01 7.250807344743421368e+01 3.806461169435254277e+01
6.506362000000000023e+01 4.932741999999999649e+01 6.586605511758071430e+01 3.626799884344781333e+01
6.137015999999999849e+01 5.204327399999999670e+01 5.136927603869619929e+01 4.706040616553399758e+01
7.580970000000000653e+01 3.922681800000000152e+01 6.695106427705925967e+01 4.417331002864993650e+01
7.498845000000000027e+01 4.247617300000000284e+01 9.007804797597944457e+01 5.739242422336036498e+01
7.694061000000000661e+01 6.262098699999999951e+01 7.786656882917424127e+01 6.413652840505011454e+01
6.426962000000000330e+01 5.232027999999999679e+01 7.627628035519059324e+01 4.061351401474045986e+01
6.902935999999999694e+01 4.476595999999999975e+01 7.039011071280157239e+01 4.962960048039199989e+01
8.433438999999999908e+01 3.928714000000000084e+01 5.436143157952500360e+01 5.911865506210051535e+01
6.911271000000000697e+01 6.574755000000000393e+01 5.460841586391034497e+01 6.937347289833584796e+01
5.493115600000000143e+01 5.014291399999999754e+01 7.103552706485349688e+01 4.974322368045061182e+01
5.042887000000000342e+01 4.562337500000000290e+01 5.171490139676298980e+01 5.098710143725629251e+01
5.547576000000000107e+01 4.883494999999999919e+01 5.054318788340636104e+01 4.904839352115986628e+01
6.735670500000000516e+01 5.041149000000000058e+01 8.035559734466511372e+01 4.727418753710551869e+01
5.097951499999999925e+01 3.850401300000000049e+01 8.307911540145880736e+01 6.524767157005075546e+01
5.508444200000000279e+01 4.897662400000000105e+01 6.070655211897475567e+01 3.516343342231911606e+01
8.377172000000000196e+01 3.864419999999999789e+01 7.190016455928189032e+01 4.359312696882965099e+01
5.852781300000000186e+01 3.578958500000000242e+01 8.655062686960084761e+01 5.384838469484742518e+01
6.521056000000000097e+01 5.167953500000000133e+01 7.758580918280966898e+01 6.949900732041260198e+01
7.429716500000000678e+01 4.987426399999999660e+01 4.868716387915303301e+01 3.788163619674576665e+01
5.817465200000000181e+01 4.617281700000000200e+01 6.488178757869587798e+01 3.554181062130059843e+01
6.146526300000000020e+01 6.553976000000000113e+01 4.919462737337385505e+01 6.803958862137849906e+01
6.310660000000000025e+01 4.440919000000000239e+01 6.170872493781109824e+01 4.397290210502319496e+01
5.024912599999999685e+01 5.350117500000000348e+01 5.014914545589802941e+01 5.930030270072620624e+01
8.173636999999999375e+01 6.784996999999999900e+01 5.348527603191771362e+01 4.359494222369757921e+01
8.324456000000000699e+01 4.588488799999999657e+01 7.806270120027087955e+01 6.045968742355174186e+01
6.970458000000000709e+01 6.621998999999999569e+01 8.215081010520142968e+01 4.450335999998426217e+01
6.632321000000000311e+01 4.732898699999999792e+01 4.784816727218740340e+01 3.542294948146770395e+01
6.306450699999999898e+01 6.159660999999999831e+01 8.218154879976088978e+01 5.181502908138949692e+01
8.506038999999999817e+01 4.297482699999999767e+01 6.261848004444345861e+01 4.227836904774046189e+01
5.203767400000000265e+01 5.395211400000000168e+01 5.014694535212366588e+01 5.189668536140852950e+01
8.180530000000000257e+01 4.721235000000000070e+01 8.693397239890569494e+01 5.995485561815683440e+01
5.724527400000000199e+01 4.383981699999999648e+01 4.992172719750263354e+01 4.897795733955774722e+01
4.800569000000000131e+01 6.700045000000000073e+01 7.962396279192628867e+01 6.982373968560867183e+01
7.410056000000000154e+01 6.981937999999999533e+01 7.150695902850534935e+01 5.888776352252421020e+01
5.285132200000000324e+01 4.104751000000000261e+01 5.905227818959661334e+01 5.037860017276243241e+01
5.432242999999999711e+01 4.623212000000000188e+01 5.360157736550011975e+01 5.778494157934724029e+01
6.587717999999999563e+01 6.489995600000000309e+01 8.333668412602925457e+01 4.915960151523257338e+01
7.364605000000000246e+01 4.980917699999999826e+01 5.700871846395578757e+01 6.721142307679258465e+01
5.115114200000000011e+01 5.064909000000000106e+01 5.089592273136724998e+01 4.029585193429358725e+01
8.325369999999999493e+01 3.672957000000000249e+01 5.736671908009328291e+01 4.993179362211859740e+01
7.528866999999999621e+01 4.319194399999999945e+01 7.939580499274133274e+01 3.926920388650110283e+01
6.831180600000000425e+01 6.317746400000000051e+01 7.659677927887989313e+01 6.042608412738412937e+01
5.257021999999999906e+01 3.671679699999999968e+01 8.180522533326573864e+01 5.039261810833927768e+01
7.885416999999999632e+01 3.529026000000000352e+01 8.167643488682199404e+01 3.608172179026973936e+01
6.471316500000000360e+01 5.324251000000000289e+01 5.715308135246773702e+01 4.119682772234494905e+01
7.771747999999999479e+01 3.798879600000000067e+01 6.945539400836648269e+01 6.347687755468797377e+01
7.085715000000000430e+01 6.628178400000000181e+01 6.673617108061340275e+01 4.920726824959003665e+01
8.373717499999999347e+01 4.802160299999999893e+01 5.499341577760112898e+01 3.611251571470133115e+01
8.431788000000000238e+01 4.659002999999999872e+01 5.808953865295489294e+01 3.925442559512296015e+01
9.178313400000000399e+01 5.558882499999999993e+01 6.775400413660680954e+01 6.889585485601111259e+01
7.476890000000000214e+01 4.465210700000000088e+01 8.632283006664236780e+01 4.901203650383498456e+01
7.851379000000000019e+01 3.546386300000000347e+01 7.322452502099142180e+01 5.704455756192704996e+01
8.485718500000000120e+01 6.800350000000000250e+01 6.551257066797373341e+01 3.559554272151710563e+01
6.066823600000000027e+01 4.825421000000000049e+01 7.220168800256801944e+01 6.253321221333541757e+01
9.003839000000000681e+01 5.072025000000000006e+01 5.786230987683859439e+01 6.516538251630255729e+01
8.650522599999999329e+01 4.590870699999999971e+01 8.554935424070826855e+01 5.754708271767492533e+01
5.694366000000000128e+01 5.793184000000000111e+01 7.667722159044399177e+01 6.145347385658881478e+01
7.194462000000000046e+01 6.180628200000000305e+01 5.244207481711443108e+01 5.181941671995870990e+01
7.332840000000000202e+01 4.723649600000000248e+01 8.330965007247158383e+01 3.836513342959801065e+01
7.357657000000000380e+01 5.390614000000000061e+01 7.118842220946514487e+01 4.474922620712801091e+01
6.158970999999999663e+01 6.606143000000000143e+01 5.665772207764361923e+01 6.733802261714365045e+01
6.352276200000000017e+01 4.916449699999999723e+01 6.110627758169056278e+01 4.788557903219611944e+01
8.259461000000000297e+01 4.808888999999999925e+01 6.001191534564107855e+01 4.100622134924017814e+01
8.295906999999999698e+01 5.851885000000000048e+01 5.276789446431591557e+01 6.342111061635311842e+01
8.006259000000000015e+01 6.192871499999999685e+01 7.639187119858502228e+01 6.467183569339701421e+01
8.968140400000000056e+01 5.168910199999999833e+01 5.445280450863792510e+01 4.400450784554896444e+01
5.430799499999999824e+01 4.715450299999999828e+01 6.897032977165788736e+01 6.525033224939434717e+01
7.354685000000000628e+01 6.983608999999999867e+01 6.983629338949052112e+01 4.591526077405142559e+01
6.417624999999999602e+01 5.623000700000000052e+01 8.275820004863908252e+01 5.311327609746254552e+01
7.109244999999999948e+01 6.140245399999999876e+01 5.824645263012477869e+01 6.985169446977295138e+01
5.532318000000000069e+01 4.998246400000000023e+01 5.173557638637888090e+01 6.793007859703479312e+01
8.742462999999999340e+01 3.743291500000000127e+01 5.008023990182471152e+01 3.885450425130705554e+01
5.031473499999999888e+01 4.109745999999999810e+01 8.544322234085237255e+01 6.526031535471065581e+01
6.880440500000000270e+01 5.972476000000000340e+01 6.385888880173496318e+01 6.132302226940221601e+01
5.662628600000000034e+01 5.514053299999999780e+01 8.005709963344270363e+01 5.796434023857564455e+01
5.423397400000000346e+01 3.584526400000000024e+01 6.877852452217385348e+01 3.805683378593460731e+01
5.190478000000000236e+01 4.889708699999999908e+01 6.928350307664337038e+01 5.350283445619184874e+01
7.179988000000000170e+01 6.876121500000000708e+01 7.249197968735126096e+01 5.034613907685549350e+01
5.338119499999999817e+01 4.540312000000000126e+01 5.351059956084458946e+01 6.867686083219209081e+01
5.690837499999999949e+01 5.480534999999999712e+01 7.776095863485632265e+01 6.682113715779514962e+01
4.902982999999999691e+01 4.861756499999999903e+01 8.248144447795291967e+01 5.018268663805230290e+01
5.521462199999999854e+01 4.818930399999999992e+01 5.414033218275836390e+01 4.534557492767913800e+01
5.046721300000000099e+01 5.091190699999999936e+01 7.453937935685425487e+01 3.923250892907532261e+01
6.627116999999999791e+01 6.753251000000000204e+01 6.984687342623087147e+01 4.277264612608011163e+01
5.501939000000000135e+01 4.924535800000000307e+01 5.295335842121584591e+01 4.520295386053610542e+01
5.828899400000000242e+01 5.992299700000000229e+01 9.079570182029854664e+01 4.045032608756169878e+01
8.147925999999999647e+01 6.052933000000000163e+01 8.060841825094141200e+01 4.480857644015427610e+01
7.462242000000000530e+01 4.588313300000000083e+01 7.288441966650165682e+01 3.849345423031681435e+01
5.284531400000000190e+01 4.512162800000000118e+01 8.155061758571164887e+01 6.695622371304702369e+01
8.003162399999999366e+01 4.691811799999999977e+01 4.801179466616430602e+01 4.273406403641073581e+01
8.947969999999999402e+01 4.378523299999999807e+01 8.637750325270479834e+01 6.417600919258127590e+01
7.517798600000000420e+01 5.425798000000000343e+01 4.794435556907982487e+01 4.412621124676080342e+01
7.095891600000000210e+01 6.641106000000000620e+01 6.538690917993665153e+01 4.519682632492000351e+01
6.598450499999999863e+01 5.182002299999999906e+01 7.929164784342520989e+01 6.642150682928064498e+01
5.354012000000000171e+01 4.833178699999999850e+01 6.103694069522597943e+01 6.936061117470529780e+01
6.425799600000000567e+01 5.414581299999999686e+01 5.983750931565141684e+01 5.035022731432533050e+01
5.290209999999999724e+01 5.713993500000000125e+01 4.844647984006152797e+01 5.602832833537779322e+01
8.910262000000000171e+01 4.467295000000000016e+01 4.853453961952442341e+01 4.470194421793667772e+01
7.069325999999999510e+01 4.742500700000000080e+01 8.679394470506039738e+01 5.715033566225471162e+01
8.352984999999999616e+01 6.076507999999999754e+01 5.844537991517938025e+01 5.476059078238518651e+01
6.481473499999999888e+01 4.456393400000000327e+01 8.771018418660881366e+01 5.897673577263171296e+01
5.403204000000000207e+01 5.116592800000000096e+01 7.810497301405655435e+01 3.835683816953030600e+01
7.166112499999999841e+01 6.507439399999999807e+01 6.165864474193246281e+01 5.884451629556608765e+01
8.540730000000000643e+01 3.939616000000000184e+01 5.344011566952288916e+01 3.570584908697573212e+01
6.467489000000000487e+01 4.754215200000000152e+01 8.167306438308762040e+01 5.392752806946668187e+01
8.590979000000000099e+01 3.523488600000000304e+01 8.912103874582794560e+01 5.100253818573039410e+01
6.469078000000000372e+01 6.458218999999999710e+01 5.017636268410360856e+01 5.790976139524858723e+01
6.066973000000000127e+01 5.684465399999999846e+01 7.567510414417643005e+01 4.316883362383135392e+01
5.339186500000000279e+01 4.860521299999999911e+01 7.273888689014637521e+01 4.219421712304492189e+01
6.516343999999999426e+01 5.234572000000000003e+01 7.782719964066220086e+01 6.686017405897652566e+01
9.030997499999999434e+01 6.902100000000000080e+01 4.652392051695882458e+01 6.513632302051246370e+01
7.941040999999999883e+01 5.451766200000000140e+01 4.701791524376684350e+01 4.669620063269947963e+01
4.858368300000000062e+01 4.659875000000000256e+01 5.984198567679329983e+01 6.496781582991704340e+01
7.686307499999999493e+01 4.832139999999999702e+01 5.622079633407133059e+01 4.531067853936232837e+01
8.553109999999999502e+01 4.418075999999999937e+01 4.904998854145627263e+01 3.536923026617608912e+01
8.202487999999999602e+01 4.714908599999999694e+01 4.640833815041530386e+01 5.045266797422982563e+01
5.768971599999999711e+01 5.626144399999999735e+01 4.838769314698961210e+01 5.627282584591070247e+01
4.682751499999999822e+01 6.578252000000000521e+01 5.809501888847334783e+01 3.563776780584435500e+01
5.567817000000000149e+01 4.392220999999999975e+01 7.842248546199648729e+01 6.648917516877627065e+01
7.359251000000000431e+01 6.916764000000000578e+01 8.987375134724973691e+01 4.831293806935289581e+01
5.330595799999999684e+01 4.996555299999999988e+01 4.941575402464618350e+01 5.477431357545192725e+01
5.874136699999999678e+01 5.923510999999999882e+01 6.629394509848620487e+01 3.702752175190203587e+01
7.000664999999999338e+01 6.614516000000000417e+01 7.955983387862519862e+01 5.459317698657237372e+01
4.924508000000000152e+01 4.573075999999999652e+01 7.451128953653480380e+01 6.934143466765154074e+01
6.677664000000000044e+01 5.653610199999999963e+01 8.251454153735303976e+01 5.840757720239876960e+01
7.865703600000000506e+01 4.475950199999999768e+01 6.010374222444385595e+01 6.336547611611335640e+01
6.588196000000000652e+01 4.998230699999999871e+01 6.185823723486407744e+01 3.957972713013140265e+01
7.163030999999999437e+01 6.121977600000000308e+01 4.745843044343230588e+01 6.676894918914388199e+01
5.397681000000000040e+01 4.585221500000000106e+01 7.063265199694269825e+01 5.364267969531287861e+01
5.309535600000000244e+01 4.823342000000000240e+01 7.651216134740938912e+01 3.749297844293888460e+01
6.978509999999999991e+01 6.200424000000000291e+01 7.767095065838735479e+01 5.905626879240386273e+01
8.828168999999999755e+01 3.561987299999999834e+01 7.035732915574664048e+01 6.544624229788055914e+01
8.806625999999999976e+01 3.729690000000000083e+01 4.840337668250970182e+01 4.073999753486240394e+01
8.069112400000000207e+01 4.634583700000000306e+01 7.791344780977425444e+01 4.694510256736401033e+01
7.592802399999999352e+01 5.213128999999999991e+01 6.130526224155212844e+01 5.873331926024881966e+01
5.697548299999999699e+01 4.251236999999999711e+01 6.519021734083673891e+01 4.202715461697586363e+01
5.169720499999999674e+01 4.989869000000000199e+01 6.604434473171849618e+01 4.111769326923563739e+01
7.489607999999999777e+01 6.228779999999999717e+01 5.579080743814630239e+01 5.522315945078417343e+01
6.794607999999999493e+01 6.328188699999999756e+01 7.363473211814249453e+01 6.541475507078087048e+01
8.719392399999999554e+01 4.024371299999999962e+01 4.666213387955360758e+01 3.991903276620160312e+01
4.957694599999999951e+01 4.986617999999999995e+01 8.488187552036860950e+01 6.231588946586966671e+01
7.224148599999999476e+01 6.894777000000000555e+01 4.678729511768796101e+01 6.578935730041050078e+01
6.587963000000000591e+01 5.883500699999999739e+01 7.714499065079684215e+01 3.993933075663216670e+01
8.969199999999999307e+01 4.165841700000000003e+01 5.765185228261825046e+01 3.695441245441033828e+01
6.581596999999999298e+01 5.677728700000000117e+01 8.326996178232857915e+01 6.499105948282299039e+01
8.980433999999999628e+01 5.100396299999999883e+01 5.998553085144322239e+01 3.891976083180871626e+01
8.686418999999999357e+01 4.387660999999999945e+01 8.593725715944597709e+01 5.244066534936283119e+01
8.180244399999999416e+01 3.904393999999999920e+01 5.740414802707505970e+01 4.104039545603172456e+01
8.205965000000000487e+01 6.468255000000000621e+01 7.684223824292882910e+01 4.578888457482442220e+01
6.389004500000000064e+01 5.658246199999999959e+01 7.454311520831407734e+01 6.810085830583767574e+01
9.046371999999999503e+01 6.047626999999999953e+01 6.237460793293118400e+01 5.231848250086343199e+01
5.841998699999999900e+01 3.671247499999999775e+01 9.015158508383736091e+01 3.808372580914186756e+01
7.803538500000000511e+01 6.149983600000000195e+01 7.170702641231810048e+01 3.983602008904918534e+01
5.363974799999999732e+01 5.208994299999999811e+01 8.926539086302864234e+01 5.522582456276298757e+01
7.671775999999999840e+01 4.262098999999999904e+01 5.175365452803649902e+01 4.245626883795558371e+01
6.537446599999999819e+01 6.323434400000000011e+01 4.995592182399031600e+01 4.784483311283115370e+01
5.450867999999999824e+01 4.798115500000000111e+01 7.345160703921256129e+01 5.274061819044516142e+01
6.354654699999999679e+01 5.160362200000000144e+01 4.885654917471008929e+01 4.375789136032441462e+01
8.942528000000000077e+01 4.575683200000000284e+01 5.923951494050150757e+01 5.715306805448616956e+01
8.245322400000000584e+01 4.621737699999999904e+01 4.691730805008862148e+01 5.876201136623442522e+01
8.514221000000000572e+01 4.660915399999999664e+01 8.703371005243596414e+01 3.566152283134492507e+01
5.421309999999999718e+01 5.728742199999999940e+01 6.661989796484287751e+01 3.922566891591147709e+01
6.500728999999999758e+01 4.928378000000000014e+01 6.050379378623765092e+01 6.271038698581139670e+01
9.175052999999999770e+01 4.081071500000000185e+01 7.076992132348837572e+01 4.080799544359270214e+01
8.258718000000000359e+01 6.446133399999999369e+01 8.396710467438839487e+01 4.552203181173450730e+01
4.669586999999999932e+01 6.332151799999999753e+01 4.677792866615042300e+01 6.223211813543834126e+01
8.852997600000000489e+01 3.797641399999999834e+01 8.366337236646403142e+01 5.379951762938804904e+01
8.554076000000000590e+01 4.526500699999999711e+01 8.256413572069496354e+01 5.052683102815387173e+01
5.350739000000000090e+01 4.829330999999999818e+01 7.849107629033713351e+01 5.137520269757185076e+01
8.804195400000000404e+01 4.674388499999999880e+01 7.318501151229619950e+01 6.245065655090226642e+01
6.002087000000000216e+01 4.535099400000000003e+01 5.301034277133250328e+01 5.335255109197512979e+01
4.775593599999999839e+01 6.639164999999999850e+01 8.509096530630981192e+01 4.988609722277033853e+01
8.943269999999999698e+01 6.962928999999999746e+01 5.873683035272723885e+01 5.465670113188030399e+01
7.996568999999999505e+01 6.779388400000000559e+01 4.794091731198600570e+01 5.586939334138984492e+01
8.317892999999999404e+01 5.511390999999999707e+01 6.554186974297108748e+01 4.536779202158295732e+01
7.261503000000000441e+01 4.614807499999999862e+01 6.840291477003944465e+01 5.914778342246812315e+01
5.461650999999999812e+01 4.942170000000000130e+01 6.194665161390599906e+01 6.675590551167005060e+01
5.253663300000000191e+01 3.601392400000000293e+01 7.253127364230307705e+01 5.434472692711302955e+01
5.922205000000000297e+01 5.737902499999999861e+01 7.087132298719510004e+01 6.216965099802294503e+01
6.008419800000000066e+01 6.724903000000000475e+01 4.630329013154005224e+01 4.124397137842364458e+01
7.492061599999999544e+01 4.819925299999999879e+01 8.076541439382998533e+01 5.688488359994555310e+01
8.275775000000000148e+01 5.044425600000000287e+01 7.213430255710130723e+01 6.782443551350033317e+01
8.363159000000000276e+01 5.257257500000000050e+01 5.945026535663209444e+01 6.131426662231091029e+01
5.509714999999999918e+01 5.106415599999999699e+01 8.060691935600948455e+01 6.167856904991442946e+01
7.976686999999999728e+01 5.359152999999999878e+01 5.766236225296776041e+01 5.777218665814153553e+01
7.208037600000000111e+01 6.865512999999999977e+01 8.518129989483269071e+01 6.160587094171742706e+01
5.228764699999999976e+01 4.831682200000000194e+01 6.571853935193962570e+01 4.311612426065517667e+01
8.368057000000000301e+01 4.545237999999999801e+01 5.606326940244393597e+01 5.327707321762416370e+01
7.573591999999999302e+01 4.129615799999999837e+01 7.955308879715809667e+01 4.695214909910770729e+01
7.806696999999999775e+01 5.320942300000000103e+01 7.014234624277312946e+01 5.181914132483601776e+01
8.314601999999999293e+01 6.420999000000000478e+01 9.093353387652398112e+01 3.585624423161113583e+01
7.447088999999999714e+01 6.278063199999999711e+01 6.724761655748376654e+01 5.762615596551923858e+01
4.985574299999999681e+01 4.845098000000000127e+01 5.478228754380391763e+01 5.271322082373849582e+01
6.539163999999999533e+01 6.597992000000000701e+01 6.352392120307683143e+01 4.690768896405744215e+01
8.813251499999999794e+01 3.577533999999999992e+01 7.302055505454919171e+01 3.961296043403713441e+01
8.329030000000000200e+01 3.530860500000000002e+01 7.070826040180740790e+01 5.034823842939358940e+01
8.257880400000000520e+01 3.717007399999999961e+01 8.832467947545117681e+01 3.871760930884835261e+01
5.062283299999999997e+01 6.234966699999999662e+01 6.371769852276271706e+01 5.330442647226207953e+01
4.616987000000000307e+01 4.086637999999999948e+01 7.049078759770628722e+01 4.523488779917546765e+01
9.128652999999999906e+01 3.925340700000000282e+01 6.192423945483363923e+01 6.392495720373020873e+01
5.370739999999999981e+01 4.455100999999999800e+01 9.019105064057063714e+01 3.588150078490974693e+01
5.078484300000000218e+01 4.311047400000000351e+01 5.428896545287943809e+01 5.569071911273142916e+01
8.341823599999999317e+01 3.634476000000000084e+01 6.703752706737064671e+01 4.502220520383628610e+01
5.963242300000000284e+01 4.400560399999999817e+01 6.363244595356574962e+01 5.237986217015290435e+01
5.042892499999999956e+01 3.860004800000000103e+01 6.485051498387544200e+01 6.561614144576014951e+01
7.632841000000000520e+01 4.523435599999999823e+01 6.203826937104275885e+01 5.975202734090431278e+01
6.098011000000000337e+01 5.633001300000000100e+01 5.430683342466917196e+01 4.541615909877933888e+01
6.459828000000000259e+01 6.979175999999999647e+01 4.797087306297513010e+01 5.071462685854799446e+01
8.663148499999999785e+01 3.990982999999999947e+01 8.083979444723166807e+01 3.950833328522795540e+01
5.442630400000000179e+01 4.484588000000000108e+01 8.660063278642843443e+01 4.040852557703938430e+01
7.803976000000000113e+01 6.198502700000000232e+01 6.578258584126719200e+01 4.430585299501009189e+01
6.294104999999999706e+01 4.766602699999999970e+01 5.451534464975281935e+01 3.884158355810903629e+01
8.318834999999999980e+01 6.825494399999999473e+01 7.629411471595227567e+01 6.186301062967977771e+01
7.510142000000000451e+01 3.915826400000000262e+01 7.714119796533753970e+01 5.268004794245147338e+01
4.630128500000000003e+01 6.632629000000000019e+01 8.754682974024993314e+01 4.677663442310294073e+01
8.338657999999999504e+01 4.855832300000000146e+01 8.930654010964795475e+01 6.764733988309029655e+01
7.947617999999999938e+01 3.611105700000000240e+01 5.997574071155708708e+01 3.872888170029597887e+01
7.644329000000000462e+01 4.657066300000000325e+01 8.954196104657584954e+01 5.377529630385627257e+01
7.502486000000000388e+01 3.932047299999999979e+01 7.723944496610809551e+01 3.770515211824574209e+01
8.637108999999999526e+01 3.969093999999999767e+01 6.898819860016112671e+01 6.684399975020276941e+01
5.400205600000000317e+01 6.589191399999999987e+01 6.488880954820085378e+01 4.476452054264841252e+01
5.724761600000000072e+01 6.143712200000000223e+01 7.757246444617324244e+01 3.581800907685497037e+01
7.445662000000000091e+01 6.045474600000000009e+01 4.989660800791680373e+01 5.412034824231340480e+01
4.956040600000000040e+01 4.586153399999999891e+01 9.097358169944416773e+01 5.688694219537977403e+01
5.972766500000000178e+01 4.440487300000000204e+01 6.779170608858092351e+01 5.855768284239074717e+01
7.769123999999999342e+01 6.373434000000000310e+01 7.775758753056489070e+01 4.041011411342282145e+01
8.212173500000000104e+01 4.029014200000000301e+01 8.825740076598495421e+01 5.493063568819523823e+01
8.190829499999999541e+01 6.691291999999999973e+01 6.895766756124811536e+01 5.757221173977992379e+01
7.590055999999999869e+01 4.194827999999999690e+01 9.022341371112679553e+01 3.786672549162948087e+01
8.278986999999999341e+01 6.091132700000000000e+01 6.811652511811946908e+01 5.177484021971260120e+01
5.363667999999999836e+01 4.819988599999999934e+01 7.607167727874352181e+01 6.781537653230995488e+01
5.532457999999999743e+01 5.113638999999999868e+01 6.893442534083484929e+01 4.790622573450898614e+01
8.794871500000000708e+01 4.199166000000000309e+01 4.704361289456499406e+01 4.787367335292361759e+01
6.234524499999999847e+01 6.152044999999999675e+01 5.237617397174653888e+01 3.581112726872969176e+01
8.897160999999999831e+01 4.373075999999999652e+01 5.770948196684067710e+01 5.507187454704471463e+01
5.835997799999999813e+01 5.780623599999999840e+01 6.966957627398625164e+01 6.855617222360241669e+01
8.027527000000000612e+01 4.288470000000000226e+01 5.699730510015594831e+01 6.529675136850016770e+01
7.484981500000000665e+01 5.974059299999999695e+01 6.170224080404832279e+01 5.247520633895153708e+01
6.594492999999999938e+01 5.923649199999999837e+01 8.483261566502264373e+01 6.714979719717177886e+01
5.009697299999999842e+01 3.689758299999999736e+01 6.377528578900031420e+01 5.126347063135155224e+01
8.642296000000000333e+01 4.440330999999999761e+01 8.709606309855084305e+01 4.840668607103567922e+01
5.556812000000000040e+01 6.750840999999999781e+01 5.039365067512003549e+01 6.962948149724013547e+01
8.403638499999999567e+01 3.503270299999999793e+01 5.742392013542882268e+01 6.223342067279661194e+01
4.898817999999999984e+01 5.657592999999999961e+01 6.145552546159002105e+01 4.260831762322425931e+01
5.181455199999999905e+01 4.689494299999999782e+01 7.864278197759472278e+01 6.221000405510505971e+01
4.760193000000000296e+01 4.378117999999999910e+01 5.081898555498125347e+01 4.961439042085837059e+01
5.964972699999999861e+01 4.230685400000000129e+01 6.433771481201173970e+01 3.772057738453306541e+01
4.819915000000000305e+01 4.407435199999999753e+01 6.377383085625562131e+01 6.499213657485346118e+01
7.487864000000000431e+01 4.573896799999999985e+01 8.539191752742944175e+01 6.974099641153179618e+01
8.212149999999999750e+01 6.805886999999999887e+01 6.109997574821636590e+01 6.938114601552216243e+01
8.675363000000000113e+01 4.346631599999999906e+01 7.615321763201541216e+01 4.797715240265616643e+01
8.831159999999999854e+01 3.731616999999999962e+01 4.618785757389449742e+01 4.133992010240709902e+01
8.658387999999999352e+01 4.637970700000000335e+01 7.320479695831218692e+01 4.326117494094313543e+01
7.346007000000000176e+01 5.386707700000000187e+01 6.824644821183245824e+01 6.618638017327624823e+01
7.263534500000000094e+01 6.591482000000000596e+01 4.996537502185552881e+01 5.862144343845530159e+01
7.271495000000000175e+01 6.874470499999999618e+01 7.820991885912184216e+01 4.463872751118886129e+01
7.841535000000000366e+01 5.517078399999999760e+01 7.578664765715497253e+01 6.686397342480249506e+01
5.246391700000000213e+01 4.780145600000000172e+01 6.421894024564038261e+01 6.818298727322962804e+01
8.905092999999999392e+01 4.646264299999999992e+01 6.320248032057608611e+01 3.679599588833315238e+01
6.372266799999999876e+01 4.694447999999999865e+01 5.024648330885553804e+01 3.662820944462450257e+01
5.286175000000000068e+01 5.095715299999999814e+01 5.904569005724071218e+01 4.146754042504214510e+01
6.199449500000000057e+01 4.123483000000000231e+01 5.643590005720619729e+01 5.950534147483423908e+01
8.634445999999999799e+01 4.789676999999999651e+01 7.974444420000773448e+01 3.587854643580360658e+01
8.821962999999999511e+01 4.613478500000000082e+01 6.429720601414658177e+01 5.538052550488104941e+01
6.612999999999999545e+01 5.269389999999999930e+01 8.210126607198621684e+01 3.643788681900223025e+01
7.151955399999999941e+01 4.778076599999999985e+01 5.085330784732470022e+01 4.854490684686664537e+01
6.193233000000000033e+01 4.601049400000000134e+01 8.836291165445686602e+01 6.459564576286631166e+01
9.098907499999999970e+01 4.332945999999999742e+01 9.140414040085940428e+01 5.015082749204788115e+01
6.020953399999999789e+01 4.516971999999999809e+01 7.883860807885966437e+01 6.118635104509690592e+01
8.818219000000000563e+01 5.422068800000000266e+01 5.813540086367540027e+01 6.200368230473166875e+01
4.666504299999999716e+01 4.539951700000000301e+01 5.965112036971465415e+01 4.905393313568276881e+01
5.167446499999999787e+01 5.289345600000000047e+01 5.113539171328557131e+01 5.951754424225445916e+01
5.080633000000000266e+01 6.933244999999999436e+01 7.009445740005884318e+01 6.524577741345373738e+01
7.532416999999999518e+01 4.011449999999999960e+01 7.447919766862106883e+01 3.718018184795393211e+01
8.198730000000000473e+01 4.021397400000000033e+01 9.173157719195069149e+01 6.491275993248737564e+01
5.105628999999999706e+01 3.829506700000000308e+01 5.097386305764215564e+01 5.463896677002719571e+01
6.844832999999999856e+01 5.730413399999999768e+01 6.780500607311685712e+01 6.191511352959529546e+01
4.806286200000000264e+01 4.695745500000000305e+01 6.777726029664407292e+01 5.063177540918589159e+01
7.889297000000000537e+01 6.234449800000000153e+01 7.300431780549352823e+01 5.121043252580700766e+01
5.734080999999999761e+01 5.535898199999999747e+01 8.370369874122395970e+01 6.270957744745649620e+01
4.799080299999999966e+01 6.598578999999999439e+01 7.888523167955611370e+01 3.764530041909074498e+01
7.341700000000000159e+01 6.530172000000000310e+01 5.271463732456356865e+01 4.615385408609177631e+01
5.608556699999999751e+01 4.873567200000000099e+01 8.888636416476076363e+01 6.790834037061907225e+01
7.896323999999999899e+01 4.627617300000000000e+01 8.200470149968074907e+01 5.715856434337075598e+01
6.023380300000000176e+01 5.545163999999999760e+01 6.963016230130104134e+01 6.681313159570434834e+01
7.236713399999999297e+01 5.359680600000000084e+01 5.822659406620277878e+01 6.402282794376105812e+01
5.525240699999999805e+01 6.121945999999999799e+01 8.509242959640195636e+01 3.780430510225203022e+01
7.263685999999999865e+01 6.816455000000000553e+01 8.557346520779283594e+01 4.853774136595995969e+01
6.594256000000000029e+01 5.268306400000000167e+01 7.921572897244382716e+01 6.224284143914081824e+01
6.487651999999999930e+01 6.894028000000000134e+01 9.057931061380453741e+01 3.724195135884212959e+01
5.187998199999999827e+01 5.008856000000000108e+01 6.735457001247385733e+01 4.191345725325599147e+01
