1.290050699999999892e+02 1.324962900000000054e+01 1.056926012910302859e+02 3.427939858885693525e+01
1.377720300000000009e+02 1.174125100000000010e+01 1.227155137923966777e+02 2.982206416009441341e+01
1.065282440000000008e+02 1.715186000000000099e+00 9.899257959473943913e+01 1.213337957975010983e+00
1.286900599999999883e+02 1.486477799999999938e+01 1.308853029354319801e+02 2.229074738928835231e+01
1.130844799999999992e+02 1.852679300000000140e+01 1.269309246129031692e+02 5.007833961379798637e+00
1.294755900000000111e+02 2.914704899999999910e+01 1.153456086511568515e+02 2.860996503607481856e+01
1.350492700000000070e+02 1.381308300000000067e+01 1.246576297487632559e+02 1.558961329808326113e+01
9.588267000000000451e+01 2.653397000000000006e+01 1.258555866870683531e+02 7.777709178460984418e+00
9.397973000000000354e+01 1.450080900000000028e+01 1.098345442425584935e+02 2.666628595550859160e+01
1.063705499999999944e+02 2.535100999999999871e+01 1.118419517815762703e+02 5.612498592417526133e+00
9.699267600000000300e+01 3.332831000000000188e+01 1.328011627108938626e+02 2.368717404549078864e+01
1.205464199999999977e+02 1.931105200000000011e+01 1.230275384499755944e+02 7.119843690473857123e+00
1.194070700000000045e+02 1.974189399999999850e+01 9.393171890739809271e+01 1.438639301731905107e+01
1.063184499999999986e+02 2.189414199999999866e+01 1.188936975116798607e+02 2.645202611709500928e+01
1.123958300000000037e+02 1.957101600000000019e+01 1.301595445984074217e+02 1.311997931294927788e+01
9.893878999999999735e+01 2.680315399999999926e+01 1.304204290143526350e+02 1.291017725932179161e+01
1.363643999999999892e+02 1.274971000000000032e+01 1.237376250323608815e+02 3.369944162345534977e+01
1.229570539999999994e+02 1.920611999999999986e+00 9.887508154026595264e+01 6.580031125183566365e-01
1.166653400000000005e+02 4.134577000000000169e+00 1.312583490678783278e+02 2.737882482277702323e+01
1.209513000000000034e+02 1.574554299999999962e+01 1.122641703693839332e+02 1.090801956103270598e+01
1.171882999999999981e+02 2.439474999999999838e+01 1.039817910658932192e+02 3.260003212831396979e+01
1.048228900000000010e+02 3.249645600000000201e+01 9.773953185133454724e+01 3.279934895442102771e+01
1.202229399999999941e+02 1.300534999999999997e+01 1.174860806786938525e+02 3.492816235667373537e+00
9.448524500000000614e+01 1.358393900000000087e+01 1.133876660930180122e+02 3.251197610497703039e+01
1.219842399999999998e+02 1.118587100000000056e+01 1.334619456492018514e+02 2.153073747651432157e+01
1.286794999999999902e+02 1.162912799999999969e+01 9.644249947060623640e+01 3.216938790336479315e+01
9.312736999999999910e+01 1.080105299999999957e+01 1.020917168032725044e+02 1.953587855714389221e+01
1.324894099999999924e+02 1.522223000000000104e+00 1.093080544234116758e+02 1.029588396300768416e+01
1.281656299999999931e+02 6.427754000000000190e+00 9.717954764643023680e+01 1.864733737692750992e+01
1.110126900000000063e+02 2.886413999999999902e+01 1.282556216789172367e+02 2.672432295786927980e+01
1.088749899999999968e+02 2.917879299999999887e+01 1.186841182963130450e+02 1.897095865887269284e+01
1.101911099999999948e+02 1.101826999999999934e+01 1.124902232645365672e+02 3.165806091338981076e+01
1.111686299999999932e+02 3.224828000000000117e+01 1.054803481741885776e+02 9.333417007734514215e+00
1.174997939999999943e+02 1.471192300000000053e+01 9.912457808564670358e+01 2.430947380088180410e+01
9.848784999999999457e+01 2.775841000000000136e+01 1.361654452507152655e+02 3.179197037256304270e+01
1.174418639999999954e+02 1.991549499999999995e+01 1.145723170079551352e+02 1.056356533505419470e+01
1.366617899999999963e+02 1.230031400000000019e+01 1.263497391048429108e+02 5.111243220968421319e+00
9.605414600000000291e+01 3.418947000000000003e+01 1.327133710754694107e+02 2.279795105763444596e+01
1.049673540000000003e+02 2.282041399999999953e+01 1.066157512861451977e+02 3.134984240341724515e+01
1.221657000000000011e+02 3.453664999999999985e+00 1.025952233744466895e+02 2.792326198351575783e+01
1.264625999999999948e+02 7.166369999999999685e-01 1.184058567738624674e+02 2.296852835797924541e+01
1.158584060000000022e+02 1.987986000000000075e+01 1.316019395710593187e+02 1.162897585867021100e+01
9.369768000000000541e+01 1.855701600000000084e+01 9.249479985038172458e+01 4.696506951867724489e+00
1.055329299999999932e+02 8.244474999999999554e+00 1.179686648204600772e+02 2.132033081981898448e+01
1.320785700000000134e+02 1.136370800000000081e+01 1.083737401974011902e+02 9.657248809959872560e+00
1.056316000000000059e+02 1.004083999999999932e+01 1.124151730693483131e+02 2.314183620734081615e+01
1.376394999999999982e+02 1.949024400000000057e+01 1.298331250127813519e+02 3.053588035516661137e+01
9.586464999999999748e+01 3.010379999999999967e+01 1.175447143037631150e+02 2.159001108494301135e+01
1.115640259999999984e+02 1.853575000000000017e+01 9.284619847315478580e+01 4.437586503459798770e+00
1.284304700000000139e+02 1.899298699999999940e+01 1.064177402549502460e+02 2.867393118704352162e+01
1.154087799999999930e+02 2.365899500000000089e+01 1.236442901879815679e+02 3.136128346258814403e+01
1.176956899999999990e+02 6.060266000000000375e+00 1.141444728595096763e+02 2.015072621871765435e+01
1.134846040000000045e+02 1.515536099999999919e+01 1.043255565996761760e+02 2.742049829560080809e+01
1.164053499999999985e+02 1.685597999999999885e+01 9.415870956846859485e+01 6.114076242584075338e+00
1.302385099999999909e+02 7.992467999999999684e+00 1.081385384823860818e+02 2.827249084743661989e+00
1.065502599999999944e+02 6.022739999999999760e+00 1.179039182839370596e+02 2.956161379597278938e+01
1.262777600000000007e+02 1.555640400000000056e+01 1.006428767091810812e+02 2.049600867903597745e+00
1.308442000000000007e+02 8.125244999999999607e+00 1.123211614176008339e+02 1.700877808662542989e+01
1.287149499999999875e+02 8.613853000000000648e+00 1.108205277574297867e+02 1.850055304639079168e+01
1.180108199999999954e+02 1.392753899999999945e+01 1.212476570381363530e+02 1.838283960171427012e+01
1.165767299999999977e+02 1.286235699999999937e+01 1.212757074274061608e+02 1.020965365217313980e+01
1.197646199999999936e+02 2.030460199999999915e+01 1.146424510462188664e+02 3.031657808425388367e+01
1.206234199999999959e+02 2.294290000000000163e+00 9.664690606298707110e+01 2.689350115425978061e+01
1.205678249999999991e+02 2.621988100000000088e+01 1.275119000517744041e+02 1.899958963548946755e+01
1.009766800000000018e+02 1.603761899999999940e+01 1.103699388038004798e+02 6.536612073849616067e+00
1.205864299999999929e+02 8.516370000000000218e+00 1.261377703934452796e+02 2.000660377162875037e+01
9.999969000000000108e+01 2.509792300000000154e+01 1.296663520798985303e+02 1.904081424708398629e+01
1.312442299999999875e+02 1.030026800000000087e+01 1.220617949840065819e+02 2.740741699693563760e+01
1.099067840000000018e+02 1.686253999999999920e+01 1.263520948926973233e+02 5.749922939942603506e+00
1.020575599999999952e+02 3.032312399999999997e+01 1.248027435155094622e+02 3.182963604473970776e+01
1.229745099999999951e+02 1.295093400000000017e+01 1.250185206134770510e+02 2.031230096818363151e+01
1.129410900000000026e+02 1.928609799999999908e+01 9.218823315200988588e+01 1.734521169062958990e+01
9.793104999999999905e+01 2.979559499999999872e+01 9.764201216737338029e+01 9.309258726077704438e+00
1.044074200000000019e+02 1.407581799999999994e+01 1.269272534494128593e+02 2.343482743713336802e+01
1.006227399999999932e+02 1.954385600000000167e+01 1.306871724680475211e+02 8.270598743981006251e+00
1.073123599999999982e+02 2.557497199999999893e+01 1.348383823694265402e+02 3.270180925100918046e+01
1.258230060000000066e+02 9.050392999999999688e+00 1.227117123098693412e+02 2.620016157543884816e+01
1.087034450000000021e+02 1.879413800000000023e+01 1.026698181305523576e+02 1.742700238949755231e+01
1.314515000000000100e+02 1.002607700000000079e+01 1.360647038719974375e+02 3.335547630684604314e+01
1.038327500000000043e+02 1.301466800000000035e+01 1.150696393848597268e+02 3.041383830869092364e+01
1.259232559999999950e+02 4.161654000000000408e+00 1.165005572796663671e+02 7.623669076319537830e+00
1.040978850000000051e+02 1.695514100000000113e+01 1.317768263039150440e+02 7.466690244274530208e+00
1.194439849999999979e+02 3.088717700000000121e+01 1.227514106409849859e+02 3.391857832781786186e+01
1.008899150000000020e+02 2.474351700000000065e+01 1.262561052867132076e+02 5.682960635636857827e-01
1.331978300000000104e+02 1.207540099999999939e+01 1.309420204439269355e+02 1.650224327788629708e+01
1.371154999999999973e+02 4.333319999999999950e-01 1.137776567877964879e+02 1.650729664443194622e+01
1.236907599999999974e+02 2.655348599999999948e+01 1.020998506349173738e+02 4.598188275564302208e-01
1.305980999999999881e+02 1.224686600000000070e+01 1.081524590357522868e+02 1.678602060593215484e+01
1.211047800000000052e+02 2.653878999999999877e+01 9.818203472025463441e+01 2.896634069839324255e+00
1.127789899999999932e+02 1.603903199999999885e+01 1.025306944573896430e+02 2.699048547626962247e+01
1.117162550000000039e+02 2.099041700000000077e+01 1.236308043552749893e+02 2.053627520300084797e+01
1.005264739999999932e+02 1.630819999999999936e+01 1.047594015248389212e+02 2.175241233814448449e+01
1.344405199999999923e+02 3.228481299999999976e+01 1.160165774729467216e+02 1.967528726391806870e+01
1.063787499999999966e+02 2.825092300000000023e+01 1.216023421465805399e+02 3.167858554787640912e+01
1.063328249999999997e+02 1.094751899999999978e+01 1.242836938173704624e+02 3.127369943002069519e+01
1.355842399999999941e+02 3.165399999999999991e+01 1.224212470666177239e+02 3.373660383144044816e-01
9.882135999999999854e+01 3.069462800000000158e+01 1.204093197121389096e+02 1.189102311290309899e+01
1.137061499999999938e+02 2.920176500000000175e+01 1.257258600693615733e+02 2.177473335294142842e+01
1.123588600000000071e+02 5.283899999999999708e-02 1.200635611012642698e+02 3.435588147224905953e+01
1.279676800000000014e+02 9.560188000000000130e+00 1.047945925851407623e+02 9.564136004773649002e-01
9.897588000000000363e+01 1.434022700000000050e+01 9.465250709057812628e+01 2.257591892509593023e+00
1.078898599999999988e+02 1.824183700000000030e+01 1.083284745323062594e+02 8.779799345534048172e+00
1.089955800000000039e+02 1.639875599999999878e+01 1.231940353276912532e+02 1.853513396817964320e+01
1.328286300000000040e+02 1.854412800000000061e+01 1.230569353938135464e+02 1.309577033563533277e+01
1.205876159999999970e+02 1.334072899999999962e+01 1.310772984136750949e+02 1.882081184036329802e+01
1.252033899999999988e+02 9.675684000000000395e+00 1.281530991282345155e+02 3.390447236891330540e+00
9.801369499999999846e+01 2.871176499999999976e+01 1.379213943414316077e+02 1.406724195129755728e+01
1.176774800000000027e+02 2.114383099999999871e+01 1.070880086345135993e+02 9.868667718061072236e+00
1.096788600000000002e+02 1.849008999999999903e+00 9.935634238108683292e+01 2.222026577128313463e+01
1.295191499999999962e+02 3.220691300000000012e+01 9.857485666074927622e+01 1.041115628733286336e+01
9.911983499999999481e+01 3.033258400000000066e+01 1.357945779184896367e+02 2.476293532171352041e+01
1.060799499999999966e+02 9.110470000000000512e-01 1.176621654134338826e+02 2.210594543098780562e+00
1.064715499999999935e+02 3.050993000000000066e+00 1.105068696125689200e+02 2.735394716823216399e+01
1.264986999999999995e+02 2.455890000000000128e+01 1.170189126623773603e+02 2.118593356203797384e+01
1.071924700000000001e+02 1.362108100000000022e+01 1.144942580452911756e+02 6.056676459007953595e-01
1.235097959999999944e+02 2.681490999999999847e+00 1.012343596571747213e+02 2.091788234824168313e+01
1.006795400000000029e+02 2.482919000000000054e+01 1.348452429528139760e+02 2.587621051571200326e+01
1.078730850000000032e+02 3.194168000000000163e+01 1.251885495316803372e+02 2.093480834362549103e+01
1.105762799999999970e+02 1.713849599999999995e+01 1.373296892528787225e+02 1.917639512166595850e+01
9.462124000000000024e+01 2.250560199999999966e+01 1.106320837491483218e+02 4.733697968920181687e+00
1.171505300000000034e+02 2.386019699999999943e+01 9.570030364211268648e+01 5.948764987051578856e+00
1.276204900000000038e+02 1.005807899999999933e+01 1.040292452691728755e+02 2.841065352742016614e+01
1.215120100000000036e+02 3.517780999999999825e+00 1.262408888821172184e+02 2.725738530383582159e+00
1.134008259999999950e+02 2.899073999999999884e+01 1.282669955054491879e+02 6.961365153034796194e+00
1.063444439999999958e+02 3.975452000000000208e+00 1.131275205752510260e+02 1.606184206849672691e+01
1.231785699999999935e+02 1.163075599999999987e+01 1.321355359660494742e+02 3.170114463567874807e+01
1.109553400000000067e+02 1.066729000000000038e+00 1.321814553401572709e+02 1.223401482777437543e+01
1.215274660000000040e+02 9.855489999999999640e+00 1.318598675948906589e+02 1.433540022451844287e+01
1.175999999999999943e+02 1.023433799999999927e+01 1.323232004836911813e+02 1.567214445303993564e+01
1.108547200000000004e+02 1.948833799999999883e+01 1.047326404595240206e+02 2.307656660929323067e+01
1.311990399999999966e+02 2.885759999999999881e+00 9.686692649962296287e+01 2.421223028918658926e+01
1.270486300000000028e+02 1.419520600000000066e+01 1.371449427792992424e+02 2.732342074955381506e+01
1.279924850000000021e+02 1.403315199999999940e+01 1.236355582544345424e+02 2.574895812079212121e+01
9.884615999999999758e+01 1.700900999999999996e+01 1.344489804671550814e+02 3.112030180059445073e+01
1.224132840000000044e+02 1.063505699999999976e+01 1.186132163700357154e+02 2.213928289501635227e+00
1.289122600000000034e+02 1.145462200000000053e+01 1.312596745259356510e+02 2.103481766668054220e+01
9.942723999999999762e+01 2.273704499999999840e+01 1.085506522821827247e+02 2.699063170323615779e+01
1.068494100000000060e+02 1.800854100000000102e+01 1.322164638158183436e+02 6.096505747291419475e+00
1.119646900000000045e+02 1.463188599999999973e+01 1.160944840734409240e+02 1.739608701165310833e+01
9.686450000000000671e+01 3.287660000000000338e+01 9.932613578963525924e+01 3.610004427264544180e+00
1.142837099999999992e+02 1.745475199999999916e+01 1.082071467937946494e+02 8.132347914576620873e-01
9.805646500000000287e+01 1.719266899999999865e+01 1.103290710120665494e+02 3.160235413608326382e+01
1.139247359999999958e+02 2.117171300000000045e+01 1.243568811704422217e+02 1.843765952874703729e+01
1.064823149999999998e+02 3.252676000000000123e+00 1.127829519539649112e+02 8.680435800426351989e+00
1.234565599999999961e+02 1.023036199999999951e+01 1.318949875733225667e+02 6.675609099927447332e+00
1.360862600000000100e+02 1.322449800000000053e+01 1.323849140504279944e+02 1.480707383391712639e+01
1.287667099999999891e+02 1.207068300000000072e+01 1.247628328509980378e+02 1.525652709006871000e+01
1.222486099999999993e+02 1.220074699999999979e+01 1.348934262728864155e+02 2.271252857315269580e+01
1.087185099999999949e+02 1.082315200000000033e+01 1.156589134337381068e+02 1.152976782487359309e+01
9.482461499999999432e+01 7.552875000000000227e+00 1.184776400881645628e+02 1.629229932260661329e+01
9.786359400000000619e+01 2.648629000000000033e+01 1.321461743856314115e+02 6.547482714275204563e-01
1.205367660000000001e+02 1.833390400000000042e+01 1.284866657332907209e+02 2.508691127484049233e+01
1.224107740000000035e+02 7.443858999999999781e+00 1.176665578239783940e+02 8.111094118618881410e+00
9.639709999999999468e+01 2.889318000000000097e+01 1.378059633087460440e+02 1.693797907338208830e+01
9.713448999999999955e+01 2.390841500000000153e+01 9.216289527415922578e+01 2.205386746653189434e+01
1.209112899999999939e+02 7.267337999999999631e+00 1.080779111901459544e+02 2.567051259902637739e+01
1.031737439999999992e+02 5.745917000000000385e+00 1.004139055049303124e+02 1.407723020455789609e+01
1.213953300000000013e+02 5.272655000000000314e+00 1.012860711828072482e+02 3.353261016794840543e+01
1.269099199999999996e+02 8.830450000000000799e+00 9.460674515776288729e+01 1.889784145146786898e+01
1.074125099999999975e+02 6.090900000000000425e+00 1.068871272941955510e+02 4.340407237736520152e+00
1.118345640000000003e+02 2.392749999999999877e-01 1.112585489000625074e+02 2.502944088547205936e+01
9.234408600000000433e+01 1.566721100000000000e+01 1.223970914543511981e+02 2.312010098140382652e+01
1.232273500000000013e+02 4.342469000000000356e+00 1.093741186443388074e+02 1.394868830910137980e+01
1.231192999999999955e+02 3.669859999999999900e+00 1.270589548910453601e+02 2.414006153258290510e+01
1.121058799999999991e+02 5.483360000000000456e-01 1.227930673683224683e+02 1.390783147055471680e+01
1.294916100000000085e+02 2.620026999999999884e+00 1.103851041055841478e+02 2.170657844968461703e+01
1.074301300000000055e+02 3.293291500000000127e+01 1.002828671655372403e+02 1.791399877443413402e+01
1.373412800000000118e+02 7.320990000000000553e-01 1.126858950981902296e+02 1.233734156108664237e+01
1.045020300000000049e+02 3.012155500000000075e+01 1.223403721625953864e+02 1.997954606181390957e+01
1.318405300000000011e+02 1.077468200000000031e+01 1.166191421022027441e+02 8.435158560419440121e+00
1.219990200000000016e+02 5.213186999999999571e+00 1.035324639030854428e+02 1.208202513701129455e+01
1.080707699999999960e+02 1.541756700000000002e+01 1.324663007304531277e+02 1.310651307583214464e+00
9.288236999999999455e+01 2.260556000000000054e+01 1.076736312186009172e+02 1.315540947884429102e+01
1.162961800000000068e+02 2.799809799999999882e+01 1.220868314971439332e+02 2.602520776359363097e+01
1.035757499999999993e+02 1.086949599999999982e+01 1.313316486557129679e+02 8.761377782810615855e+00
1.293635400000000004e+02 1.894171000000000049e+00 1.031373066262521121e+02 8.942580177361223903e+00
1.008948800000000006e+02 1.652329800000000048e+01 1.214987821501192400e+02 1.890789613296010074e+01
1.090422400000000067e+02 3.257660000000000000e-01 1.042309231426635847e+02 2.305641236906410896e+01
1.006839099999999974e+02 4.718844999999999956e+00 1.155167769180446697e+02 3.352612071211817124e+01
1.010540500000000037e+02 1.139439199999999985e+01 1.254691210446651155e+02 2.093881354881963119e+01
1.250700149999999979e+02 1.553383900000000040e+01 1.127079943974457450e+02 1.612953077873244467e+01
1.221295800000000042e+02 8.650660999999999490e+00 1.370909613880878624e+02 1.250821113740959589e+01
1.230936200000000014e+02 4.996221000000000245e+00 9.528648672077639503e+01 2.175427610128960154e+01
1.207063399999999973e+02 1.393922799999999995e+01 1.130999397520149756e+02 1.423337417353299195e+01
9.339405999999999608e+01 1.624022300000000030e+01 1.249048690679878746e+02 7.158118915546908489e+00
1.148470839999999953e+02 1.232656199999999913e+01 1.372740332077246421e+02 3.846052499298129312e+00
1.171555249999999972e+02 2.330280700000000138e+01 1.125280403580792381e+02 6.782002178217343413e+00
1.081589000000000027e+02 1.194670699999999997e+01 1.112556327929338522e+02 2.205438469400998258e+01
1.273446660000000037e+02 1.365026600000000023e+01 1.077315813451418194e+02 2.631201749929877209e+00
1.004917399999999930e+02 3.001473800000000125e+01 1.370489415996470086e+02 2.765106142893015218e+01
1.325118699999999876e+02 7.074665000000000425e+00 9.270186425353465154e+01 1.146467167368751738e+01
1.017952350000000052e+02 1.828858599999999868e+01 1.167618849475938418e+02 2.918601597259917568e+01
1.365753499999999860e+02 3.356936300000000273e+01 1.268111985977313196e+02 7.236911673014937207e+00
9.890682999999999936e+01 1.802293200000000084e+01 1.352075153866228447e+02 1.836208390990161377e+01
9.548212999999999795e+01 1.554973200000000055e+01 9.886658076831886888e+01 2.273518407347301107e+01
1.219884500000000003e+02 2.734084500000000162e+01 1.051437398556608684e+02 1.699438766358471753e+01
1.303382699999999943e+02 1.019772700000000043e+01 9.418276526193845655e+01 1.095654591552865575e+01
1.325039999999999907e+02 4.645293999999999812e+00 1.325938297790752642e+02 3.326241332383141724e+01
1.182392499999999984e+02 2.503325500000000048e+01 1.263615703112283342e+02 1.546214760594821769e+00
1.074369499999999960e+02 2.925465799999999916e+01 1.145079653050038644e+02 2.305380806003763183e+01
1.000685000000000002e+02 2.550993300000000019e+01 1.267027944413939053e+02 2.006520255287945531e+01
9.996817000000000064e+01 2.509249700000000161e+01 9.911148669878105011e+01 2.272872656627772514e+01
1.367545299999999884e+02 1.483705600000000047e+01 1.061697793295669214e+02 7.754586259173656515e+00
1.207382000000000062e+02 1.915753600000000034e+01 1.026266858524095937e+02 3.201475273690768120e+01
1.210836500000000058e+02 1.404887100000000011e+01 1.253229758092681152e+02 2.695121651086131465e+01
1.073838200000000001e+02 2.117361000000000004e+01 1.322819289046209974e+02 1.873108402815381623e+01
1.114765500000000031e+02 2.000540499999999966e+01 1.098711422362191286e+02 6.400618738391507634e+00
1.287118000000000109e+02 8.186422000000000310e+00 1.018218726055897747e+02 3.203641274782403769e+01
1.065750199999999950e+02 2.890432200000000051e+01 1.194062424549771180e+02 2.652385647376358691e+01
1.179312000000000040e+02 9.954869000000000412e+00 1.248161777762093720e+02 2.999758948388943480e+01
1.147561599999999942e+02 1.838597100000000140e+01 1.321856617200493815e+02 3.340430671634255333e+01
1.099410100000000057e+02 2.527390700000000123e+01 1.026129760431457498e+02 3.117475311428280493e-01
1.128090440000000001e+02 2.218561000000000050e+01 9.249229271533066310e+01 2.152802598626855612e+01
1.014903900000000050e+02 3.396592700000000065e+01 1.205237103574403505e+02 2.664049987979797152e+01
1.172729949999999945e+02 2.140795900000000174e+01 9.776148408552313640e+01 3.792424417747008558e+00
1.358888900000000035e+02 4.520160999999999873e+00 1.358833870134782558e+02 2.995618787046825560e+01
1.148343050000000005e+02 2.582363300000000095e+01 9.999925654387618579e+01 2.385552352080569349e+01
1.331729400000000112e+02 1.186766300000000030e+01 1.185773373457553816e+02 1.231007995694963775e+01
1.324696399999999983e+02 1.699832699999999974e+01 9.503545273901679025e+01 3.349886303215269834e+01
1.293298800000000028e+02 7.388890000000000180e-01 1.008992112025682388e+02 1.993202556758722110e+01
9.723202000000000567e+01 2.960429800000000000e+01 9.870980889340530950e+01 3.061160276432651273e+01
1.344432400000000030e+02 7.931499999999999773e+00 1.255268457918004970e+02 2.295791363141985642e+01
1.040049199999999985e+02 2.438359600000000071e+01 1.250815917826998174e+02 2.119082943642053252e+01
1.034372900000000044e+02 1.659929699999999997e+01 1.328621293506688801e+02 1.623448010301221700e+01
1.022638800000000003e+02 3.262707999999999942e+01 1.068566860392382551e+02 2.975728745082356497e+01
1.211260759999999976e+02 1.171536500000000025e+01 1.152937364570999392e+02 1.186536232661403645e+01
1.130644759999999991e+02 5.041568999999999967e+00 1.231606057786619601e+02 1.911034675732850374e+01
1.221697539999999975e+02 5.261603000000000030e+00 1.137614234466069405e+02 2.017382291536319627e+01
1.274308900000000051e+02 1.213617600000000074e+01 1.268061048978171073e+02 1.081373720222123858e+01
1.047877660000000049e+02 2.743140400000000056e+01 1.176569444679561229e+02 2.437455369783561565e+01
1.159256900000000030e+02 2.697432299999999827e+01 1.280741651392612539e+02 2.244833014546087213e+01
1.002700300000000055e+02 1.703686300000000031e+01 1.317291852560278755e+02 1.100845105898298293e+01
9.609209400000000301e+01 1.652753299999999825e+01 1.331333778455201866e+02 1.289367890760260771e+01
9.515203999999999951e+01 1.569428800000000024e+01 9.282147800030756457e+01 1.256602255333003271e+01
1.327581000000000131e+02 3.298633999999999844e+00 1.181839017161757539e+02 2.662489410396765166e+01
1.161196300000000008e+02 2.374014299999999977e+01 1.184535957050063644e+02 8.843147236486992302e-02
1.135468599999999952e+02 1.324376900000000035e+01 9.608646402747174875e+01 2.389990477709481098e+01
1.078804999999999978e+02 1.347900000000000098e+00 1.207992604837261013e+02 7.645554003010056832e+00
1.053158899999999960e+02 1.049280700000000088e+01 1.221590769141632791e+02 1.231281934870077777e+01
1.140832999999999942e+02 2.683112699999999862e+01 1.164832904054018741e+02 1.642423544684322323e+01
1.114416300000000035e+02 1.862790100000000137e+01 1.131065873274568503e+02 2.706382744364057125e+00
1.137167199999999951e+02 2.209496700000000047e+01 1.067065602620283329e+02 2.251562315621464094e+01
1.369361299999999915e+02 1.332057299999999955e+01 1.068344500080601591e+02 2.532795023650601962e+01
1.214991760000000056e+02 1.366147199999999984e+01 1.290638413699201124e+02 2.545297903294686748e+00
1.189205999999999932e+02 1.653125000000000000e+01 1.191874424077993240e+02 7.227496331558898035e+00
9.423632999999999527e+01 1.031035299999999921e+01 1.353974402500517726e+02 2.834522543573274334e+01
9.954652400000000512e+01 2.725922600000000173e+01 1.255259467655781407e+02 1.839264109877326447e+01
1.082274599999999936e+02 2.717001000000000133e+01 1.222848209402418576e+02 5.635843696670577607e+00
1.082378199999999993e+02 1.562821500000000086e+01 9.401479901818038343e+01 1.883768667605547620e+01
1.292556600000000060e+02 1.137209400000000059e+01 1.296282201427648602e+02 2.910148326150110165e+01
1.120615540000000010e+02 2.049053999999999931e+01 1.122449143489402275e+02 3.274296258934776205e+01
1.305158500000000004e+02 8.179097000000000506e+00 1.315804452401144431e+02 4.260547847182960091e+00
1.268122939999999943e+02 2.672148999999999930e+01 1.146491677805967981e+02 1.262873425212188216e+01
1.131231460000000055e+02 2.764571000000000112e+00 1.133765085225691536e+02 2.873146380349613338e+00
1.181806899999999985e+02 1.782495300000000071e+01 1.165820061083800425e+02 2.814068294082946409e+01
9.765413999999999817e+01 2.677711499999999845e+01 9.938880520188661194e+01 7.277038765381327323e-02
1.364280100000000004e+02 4.255118000000000400e+00 9.670018960476627967e+01 2.715440687086045557e+01
1.176738359999999943e+02 1.385884099999999997e+01 1.015477680366870175e+02 5.176314060919765758e+00
1.194723599999999948e+02 1.724490399999999823e+01 1.330879233777508830e+02 2.382751296394927554e+00
1.013219799999999964e+02 1.577685499999999941e+01 1.202059165068685473e+02 1.609990709145337107e+01
1.030680899999999980e+02 2.392125499999999860e+01 1.103775447599834933e+02 2.112471969683418394e+01
1.148769499999999937e+02 6.728119999999999656e-01 1.328613574254918603e+02 3.074670005715453414e+01
1.173357539999999943e+02 2.219921099999999825e+01 1.081754731993731014e+02 6.203920827031689456e+00
1.064903999999999940e+02 1.390643999999999991e+00 1.230681196094710259e+02 2.315832632067551700e+01
1.055970499999999959e+02 6.590237000000000123e+00 1.193859322798234075e+02 2.488706475765585324e+01
1.198241399999999999e+02 4.847177000000000291e+00 1.146172987537971295e+02 1.819119196184556486e+01
1.349317599999999970e+02 1.207422299999999993e+01 1.146972753579536004e+02 1.700065675149328470e+01
1.201075060000000008e+02 6.985503999999999714e+00 1.047712932457485380e+02 1.879611638224888281e+01
1.061328350000000000e+02 2.596210900000000166e+01 1.100573514623258973e+02 2.224715493794128207e+01
1.179488199999999978e+02 1.651808199999999971e+01 1.377749515756917447e+02 1.521438015207788830e+01
1.044894199999999955e+02 3.404343999999999681e+01 9.806862515948742498e+01 1.819616678095719209e+01
1.306637699999999995e+02 1.285029600000000016e+01 1.228065605497119748e+02 4.699005843343940114e+00
1.133071060000000045e+02 3.074285100000000170e+01 9.416618439348393110e+01 3.223454834792537582e+01
1.045286559999999980e+02 2.332880600000000015e+01 1.335235261055310900e+02 3.256676957505272441e+01
1.237617400000000032e+02 2.570814499999999825e+01 1.000664530427265504e+02 2.727252066707743339e+01
1.015857799999999997e+02 1.553561999999999976e+01 9.584358220368162051e+01 5.320797353800638341e+00
1.051916099999999972e+02 9.920849000000000473e+00 1.220095735516056976e+02 5.346628608580900277e+00
1.132667699999999940e+02 2.412417599999999851e+01 1.289443751169094412e+02 1.572028165687479628e+01
1.303266000000000133e+02 5.151488999999999763e+00 1.078753050828946698e+02 1.003947599906681987e+01
9.446862000000000137e+01 4.517010000000000192e-01 1.266544744428988452e+02 1.183092963884420890e+01
1.063831100000000021e+02 8.929643999999999693e+00 1.024328048985582598e+02 1.340745009842242119e+01
1.084516140000000064e+02 7.152399999999999869e-01 1.050059163403747959e+02 7.255916905011102536e+00
1.013173800000000000e+02 1.780067999999999984e+01 1.105240917626037884e+02 5.369878085854226768e+00
9.579921000000000220e+01 1.503351199999999999e+01 1.153358176830892035e+02 8.948372715171261760e+00
1.167711800000000011e+02 1.044548600000000071e+01 1.301916725910731429e+02 7.988164909006958858e+00
1.165112840000000034e+02 2.327571899999999872e+01 1.305625956499237077e+02 2.234523983222344512e+01
1.117835000000000036e+02 4.146894999999999776e+00 9.663555697372316899e+01 2.219443412389837178e+01
1.197064500000000038e+02 1.762339400000000111e+01 1.065064309488408014e+02 2.531847981542162174e+01
1.067377000000000038e+02 2.727607499999999874e+01 1.296051651978731059e+02 1.209768870036538502e+01
1.265867599999999982e+02 2.725253899999999874e+01 1.060769198100057054e+02 9.048171073361450212e+00
1.349519999999999982e+02 1.169487200000000016e+01 1.257522544817140613e+02 2.364876977416103543e+01
1.289106299999999976e+02 7.094847999999999821e+00 1.346902356042616020e+02 2.506825470809927126e+01
1.064764899999999983e+02 2.161875300000000166e+01 9.497857938011567569e+01 2.459799944571667840e+00
1.042143250000000023e+02 3.424630400000000208e+01 1.080816440494773474e+02 3.238706665389111805e+01
1.272875200000000007e+02 3.735890000000000044e-01 1.163266049780978904e+02 3.137681644300799988e+01
1.072066800000000057e+02 2.882234800000000163e+01 1.292338974860024905e+02 5.497867839920123068e-01
1.374745599999999968e+02 3.138292099999999962e+01 1.200831380117766258e+02 1.064712954835343162e+01
1.068714449999999943e+02 1.286970200000000020e+01 1.330808584032992599e+02 2.270539131648875752e+01
1.004048300000000040e+02 2.599754000000000076e+01 1.094154727453407929e+02 2.310024423264658111e+01
1.052273249999999933e+02 1.942294899999999913e+01 1.242748702757922672e+02 1.942251405965598821e+01
1.030200499999999977e+02 2.779550400000000110e+01 1.180273659399045130e+02 3.823469656856934407e+00
1.034284499999999980e+02 2.847408899999999932e+01 1.188890770199760141e+02 1.219245331725054626e+01
1.068052100000000024e+02 1.683014100000000113e+01 1.322830672769322575e+02 2.811440920911915953e+01
1.063896100000000047e+02 3.912881000000000054e+00 1.195707902489618419e+02 6.425381074537305892e+00
1.029471499999999935e+02 1.203110299999999988e+01 1.073419498038207678e+02 1.781776714674769124e+01
1.167593700000000041e+02 2.162810899999999847e+01 1.164166711334206212e+02 9.099245346512216059e+00
1.169782000000000011e+02 4.263942000000000121e+00 1.102181446723172087e+02 2.500303013852201772e+01
1.287243799999999965e+02 8.558763000000000787e+00 1.114524447390958954e+02 3.013977561919886305e+00
9.977344999999999686e+01 2.670044899999999899e+01 1.342657853358339537e+02 2.123750923452906392e+01
1.181860400000000055e+02 2.456443600000000060e+01 9.828079655823823657e+01 2.130072435906430428e+01
1.233091349999999977e+02 7.443515999999999799e+00 1.352054889996034035e+02 1.608387861222682957e+01
1.123576999999999941e+02 3.279659999999999798e-01 1.313331048360493583e+02 2.231664344018145485e+01
1.222981000000000051e+02 3.382558000000000220e+01 1.281834720454766625e+02 5.492893276342670994e+00
1.083680499999999967e+02 2.084225800000000106e+01 1.138537654006955790e+02 1.837850012100928154e+01
1.028493699999999933e+02 2.885465800000000058e+01 1.289077180060866397e+02 2.481652820943357796e+01
1.075895799999999980e+02 1.972467400000000026e+01 1.354650802388556201e+02 1.839545585364517777e+01
1.090832599999999957e+02 1.999703000000000008e+00 1.143614344536953809e+02 2.534627851388928210e+00
1.164115599999999944e+02 1.850963399999999837e+01 9.474413780594949230e+01 3.002871605587756676e+01
1.130060650000000066e+02 2.550459999999999994e+01 9.453791521168083989e+01 3.421221030252662132e+01
9.974796999999999514e+01 3.379717300000000080e+01 1.041936622451642336e+02 2.340472953775157805e+01
1.307676400000000001e+02 9.199001000000000872e+00 1.191044501229075081e+02 3.207241643607184756e+01
1.356580399999999997e+02 1.759958500000000114e+01 9.244556608545761378e+01 6.752824021173817748e+00
1.331191900000000032e+02 8.421360999999999208e+00 1.182803109847979357e+02 3.203899587324443132e+01
1.332452999999999861e+02 2.728622999999999799e+00 9.735952873215268255e+01 6.745541953392431012e+00
1.225421139999999980e+02 1.088495900000000027e+01 1.374663696059704137e+02 3.411635421535542179e+01
1.130037300000000045e+02 2.547221800000000158e+01 9.649114550683475500e+01 1.285866260174512554e+00
1.331578700000000026e+02 1.155118900000000082e+01 1.021164005345957122e+02 1.050389378616704761e+01
1.078554800000000000e+02 1.840535399999999910e+01 1.315509913363837313e+02 1.206706620074517033e+01
1.257966299999999933e+02 8.756054999999999922e+00 1.265101385760142563e+02 2.540197733916640388e+01
1.015828300000000013e+02 3.012794999999999845e+01 1.198541137944403800e+02 1.552626222946509760e+00
1.370245700000000113e+02 1.147566899999999990e+01 1.220949601993208660e+02 9.405563369787808270e+00
1.244378499999999974e+02 2.619258100000000056e+01 9.236902438763164014e+01 1.467109734254591125e+01
1.122994499999999931e+02 1.439847999999999928e+01 1.226005963571528383e+02 1.445349294038535781e+01
1.007858499999999964e+02 2.466396100000000047e+01 1.206128195599577566e+02 2.636945018963292497e+01
1.165043500000000023e+02 1.716985000000000028e+01 9.249362185763330046e+01 2.893431497345007131e+01
9.715987400000000207e+01 1.592667499999999947e+01 9.858997957159989767e+01 3.175090916755519999e+01
1.138388060000000053e+02 1.427283199999999930e+01 1.101270594618894023e+02 2.363703713187868161e+01
1.222444500000000005e+02 8.908201999999999288e+00 1.134611249589158888e+02 3.088591257261672141e+01
1.221287399999999934e+02 7.625099999999999767e+00 1.319559516588105907e+02 8.868822088768071765e+00
1.277506199999999978e+02 9.857113000000000014e+00 1.301796156053387676e+02 2.241976058152705420e+01
1.239427000000000021e+02 2.807401000000000035e+00 1.001832144748323827e+02 1.172027255437575910e+00
1.309324000000000012e+02 9.878012000000000015e+00 1.165743641312613761e+02 1.890148205956112548e+01
1.286587700000000041e+02 1.192577099999999923e+01 1.156779012388386150e+02 9.246378247681706242e+00
1.120762000000000000e+02 7.865459999999999674e-01 1.237965570697567443e+02 2.203873420305542297e+01
1.094431699999999950e+02 2.603854600000000019e+01 1.142897999928928385e+02 4.099373096697477514e+00
1.026750949999999989e+02 3.487172699999999992e+01 1.029621228806637276e+02 3.092939572905616430e+01
1.030357699999999994e+02 2.493956400000000073e+01 9.695741151574674177e+01 3.176632097643663144e+01
1.353151900000000012e+02 1.279140499999999925e+01 1.060946771583377597e+02 2.688611601213676394e+01
1.291559399999999869e+02 1.352395500000000084e+01 1.057993467057798682e+02 3.307947221743313548e+01
1.133417740000000009e+02 1.599369000000000085e+01 1.090941417107993061e+02 3.139536795153473747e+01
1.235410839999999979e+02 6.541074000000000055e+00 9.209903914572753081e+01 6.795352233813536813e+00
1.189220300000000066e+02 1.942037399999999892e+01 1.217867915855811418e+02 1.761643742626091580e+01
1.340509999999999877e+02 2.624378400000000156e+01 1.169014890933821533e+02 2.461589057599298513e+01
1.088499999999999943e+02 2.839095999999999975e+01 1.363157599516550817e+02 1.401096058282485224e+01
1.289265900000000045e+02 1.218157399999999946e+01 1.182781681921344727e+02 1.002758704344405283e+00
1.181643140000000045e+02 2.271122000000000085e+01 9.482285800347614213e+01 1.454015180508917204e+01
1.072773499999999984e+02 2.767564799999999892e+01 1.087260235437748008e+02 1.784888199802973574e+01
1.302130600000000129e+02 1.211599499999999985e+01 1.114550226164070210e+02 1.352767001557518611e+01
1.206880299999999977e+02 9.057698999999999501e+00 1.102537280608852228e+02 1.830441959035668731e+01
1.349924800000000005e+02 2.427803000000000111e+01 1.006012595906356211e+02 1.853780774559442790e+01
1.240121900000000039e+02 1.423227999999999938e+00 1.282857747394632497e+02 1.167628776640986032e+01
1.337603000000000009e+02 1.258384500000000017e+01 1.191408856642998728e+02 1.140122450743684901e+01
1.370959000000000003e+02 5.531164999999999665e+00 1.083934954728287607e+02 3.101936260120514710e+00
1.188353800000000007e+02 2.132730300000000057e+01 1.307693767857108753e+02 1.879898919408592306e+01
1.066250150000000048e+02 2.543620000000000214e+00 1.060595463327420873e+02 7.868152892143298605e-01
1.121128999999999962e+02 1.959123999999999910e+01 9.420348531788611979e+01 6.077972722168516029e+00
1.069558300000000060e+02 3.322021000000000157e+01 1.373384976472867152e+02 5.720284744845629987e+00
1.212168499999999938e+02 5.970590000000000064e-01 1.370539513196256394e+02 3.022436898134137628e+00
1.233474350000000044e+02 2.519231399999999965e+01 1.355458502118831916e+02 7.429794489412417491e+00
1.227206500000000062e+02 2.926232000000000166e+00 1.023040780072572886e+02 1.127675137037252462e+01
1.092677800000000019e+02 3.181741999999999848e+00 1.239199928418615002e+02 3.468642746331173754e+00
1.195463639999999970e+02 2.841035700000000119e+01 1.033169356942089507e+02 2.491399610454604741e+01
1.159619799999999969e+02 3.274969500000000266e+01 1.181800519019149931e+02 1.830895013370176727e+01
1.357005499999999927e+02 1.938025700000000029e+01 1.145126575412489132e+02 1.135352560529311106e+01
1.009060400000000044e+02 2.837463199999999830e+01 1.150874245671626852e+02 3.377109543174990236e+00
1.217480850000000032e+02 1.688053000000000026e+00 1.298936874210182566e+02 1.910487855267531954e+00
1.327039000000000044e+02 1.584810399999999930e+01 1.306025925716543554e+02 1.866638370624978194e+01
1.007646940000000058e+02 2.517087599999999981e+01 1.014490614819244598e+02 1.504486658231004981e+01
9.363790000000000191e+01 1.419008299999999956e+01 9.220775424364371986e+01 2.498108298439476016e+01
