1.349519999999999982e+02 1.169487200000000016e+01 1.105100373739477391e+02 1.849354012650307055e+01
1.121128999999999962e+02 1.959123999999999910e+01 1.207973835207436935e+02 3.154469581244392629e+01
1.239427000000000021e+02 2.807401000000000035e+00 1.255101016248283088e+02 2.116984736560461045e+01
1.279808500000000038e+02 1.237441800000000036e+01 1.096928201811851125e+02 9.159901653953550493e+00
1.073838200000000001e+02 2.117361000000000004e+01 1.034976762802997285e+02 3.764600352140390349e+00
1.140832999999999942e+02 2.683112699999999862e+01 9.566184165810618367e+01 1.211706477181577668e+01
1.002797900000000055e+02 2.030880499999999955e+01 9.439815135425681092e+01 1.462136317558998932e+01
1.323020500000000084e+02 3.039486999999999828e+00 1.036734954183873896e+02 1.825514661437687991e+01
1.007823300000000017e+02 2.154664599999999908e+01 1.364797208674131639e+02 2.541934780295904517e+01
1.202229399999999941e+02 1.300534999999999997e+01 9.864447382202557435e+01 6.653332050805979669e+00
1.291559399999999869e+02 1.352395500000000084e+01 1.140113180487920346e+02 9.893612363724814784e+00
1.215274660000000040e+02 9.855489999999999640e+00 1.379549506292353556e+02 1.231231987599151090e+01
1.053509449999999958e+02 9.028912999999999300e+00 1.275108875477251900e+02 2.741163231617455054e+01
1.356580399999999997e+02 1.759958500000000114e+01 1.216395961941421433e+02 2.178776183246338150e+01
1.172729949999999945e+02 2.140795900000000174e+01 1.232729484394309480e+02 1.040194026935845351e+01
1.349317599999999970e+02 1.207422299999999993e+01 1.129102755436596226e+02 3.182624998468664757e+01
1.108547200000000004e+02 1.948833799999999883e+01 1.268320304993384013e+02 2.937491931242308851e+01
1.019195560000000000e+02 2.802453799999999973e+01 1.149106900998226308e+02 2.875681440402236433e+01
1.199054399999999987e+02 1.518948900000000002e+01 9.328576190995281081e+01 1.967830583364089136e+01
1.324488800000000026e+02 9.132956999999999326e+00 1.279038463699355361e+02 3.076110742887918903e+01
9.515203999999999951e+01 1.569428800000000024e+01 9.571753435493090478e+01 6.228570693122859936e+00
1.071924700000000001e+02 1.362108100000000022e+01 1.048613351572124657e+02 2.612404452085689499e+01
1.207063399999999973e+02 1.393922799999999995e+01 1.378720959185257584e+02 1.523971382886358761e+01
1.328286300000000040e+02 1.854412800000000061e+01 1.175922351590108974e+02 3.184968000802571808e+01
1.349417400000000100e+02 3.249795499999999748e+01 1.042535179316494265e+02 1.857156232297873899e+01
1.283993499999999983e+02 1.234091600000000000e+01 1.159540116343482339e+02 3.070350546863576824e+01
1.303266000000000133e+02 5.151488999999999763e+00 9.448778719897109113e+01 1.672632807476495387e+01
1.182392499999999984e+02 2.503325500000000048e+01 1.010063629884598413e+02 9.517915333636100428e+00
1.118345640000000003e+02 2.392749999999999877e-01 1.347904688375169826e+02 2.351221493658950834e+01
9.319089999999999918e+01 1.835962900000000175e+01 1.280417167152234015e+02 7.206668466206302526e+00
1.351008600000000115e+02 2.345284300000000144e+01 1.246834374383909676e+02 1.003822992503519984e+01
1.038123300000000029e+02 1.618331999999999837e+01 9.964411618394997561e+01 2.819097698083574688e+00
1.049673540000000003e+02 2.282041399999999953e+01 1.363899566893551309e+02 6.474844028806614915e+00
1.142837099999999992e+02 1.745475199999999916e+01 1.335441428301083988e+02 1.596120286916119291e+01
1.310166999999999859e+02 1.584964599999999990e+01 1.355058977270377341e+02 3.439531535168326570e+01
1.006064200000000000e+02 2.769523600000000130e+01 1.199640248466332650e+02 7.933389045531974659e+00
9.612255000000000393e+01 3.490480999999999767e+01 1.173552060809360853e+02 6.914916354800486609e+00
9.312736999999999910e+01 1.080105299999999957e+01 1.136728101610059696e+02 5.528976818501646351e-01
1.179488199999999978e+02 1.651808199999999971e+01 1.311074564738445360e+02 2.294747881713791671e+01
1.377720300000000009e+02 1.174125100000000010e+01 1.098253405881525566e+02 2.793080166865005864e+01
1.331978300000000104e+02 1.207540099999999939e+01 1.076326869989337496e+02 1.074236587850021429e+01
9.805646500000000287e+01 1.719266899999999865e+01 1.068825394101185822e+02 5.365327517855030592e+00
1.366617899999999963e+02 1.230031400000000019e+01 1.220058987657389480e+02 1.460244402577186484e+01
9.953991000000000611e+01 1.765159200000000084e+01 1.375675251785391140e+02 2.939308515206267458e+01
1.210716900000000038e+02 6.892971000000000181e+00 9.934881032769196452e+01 2.357270919250570174e+01
1.130844799999999992e+02 1.852679300000000140e+01 1.192289915562509179e+02 2.414762605330788681e+00
1.166539499999999947e+02 2.553005200000000130e+01 1.083899395103938730e+02 4.211389060354640890e+00
1.083680499999999967e+02 2.084225800000000106e+01 1.041067860073501095e+02 3.048953545863426839e+01
1.197064500000000038e+02 1.762339400000000111e+01 1.138908467184569844e+02 5.797408480230457961e+00
1.045020300000000049e+02 3.012155500000000075e+01 9.839918877209150594e+01 2.137350508441644870e+00
1.211908499999999975e+02 1.480161999999999978e+01 1.030471344458991041e+02 1.202452028988424360e+01
1.332452999999999861e+02 2.728622999999999799e+00 1.351106379548055827e+02 2.863352382328928414e+01
1.240100000000000051e+02 1.279410900000000062e+01 1.318783149904246841e+02 8.952969231222208890e+00
1.136618399999999980e+02 2.985846499999999892e+01 1.188281552604292415e+02 5.046295346625304212e+00
1.065032039999999967e+02 4.921710000000000251e-01 1.175278015976494856e+02 2.173737161919147809e+01
1.127789899999999932e+02 1.603903199999999885e+01 1.289255355233539149e+02 6.451642053137779165e+00
1.213342499999999973e+02 2.617049000000000181e+00 1.095038069218639976e+02 1.881715916443042502e+01
1.101911099999999948e+02 1.101826999999999934e+01 1.220728071305146614e+02 3.247630551407544175e+01
1.221146700000000038e+02 7.678874999999999673e+00 1.122994241848256252e+02 3.126984789103055995e+00
1.087034450000000021e+02 1.879413800000000023e+01 1.018852291370571521e+02 3.907520118422700861e+00
1.197646199999999936e+02 2.030460199999999915e+01 1.295428498844262322e+02 3.184579437446409855e+01
1.258230060000000066e+02 9.050392999999999688e+00 1.303582499381870434e+02 1.752384370385260581e+01
1.047176599999999951e+02 4.703091999999999828e+00 1.165561305167720434e+02 3.075476376736054895e+00
1.123576999999999941e+02 3.279659999999999798e-01 9.203114312376568762e+01 9.989900018321396402e+00
1.087185099999999949e+02 1.082315200000000033e+01 1.149899151625497922e+02 5.055415733430473679e+00
1.306637699999999995e+02 1.285029600000000016e+01 1.281604218740829424e+02 6.508000969222792698e+00
1.037949100000000016e+02 1.724506999999999834e+01 1.070682558862631737e+02 1.137956032050155386e+00
1.222190400000000068e+02 1.304349299999999978e+01 1.283835563548032042e+02 2.667379566728575213e+01
1.171882999999999981e+02 2.439474999999999838e+01 1.212067495937278210e+02 7.308693719233261277e+00
1.039862200000000030e+02 2.419322400000000073e+01 1.375387558108021722e+02 1.888238201365605207e+01
1.355842399999999941e+02 3.165399999999999991e+01 1.196005666493158088e+02 2.054881853806160663e+01
9.588267000000000451e+01 2.653397000000000006e+01 9.678351082034392050e+01 2.364888510888420114e+01
1.125423660000000012e+02 2.072739999999999938e+01 1.288243987696944259e+02 1.465653870446583618e+01
1.102496799999999979e+02 2.905307200000000023e+01 1.062874376335294215e+02 3.079164458765473711e+01
1.082274599999999936e+02 2.717001000000000133e+01 1.137644891417392330e+02 1.628852267375144436e+00
1.269610100000000017e+02 1.226305200000000006e+01 1.250891925903524395e+02 1.743404638880664592e+01
1.245306700000000006e+02 7.659853000000000023e+00 9.889649254923352828e+01 2.100026328846629653e+01
1.311990399999999966e+02 2.885759999999999881e+00 1.049117624159938629e+02 3.171755555900890045e+01
1.029471499999999935e+02 1.203110299999999988e+01 9.601906165046827368e+01 1.542065521701290898e+01
9.359354000000000440e+01 1.516930999999999941e+01 1.296545236051120469e+02 8.114125098982409412e+00
1.165112840000000034e+02 2.327571899999999872e+01 1.117405781943481600e+02 1.834277193131826778e+01
1.373412800000000118e+02 7.320990000000000553e-01 1.243145573237765120e+02 5.327652717382101777e+00
1.204627899999999983e+02 7.529904000000000153e+00 1.148640838891563192e+02 2.240391336959782009e+01
1.055970499999999959e+02 6.590237000000000123e+00 9.555966910849309670e+01 4.678952069079932663e+00
1.272875200000000007e+02 3.735890000000000044e-01 1.307495861198797797e+02 1.836190652103522680e+01
1.010540500000000037e+02 1.139439199999999985e+01 1.143516364908396099e+02 3.185611315504892715e+01
1.088749899999999968e+02 2.917879299999999887e+01 1.249707411984976773e+02 3.481501865869160639e+01
1.023049299999999988e+02 2.800608000000000075e+01 1.053689962819366599e+02 3.020871316590476496e+01
1.360862600000000100e+02 1.322449800000000053e+01 1.048096259584647925e+02 6.075697110367611842e+00
1.092677800000000019e+02 3.181741999999999848e+00 1.237673220427009539e+02 1.582821301528016456e+01
1.128090440000000001e+02 2.218561000000000050e+01 1.028198599354588083e+02 1.923914276513951638e+00
1.068714449999999943e+02 1.286970200000000020e+01 9.209851273069756417e+01 2.241710014237436610e+01
1.212147099999999966e+02 1.824274799999999885e+01 1.193940641839449910e+02 1.798873442471836626e+01
1.176956899999999990e+02 6.060266000000000375e+00 1.281546974499680402e+02 2.232795758971230526e+01
1.222981000000000051e+02 3.382558000000000220e+01 1.087930885592469679e+02 2.013216571592849036e+01
9.977344999999999686e+01 2.670044899999999899e+01 1.351263221954534401e+02 1.598177947163688550e+01
1.225343299999999971e+02 4.270537000000000027e+00 9.260425970177207944e+01 3.249125869674726630e+01
1.044074200000000019e+02 1.407581799999999994e+01 1.135541567931820595e+02 3.120977256664597688e-01
1.212168499999999938e+02 5.970590000000000064e-01 1.301755108362531814e+02 2.985024189058207611e+01
1.174997939999999943e+02 1.471192300000000053e+01 1.321278765751935396e+02 8.413525347466869420e+00
1.286229600000000062e+02 3.030732499999999874e+01 1.355224218786239589e+02 2.955704744522074634e+01
1.175621500000000026e+02 1.813804400000000072e+01 1.013721617249779570e+02 2.396445901737863693e+01
1.063444439999999958e+02 3.975452000000000208e+00 1.240171214944483893e+02 1.114630326009302230e+01
1.359555699999999945e+02 2.916656499999999852e+01 1.209943158173404640e+02 3.097833253356567695e+01
1.028629600000000011e+02 1.609947599999999923e+01 1.167890298268185347e+02 2.438123634121045313e+01
1.337603000000000009e+02 1.258384500000000017e+01 9.366330303601077389e+01 1.407910140400625743e+01
1.297366499999999974e+02 1.097087800000000080e+01 9.983551710567321891e+01 7.405866378617592005e+00
1.053674550000000067e+02 7.722144000000000119e+00 1.017839610584379244e+02 2.901067536391066959e+00
1.209411199999999980e+02 1.190699900000000078e+01 9.337360062347454459e+01 8.979835403150699946e+00
1.183520900000000040e+02 1.158915299999999959e+01 1.354124543520644295e+02 3.465706963159151499e+00
1.179312000000000040e+02 9.954869000000000412e+00 1.094703720869563313e+02 1.850525348395303737e+01
1.130678500000000071e+02 1.070391300000000001e+01 9.793081034780983885e+01 2.204370665821053876e+01
1.041200560000000053e+02 2.495909899999999837e+01 9.921279910062790464e+01 2.804048893573192203e+01
1.038327500000000043e+02 1.301466800000000035e+01 1.237044240699355839e+02 6.249502364529233134e+00
1.150682749999999999e+02 1.918149599999999921e+01 9.273521394692670583e+01 9.247336357977779642e+00
1.034781339999999972e+02 1.418773999999999980e+01 1.315472388061715208e+02 4.364134193998562949e+00
1.221295800000000042e+02 8.650660999999999490e+00 1.344007927689763164e+02 1.203655758162772571e+01
9.833840999999999610e+01 3.082450000000000045e+01 1.137735615269703970e+02 3.076715426469418979e+00
1.030680899999999980e+02 2.392125499999999860e+01 1.078603087542951613e+02 9.969979189068752135e+00
1.148044000000000011e+02 2.044948799999999878e+01 9.911546010870246448e+01 3.378409647631624324e+01
1.291512099999999919e+02 1.286193699999999929e+01 1.373219964984855608e+02 1.903941347425626418e+01
1.376394999999999982e+02 1.949024400000000057e+01 9.304872338751302152e+01 3.991507402205424215e-01
1.012301199999999994e+02 1.617340499999999892e+01 9.782202196583160969e+01 4.182807268617782626e+00
1.073123599999999982e+02 2.557497199999999893e+01 1.311688903282446290e+02 3.301541475352941291e+01
1.344037299999999959e+02 3.264661399999999958e+01 1.322587162535414222e+02 3.421942452648449873e+00
1.022638800000000003e+02 3.262707999999999942e+01 1.014297213259397239e+02 2.658158422273444543e+01
1.314515000000000100e+02 1.002607700000000079e+01 1.244476017741867508e+02 2.372535653458961136e+01
1.133071060000000045e+02 3.074285100000000170e+01 1.235956267092143719e+02 6.136174411771279757e+00
1.303218400000000088e+02 8.996290000000000120e-01 1.079107189042462238e+02 3.283917107171308913e+01
1.367545299999999884e+02 1.483705600000000047e+01 1.000658224351033425e+02 2.522486879451010111e+01
1.235973099999999931e+02 1.219101299999999988e+01 9.723162018470063117e+01 1.334580880654863577e+01
1.227775699999999972e+02 3.331928000000000001e+00 1.284803733095637881e+02 1.308015780556459795e+01
1.098809700000000049e+02 2.526983800000000002e+01 1.373161462269660262e+02 3.497437357530854385e+00
9.609209400000000301e+01 1.652753299999999825e+01 1.312239652337959228e+02 1.755660621392711107e+01
1.253882700000000057e+02 1.252098200000000006e+01 1.040672964727766185e+02 1.489560240717768025e+01
1.093003099999999961e+02 1.012630000000000058e-01 1.231400989192432576e+02 3.343497614718461364e+01
1.220304600000000050e+02 5.662862999999999758e+00 1.199192886046750743e+02 2.709684549968928025e+01
1.166653400000000005e+02 4.134577000000000169e+00 1.206872319288448239e+02 3.221744494602868514e+01
1.227981199999999973e+02 3.281226699999999852e+01 1.153414184573014154e+02 2.249985496632338311e+01
1.357005499999999927e+02 1.938025700000000029e+01 1.048067100082042344e+02 3.187080585024520474e+01
1.219990200000000016e+02 5.213186999999999571e+00 1.186801477869960166e+02 2.352024279835132248e+01
1.227206500000000062e+02 2.926232000000000166e+00 9.811814105993437352e+01 2.280553592109628269e+00
1.331191900000000032e+02 8.421360999999999208e+00 1.176586755630877406e+02 1.190283270201693000e+00
1.134832399999999950e+02 1.777810300000000154e+01 9.663038461664567080e+01 2.155014276885354008e+01
1.200522399999999976e+02 3.491102000000000061e+01 9.489454760655264920e+01 2.736675201404667135e+01
9.288236999999999455e+01 2.260556000000000054e+01 1.100281491917650385e+02 1.273345370220367911e+01
1.140301000000000045e+02 2.309675000000000011e+01 1.325938623870910078e+02 2.787460203670254089e+01
1.289122600000000034e+02 1.145462200000000053e+01 1.261082168235294176e+02 8.399421196290852265e+00
1.259232559999999950e+02 4.161654000000000408e+00 1.048447821840185270e+02 9.695397739764601397e+00
1.064903999999999940e+02 1.390643999999999991e+00 1.264604919592930798e+02 6.560245260324837346e-02
1.064971539999999948e+02 2.229241000000000028e+01 1.174189346517988071e+02 2.261344970751033401e+01
1.026750949999999989e+02 3.487172699999999992e+01 9.464606779123822378e+01 1.755401031424332814e+01
1.324894099999999924e+02 1.522223000000000104e+00 1.026783924053486459e+02 2.900699248358503368e+01
1.102168700000000001e+02 2.640597199999999845e+01 1.143278646170636108e+02 5.541037592996883809e+00
1.007858499999999964e+02 2.466396100000000047e+01 1.258494533957371715e+02 1.774987900045925215e+01
1.350492700000000070e+02 1.381308300000000067e+01 1.131561512653754278e+02 7.613150709878008238e-01
1.064764899999999983e+02 2.161875300000000166e+01 1.344664071793276321e+02 2.107161473142269514e+01
1.047877660000000049e+02 2.743140400000000056e+01 1.084250176495673941e+02 7.401915215656242886e+00
1.014903900000000050e+02 3.396592700000000065e+01 1.009024670256521148e+02 5.795134623130726581e-01
1.007028959999999955e+02 2.068726699999999852e+01 1.190768263415169059e+02 1.605006693909211535e+01
1.130644759999999991e+02 5.041568999999999967e+00 9.517573195996918400e+01 5.536317018320533023e+00
1.210836500000000058e+02 1.404887100000000011e+01 1.151866014125635758e+02 2.386566286707119389e+01
1.068959600000000023e+02 4.261408999999999558e+00 1.088373993745388901e+02 3.063481664310916841e+00
1.325616899999999987e+02 2.183529300000000006e+01 1.333932808657067710e+02 4.279807082583156230e+00
1.164321900000000056e+02 1.890602499999999964e+01 1.338603253606329417e+02 1.189129649765634866e+01
1.088499999999999943e+02 2.839095999999999975e+01 1.038500066633151420e+02 1.669451874200063557e+01
1.270486300000000028e+02 1.419520600000000066e+01 9.472958180292449981e+01 6.946902023972573836e+00
1.024364300000000014e+02 2.697588299999999961e+01 1.144150403386496180e+02 1.613709946784850402e+01
1.255835950000000025e+02 1.142485399999999984e+01 9.975521667948640925e+01 4.944267929614115653e-01
1.064823149999999998e+02 3.252676000000000123e+00 1.142066809428605580e+02 1.465793519949736456e+01
1.201523200000000031e+02 2.317364500000000049e+01 9.431681042661232084e+01 6.499792176652727349e+00
1.235410839999999979e+02 6.541074000000000055e+00 1.209169166495490089e+02 8.140742478966114248e+00
1.085890660000000025e+02 5.622329999999999828e-01 1.057240507704379411e+02 2.074175074284854148e+01
1.264986999999999995e+02 2.455890000000000128e+01 1.243121533987220459e+02 2.520595932591089294e+01
1.034372900000000044e+02 1.659929699999999997e+01 1.279244514367800463e+02 2.812153830771483953e+01
1.082674300000000045e+02 2.621295500000000089e+01 1.184715374035492346e+02 2.851598865348780265e+01
1.229745099999999951e+02 1.295093400000000017e+01 1.219461670683307233e+02 2.928425089298729489e+01
1.028035200000000060e+02 2.750330200000000147e+01 1.086421782793082684e+02 2.912967804065525002e+01
1.061745300000000043e+02 2.465655100000000033e+01 1.114919839456861155e+02 1.891277780636595196e+01
1.090837899999999934e+02 1.109345000000000026e+00 1.076170227908564385e+02 3.888516386834868666e+00
1.173357539999999943e+02 2.219921099999999825e+01 1.371261481200929779e+02 3.746510190923322714e+00
1.292556600000000060e+02 1.137209400000000059e+01 1.153474936597667266e+02 2.581593626397177488e+01
1.084516140000000064e+02 7.152399999999999869e-01 1.318337784309019582e+02 1.588644128101446285e+01
9.423632999999999527e+01 1.031035299999999921e+01 1.029510776355311492e+02 3.518049784915364242e+00
1.065502599999999944e+02 6.022739999999999760e+00 1.216368864771923199e+02 3.097862419393119282e+01
1.130037300000000045e+02 2.547221800000000158e+01 9.706329502643025364e+01 3.370141678084370085e+01
1.119646900000000045e+02 1.463188599999999973e+01 1.115465752477514627e+02 2.102144941039388470e+01
1.350546699999999873e+02 1.248166299999999929e+01 1.368504596411077614e+02 2.635211306951585453e+00
1.161196300000000008e+02 2.374014299999999977e+01 1.210983433193352710e+02 2.491114039956631743e+01
1.251748699999999985e+02 2.681115199999999987e+01 1.289038791023781130e+02 1.867572516857934062e+01
9.586464999999999748e+01 3.010379999999999967e+01 9.965029253050984437e+01 2.123840030736902307e+00
9.974071999999999605e+01 1.632757600000000053e+01 1.304344134564073840e+02 2.368275228275747324e+01
1.325118699999999876e+02 7.074665000000000425e+00 1.139298598993957654e+02 2.700430559978624956e+01
1.140755900000000054e+02 8.455011999999999972e+00 1.119688700443865201e+02 1.710985871280836434e+01
9.264901000000000408e+01 2.078608699999999843e+01 1.351216802999874744e+02 6.926512942412832441e-01
9.699267600000000300e+01 3.332831000000000188e+01 1.361421436835248926e+02 3.203265021093216092e+01
1.230936200000000014e+02 4.996221000000000245e+00 1.115442133845353965e+02 1.297377157816408833e+01
1.233474350000000044e+02 2.519231399999999965e+01 1.351865535283662894e+02 2.900079769238881156e+01
9.801369499999999846e+01 2.871176499999999976e+01 1.187021256209970090e+02 1.241602977423289511e-01
1.194439849999999979e+02 3.088717700000000121e+01 1.163471584843843800e+02 1.831072848790466878e+01
1.346648600000000044e+02 1.416948599999999914e+01 1.028531991148286124e+02 2.824690348138898344e+01
1.264625999999999948e+02 7.166369999999999685e-01 1.187700103886541427e+02 5.816043833850031985e-01
1.072066800000000057e+02 2.882234800000000163e+01 1.031738627902237226e+02 3.316794179076182303e+01
9.410971999999999582e+01 1.075564600000000048e+01 1.276512479650913860e+02 1.759065275308627818e+01
1.222233659999999986e+02 2.248752000000000084e+00 1.044284201607175646e+02 1.121907285296139811e+01
1.135468599999999952e+02 1.324376900000000035e+01 1.287516941052173536e+02 3.025824516841886691e+01
1.049325299999999999e+02 2.927804199999999923e+01 1.061903210851910302e+02 2.317253748406943714e+01
1.139247359999999958e+02 2.117171300000000045e+01 1.313101135922401852e+02 2.048191724524602719e+01
1.209112899999999939e+02 7.267337999999999631e+00 1.125025484911320319e+02 5.768710436859307400e+00
1.074241999999999990e+02 2.922848300000000066e+01 1.047527776711622494e+02 1.088789946775916029e+01
1.353151900000000012e+02 1.279140499999999925e+01 1.152949574694974899e+02 3.728416817818717810e+00
1.194723599999999948e+02 1.724490399999999823e+01 1.329533982085933985e+02 2.705960703207737339e+01
1.164115599999999944e+02 1.850963399999999837e+01 1.147115474299736775e+02 1.698689188300555841e+01
9.723202000000000567e+01 2.960429800000000000e+01 1.070147871768397039e+02 2.433668190996070990e+01
1.344405199999999923e+02 3.228481299999999976e+01 1.073069787209419843e+02 3.117910337466834392e+01
1.356722699999999975e+02 1.789586800000000011e+01 9.588065109717477696e+01 3.482400508571228670e+01
1.143764000000000038e+02 1.332743100000000069e+01 1.093749833117266803e+02 1.002066931331505906e+01
1.302385099999999909e+02 7.992467999999999684e+00 1.123080906665600480e+02 2.556046582778721898e+01
1.122847440000000034e+02 1.660995300000000086e+01 1.316258279336463204e+02 2.438131832317505854e+01
1.137061499999999938e+02 2.920176500000000175e+01 1.270744772267974128e+02 2.186614285528452939e+01
1.126715200000000010e+02 1.748623999999999867e+01 9.973897162487176615e+01 3.449285383195471866e+01
1.221287399999999934e+02 7.625099999999999767e+00 9.749502704873867742e+01 7.620118600699798961e-01
1.244378499999999974e+02 2.619258100000000056e+01 1.318246160179209596e+02 1.791742007694642780e+01
1.158584060000000022e+02 1.987986000000000075e+01 1.306407286416424256e+02 9.956966660115593726e+00
1.008948800000000006e+02 1.652329800000000048e+01 1.219503035702962848e+02 4.928284004838491938e+00
1.074369499999999960e+02 2.925465799999999916e+01 1.200132211696960525e+02 1.768079768403624286e+01
1.008322600000000051e+02 1.836909500000000151e+01 1.224686042663349497e+02 3.045575113383420529e+01
1.028493699999999933e+02 2.885465800000000058e+01 9.380364494702715206e+01 6.231856069993174430e+00
1.146143200000000064e+02 2.004928200000000160e+01 1.130524265548694274e+02 2.921860972794763711e+01
1.050813700000000068e+02 4.424735000000000085e+00 1.328801673911940213e+02 5.609180971379363001e+00
1.089955800000000039e+02 1.639875599999999878e+01 1.170111493587009051e+02 7.513115306384926528e-01
1.331729400000000112e+02 1.186766300000000030e+01 1.204767269791815920e+02 2.209197652210666973e+01
1.175999999999999943e+02 1.023433799999999927e+01 1.169671679306487277e+02 2.837160592313622232e+01
1.148343050000000005e+02 2.582363300000000095e+01 1.130112599088802057e+02 1.949929392886759061e+01
1.109355999999999938e+02 1.694945099999999982e+01 1.316687241738288776e+02 8.954981296630016629e+00
1.195463639999999970e+02 2.841035700000000119e+01 1.263095927259576712e+02 2.039015427013001158e+01
1.010747149999999976e+02 1.745857799999999926e+01 1.022061973617819319e+02 1.505282404773592120e+01
1.042143250000000023e+02 3.424630400000000208e+01 1.051941785595645058e+02 1.680006907995982601e+01
1.130387039999999956e+02 2.450758000000000081e+01 1.164734970046716995e+02 1.033239729954897879e+00
1.040049199999999985e+02 2.438359600000000071e+01 1.002559733062370810e+02 2.048955841136538680e+01
1.030200499999999977e+02 2.779550400000000110e+01 1.024644355506612072e+02 1.875104625370757816e+01
1.154087799999999930e+02 2.365899500000000089e+01 1.277403720033036336e+02 1.633763901057480084e+01
1.165767299999999977e+02 1.286235699999999937e+01 1.364448978094318932e+02 2.816407136816261669e+01
1.206234199999999959e+02 2.294290000000000163e+00 1.092280563770217725e+02 3.558014832266928718e+00
1.201075060000000008e+02 6.985503999999999714e+00 1.010743190018732065e+02 2.926324396300586628e+01
1.225421139999999980e+02 1.088495900000000027e+01 1.337603097209942575e+02 8.327239000614271802e+00
1.269099199999999996e+02 8.830450000000000799e+00 1.280456085352702473e+02 2.313241173913478832e+01
1.244601700000000051e+02 2.153512000000000093e+00 9.911331224183928157e+01 1.960799238048961968e+01
1.276204900000000038e+02 1.005807899999999933e+01 1.140831785914798786e+02 7.233741287152190225e+00
1.006227399999999932e+02 1.954385600000000167e+01 1.044410694294544868e+02 1.338010522599789454e+01
1.309361900000000105e+02 8.523167000000000826e+00 1.024897970297467680e+02 2.074200119946213050e+01
1.063184499999999986e+02 2.189414199999999866e+01 1.102379789989928156e+02 3.275379751872093692e+01
1.294916100000000085e+02 2.620026999999999884e+00 1.317824151081517243e+02 1.678936810345578579e+01
1.067997500000000031e+02 2.827483199999999997e+01 9.402186965122443496e+01 1.827747898617753108e+01
1.370245700000000113e+02 1.147566899999999990e+01 1.242101655294072202e+02 1.550939328921035454e+01
9.823951999999999884e+01 1.669737599999999844e+01 1.037522050601117343e+02 2.909846643364447871e+01
1.005045199999999994e+02 2.882197800000000143e+01 1.130915979687079584e+02 3.098922638867207535e-01
1.096788600000000002e+02 1.849008999999999903e+00 1.098676497158620435e+02 3.217186534338082993e+01
1.306562800000000095e+02 2.621539999999999981e-01 1.297993382070144719e+02 1.642160927761825562e+01
1.217082599999999957e+02 1.563973999999999975e+01 1.223485656518472098e+02 2.049778691654187313e+01
1.279924850000000021e+02 1.403315199999999940e+01 1.177111266646538894e+02 7.223439470595902634e+00
1.031737439999999992e+02 5.745917000000000385e+00 1.146309691505030202e+02 1.184430871735351332e+01
1.259789300000000054e+02 8.138935999999999282e+00 1.072736448118425585e+02 9.004359558995755908e-01
1.153614500000000049e+02 1.834740400000000093e+01 1.371061306400286526e+02 2.612195126360362707e+01
9.397973000000000354e+01 1.450080900000000028e+01 1.282527121940287032e+02 1.656186224313747957e+01
1.370959000000000003e+02 5.531164999999999665e+00 1.122568255942909303e+02 2.409685402430345391e+01
1.002700300000000055e+02 1.703686300000000031e+01 1.253345976261784500e+02 7.505673879289992634e+00
1.066250150000000048e+02 2.543620000000000214e+00 1.292357710042594476e+02 1.905419402419907016e+01
1.000685000000000002e+02 2.550993300000000019e+01 1.029484507679639904e+02 2.899645012162764957e+01
1.133417740000000009e+02 1.599369000000000085e+01 1.225271200589358784e+02 2.074283550166971679e+01
1.063787499999999966e+02 2.825092300000000023e+01 1.284995223718496504e+02 3.040503148563719904e+01
1.222376000000000005e+02 3.524550000000000183e-01 9.215454752091415003e+01 3.014011714381815210e+01
1.063328249999999997e+02 1.094751899999999978e+01 1.360512039528288426e+02 2.216913816093709144e+01
1.002892999999999972e+02 2.375831000000000159e+01 1.231312276866409547e+02 2.350371115162539581e+01
1.063896100000000047e+02 3.912881000000000054e+00 1.367241048934868672e+02 5.070816962254626192e-01
1.215120100000000036e+02 3.517780999999999825e+00 1.101148320564861649e+02 1.796153033550487521e+01
1.309324000000000012e+02 9.878012000000000015e+00 1.077118728551918991e+02 2.714042129526084324e+01
1.167711800000000011e+02 1.044548600000000071e+01 1.342995170639505318e+02 1.781910747420053198e+01
1.068052100000000024e+02 1.683014100000000113e+01 1.237655132199512593e+02 2.001784582858805450e+01
1.250700149999999979e+02 1.553383900000000040e+01 1.168873050004269913e+02 9.915007044071341369e+00
9.339405999999999608e+01 1.624022300000000030e+01 1.196643446560253210e+02 4.484870458051977593e+00
1.181114039999999932e+02 1.644512699999999938e+01 1.240246724495603701e+02 1.454866668133175267e+01
1.004711900000000071e+02 2.451955200000000090e+01 1.291241780969110096e+02 2.469109379100113344e+01
1.298188600000000008e+02 9.076064999999999827e+00 1.179973811622247695e+02 6.197303318833513597e-01
1.299299300000000130e+02 1.610754400000000075e+01 9.589984075430524513e+01 2.302784922537492562e+01
1.210841450000000066e+02 2.834050999999999831e+01 1.089624344564385154e+02 1.397204009653023249e+01
1.219563600000000037e+02 4.037063999999999986e+00 1.297578888981161924e+02 2.285329856110278257e+01
1.105762799999999970e+02 1.713849599999999995e+01 1.318101901947002546e+02 1.632941286473390985e+00
1.129178600000000046e+02 2.190700100000000106e+01 1.097245684639476906e+02 5.475582432597457583e+00
1.247720099999999945e+02 6.038419999999999899e-01 1.347212204557508244e+02 2.803816214407847340e+01
1.051916099999999972e+02 9.920849000000000473e+00 1.017364587833412486e+02 8.674959521230894310e+00
1.305980999999999881e+02 1.224686600000000070e+01 1.024188913160437266e+02 2.706601958261860119e+01
1.110126900000000063e+02 2.886413999999999902e+01 1.268798691708371251e+02 2.088687924569801346e+00
1.268122939999999943e+02 2.672148999999999930e+01 1.122064495467552376e+02 2.868685477124702032e+01
1.211230850000000032e+02 1.021513700000000036e+01 1.292138322948911764e+02 1.748657349777651504e+01
1.216335140000000052e+02 1.368565999999999949e+00 1.326753729565653543e+02 8.290236312495832038e+00
1.013173800000000000e+02 1.780067999999999984e+01 1.344543544376697923e+02 2.515030256674797116e+01
1.044894199999999955e+02 3.404343999999999681e+01 1.015014181701841949e+02 1.618243035845097921e+01
1.287667099999999891e+02 1.207068300000000072e+01 1.103472035204305968e+02 3.124830296988153222e+01
1.364280100000000004e+02 4.255118000000000400e+00 1.275445439573511379e+02 2.157995001958260062e+01
9.715987400000000207e+01 1.592667499999999947e+01 9.465739445447323419e+01 2.721825823688002188e+01
9.999969000000000108e+01 2.509792300000000154e+01 9.226475819923612676e+01 4.744825157912491154e-01
1.206880299999999977e+02 9.057698999999999501e+00 1.067422090998199735e+02 2.737381603612089265e+01
1.134846040000000045e+02 1.515536099999999919e+01 1.248261592057152711e+02 5.438980337029994949e+00
1.192039699999999982e+02 8.441069999999999851e+00 1.092113661209436373e+02 2.894125159776832490e+01
1.294016699999999958e+02 5.396980000000000111e-01 1.236695825269695348e+02 3.308862172426857429e-01
1.006839099999999974e+02 4.718844999999999956e+00 9.228135828905384130e+01 2.076842770509002989e+01
1.088684839999999951e+02 1.869618999999999920e+00 1.060705867091175918e+02 4.950071793641497298e-01
1.358888900000000035e+02 4.520160999999999873e+00 1.201646485715489661e+02 2.247541173732123809e+01
1.307908799999999871e+02 1.009277999999999897e+00 1.291856064979208440e+02 1.835565681468769128e+01
1.231192999999999955e+02 3.669859999999999900e+00 1.185606172268161913e+02 2.043043252740221405e+01
1.176738359999999943e+02 1.385884099999999997e+01 1.294935771046510240e+02 2.216704436920313270e+01
1.032657399999999939e+02 2.896160700000000077e+01 9.538791620961045226e+01 1.714642057893783900e+01
1.289106299999999976e+02 7.094847999999999821e+00 1.250575343553627192e+02 3.257185991512027812e+01
1.120762000000000000e+02 7.865459999999999674e-01 9.902987006766983313e+01 3.213015902454394990e+01
1.205876159999999970e+02 1.334072899999999962e+01 1.173482934713574082e+02 2.117062329875817106e+00
1.139231400000000036e+02 3.106367300000000142e+01 1.312168242338081257e+02 1.379099566289482581e+01
1.224132840000000044e+02 1.063505699999999976e+01 9.658661545211406008e+01 6.222230130209612575e+00
1.232273500000000013e+02 4.342469000000000356e+00 9.618772263390641797e+01 1.417247552462077209e+01
9.844208500000000583e+01 2.976761600000000030e+01 1.220276858815387300e+02 3.100122224181822261e+01
1.020971899999999977e+02 2.676877800000000107e+01 1.210318933580869043e+02 9.571933704514528074e+00
1.331578700000000026e+02 1.155118900000000082e+01 9.542687107685267733e+01 2.442180339566063907e+01
1.014491600000000062e+02 2.277094299999999905e+01 1.248757941591089775e+02 1.893001966764649779e+01
1.074301300000000055e+02 3.293291500000000127e+01 1.044227981491377477e+02 2.225611887526403976e+01
1.242736299999999972e+02 6.831006000000000355e+00 9.791444481309072501e+01 3.006701072914312078e+01
1.327039000000000044e+02 1.584810399999999930e+01 1.131492018077434238e+02 5.604622860771176107e+00
1.039350500000000039e+02 2.735918399999999906e+01 1.021666759350359257e+02 3.351418408991839470e+01
1.134964499999999958e+02 2.987325299999999828e+01 1.088185524864381364e+02 8.971766946810426191e+00
1.021120999999999981e+02 2.292310000000000159e+01 1.140863302072805254e+02 3.185665555094015033e+01
1.110863800000000055e+02 2.956343499999999835e+01 1.028131327625799543e+02 1.675085077836063618e+01
1.346454300000000046e+02 1.258279899999999962e+01 1.359442892383351023e+02 1.516648710067282835e+01
1.189220300000000066e+02 1.942037399999999892e+01 1.043712790574640508e+02 1.305649959254931503e+01
1.080707699999999960e+02 1.541756700000000002e+01 1.037478771363290804e+02 1.579253224742648598e+01
1.078730850000000032e+02 3.194168000000000163e+01 1.361941619917720345e+02 1.215823130731458335e+01
9.981171000000000504e+01 2.392927600000000155e+01 9.203716508748698288e+01 2.861011639184861366e+01
1.102149799999999971e+02 2.830182999999999893e+01 1.287114891657126634e+02 4.928789920721047046e+00
1.235097959999999944e+02 2.681490999999999847e+00 1.224878737598164520e+02 3.390000454435919686e+00
1.110467699999999951e+02 3.238026399999999683e+01 1.155615897335542570e+02 2.975814040554925910e+01
1.215634399999999999e+02 8.080892999999999660e+00 1.368502314290357731e+02 1.052684027789341226e+00
1.221697539999999975e+02 5.261603000000000030e+00 1.021189972605552185e+02 8.847660531519871085e+00
1.284304700000000139e+02 1.899298699999999940e+01 1.129012747905162257e+02 5.094850126960739800e+00
1.287243799999999965e+02 8.558763000000000787e+00 1.111418750860546396e+02 2.667754268912161919e+01
1.368218999999999994e+02 9.378269999999999662e-01 1.316873367776599935e+02 2.842941456053694438e+01
1.056316000000000059e+02 1.004083999999999932e+01 1.220025850715976077e+02 6.691960059740599931e+00
1.065750199999999950e+02 2.890432200000000051e+01 1.261699405505056291e+02 3.102314788356345687e+01
9.974796999999999514e+01 3.379717300000000080e+01 1.106141082850716515e+02 5.410280707153815705e+00
1.067377000000000038e+02 2.727607499999999874e+01 1.346888748884265397e+02 9.141611135000999866e+00
1.232222500000000025e+02 1.022940900000000042e+01 1.102914120055763192e+02 2.110963052795969119e+01
1.007646940000000058e+02 2.517087599999999981e+01 9.285294142635117964e+01 2.746967032060342362e+01
9.520380000000000109e+01 2.239091700000000174e+01 1.045798106932876976e+02 2.033943951827874130e+01
9.989088999999999885e+01 2.683164999999999978e+01 1.101585150407144482e+02 2.711430028681493098e+01
1.274308900000000051e+02 1.213617600000000074e+01 9.304169694613960928e+01 2.160284021288783762e+01
1.360886000000000138e+02 1.322069300000000069e+01 1.314774769959466880e+02 1.941448722947966132e+01
1.004917399999999930e+02 3.001473800000000125e+01 1.001936312537695954e+02 8.247264890342258070e+00
9.890682999999999936e+01 1.802293200000000084e+01 1.289650807485853647e+02 3.456765103021822227e+01
1.072773499999999984e+02 2.767564799999999892e+01 9.498115050179690400e+01 3.052915260754165416e+01
1.349924800000000005e+02 2.427803000000000111e+01 1.323760404210546824e+02 2.819318047604052069e+01
1.075895799999999980e+02 1.972467400000000026e+01 1.298613722705317173e+02 1.945172258353562356e+01
1.061328350000000000e+02 2.596210900000000166e+01 1.311194198810996454e+02 1.113368814497301518e+00
1.011475200000000001e+02 2.924591300000000160e+01 9.865263995543431008e+01 1.613028494340100494e+01
1.318405300000000011e+02 1.077468200000000031e+01 1.308626927996521658e+02 2.446994473820853955e+01
1.174418639999999954e+02 1.991549499999999995e+01 1.266004756654567700e+02 1.948363231488087877e+00
1.324696399999999983e+02 1.699832699999999974e+01 1.006387122110614598e+02 1.010500056460212370e+01
1.165043500000000023e+02 1.716985000000000028e+01 1.072553157605027963e+02 1.672733878730846513e+01
1.045286559999999980e+02 2.332880600000000015e+01 1.229695061702437329e+02 2.608470722584470991e+01
1.255556260000000037e+02 1.372629099999999980e+01 9.212339543089426286e+01 2.659626720628382301e+01
1.307676400000000001e+02 9.199001000000000872e+00 1.290875682532793292e+02 1.025230537719462731e+01
1.016832100000000025e+02 1.628771199999999908e+01 1.315726885686493688e+02 1.376924598678415457e+01
9.897588000000000363e+01 1.434022700000000050e+01 1.133626797665262984e+02 2.714253389594369281e+01
1.082378199999999993e+02 1.562821500000000086e+01 1.226602260063330903e+02 1.423428181093835931e+01
1.042165799999999933e+02 2.347071499999999844e+01 1.055729800775893352e+02 3.087536214162776105e+01
1.114765500000000031e+02 2.000540499999999966e+01 1.199511289767718694e+02 2.225593155788363831e+01
1.273446660000000037e+02 1.365026600000000023e+01 9.350573902192587639e+01 3.190996792048948194e+01
1.327581000000000131e+02 3.298633999999999844e+00 1.036693958962956401e+02 1.175494656910252722e+01
1.094431699999999950e+02 2.603854600000000019e+01 9.854690188076577329e+01 2.783928354426820562e+01
1.069558300000000060e+02 3.322021000000000157e+01 1.279912881139679257e+02 3.415015641869108265e+01
1.020575599999999952e+02 3.032312399999999997e+01 9.354922220474755079e+01 3.441577518473155095e+01
1.224107740000000035e+02 7.443858999999999781e+00 1.077859262824485711e+02 1.790042867276600447e+01
1.006493899999999968e+02 1.672829600000000028e+01 1.066352896538985817e+02 4.606753953813535141e+00
1.302130600000000129e+02 1.211599499999999985e+01 1.356071449581766331e+02 2.258456715486920174e+00
1.090832599999999957e+02 1.999703000000000008e+00 9.256019676805391327e+01 1.710450572542485048e+01
1.148769499999999937e+02 6.728119999999999656e-01 1.379658100584962881e+02 9.806540780889910991e+00
1.006795400000000029e+02 2.482919000000000054e+01 1.004902410399052286e+02 1.921157696002554616e+01
1.290050699999999892e+02 1.324962900000000054e+01 1.112654114640384080e+02 2.875600336117906863e+01
1.004048300000000040e+02 2.599754000000000076e+01 1.071104147620086309e+02 1.672298464211751678e+01
1.286007500000000050e+02 8.765936999999999202e+00 1.004630665713234663e+02 2.040991140952799654e+01
1.135055600000000027e+02 1.730492999999999881e+01 1.133966915029108691e+02 3.429492016010882338e+01
1.305616899999999987e+02 5.040212999999999610e+00 1.343386515128952396e+02 1.636874541615049949e+01
9.882135999999999854e+01 3.069462800000000158e+01 1.346062907980521857e+02 3.070732233844111292e+01
1.013219799999999964e+02 1.577685499999999941e+01 1.208111138429225377e+02 2.051624051151275197e+01
1.112859399999999965e+02 7.286299999999999999e-01 9.276212284566476285e+01 1.882864668628462823e+01
9.569082000000000221e+01 2.712815700000000163e+01 1.020894404416552419e+02 3.227736157303238684e+01
1.148470839999999953e+02 1.232656199999999913e+01 1.330309275015450510e+02 2.981752751911581356e+01
1.137167199999999951e+02 2.209496700000000047e+01 1.253175154988547035e+02 2.896412790510493807e+01
1.279676800000000014e+02 9.560188000000000130e+00 1.081986477210812865e+02 2.840877034274046409e+01
1.162961800000000068e+02 2.799809799999999882e+01 1.186612601371521549e+02 9.956806729302852821e-01
1.289265900000000045e+02 1.218157399999999946e+01 9.744511254698673497e+01 9.993268823864415396e+00
1.117577739999999977e+02 2.046753999999999962e+01 1.096518892903085884e+02 2.566844424832272153e+00
1.196812299999999993e+02 2.088022600000000040e+01 1.249952097536657334e+02 1.064842955558460957e+01
9.982527000000000328e+01 2.515078700000000111e+01 1.235273144091490707e+02 4.990489882011368117e+00
1.216805700000000030e+02 2.875600000000000031e-02 1.271007141678682899e+02 2.804588787692937757e+01
9.899518999999999380e+01 3.035501000000000005e+01 9.537646353474323746e+01 1.287669497099394356e+01
1.129410900000000026e+02 1.928609799999999908e+01 9.374104901561919689e+01 5.026870452786120325e+00
1.374745599999999968e+02 3.138292099999999962e+01 9.548388127578442663e+01 1.555660910113535422e+01
1.048228900000000010e+02 3.249645600000000201e+01 9.819433646254493908e+01 2.313167174521121083e+00
1.132784039999999948e+02 2.408719599999999872e+01 1.284682570666876700e+02 1.821953969413651109e+01
1.078554800000000000e+02 1.840535399999999910e+01 1.210758284320718019e+02 1.169576511050678391e+01
1.078804999999999978e+02 1.347900000000000098e+00 1.250983379954717520e+02 3.229656757909531706e+01
1.294755900000000111e+02 2.914704899999999910e+01 1.102131955147149114e+02 1.124356720795571363e+00
1.212094600000000071e+02 1.131169599999999953e+01 1.060725640391571574e+02 1.943997865197068009e+01
1.008899150000000020e+02 2.474351700000000065e+01 1.135781601760807860e+02 3.079631417388216619e+01
1.252770199999999932e+02 1.020389400000000002e+01 9.859851006544684537e+01 1.263242733565163434e+01
1.159256900000000030e+02 2.697432299999999827e+01 1.179691060092108899e+02 3.108927797050225905e+01
1.205678249999999991e+02 2.621988100000000088e+01 1.283058677508684298e+02 4.453126736284584553e+00
1.156589100000000059e+02 2.078124199999999888e+01 1.236452939007293139e+02 2.454369728213555035e+01
1.156852599999999995e+02 1.478857400000000055e+01 1.178117206569699107e+02 1.603429359441905078e+01
