1.056286400000000043e+02 2.796617300000000128e+01 9.885588387658370380e+01 4.826186267556777487e+00
9.410971999999999582e+01 1.075564600000000048e+01 9.545438214428565971e+01 2.472725006319220764e+00
1.171391449999999992e+02 6.471200000000000563e-02 9.797374493921110172e+01 1.217679489498842749e+01
1.085241099999999932e+02 2.678840999999999894e+01 9.976337616605499647e+01 1.065290401012953581e+01
1.029688699999999955e+02 1.518273899999999976e+01 1.021846869907444812e+02 1.842406322728250245e+01
1.014903900000000050e+02 3.396592700000000065e+01 1.133947161842588116e+02 7.095747110228361798e+00
1.130387039999999956e+02 2.450758000000000081e+01 1.075918478673858800e+02 2.331579401941174368e+01
1.124240099999999956e+02 2.294134899999999888e+01 1.310086977197123019e+02 2.609768770679876937e+01
1.265958100000000002e+02 2.633954999999999913e+01 1.186418844164552837e+02 1.116105641787151548e+01
1.081945400000000035e+02 1.628570200000000057e+01 1.354974269754227691e+02 6.504446180165848190e+00
1.015828300000000013e+02 3.012794999999999845e+01 1.250647859027109945e+02 1.175800086716688853e+01
9.204438000000000386e+01 2.020230499999999907e+01 9.604796432078866530e+01 1.679770103155844652e+01
1.286900599999999883e+02 1.486477799999999938e+01 1.349478579931647175e+02 1.152620907639712478e+01
1.344405199999999923e+02 3.228481299999999976e+01 1.259279232918969171e+02 1.471518129248523366e+01
1.355842399999999941e+02 3.165399999999999991e+01 1.154975736785927012e+02 2.934051061781863368e+01
1.179312000000000040e+02 9.954869000000000412e+00 1.070280753346316374e+02 3.193761868144754956e+01
1.050813700000000068e+02 4.424735000000000085e+00 9.426568108478385000e+01 2.676864773514891738e+01
1.355431199999999876e+02 2.001708199999999849e+01 1.020390724086714016e+02 7.587649120511230194e+00
1.034781339999999972e+02 1.418773999999999980e+01 1.147252630812863856e+02 5.898527114674478433e+00
1.182681050000000056e+02 5.761924999999999741e+00 1.301123319930642594e+02 2.340744231778772555e+00
1.245430300000000017e+02 2.024064000000000085e+00 1.245312862213936853e+02 8.342331879967412434e+00
1.132756650000000036e+02 2.208142499999999941e+01 1.091755332147119333e+02 2.477825376280351222e+01
1.317522700000000100e+02 7.439243000000000272e+00 1.098703353113659773e+02 1.861904159236938838e+01
1.004917399999999930e+02 3.001473800000000125e+01 1.233387056611285146e+02 3.282868606547850021e+01
9.974796999999999514e+01 3.379717300000000080e+01 1.166133571001181366e+02 1.285252649808344216e+01
1.123585199999999986e+02 2.633208799999999883e+01 9.589069798337690997e+01 7.756472683248482269e+00
1.003601900000000029e+02 6.202410999999999675e+00 9.564872121320223641e+01 3.351189093073577929e+00
1.204627899999999983e+02 7.529904000000000153e+00 1.132785671786787276e+02 3.806173685199933932e+00
1.323020500000000084e+02 3.039486999999999828e+00 1.245890125778291235e+02 4.201853108931175029e+00
1.286689599999999984e+02 1.164122899999999916e+01 1.186346734077782088e+02 1.381986389355461142e+00
1.265864399999999961e+02 1.194002500000000033e+01 1.252401199371813192e+02 3.323104676017297265e+01
1.075570799999999991e+02 3.114085800000000148e+01 9.788105874994887756e+01 2.130104621234072226e+01
1.118623300000000000e+02 1.493086300000000044e+01 1.172832628639171446e+02 3.463300642798508733e+01
1.020694000000000017e+02 1.701910399999999868e+01 1.156645160971252011e+02 3.312424939246371025e+01
1.314515000000000100e+02 1.002607700000000079e+01 1.135250755585846036e+02 1.849889739739008832e+01
1.133772500000000036e+02 2.012534099999999881e+01 1.075767807913703393e+02 1.629969867832943820e+01
1.029471499999999935e+02 1.203110299999999988e+01 1.355777938434742964e+02 2.959807448635077165e+00
1.049807359999999932e+02 3.378130699999999820e+01 9.479828326530696359e+01 2.731445433429536607e+00
9.998476999999999748e+01 5.003547000000000189e+00 1.095225821739199148e+02 1.854146112477609520e+01
1.036124999999999972e+02 3.156100700000000003e+01 9.235792021355548798e+01 1.181318465854680966e+01
1.262086639999999989e+02 1.252762300000000018e+01 1.030117415279485584e+02 1.204278037301785886e+01
1.179520399999999967e+02 5.112171000000000021e+00 1.317902292052901885e+02 2.375266297615509004e+00
1.252612100000000055e+02 1.041665000000000063e+01 1.087791582900893559e+02 2.891834105506582375e+01
1.279924850000000021e+02 1.403315199999999940e+01 1.080861661664751665e+02 1.687305498384330349e+01
1.038327500000000043e+02 1.301466800000000035e+01 1.072113901968942287e+02 1.716400786248909327e+01
1.114736800000000017e+02 2.004428000000000054e+01 1.245005845249868770e+02 1.104691580476894330e+01
1.357156699999999887e+02 3.125895300000000177e+01 1.112414071986682984e+02 1.129539518251205799e+01
1.186330399999999941e+02 1.129537400000000069e+01 9.988162743065115023e+01 1.001782048652730595e+01
1.064764899999999983e+02 2.161875300000000166e+01 1.072920048296694375e+02 1.528219117091172130e+01
1.378785100000000057e+02 1.122782400000000003e+01 1.019405531986182893e+02 2.402149741011528050e+01
1.048228900000000010e+02 3.249645600000000201e+01 1.117549711599867948e+02 2.921847858343710413e+01
1.074296650000000000e+02 4.943573999999999913e+00 1.310451065240835078e+02 1.263805633138989082e+00
1.067997500000000031e+02 2.827483199999999997e+01 1.232519868981265461e+02 3.373029791853986126e+01
1.290050699999999892e+02 1.324962900000000054e+01 9.537722010070864087e+01 3.224220751110903649e+01
1.002797900000000055e+02 2.030880499999999955e+01 1.212115556688141282e+02 2.551955714169762146e+01
1.324983000000000004e+02 4.275179999999999758e+00 1.015706922247658781e+02 3.093103570679229364e+01
1.226827100000000002e+02 4.561821000000000126e+00 1.138726422089144137e+02 2.388962592627113679e+01
1.282913200000000131e+02 3.539490000000000136e-01 9.591682648784508558e+01 2.099920643266568376e+01
1.137061499999999938e+02 2.920176500000000175e+01 1.182935808410502290e+02 2.462698794471726771e+01
1.261416849999999954e+02 2.764416500000000099e+01 1.094844438327338025e+02 2.314980018789396965e+01
1.294410000000000025e+02 2.921653200000000083e+01 1.141424665218135601e+02 2.708044621510079075e+00
1.180868300000000062e+02 8.296312000000000353e+00 1.168603581721025364e+02 3.100551226288233764e+00
1.104587499999999949e+02 2.348718999999999824e+01 1.114740783372068904e+02 2.729209680104611024e+01
1.067377000000000038e+02 2.727607499999999874e+01 9.365142773642537577e+01 2.816069208431472504e+01
1.244378499999999974e+02 2.619258100000000056e+01 1.318152309997584268e+02 2.521840264663395104e+01
1.175795600000000007e+02 5.611371000000000109e+00 1.233634562921368598e+02 1.640888784951703627e+01
1.285425299999999993e+02 2.874658000000000158e+01 1.120912289029897266e+02 8.179732443681880127e+00
1.118961000000000041e+02 1.561135900000000021e+01 1.314086132440121446e+02 1.030468277791914389e+01
1.140009500000000031e+02 2.463463799999999893e+01 1.111321969548557291e+02 2.543401434283061135e+01
1.116215100000000007e+02 2.149703999999999837e+01 9.385369123630759702e+01 3.052452719673507531e+01
1.110126900000000063e+02 2.886413999999999902e+01 1.011911609658659472e+02 5.975978296122280042e+00
1.030134699999999981e+02 1.714922999999999931e+01 1.127550147128723097e+02 9.921107376193727845e+00
1.055517300000000063e+02 2.252885200000000054e+01 1.194375705475084004e+02 2.302900443437125411e+00
1.223558649999999943e+02 2.753307300000000168e+01 9.904681977689247674e+01 2.102452712445399996e+01
1.066250150000000048e+02 2.543620000000000214e+00 1.147800225898023001e+02 1.733704605793498033e+01
1.123576999999999941e+02 3.279659999999999798e-01 1.086819839985684553e+02 2.656513294782470780e+01
1.033774300000000039e+02 2.454024499999999875e+01 1.000802344942984377e+02 9.526345033427974229e-01
1.017952350000000052e+02 1.828858599999999868e+01 1.025013400115274038e+02 1.996552516199681193e+01
1.202658899999999988e+02 5.060309000000000168e+00 1.361560146031682734e+02 1.198724352412716243e+00
1.364772499999999980e+02 2.120343999999999784e+00 1.224973890512636956e+02 1.733007279335853568e+01
1.204545700000000039e+02 7.107947000000000237e+00 1.178518664560910452e+02 2.083611770354153592e+01
9.869783999999999935e+01 2.488554600000000150e+01 1.279456114435013632e+02 3.221492935392247858e+01
9.609209400000000301e+01 1.652753299999999825e+01 1.030886210822853855e+02 3.130393238829277536e+01
1.174997939999999943e+02 1.471192300000000053e+01 1.297593995497588253e+02 1.173972526600857869e+01
1.106384299999999996e+02 3.058228099999999827e+01 1.031167557128480325e+02 2.739967244547348191e+00
1.219990200000000016e+02 5.213186999999999571e+00 1.256669961079789601e+02 2.073859092553363226e+01
1.304027600000000007e+02 8.559516999999999598e+00 1.194064100892863536e+02 2.051995661571914553e+01
9.805646500000000287e+01 1.719266899999999865e+01 1.009421743726405509e+02 2.093047182581004861e+01
1.287243799999999965e+02 8.558763000000000787e+00 1.019804935712685392e+02 1.416958979681877828e+01
1.209731299999999976e+02 2.012263300000000044e+01 1.253071381403994735e+02 2.751791802091343797e+01
1.221725399999999979e+02 1.971065000000000067e+00 9.654459977237898727e+01 2.394376246977378386e+00
1.306066700000000083e+02 3.339365399999999795e+01 1.200550841283386490e+02 1.247757600303108738e+01
1.130060650000000066e+02 2.550459999999999994e+01 1.275355748769810873e+02 2.867662522603653130e+01
1.132784039999999948e+02 2.408719599999999872e+01 1.134667218025132200e+02 1.828535040765803288e+01
1.180998459999999994e+02 1.284827399999999997e+01 1.162465001245216740e+02 3.209373009646795794e+01
1.216377800000000065e+02 1.520599999999999952e+01 1.179103895391773449e+02 1.497042494333104123e+01
1.202923300000000069e+02 1.427440499999999979e+01 1.180700285272433376e+02 2.166226396372377572e+00
1.045930900000000037e+02 2.917896000000000001e+01 1.101764120379277472e+02 1.681761164529010699e+01
1.167711800000000011e+02 1.044548600000000071e+01 1.193538440102935141e+02 6.836098814416370573e+00
1.004048300000000040e+02 2.599754000000000076e+01 1.242090781689249894e+02 2.740877564080030382e+01
1.338926400000000001e+02 1.374230400000000074e+01 1.188690013006456496e+02 1.941827385719193444e+01
1.194070700000000045e+02 1.974189399999999850e+01 1.250998348958125632e+02 1.266568148953121309e+01
1.096028799999999990e+02 2.265409999999999968e+01 1.379861716697777183e+02 5.569869155190160015e+00
1.148955600000000032e+02 1.872133399999999881e+01 1.119239973831990369e+02 3.042288336200712351e+01
1.158917540000000059e+02 1.912817799999999835e+01 1.015975413492436559e+02 2.715114765189331436e+01
1.218425699999999949e+02 1.623406200000000155e+01 1.055074556664097543e+02 8.704247783025630625e+00
1.334171399999999892e+02 1.512338199999999944e+01 1.359895753726193561e+02 6.129630795798605369e+00
1.273195599999999956e+02 1.021326400000000056e+01 1.358080127199730498e+02 1.096637014229402673e+01
1.060830399999999969e+02 5.075204000000000271e+00 1.004901314786279443e+02 1.934068318179112467e+01
1.185999149999999958e+02 1.150301600000000057e+01 1.004620780448123156e+02 3.227740951380602041e+01
1.264865340000000060e+02 1.459183699999999995e+01 1.302429309664962602e+02 3.414972748283234694e+01
1.237617400000000032e+02 2.570814499999999825e+01 9.619512229347979826e+01 1.670000921906078162e+01
1.218649499999999932e+02 3.051391999999999882e+01 9.814953336636611425e+01 3.225282006893699105e+01
1.302385099999999909e+02 7.992467999999999684e+00 1.097992527895158617e+02 2.747391942807487197e+01
1.039746800000000064e+02 2.082602500000000134e+01 1.250959909541325601e+02 1.752416504752702053e+01
1.223116799999999955e+02 7.156254999999999811e+00 1.109081994866076144e+02 7.410910248553379986e+00
9.910432400000000541e+01 1.760354200000000091e+01 1.268925334634266733e+02 1.145708812935848364e+00
1.167539400000000001e+02 1.200967200000000012e+01 1.183802411972304185e+02 1.277096492622768764e+01
1.180764159999999947e+02 1.789309899999999942e+01 1.141666481017075796e+02 3.197744648802730794e+01
1.076719200000000001e+02 1.886546900000000093e+01 9.539374585671525608e+01 1.982277145454830602e+01
9.328924999999999557e+01 3.156033700000000053e+01 1.206221122818045046e+02 2.606061444223788826e+01
1.098299099999999981e+02 2.569585199999999858e+01 9.767887073678058130e+01 1.094473792641487009e+01
1.049697199999999953e+02 2.328538299999999950e+01 1.124635931868900940e+02 2.245757471041031295e+01
1.009080399999999997e+02 2.003603999999999985e+01 1.278018414401299339e+02 1.507550830515326012e+01
1.251776499999999999e+02 9.960960999999999288e+00 1.053985262697935923e+02 6.254750339707667806e+00
9.774904999999999688e+01 2.897119999999999962e+01 1.152129333916285390e+02 3.048304142436913278e+00
1.224132840000000044e+02 1.063505699999999976e+01 1.053040951966921313e+02 3.270400909283489810e+00
1.099067840000000018e+02 1.686253999999999920e+01 1.146319891184370476e+02 5.224407640569238787e+00
9.694570000000000221e+01 1.687334399999999945e+01 1.332112087952597506e+02 1.933172322480093186e+01
9.430186999999999387e+01 1.769696799999999826e+01 1.226778191163438692e+02 3.977970474954583668e+00
9.760130999999999801e+01 1.960865599999999986e+01 1.248472321080727312e+02 3.114035971656574375e+01
1.313619099999999946e+02 1.221780500000000025e+01 1.268500250236703693e+02 2.383670846119132847e+01
1.075523299999999978e+02 1.898231499999999983e+01 1.202724611198729860e+02 3.226849806547029686e+01
1.225021299999999940e+02 2.699719199999999830e+01 1.246658523383065358e+02 2.322810689199606315e+01
1.010747149999999976e+02 1.745857799999999926e+01 1.057023593899684073e+02 9.710229308752845512e+00
1.067624600000000044e+02 2.577194400000000130e+01 1.126407482552197337e+02 2.297218328216865402e+01
1.221508800000000008e+02 1.807763900000000135e+01 1.067035261534258836e+02 1.396968036919167844e+01
1.355880699999999877e+02 2.913927999999999852e+00 1.279412701512073625e+02 3.005966515488004376e+01
1.317752499999999998e+02 1.714565800000000095e+01 1.218036269296784297e+02 2.885928785922869722e+01
1.022503200000000021e+02 1.647226099999999960e+01 1.055439559941441274e+02 2.930923286812967987e+01
1.134364199999999983e+02 3.037878600000000162e+01 1.009295508000687249e+02 2.152075505924500831e+01
1.239506300000000039e+02 1.062640999999999991e+01 1.293222137306127593e+02 1.263127284493406499e+00
1.134047800000000024e+02 3.464389800000000008e+01 1.230161471535308806e+02 3.028913282013432351e+01
1.206234199999999959e+02 2.294290000000000163e+00 1.196820409109516561e+02 6.763937163083471482e+00
1.270311099999999982e+02 9.210869000000000639e+00 1.211844077820960024e+02 3.270958216443203526e+01
1.170933699999999931e+02 1.631709499999999835e+01 1.338889523485219115e+02 1.553509741004770639e+01
1.261360600000000005e+02 1.381871199999999966e+01 1.359861800578148063e+02 1.509509561018828805e+01
9.786359400000000619e+01 2.648629000000000033e+01 1.002722580115594440e+02 1.365253833537085981e+01
9.359354000000000440e+01 1.516930999999999941e+01 1.033395447883667373e+02 3.446118880428522147e+01
1.363643999999999892e+02 1.274971000000000032e+01 1.029944759275734327e+02 7.869514394919496780e-01
1.261324800000000010e+02 2.826121900000000053e+01 9.856349343333330637e+01 1.585762786616203002e+01
1.261208799999999997e+02 4.358299999999999674e-02 1.122112903864449578e+02 2.317289847432157934e+00
1.060613900000000029e+02 3.150582100000000096e+01 1.330527731093015120e+02 2.151586617125779810e+01
1.171555249999999972e+02 2.330280700000000138e+01 9.204892858208020812e+01 9.115602689621017163e+00
1.149692299999999960e+02 2.266322900000000118e+01 1.112888735600156735e+02 3.383709868108381258e+00
1.347473899999999958e+02 1.456310399999999916e+01 1.033819659309058778e+02 6.828947845193185984e+00
9.897129999999999939e+01 1.955711399999999855e+01 1.296483914783098896e+02 1.605819510919232584e+00
1.161219250000000045e+02 1.121271899999999988e+01 1.333205883735537043e+02 4.445051068562811736e+00
1.181860400000000055e+02 2.456443600000000060e+01 1.221515150456397976e+02 5.921427983118181970e+00
1.254562600000000003e+02 3.918108000000000146e+00 1.302850483649315265e+02 5.397789868899681487e+00
1.337603000000000009e+02 1.258384500000000017e+01 1.038206641985973846e+02 2.817669599718241003e+01
1.195968249999999955e+02 1.992211299999999952e+01 1.000160384689926474e+02 2.598327474309072471e+01
1.008899150000000020e+02 2.474351700000000065e+01 1.109103880055464799e+02 2.654727366421807400e+00
1.287118000000000109e+02 8.186422000000000310e+00 1.287491709194309237e+02 1.237048663501624191e+01
1.060799499999999966e+02 9.110470000000000512e-01 1.118353648293201701e+02 1.298654032766767585e+01
1.066686859999999939e+02 3.609456000000000220e+00 1.213759176769354013e+02 2.561729134358690629e+01
1.188802900000000022e+02 7.100107000000000390e+00 9.967608723908625734e+01 1.148821035686802006e+01
1.210699099999999930e+02 1.798126600000000153e+01 1.157083245057275178e+02 3.040620647517705066e+01
1.233387599999999935e+02 2.847430000000000128e+00 1.045024648946724426e+02 8.895285490176327414e+00
1.368379400000000032e+02 1.267808499999999938e+01 1.375994137738938718e+02 5.822550266211542258e+00
1.074754400000000061e+02 1.089594899999999988e+01 1.276717256847074680e+02 1.967368202189467841e+00
1.077314800000000048e+02 2.793261299999999991e+01 1.358303395196653298e+02 2.794816837875395521e+01
1.047877660000000049e+02 2.743140400000000056e+01 9.427588078679362127e+01 2.490166458518336157e+01
1.005045199999999994e+02 2.882197800000000143e+01 1.225106742880385582e+02 3.434319589893055280e+01
1.325039999999999907e+02 4.645293999999999812e+00 1.238560333992465843e+02 2.837506498036026770e+01
9.897588000000000363e+01 1.434022700000000050e+01 9.263185589410272769e+01 7.802997358417885110e+00
1.336111899999999935e+02 1.554583700000000057e+01 1.204439316687661687e+02 3.359728642234124152e+01
1.011390499999999975e+02 3.278504999999999825e+01 1.055140117206501316e+02 2.496346942494810150e+01
1.130037300000000045e+02 2.547221800000000158e+01 1.167222572354087902e+02 1.259300403038367477e+01
1.105670700000000011e+02 1.976796200000000070e+01 1.185745942994743558e+02 2.992096314509854338e+01
1.238157300000000021e+02 2.394317000000000029e+00 9.313289244798907873e+01 2.455334889067514226e+01
1.026750949999999989e+02 3.487172699999999992e+01 1.138105703436910403e+02 2.057225635429590582e+01
9.491244500000000528e+01 6.986594000000000193e+00 1.041554564292717657e+02 7.169708079824209435e+00
1.189205999999999932e+02 1.653125000000000000e+01 1.176478518202562782e+02 2.078227593626782976e+01
1.206926299999999941e+02 6.446999999999999953e-02 1.067539861625085962e+02 1.245349899889441225e+01
1.269034099999999938e+02 1.216027200000000086e+01 9.680952986878679667e+01 1.614770918546739509e+01
1.286794999999999902e+02 1.162912799999999969e+01 1.096293920726623270e+02 1.290417223939137337e+01
1.091274599999999992e+02 2.936315300000000050e+01 1.014992598018061187e+02 9.753030564116508927e+00
1.170113750000000010e+02 1.037751100000000015e+01 1.108919853527993666e+02 3.451242042381689856e+01
9.765413999999999817e+01 2.677711499999999845e+01 9.751901572636072046e+01 7.918950642061361123e+00
1.168420299999999941e+02 1.809422899999999856e+01 1.048478532178616405e+02 3.104786819418664834e+01
9.579921000000000220e+01 1.503351199999999999e+01 9.802838376603497750e+01 5.057548892001451080e-01
1.165767299999999977e+02 1.286235699999999937e+01 1.184934546035294858e+02 5.791941430283347181e+00
1.023049299999999988e+02 2.800608000000000075e+01 1.022089490896939168e+02 6.741328346141139960e+00
1.370959000000000003e+02 5.531164999999999665e+00 9.547143999726105790e+01 1.681041479162312413e+01
9.511124399999999923e+01 2.042535200000000017e+01 1.183861157775264843e+02 2.885642434102735976e+01
1.325616899999999987e+02 2.183529300000000006e+01 1.305607665101864541e+02 2.586892436704878762e+01
1.314637800000000141e+02 1.366797000000000040e+01 9.620489553161598906e+01 1.938862585180091358e+01
1.071924700000000001e+02 1.362108100000000022e+01 1.355778437249458079e+02 2.774769206649619591e+01
1.216711800000000068e+02 9.723228000000000648e+00 1.060287139577855697e+02 2.820342790777759134e+01
1.162993599999999930e+02 3.265582299999999805e+01 1.240138588115009668e+02 3.328289607854573617e+00
1.013219799999999964e+02 1.577685499999999941e+01 1.106013889178361325e+02 1.322066574641872450e+01
1.067001900000000063e+02 1.305196199999999962e+01 9.510983683271388145e+01 1.967788439103643228e+01
1.295191499999999962e+02 3.220691300000000012e+01 1.169231562851585551e+02 9.167235990337642804e+00
1.289106299999999976e+02 7.094847999999999821e+00 1.337601398746746213e+02 4.114023014721272631e+00
1.058327900000000028e+02 3.348162500000000108e+01 1.092676969391469726e+02 3.110160969826664612e+01
1.303903999999999996e+02 2.805204999999999949e+00 9.724386077955060159e+01 1.242671117465101283e+01
1.328286300000000040e+02 1.854412800000000061e+01 1.187035459794610261e+02 3.085607561964822665e+01
1.194439849999999979e+02 3.088717700000000121e+01 9.299508258252639337e+01 9.779138638406173811e+00
1.272999200000000002e+02 3.150138899999999964e+01 1.143348152648884053e+02 4.973657361638617047e-01
1.112859399999999965e+02 7.286299999999999999e-01 1.082074259471977058e+02 1.859379486364322531e+01
1.006129099999999994e+02 2.531807900000000089e+01 1.225053030321517866e+02 1.755489872228317427e+00
1.242736299999999972e+02 6.831006000000000355e+00 1.220758335312868610e+02 2.242609864107139828e+01
1.330418999999999983e+02 5.873175999999999952e+00 1.363082093128837471e+02 2.842138805191491358e+01
1.033311999999999955e+02 8.036189999999999500e+00 1.272012573089550642e+02 2.772217299551290282e+01
1.083531200000000041e+02 1.792666600000000088e+01 1.226964933250780661e+02 2.463375622135085763e+01
9.838697999999999411e+01 2.572221800000000158e+01 1.038860718555980185e+02 3.229069241089209896e+01
1.132487100000000027e+02 2.224254600000000082e+01 1.063398711000847214e+02 2.184673253915893909e+01
1.148470839999999953e+02 1.232656199999999913e+01 1.234547922249424516e+02 2.154631261992455649e+01
1.286027200000000050e+02 8.726665000000000560e+00 1.101462154991497471e+02 2.783929733669483397e+01
1.063444439999999958e+02 3.975452000000000208e+00 9.994367753124551257e+01 1.636345570204579758e+01
1.093180899999999980e+02 1.304350999999999949e+01 1.164393423500526694e+02 3.105154453847176654e+01
1.332452999999999861e+02 2.728622999999999799e+00 1.283040859278801236e+02 1.984449374492178464e+01
1.017679899999999975e+02 1.656687200000000004e+01 9.419410694191594757e+01 4.992736321256013854e-01
9.999969000000000108e+01 2.509792300000000154e+01 1.226858284810068085e+02 7.570998798637202043e+00
1.175521399999999943e+02 2.093461999999999890e+01 1.294889600032992121e+02 4.712426236773843868e+00
1.043113299999999981e+02 9.546936000000000533e+00 1.069649932634649474e+02 1.382603721420904286e+01
1.353658100000000104e+02 1.056605300000000014e+01 1.369477509803565738e+02 1.450728172213706735e+01
1.004608149999999966e+02 1.180514800000000086e+01 1.127676858249788125e+02 3.413972220569811356e+01
1.274308900000000051e+02 1.213617600000000074e+01 1.377865258688583481e+02 7.955837565235101216e+00
1.369524999999999864e+02 1.756889699999999976e+01 1.326747667513298268e+02 2.499330755952616911e+01
1.083074799999999982e+02 1.009775699999999965e+01 1.024629737168827148e+02 3.125862153800378351e+01
1.009060400000000044e+02 2.837463199999999830e+01 1.246724449456851147e+02 2.331092129332308716e+01
1.205683899999999937e+02 1.373879100000000086e+01 1.229014810641462248e+02 9.104807855995764143e+00
1.058196200000000005e+02 1.893849399999999861e+01 1.091524227962755447e+02 1.679383829637994907e+01
1.354256300000000124e+02 3.155119300000000138e+01 1.358695300480477783e+02 3.166331015526909098e+01
1.138190160000000049e+02 1.354168100000000052e+01 1.157197890232855997e+02 1.956615641398834526e+01
1.086714099999999945e+02 1.278264599999999973e+01 1.063431435564730663e+02 1.785786354760231731e+01
1.159619799999999969e+02 3.274969500000000266e+01 1.103516969329305795e+02 2.149164256998527378e+01
1.120762000000000000e+02 7.865459999999999674e-01 1.060165471829975132e+02 1.419351582704336323e+01
1.000685000000000002e+02 2.550993300000000019e+01 1.379355462667280108e+02 3.413826497492643597e+01
1.044513100000000065e+02 2.886278000000000077e+01 1.311901724435133474e+02 2.098903273397538172e+01
1.335709999999999980e+02 3.229453000000000173e+01 1.184430095551133064e+02 1.520271027899117655e+01
1.170396599999999978e+02 3.272567399999999793e+01 1.299160659479033484e+02 3.020001544195896503e+00
1.007646940000000058e+02 2.517087599999999981e+01 1.337536110515906387e+02 9.687094180691964596e+00
1.262176500000000061e+02 1.077972399999999986e+01 1.079340192428560670e+02 3.112133859638507971e+01
1.022638800000000003e+02 3.262707999999999942e+01 1.163525360881542241e+02 1.982682943513272278e+01
1.234273799999999994e+02 2.926879100000000022e+01 1.259285861360992982e+02 1.721718086503167200e+01
1.008354400000000055e+02 1.752425399999999911e+01 1.197960493381353615e+02 4.215301625543689035e+00
1.009766800000000018e+02 1.603761899999999940e+01 1.110333973364712676e+02 1.296016439805866760e+01
1.129650599999999940e+02 1.078936599999999935e+01 9.855197373033797703e+01 8.178702847750173532e+00
1.377009099999999933e+02 1.744961199999999835e+01 1.046160522958769405e+02 3.306183414808607779e+01
1.068513599999999997e+02 2.497554999999999836e+01 1.195400690875433867e+02 7.121441084562864177e+00
1.358086700000000064e+02 1.854602399999999918e+01 9.306882362505460549e+01 1.590113290659343370e+01
1.055970499999999959e+02 6.590237000000000123e+00 1.296855117747514896e+02 1.778142246051233499e+01
1.333230000000000075e+02 1.215278799999999926e+01 9.270643860691130556e+01 9.785811230059435317e+00
1.133417740000000009e+02 1.599369000000000085e+01 1.029055365000104700e+02 1.829051368005147893e+01
1.020575599999999952e+02 3.032312399999999997e+01 1.162856110222891175e+02 7.380763234556175334e+00
1.007371399999999966e+02 2.470236600000000138e+01 1.201468793590302653e+02 2.627001103749586974e+01
1.200400099999999952e+02 2.610586400000000040e+01 1.126323858475240201e+02 8.472884687276610594e-01
1.084516140000000064e+02 7.152399999999999869e-01 1.113461961091380914e+02 5.724608404250209226e+00
1.326187299999999993e+02 2.423593299999999928e+01 1.371725643522280222e+02 2.348199843745165438e+01
9.678072000000000230e+01 1.856154000000000082e+01 9.981993194345224651e+01 3.052007764285923130e+01
1.376202000000000112e+02 4.332929999999999837e-01 1.002876256531275629e+02 2.324817606780033330e+01
9.633222999999999558e+01 1.708403600000000111e+01 1.254880876750228538e+02 3.158792910926677777e+01
1.159256900000000030e+02 2.697432299999999827e+01 1.183904375514084819e+02 1.065032485239607851e+01
1.030200499999999977e+02 2.779550400000000110e+01 1.146268303891407356e+02 3.270191257824370723e+01
9.586464999999999748e+01 3.010379999999999967e+01 1.118034018143616066e+02 2.743962237982426799e+01
1.042143250000000023e+02 3.424630400000000208e+01 1.356549192685167782e+02 6.960739558482679001e+00
1.148343050000000005e+02 2.582363300000000095e+01 1.101755333159892416e+02 1.690700997115716930e+01
1.172721250000000026e+02 1.818978299999999848e+01 1.264833044944962808e+02 1.085798111186605297e+01
1.004067459999999983e+02 1.560150900000000007e+01 1.150498306928645462e+02 1.904958309575385300e+01
1.233474350000000044e+02 2.519231399999999965e+01 1.145801290245413497e+02 6.243835608571629336e+00
9.288236999999999455e+01 2.260556000000000054e+01 1.281091034206912695e+02 3.173918945384284207e+00
1.225821150000000017e+02 6.734340000000000437e+00 1.371056838265021725e+02 1.194240710222856272e+01
1.007028959999999955e+02 2.068726699999999852e+01 1.041313806700372027e+02 9.137219303358509848e+00
1.081589000000000027e+02 1.194670699999999997e+01 1.002019072440365051e+02 1.819685638210551559e+01
1.085328200000000010e+02 2.570951300000000117e+01 1.271234434100991280e+02 3.485149252948580578e+00
9.478686999999999330e+01 2.184519600000000139e+01 1.049697122639671392e+02 1.813381171226338040e+01
1.251190799999999967e+02 3.508843000000000156e+00 1.267488122860527824e+02 9.595493466823446838e+00
1.031009399999999943e+02 2.897423699999999869e+01 9.839376583622070882e+01 1.270797131951217729e+01
1.164583360000000027e+02 2.065202999999999989e+01 9.260907377581233391e+01 2.588873110343063111e+00
9.479399999999999693e+01 2.222920399999999930e+01 1.281591251840990822e+02 1.799857910582146658e+01
1.212039639999999991e+02 1.003314899999999987e+01 9.948027428297892527e+01 2.975298442138547994e+00
1.027374400000000065e+02 1.609719000000000122e+01 1.337205034409876134e+02 6.992540905710127319e+00
1.001482199999999949e+02 1.817409899999999823e+01 1.183387994747740493e+02 1.798502229623259652e+01
1.090113900000000058e+02 1.594006100000000004e+01 1.357876747352133293e+02 1.161436157479550779e+01
1.011674349999999976e+02 1.631124499999999955e+01 1.169468634312308382e+02 2.001052091134532418e+01
1.148437040000000025e+02 1.286086000000000062e+00 1.326390242050072743e+02 3.414378837705928049e+01
1.167996100000000013e+02 2.692645800000000023e+01 1.084626448204659397e+02 2.919521487902596846e+01
1.207911699999999939e+02 1.297105099999999922e+01 1.002261549823717530e+02 2.092270034200252837e+01
1.010540500000000037e+02 1.139439199999999985e+01 1.246938909951455514e+02 1.560686978522354096e+01
1.267007399999999961e+02 1.415362099999999934e+01 1.249039090868987358e+02 1.517795150713197216e+01
1.310166999999999859e+02 1.584964599999999990e+01 1.276804455164817540e+02 2.297458826577257085e+01
1.360862600000000100e+02 1.322449800000000053e+01 1.322390653622324521e+02 2.536790180127858729e+00
1.125651100000000042e+02 1.389909199999999956e+01 1.079240626486667338e+02 1.415171806878360528e+01
1.270006400000000042e+02 1.816579000000000121e+01 9.633017007631137574e+01 1.232208222158665656e+01
1.115443949999999944e+02 1.032299199999999928e+01 1.379279662984553738e+02 1.950719270994176213e+01
1.170046200000000027e+02 2.565857000000000099e+01 9.270646330430533055e+01 2.885038972085467535e+01
1.116475999999999971e+02 2.947777999999999921e+01 1.167519012676603722e+02 1.583351978715091413e+01
9.557426999999999850e+01 1.669002300000000005e+01 1.123905906680952711e+02 6.290293676997485761e+00
1.216979749999999996e+02 6.862764000000000308e+00 1.371760079918140036e+02 1.147954869775250231e+01
1.325071299999999894e+02 3.182958000000000176e+00 1.174559153466870072e+02 1.152058182212680215e+01
1.204013400000000047e+02 1.923368599999999873e+01 1.277045138336123955e+02 4.308494946112451984e+00
1.285975599999999872e+02 1.229112600000000022e+01 1.229275134230511242e+02 1.385905775352088831e+01
1.150612100000000027e+02 2.330619199999999935e+01 1.082554054031158159e+02 7.927049017749948412e+00
1.023442150000000055e+02 1.525748100000000029e+01 1.296179752795441118e+02 1.458709158757188007e+01
1.024698099999999954e+02 2.152501900000000035e+01 1.013557936172443306e+02 2.536834103370202698e+01
1.316337000000000046e+02 1.536777499999999996e+01 9.262581465967667782e+01 8.909633600153664901e+00
1.039138399999999933e+02 1.255168100000000031e+01 1.169425815195054383e+02 4.529492284344936337e+00
1.196967700000000008e+02 2.276027099999999947e+01 1.271364063235088508e+02 1.218913730289788688e+01
9.882135999999999854e+01 3.069462800000000158e+01 1.162842512546807825e+02 3.424896343039175406e+01
1.096788600000000002e+02 1.849008999999999903e+00 1.163421245338155501e+02 5.190654193603324806e+00
1.198547059999999931e+02 7.232410999999999923e+00 1.192050002314483379e+02 2.761145945106974509e+01
1.356580399999999997e+02 1.759958500000000114e+01 9.720652709101412370e+01 8.135302709522369113e+00
1.088499999999999943e+02 2.839095999999999975e+01 1.150876932266733945e+02 1.409071694482428150e+01
1.298188600000000008e+02 9.076064999999999827e+00 1.194799850939499066e+02 2.855369707112625477e+01
1.140301000000000045e+02 2.309675000000000011e+01 1.321587449841841817e+02 2.767791638303452828e+01
1.377912300000000130e+02 9.822943000000000424e+00 1.371139833380929645e+02 1.832540721613922940e+01
1.191021599999999978e+02 1.562066500000000069e+01 1.263004829764610264e+02 2.943303860040026265e+01
1.062813639999999964e+02 9.905939000000000050e+00 1.328197408335367982e+02 2.541315626388812632e+01
1.074369499999999960e+02 2.925465799999999916e+01 9.420551509343385987e+01 9.271878853913833041e+00
1.082378199999999993e+02 1.562821500000000086e+01 9.911318450978299666e+01 3.409034294250066210e+01
1.135725199999999973e+02 1.487359700000000018e+01 1.087943042646513447e+02 1.472677233323354606e+01
1.063787499999999966e+02 2.825092300000000023e+01 1.017090107116671618e+02 2.749234524181111183e+01
1.006261599999999987e+02 2.471593500000000176e+01 1.036061094618818572e+02 3.268381037787534638e+01
1.183045350000000013e+02 1.970592500000000058e+01 1.374554384463199312e+02 1.684225397461763052e+01
1.172544599999999946e+02 4.492557999999999829e+00 1.188656105163627785e+02 1.165687530051350862e+01
1.257966299999999933e+02 8.756054999999999922e+00 1.141046390594529072e+02 3.250940697465949825e+01
1.080927049999999952e+02 1.663354700000000008e+01 1.119998747449361076e+02 2.370469859226098563e+01
1.274334099999999950e+02 7.574142000000000152e+00 1.093680923054378269e+02 3.307494950782667331e+01
1.102168700000000001e+02 2.640597199999999845e+01 1.355385422872930690e+02 1.948351534005190899e+01
1.227981199999999973e+02 3.281226699999999852e+01 1.023098067557175028e+02 3.219129333267829196e+01
9.543803400000000181e+01 2.144368199999999902e+01 1.068637580929279665e+02 6.153455319752906938e+00
1.293298800000000028e+02 7.388890000000000180e-01 1.300377249922964324e+02 3.011958817368892705e-01
1.066796700000000016e+02 7.535884000000000249e+00 1.041816379442103226e+02 2.609750401931097841e+01
1.304161799999999971e+02 1.597442700000000038e+01 1.222587473904154365e+02 1.039819826333837938e+01
9.773923999999999523e+01 2.664898499999999970e+01 1.035789503086680554e+02 2.478270219172912903e+01
1.124594649999999945e+02 2.773611800000000116e+01 1.291706823588111206e+02 1.176132443773780878e+01
1.166195600000000070e+02 2.389059299999999908e+01 1.093029505701789077e+02 2.965585217544342811e+01
1.053674550000000067e+02 7.722144000000000119e+00 1.116459873236397726e+02 3.214564626165139316e+01
1.295547799999999938e+02 1.619976000000000127e+01 1.115619467808794241e+02 5.657899520310335717e+00
1.236726299999999981e+02 5.878521000000000107e+00 1.371112833007516087e+02 1.895842636845601703e+01
9.672302000000000533e+01 1.161534400000000034e+01 1.252252652352032669e+02 1.849121430785562836e+01
9.801369499999999846e+01 2.871176499999999976e+01 1.005941341493550567e+02 2.198325703415128274e+01
1.352128999999999905e+02 5.011090000000000266e+00 1.104058747433242331e+02 2.992660600639064228e+01
1.213383699999999976e+02 1.526827899999999971e+01 1.281732334206690211e+02 1.962716037982613626e+00
1.220831000000000017e+02 5.744365000000000165e+00 1.374182881572853319e+02 1.679937052013777077e+01
1.264986999999999995e+02 2.455890000000000128e+01 1.268100087096785273e+02 1.167024135223029280e+00
1.147472199999999987e+02 3.243150700000000342e+01 1.066407742831202654e+02 1.720669229937445976e+01
1.271800499999999943e+02 1.194703699999999991e+01 1.165256887653707025e+02 1.249510066287126264e+01
1.233786699999999996e+02 4.075228000000000073e+00 1.327582709735293918e+02 1.381519591013770665e+01
1.324789299999999912e+02 1.566821200000000047e+01 1.316475184592274275e+02 2.922177403597731882e+01
1.196812299999999993e+02 2.088022600000000040e+01 1.084206071329171408e+02 1.417140506942991607e+01
1.158584060000000022e+02 1.987986000000000075e+01 1.098109251754510751e+02 7.171300840871840165e+00
1.269099199999999996e+02 8.830450000000000799e+00 1.285326632960248219e+02 1.961951858411798000e+01
1.087744299999999953e+02 9.552899999999999725e-01 1.003025923751689561e+02 3.242010801670416242e+01
1.065282440000000008e+02 1.715186000000000099e+00 1.228119604994530789e+02 2.573065774964726771e+01
1.190581049999999976e+02 2.063319200000000109e+01 1.047763765717566997e+02 3.487694934812046288e+00
1.055823599999999942e+02 2.382420000000000115e+01 9.946790532104633087e+01 1.885274672131607154e+00
1.250190400000000039e+02 1.223044999999999938e+01 1.115967852083192327e+02 1.868839144418859988e+01
1.118793399999999991e+02 2.173621999999999943e+01 1.340096269663516182e+02 2.925614248108274751e+01
9.698529000000000622e+01 2.906835600000000142e+01 1.319718313885454677e+02 1.303781494739300051e+01
9.350856000000000279e+01 2.460374999999999979e+00 1.313694949041935160e+02 2.355001312078474029e+01
