9.678136000000000649e+01 1.699195500000000081e+01 1.095954987433767656e+02 3.133122096453060834e+01
1.006493899999999968e+02 1.672829600000000028e+01 1.066716427520680810e+02 2.321725934010862691e+00
1.004711900000000071e+02 2.451955200000000090e+01 1.268345724990948042e+02 1.852769282277884955e+01
1.290050699999999892e+02 1.324962900000000054e+01 1.179831543195476229e+02 2.086383466418918786e+01
1.158584060000000022e+02 1.987986000000000075e+01 1.135990182345704795e+02 3.172962017183231964e+01
1.148769499999999937e+02 6.728119999999999656e-01 1.071000554799370121e+02 1.693856470658402458e+01
1.134964499999999958e+02 2.987325299999999828e+01 1.140321194464471688e+02 2.588891864300993717e+01
1.293009299999999939e+02 1.654629999999999990e-01 1.323507672760184732e+02 4.552538518772362153e+00
1.006839099999999974e+02 4.718844999999999956e+00 9.797279040425279106e+01 2.036774008234492683e+01
9.977344999999999686e+01 2.670044899999999899e+01 1.014784371299893024e+02 2.643248052496076994e+01
1.332452999999999861e+02 2.728622999999999799e+00 1.091534471523024195e+02 2.814880540455701130e+00
1.088749899999999968e+02 2.917879299999999887e+01 1.003995608783518634e+02 1.794689012321669708e+01
1.240100000000000051e+02 1.279410900000000062e+01 1.206732168499724338e+02 1.653964739079525614e+01
1.356329700000000003e+02 5.475532000000000288e+00 1.185823024218231012e+02 1.154621616604790368e+01
1.245306700000000006e+02 7.659853000000000023e+00 1.049571421313571591e+02 2.634576438666043963e+00
1.360862600000000100e+02 1.322449800000000053e+01 1.251052636032207630e+02 2.514863295444519764e+01
1.120762000000000000e+02 7.865459999999999674e-01 1.319196842669063585e+02 2.594589979184481265e+01
1.004048300000000040e+02 2.599754000000000076e+01 1.081892038360607700e+02 1.747424707286561940e+01
1.161196300000000008e+02 2.374014299999999977e+01 1.178103562167344904e+02 2.063901609899765077e+01
1.175999999999999943e+02 1.023433799999999927e+01 1.307864802153154642e+02 7.589658843716008185e+00
1.005045199999999994e+02 2.882197800000000143e+01 1.308762766423590165e+02 1.028599398100466011e+01
1.014491600000000062e+02 2.277094299999999905e+01 1.121198023455235386e+02 2.002450327807773434e+01
1.327581000000000131e+02 3.298633999999999844e+00 9.346868190879790461e+01 1.145104157165281933e+01
1.235097959999999944e+02 2.681490999999999847e+00 1.058518392809460948e+02 1.366817397680161150e+01
1.201523200000000031e+02 2.317364500000000049e+01 1.122441062292365217e+02 6.695634345806028564e-01
1.325616899999999987e+02 2.183529300000000006e+01 9.579121605580412790e+01 2.873658243268141632e+01
1.164321900000000056e+02 1.890602499999999964e+01 1.059531476287552039e+02 2.923002908848593506e+01
1.216560750000000013e+02 3.921428999999999832e+00 1.378500505010664483e+02 2.001186884463523796e+01
1.314515000000000100e+02 1.002607700000000079e+01 1.217458495231544475e+02 1.179707517818547835e+01
1.309361900000000105e+02 8.523167000000000826e+00 1.323290623169259561e+02 3.040221816550535650e+01
1.183520900000000040e+02 1.158915299999999959e+01 1.370935837443585683e+02 7.842067572299683320e+00
1.325118699999999876e+02 7.074665000000000425e+00 1.251376428434555947e+02 7.460869731990320552e+00
1.130387039999999956e+02 2.450758000000000081e+01 1.333966237281257463e+02 1.439497788291714286e+01
1.289122600000000034e+02 1.145462200000000053e+01 1.203861483803625845e+02 7.802260159275787643e+00
1.269099199999999996e+02 8.830450000000000799e+00 1.035429008748820507e+02 2.983015345207688895e+01
9.974071999999999605e+01 1.632757600000000053e+01 1.257250654686959876e+02 6.530083849170908117e+00
1.005400199999999984e+02 2.888115300000000119e+01 1.118198935286587385e+02 1.967171614110037225e+01
1.287667099999999891e+02 1.207068300000000072e+01 1.304059947795378207e+02 2.230401320379202090e+01
1.165767299999999977e+02 1.286235699999999937e+01 1.055757297003597444e+02 2.544933352309532104e+00
1.139247359999999958e+02 2.117171300000000045e+01 1.206758395390622667e+02 9.916427860722492937e+00
1.008899150000000020e+02 2.474351700000000065e+01 1.261966501422232483e+02 3.205954825723036805e+01
1.310166999999999859e+02 1.584964599999999990e+01 1.348258604073683955e+02 1.460162575737192192e+01
1.212094600000000071e+02 1.131169599999999953e+01 1.216783952061859679e+02 3.170749371256450999e+01
1.071924700000000001e+02 1.362108100000000022e+01 1.043299644810440157e+02 3.649034292734682605e+00
1.234426899999999989e+02 2.473543000000000092e+01 1.198168518214246063e+02 8.478818220302564157e-01
1.148044000000000011e+02 2.044948799999999878e+01 1.329221954224830711e+02 3.299655639850046640e+01
1.137061499999999938e+02 2.920176500000000175e+01 1.194431044593835622e+02 3.107854630946366825e+00
1.067864399999999989e+02 5.403266000000000346e+00 1.365689414789369209e+02 1.251927545445121659e+01
1.187915799999999962e+02 1.987776600000000116e+01 1.280794209910553150e+02 3.008511066924721788e+01
9.227543000000000006e+01 1.832281700000000058e+01 9.532188522619030380e+01 3.220515598675873292e+01
1.331578700000000026e+02 1.155118900000000082e+01 1.318465229510533732e+02 8.859054610972231458e+00
1.358888900000000035e+02 4.520160999999999873e+00 9.832092616443770794e+01 3.205854236473560803e+01
1.253882700000000057e+02 1.252098200000000006e+01 1.281928460410573791e+02 3.112899157759762048e+01
1.210841450000000066e+02 2.834050999999999831e+01 1.166153318725197039e+02 1.789833782591200162e+01
1.130037300000000045e+02 2.547221800000000158e+01 1.084716120157646913e+02 3.395227779506129195e+01
9.805646500000000287e+01 1.719266899999999865e+01 1.002203880076747566e+02 9.767130670121749958e+00
1.066250150000000048e+02 2.543620000000000214e+00 1.269735421884508355e+02 1.670406799290820743e+01
1.083680499999999967e+02 2.084225800000000106e+01 1.068038565904749362e+02 2.400013982019445180e+01
1.134846040000000045e+02 1.515536099999999919e+01 1.188064470758003495e+02 2.898982892360603714e+01
1.030200499999999977e+02 2.779550400000000110e+01 1.186423800978787710e+02 3.425892353560146830e+01
9.423632999999999527e+01 1.031035299999999921e+01 1.358371939220425304e+02 2.226311593394026289e+01
1.090832599999999957e+02 1.999703000000000008e+00 1.265069495528559003e+02 2.448563907361927150e+01
1.346454300000000046e+02 1.258279899999999962e+01 1.018823097121075989e+02 8.515358613437285840e+00
1.038123300000000029e+02 1.618331999999999837e+01 1.319034549750634540e+02 4.571075594230634920e+00
1.225421139999999980e+02 1.088495900000000027e+01 1.261264454731776397e+02 1.919577608194832763e+01
9.833840999999999610e+01 3.082450000000000045e+01 1.232318641132391548e+02 5.403083023011099328e+00
1.162218600000000066e+02 1.465482599999999991e+01 1.106639385582114272e+02 2.287238493852306220e+01
1.174418639999999954e+02 1.991549499999999995e+01 1.220741636297378818e+02 1.807228995639347247e+00
1.074241999999999990e+02 2.922848300000000066e+01 1.018829413034572156e+02 9.795675854500835555e+00
1.222190400000000068e+02 1.304349299999999978e+01 1.347742767327483477e+02 4.072527042940766506e+00
1.349317599999999970e+02 1.207422299999999993e+01 9.392484555350350206e+01 4.015981857595970261e+00
1.069558300000000060e+02 3.322021000000000157e+01 9.677151034957608999e+01 1.978473741667669117e+01
1.350546699999999873e+02 1.248166299999999929e+01 1.063626721615889466e+02 1.914146698740369956e+01
1.229745099999999951e+02 1.295093400000000017e+01 1.249481770620897692e+02 1.056120606643048809e+01
9.609209400000000301e+01 1.652753299999999825e+01 1.277654774822576655e+02 7.029817906939404004e+00
1.349924800000000005e+02 2.427803000000000111e+01 9.698680388612530123e+01 3.087657248545556499e+01
1.013219799999999964e+02 1.577685499999999941e+01 1.015097865542057036e+02 2.057880302156604913e+01
1.370959000000000003e+02 5.531164999999999665e+00 1.352615592749966424e+02 4.205040304130010398e+00
1.306562800000000095e+02 2.621539999999999981e-01 1.186958473959553118e+02 1.406059898370802763e+01
1.279676800000000014e+02 9.560188000000000130e+00 1.079260719030435496e+02 1.831471205716525574e+01
1.184993500000000068e+02 1.727996600000000171e+01 1.344517554682794582e+02 8.064367931752830287e+00
1.221697539999999975e+02 5.261603000000000030e+00 1.001699193889691912e+02 1.618626866790989283e+01
1.323020500000000084e+02 3.039486999999999828e+00 1.296784744669070903e+02 2.613470166252456650e+01
1.309324000000000012e+02 9.878012000000000015e+00 1.196769273360814196e+02 5.022689854781159369e+00
1.237337600000000037e+02 9.310326999999999131e+00 1.173363432482112358e+02 2.039012321190213228e+01
1.179488199999999978e+02 1.651808199999999971e+01 9.909688749340671166e+01 8.588396713718442044e+00
1.130644759999999991e+02 5.041568999999999967e+00 9.307573854959542814e+01 2.395017642998975305e+01
1.356722699999999975e+02 1.789586800000000011e+01 1.313257627677083974e+02 2.474705412548218675e+01
1.055970499999999959e+02 6.590237000000000123e+00 1.066858920854764534e+02 1.983432917952451646e+01
9.588267000000000451e+01 2.653397000000000006e+01 1.303387618149869240e+02 5.206091655588052980e+00
1.294016699999999958e+02 5.396980000000000111e-01 9.295802820786533971e+01 1.297556463551602768e+01
1.024364300000000014e+02 2.697588299999999961e+01 1.083258563867856026e+02 1.414202841374237885e+01
1.215274660000000040e+02 9.855489999999999640e+00 1.250194943207489047e+02 1.886437227546210238e+01
1.084516140000000064e+02 7.152399999999999869e-01 1.328732639778221767e+02 5.931864314594389676e+00
1.212147099999999966e+02 1.824274799999999885e+01 9.921660950515973809e+01 7.836906496498499131e+00
1.217082599999999957e+02 1.563973999999999975e+01 1.058644474584198605e+02 2.464712007303597829e+01
1.110126900000000063e+02 2.886413999999999902e+01 1.153852048267223154e+02 8.827118766515051007e+00
1.002797900000000055e+02 2.030880499999999955e+01 9.649664196125314675e+01 2.891273386613022112e+01
1.045286559999999980e+02 2.332880600000000015e+01 1.372939189294322091e+02 2.570317548001307628e+01
1.109355999999999938e+02 1.694945099999999982e+01 1.159408015568713637e+02 2.110501022086881662e+01
1.010747149999999976e+02 1.745857799999999926e+01 1.198776909876567061e+02 2.940941135468353806e+01
1.090837899999999934e+02 1.109345000000000026e+00 1.278288303373611825e+02 5.200210783256355995e+00
1.137167199999999951e+02 2.209496700000000047e+01 1.109453112027397452e+02 4.535683043494196376e+00
1.166653400000000005e+02 4.134577000000000169e+00 1.058509122138581660e+02 2.200450975638373308e+01
1.074301300000000055e+02 3.293291500000000127e+01 1.302807815650169516e+02 2.261011327476138177e+01
1.194439849999999979e+02 3.088717700000000121e+01 1.111023036290782215e+02 3.120530214178799611e+01
1.247720099999999945e+02 6.038419999999999899e-01 1.101443199173385068e+02 3.051044034815030415e+01
1.140301000000000045e+02 2.309675000000000011e+01 1.094679037596135629e+02 1.241908061882579073e+00
1.376394999999999982e+02 1.949024400000000057e+01 1.358038349709417218e+02 2.789857942212194075e+01
1.138526399999999938e+02 2.842907299999999893e+01 1.028697976739178301e+02 3.867637015037492354e+00
1.049673540000000003e+02 2.282041399999999953e+01 1.239321343516247680e+02 2.816973054514145502e+01
9.699267600000000300e+01 3.332831000000000188e+01 1.071255195265751325e+02 1.107489419370775163e+00
1.006064200000000000e+02 2.769523600000000130e+01 9.402590183669437351e+01 2.815071361480386258e+01
1.004917399999999930e+02 3.001473800000000125e+01 1.203342477350806519e+02 1.093725816824798791e+01
1.063184499999999986e+02 2.189414199999999866e+01 1.149135644724215695e+02 1.121749246355906138e+01
1.034372900000000044e+02 1.659929699999999997e+01 1.187305581242599146e+02 5.067432277721255041e+00
1.050813700000000068e+02 4.424735000000000085e+00 1.020633695705843280e+02 1.327297049233656523e+01
9.822338000000000591e+01 1.748736399999999946e+01 1.244234336821184002e+02 1.318312149441986492e+00
1.094043350000000032e+02 2.911429400000000101e+01 1.106003275112244779e+02 1.739785685015913330e+01
1.042143250000000023e+02 3.424630400000000208e+01 9.216753106585335331e+01 1.368772024034132961e+01
1.102168700000000001e+02 2.640597199999999845e+01 9.898462648311790701e+01 4.405565433465250536e+00
1.068959600000000023e+02 4.261408999999999558e+00 1.281549585071546176e+02 2.486020655789758393e+01
1.209411199999999980e+02 1.190699900000000078e+01 1.116063665439270665e+02 9.712948336085853285e+00
1.221146700000000038e+02 7.678874999999999673e+00 1.356966484122784209e+02 2.104812692488364778e+00
1.211908499999999975e+02 1.480161999999999978e+01 1.335347635336239023e+02 5.561814769719175544e-01
1.178437200000000047e+02 2.665472400000000164e+01 1.352015388948269390e+02 1.290361907879874082e+01
1.034781339999999972e+02 1.418773999999999980e+01 9.584619542482070642e+01 7.379116089074699403e+00
1.250700149999999979e+02 1.553383900000000040e+01 1.134349854044123873e+02 1.847647985577858520e+01
9.312736999999999910e+01 1.080105299999999957e+01 1.061597043656278316e+02 2.408780488909766149e+01
1.306561399999999935e+02 2.535673000000000066e+00 1.166407778651001763e+02 3.451018411843621436e+01
1.041200560000000053e+02 2.495909899999999837e+01 1.186190027913752374e+02 1.192063640289994897e+00
1.156589100000000059e+02 2.078124199999999888e+01 1.276601602006100791e+02 2.098689206756074199e+01
9.586464999999999748e+01 3.010379999999999967e+01 1.294144160809581194e+02 1.798060022233542199e+01
1.355842399999999941e+02 3.165399999999999991e+01 1.196901946684833433e+02 3.974383583697942868e+00
1.210836500000000058e+02 1.404887100000000011e+01 9.706204895953044343e+01 1.446959640108382672e+01
1.262143800000000056e+02 1.201316999999999968e+00 1.145463199447168705e+02 2.559195910092259041e+01
1.289265900000000045e+02 1.218157399999999946e+01 1.039975982853035532e+02 2.092943758443835023e+01
1.205678249999999991e+02 2.621988100000000088e+01 1.024232136360681409e+02 1.781251843640335863e+01
1.142837099999999992e+02 1.745475199999999916e+01 1.349113116043933758e+02 1.400497245597525087e+00
9.410971999999999582e+01 1.075564600000000048e+01 1.346361699960921783e+02 3.437679709532590522e+01
1.213958800000000053e+02 1.269575000000000031e+01 1.263646803979426636e+02 3.182736052090046286e+01
1.190961999999999961e+02 7.138060000000000516e-01 1.133585223609643720e+02 1.621902861091741421e+00
1.136585500000000053e+02 2.298645199999999988e+01 1.202642717464763962e+02 2.417232559809191983e+01
1.025437900000000013e+02 1.587430299999999939e+01 1.226408467899894958e+02 2.588689288557434409e+01
1.094431699999999950e+02 2.603854600000000019e+01 1.143143623210356878e+02 2.576838499016804818e+01
9.989088999999999885e+01 2.683164999999999978e+01 1.087815631179430511e+02 6.210222336464457982e+00
1.235973099999999931e+02 1.219101299999999988e+01 1.214014599833765544e+02 2.009055706673169794e+00
1.022638800000000003e+02 3.262707999999999942e+01 1.205842521901939222e+02 2.393041901146696304e+01
1.201075060000000008e+02 6.985503999999999714e+00 9.397852339954809509e+01 2.748802591286548136e+01
1.010540500000000037e+02 1.139439199999999985e+01 1.147854139787043550e+02 1.416360226906789421e+00
1.102149799999999971e+02 2.830182999999999893e+01 9.359530434304208768e+01 1.548928647052450458e+01
1.083554599999999937e+02 1.583191200000000087e+01 9.614733431639471917e+01 1.171542442472419943e+01
1.072773499999999984e+02 2.767564799999999892e+01 1.196550585313441246e+02 6.557245869083815570e+00
1.073891449999999992e+02 2.746964799999999940e+01 9.758185854345032340e+01 1.478031472304853899e+01
1.176738359999999943e+02 1.385884099999999997e+01 9.258528071291382844e+01 1.053531499199703880e+01
1.153614500000000049e+02 1.834740400000000093e+01 1.323330756590442263e+02 2.607842938404154864e+01
1.030680899999999980e+02 2.392125499999999860e+01 1.334403136421550187e+02 1.748501115540350881e+01
1.244378499999999974e+02 2.619258100000000056e+01 1.126896798266822088e+02 7.773295126198964233e+00
1.353151900000000012e+02 1.279140499999999925e+01 1.150321454321202026e+02 1.902594718392332851e+01
1.360905899999999917e+02 1.229396599999999928e+01 1.316019260505455293e+02 4.551332631946593210e+00
1.079174000000000007e+02 2.103756999999999877e+01 1.052476662605482147e+02 2.352220113936213508e+01
1.119646900000000045e+02 1.463188599999999973e+01 1.185342817326546907e+02 1.898370065572184728e+01
1.129178600000000046e+02 2.190700100000000106e+01 9.507800074235279908e+01 3.227183039136953369e+01
1.016832100000000025e+02 1.628771199999999908e+01 1.061704616707964277e+02 6.432745717348709036e-01
1.007028959999999955e+02 2.068726699999999852e+01 1.302612272163039506e+02 1.344349488128136194e+01
1.044894199999999955e+02 3.404343999999999681e+01 1.171581900666692064e+02 9.534037834516983168e+00
1.121128999999999962e+02 1.959123999999999910e+01 9.709731717864126210e+01 2.553869909588865283e+01
1.306637699999999995e+02 1.285029600000000016e+01 1.303649853379712908e+02 2.766207168534286609e+01
1.264986999999999995e+02 2.455890000000000128e+01 1.018074223920895918e+02 1.530336236115287107e+01
1.098809700000000049e+02 2.526983800000000002e+01 1.362506611163647676e+02 3.401162242288042847e+01
1.372788199999999961e+02 1.268961700000000015e+01 1.302390122923302727e+02 3.255276530463529383e+01
1.219563600000000037e+02 4.037063999999999986e+00 1.294124550847273554e+02 2.659725264162294778e+01
1.053674550000000067e+02 7.722144000000000119e+00 1.168520972600141192e+02 1.500244545255322137e+00
1.131622399999999971e+02 1.624390599999999907e+01 1.228135915178013420e+02 2.765075420614527246e+01
1.360886000000000138e+02 1.322069300000000069e+01 1.128550660758803588e+02 2.557092439290377683e+01
1.073123599999999982e+02 2.557497199999999893e+01 1.285229556989292519e+02 1.369838080925192081e+01
1.287243799999999965e+02 8.558763000000000787e+00 9.235224936801276385e+01 3.159783868603973289e+01
1.087185099999999949e+02 1.082315200000000033e+01 9.987624819157056777e+01 2.694817879167882424e+01
9.703319000000000472e+01 2.983398400000000095e+01 1.086987297520379485e+02 3.370669201370477985e+00
1.215111540000000048e+02 9.026956999999999454e+00 1.247102550123214542e+02 8.364770833736109523e+00
1.305980999999999881e+02 1.224686600000000070e+01 1.160008418181337788e+02 3.230554829926883542e+01
9.612255000000000393e+01 3.490480999999999767e+01 1.286919067175941223e+02 2.284244105344698283e+01
1.221287399999999934e+02 7.625099999999999767e+00 1.016587695044026560e+02 2.404489049690487334e+01
1.117577739999999977e+02 2.046753999999999962e+01 1.288213137638783223e+02 2.974178489064822628e+01
1.276204900000000038e+02 1.005807899999999933e+01 1.371410087688346096e+02 6.164008737449869102e+00
1.105762799999999970e+02 1.713849599999999995e+01 9.312053662816995825e+01 2.049177833593881282e+00
1.012301199999999994e+02 1.617340499999999892e+01 1.031544984540442016e+02 9.946903965800879988e+00
9.982527000000000328e+01 2.515078700000000111e+01 1.016510433203761750e+02 2.574350443727920634e+01
1.357005499999999927e+02 1.938025700000000029e+01 1.333247663143941679e+02 5.453354535500419153e+00
1.063896100000000047e+02 3.912881000000000054e+00 1.336698499167900138e+02 3.272321058156250473e+01
9.965353399999999340e+01 2.953445800000000077e+01 1.377510625684345200e+02 1.448075212160985892e+01
1.235410839999999979e+02 6.541074000000000055e+00 1.228652040652444413e+02 1.301179276912163196e+01
1.373412800000000118e+02 7.320990000000000553e-01 9.848459865181888517e+01 5.505570831076235905e+00
1.020575599999999952e+02 3.032312399999999997e+01 1.116701162781556320e+02 3.456635620272783171e+01
1.213342499999999973e+02 2.617049000000000181e+00 1.088551362817311912e+02 1.488032997893826348e+01
1.063328249999999997e+02 1.094751899999999978e+01 9.724409347092394285e+01 9.465708594456037517e+00
1.232222500000000025e+02 1.022940900000000042e+01 1.064102492732594953e+02 2.286378961436403046e+01
1.114765500000000031e+02 2.000540499999999966e+01 1.339158382043477786e+02 2.003098070630115757e+01
1.291559399999999869e+02 1.352395500000000084e+01 1.069508188430337725e+02 1.507866098449761694e+01
1.192039699999999982e+02 8.441069999999999851e+00 9.595549640790468970e+01 2.852374630158796975e+01
1.062109700000000032e+02 3.381889000000000145e+00 1.006789038364425011e+02 3.179019866878724798e+01
1.136618399999999980e+02 2.985846499999999892e+01 1.179753690231238323e+02 1.788052509578810501e+01
9.515203999999999951e+01 1.569428800000000024e+01 1.168781992493251636e+02 2.232292584942101143e+01
1.349417400000000100e+02 3.249795499999999748e+01 1.136043894192474966e+02 2.285489643587768072e+01
1.000685000000000002e+02 2.550993300000000019e+01 9.294757617148341922e+01 9.699184199563173792e+00
1.028035200000000060e+02 2.750330200000000147e+01 1.239370199671213015e+02 1.440282847372813091e+00
1.251748699999999985e+02 2.681115199999999987e+01 1.118803362715465397e+02 7.502857365162158843e+00
1.307908799999999871e+02 1.009277999999999897e+00 1.160800842078311632e+02 2.766680270720120660e+01
1.240174260000000004e+02 8.090493999999999630e+00 1.137189679138357121e+02 3.096634268283461111e+01
1.135055600000000027e+02 1.730492999999999881e+01 1.138915103587543598e+02 3.105049242279758204e+01
1.289106299999999976e+02 7.094847999999999821e+00 9.450912311566963808e+01 1.577355297598951722e+01
1.227775699999999972e+02 3.331928000000000001e+00 1.169965964553820470e+02 2.922558232277614465e+01
1.151012699999999995e+02 2.510251999999999839e+01 1.358713044441242914e+02 9.036442011231139659e+00
1.328286300000000040e+02 1.854412800000000061e+01 1.187234542415150429e+02 1.689883943470101002e+01
1.368218999999999994e+02 9.378269999999999662e-01 1.348355008906131047e+02 2.581561911312294555e+01
1.132294200000000046e+02 1.691967400000000055e+01 1.276980263611614248e+02 7.592564876328693479e+00
1.165043500000000023e+02 1.716985000000000028e+01 1.327241176133176452e+02 2.853531789277261055e+01
1.331978300000000104e+02 1.207540099999999939e+01 1.315721942094509131e+02 1.597739034515208267e+01
1.176956899999999990e+02 6.060266000000000375e+00 9.426165205493072108e+01 2.173534612208307948e+01
1.133417740000000009e+02 1.599369000000000085e+01 1.336719389666868665e+02 2.819434686028354164e+01
1.204627899999999983e+02 7.529904000000000153e+00 1.063202640172060995e+02 2.487482230022316188e+01
1.072066800000000057e+02 2.882234800000000163e+01 1.203841027079949413e+02 1.769019701875916084e+01
1.293536799999999971e+02 7.147846000000000366e+00 1.315027936955979442e+02 2.546116813729108941e+01
1.376092500000000030e+02 1.379407999999999923e+01 1.026309453979449557e+02 2.432577385902822087e+01
1.082378199999999993e+02 1.562821500000000086e+01 1.171581719246479736e+02 3.194433884024935821e+01
1.085890660000000025e+02 5.622329999999999828e-01 1.137320443869351720e+02 6.811902875782640976e+00
1.139231400000000036e+02 3.106367300000000142e+01 9.765391475935918209e+01 2.058193972009838646e+01
1.324894099999999924e+02 1.522223000000000104e+00 1.198497125358636879e+02 2.306100684523638478e+01
1.364280100000000004e+02 4.255118000000000400e+00 1.042864622430896020e+02 2.657995729885914216e+01
1.324696399999999983e+02 1.699832699999999974e+01 1.264637038174658414e+02 1.593741224970138504e+01
1.173357539999999943e+02 2.219921099999999825e+01 9.477874037315773137e+01 7.333205407016591515e+00
1.297366499999999974e+02 1.097087800000000080e+01 1.033387511804133823e+02 2.851277656527921778e+01
1.006227399999999932e+02 1.954385600000000167e+01 1.128752268548480657e+02 9.331750704659089735e+00
1.065750199999999950e+02 2.890432200000000051e+01 1.090271098111048786e+02 1.040080236260104662e+01
1.013173800000000000e+02 1.780067999999999984e+01 1.292331796389102010e+02 6.713359664628391954e+00
1.224551199999999938e+02 7.128555000000000419e+00 1.279713068450564037e+02 2.231317432745286311e+01
1.291512099999999919e+02 1.286193699999999929e+01 1.185518973236273581e+02 1.292172476196742181e+01
1.134285899999999998e+02 1.815225999999999829e+01 1.226427537564454298e+02 4.951106226131169130e+00
1.205876159999999970e+02 1.334072899999999962e+01 1.364348378799604973e+02 1.915831229135174496e+01
1.065032039999999967e+02 4.921710000000000251e-01 1.004156932117469694e+02 2.739061485369185078e+01
1.159256900000000030e+02 2.697432299999999827e+01 1.309630413470550820e+02 1.665010928416531399e+01
1.039350500000000039e+02 2.735918399999999906e+01 1.140021317495090472e+02 2.857707180131025382e+01
1.370245700000000113e+02 1.147566899999999990e+01 1.103345244665046323e+02 1.729127989902012175e+01
1.346648600000000044e+02 1.416948599999999914e+01 9.291097788223544285e+01 1.475336049752329082e+01
1.350492700000000070e+02 1.381308300000000067e+01 9.873215519572028143e+01 1.597536848463834325e+01
1.130678500000000071e+02 1.070391300000000001e+01 1.032325192633162629e+02 1.051378755503183093e+01
1.377720300000000009e+02 1.174125100000000010e+01 1.221739058055987499e+02 1.980896596871081883e+01
1.175621500000000026e+02 1.813804400000000072e+01 1.157866833792905226e+02 2.240030914042915455e+01
1.268122939999999943e+02 2.672148999999999930e+01 1.056250946646612334e+02 1.669761277010760736e+01
1.028493699999999933e+02 2.885465800000000058e+01 1.321244991131553093e+02 2.350357013374560111e+01
1.252770199999999932e+02 1.020389400000000002e+01 1.266704646546632347e+02 3.036952564721881842e+01
9.801369499999999846e+01 2.871176499999999976e+01 9.685958118295464203e+01 3.323280038182112861e+01
1.264625999999999948e+02 7.166369999999999685e-01 1.374090316137836965e+02 1.628679492960017683e+01
1.366617899999999963e+02 1.230031400000000019e+01 1.367501472961797049e+02 3.971259969748554663e+00
1.125423660000000012e+02 2.072739999999999938e+01 1.081215588038700446e+02 3.083190256240213856e+01
1.367545299999999884e+02 1.483705600000000047e+01 1.275686144154947073e+02 3.286092257043179643e+01
1.068714449999999943e+02 1.286970200000000020e+01 1.033189731254333878e+02 2.882313749174657147e+01
1.215120100000000036e+02 3.517780999999999825e+00 1.321953265921253546e+02 2.285102498937107285e+01
1.073838200000000001e+02 2.117361000000000004e+01 1.037747796181391209e+02 2.002150422155312626e+01
1.112859399999999965e+02 7.286299999999999999e-01 9.563296961956781672e+01 3.400974947539057069e+01
1.221235000000000070e+02 7.646042999999999701e+00 1.138377125228342379e+02 1.304459925205262572e+01
1.344405199999999923e+02 3.228481299999999976e+01 9.395433572597271166e+01 8.862253294103410894e+00
1.008322600000000051e+02 1.836909500000000151e+01 1.279899768359347689e+02 2.329574645149028811e+01
1.239427000000000021e+02 2.807401000000000035e+00 9.969918085825382548e+01 1.972301595365996008e+01
9.319089999999999918e+01 1.835962900000000175e+01 1.349882712508616578e+02 2.062459958650717340e+01
1.033414700000000011e+02 2.611897300000000044e+01 1.279089807479913361e+02 2.689278101190306636e-01
1.006795400000000029e+02 2.482919000000000054e+01 1.282068655818396508e+02 9.447854937554051702e+00
1.118345640000000003e+02 2.392749999999999877e-01 1.348197295128335895e+02 1.085311545114990395e+01
1.232273500000000013e+02 4.342469000000000356e+00 1.142263561507409690e+02 2.339489718521928907e+01
1.222376000000000005e+02 3.524550000000000183e-01 9.496231463869294487e+01 2.588482511172929179e+01
1.078804999999999978e+02 1.347900000000000098e+00 1.340764607545604292e+02 1.706445202754474977e+01
1.049325299999999999e+02 2.927804199999999923e+01 9.355522281926627670e+01 3.918094693119199334e+00
1.068052100000000024e+02 1.683014100000000113e+01 1.229344730986550189e+02 1.061922223131959608e+00
1.223638150000000024e+02 9.904870000000000729e+00 1.062336360136428368e+02 2.346600727159858124e+01
9.844208500000000583e+01 2.976761600000000030e+01 1.367712650729759503e+02 4.979880618651209900e+00
1.061745300000000043e+02 2.465655100000000033e+01 1.183981454648931191e+02 3.432208304100013407e+01
1.067997500000000031e+02 2.827483199999999997e+01 1.171463684026693386e+02 3.275041911669823946e+01
1.374745599999999968e+02 3.138292099999999962e+01 1.158110058614023359e+02 1.106212019677080072e+01
1.064823149999999998e+02 3.252676000000000123e+00 1.310335902602328702e+02 1.081350072158095976e+01
1.209112899999999939e+02 7.267337999999999631e+00 1.366157985507716717e+02 2.451743737156841974e+01
1.303218400000000088e+02 8.996290000000000120e-01 1.065385719863692202e+02 2.069139146837330401e+01
1.216335140000000052e+02 1.368565999999999949e+00 9.326340336890434912e+01 1.246001738608877574e+01
1.045020300000000049e+02 3.012155500000000075e+01 1.049324745745389009e+02 2.767474304522480821e+01
1.102496799999999979e+02 2.905307200000000023e+01 1.020214471835703023e+02 2.042178050118375410e+01
1.154087799999999930e+02 2.365899500000000089e+01 1.022510322304914183e+02 3.079517950407192473e+01
1.274308900000000051e+02 1.213617600000000074e+01 9.494712714617308791e+01 2.801016484418571650e+00
1.227981199999999973e+02 3.281226699999999852e+01 1.183402055863832629e+02 3.033022286214546881e+01
1.221295800000000042e+02 8.650660999999999490e+00 9.701703131453652418e+01 1.563105170885729089e+00
1.259789300000000054e+02 8.138935999999999282e+00 1.221011583625848118e+02 3.284297013901991846e+01
1.208341900000000066e+02 1.204352800000000023e+01 9.854775209071442532e+01 2.580061022211212673e+01
1.344037299999999959e+02 3.264661399999999958e+01 9.824994430949287505e+01 1.710059195513743902e+01
1.166539499999999947e+02 2.553005200000000130e+01 9.863523337722770634e+01 1.307529127844997063e+01
1.140755900000000054e+02 8.455011999999999972e+00 1.081308237335128695e+02 5.470994411434666915e+00
1.014903900000000050e+02 3.396592700000000065e+01 1.090673588358890669e+02 2.469443351760036265e+01
1.206880299999999977e+02 9.057698999999999501e+00 1.363184554387969740e+02 2.932075426527861950e+01
1.255556260000000037e+02 1.372629099999999980e+01 1.011472907352542023e+02 3.202839606691834717e+01
9.882135999999999854e+01 3.069462800000000158e+01 1.280076973599397832e+02 9.594181494910555941e+00
1.272875200000000007e+02 3.735890000000000044e-01 1.297090574543603054e+02 3.144243382005049270e+01
1.031737439999999992e+02 5.745917000000000385e+00 9.752665176016708415e+01 6.996892391102038644e-01
1.216805700000000030e+02 2.875600000000000031e-02 1.191840732683526909e+02 8.949816524659581773e+00
1.181114039999999932e+02 1.644512699999999938e+01 1.262616767548133936e+02 3.411025619449401347e+01
9.397973000000000354e+01 1.450080900000000028e+01 9.853398586706803997e+01 8.778566661552055450e+00
1.029471499999999935e+02 1.203110299999999988e+01 1.285865405079745472e+02 2.038051157732206775e+01
1.132784039999999948e+02 2.408719599999999872e+01 1.187103305490357599e+02 2.741903211562567222e+01
1.123576999999999941e+02 3.279659999999999798e-01 1.000764441838553722e+02 2.972965664618974557e+01
1.039862200000000030e+02 2.419322400000000073e+01 1.231380985088204056e+02 9.796024815169669608e+00
1.279808500000000038e+02 1.237441800000000036e+01 1.291248436344162087e+02 1.487220435001191277e+01
1.061328350000000000e+02 2.596210900000000166e+01 1.004669527735628094e+02 2.091955746399154847e+01
1.140832999999999942e+02 2.683112699999999862e+01 1.275789990283366535e+02 5.996354867123056209e+00
1.230936200000000014e+02 4.996221000000000245e+00 9.549585357656179951e+01 3.117561511862511381e+01
9.569082000000000221e+01 2.712815700000000163e+01 9.747543591298824595e+01 2.535476273214240805e+01
1.053297349999999994e+02 2.381371899999999897e+01 1.375536396514289947e+02 1.628154954115233366e+01
1.088499999999999943e+02 2.839095999999999975e+01 1.246900905101684884e+02 8.133262656017775649e-01
1.133071060000000045e+02 3.074285100000000170e+01 1.215607584311618155e+02 7.659418561610519482e+00
1.108547200000000004e+02 1.948833799999999883e+01 1.151216306561083229e+02 2.867049337373960327e+01
1.110863800000000055e+02 2.956343499999999835e+01 1.108828263211455862e+02 1.506404087714875928e+01
1.078554800000000000e+02 1.840535399999999910e+01 1.070553667173271322e+02 5.647795609699514330e+00
1.283993499999999983e+02 1.234091600000000000e+01 1.314740508026966381e+02 2.164010929244554049e+01
1.007858499999999964e+02 2.466396100000000047e+01 1.213800945009059404e+02 1.933399597226448829e+00
1.065502599999999944e+02 6.022739999999999760e+00 1.303249017684672424e+02 2.959394491645771552e+01
1.056316000000000059e+02 1.004083999999999932e+01 1.081219092334407463e+02 4.491929682798406986e+00
9.520380000000000109e+01 2.239091700000000174e+01 9.599326335771294794e+01 2.431980199646499230e+01
9.823951999999999884e+01 1.669737599999999844e+01 1.179318841935371154e+02 1.044891661725988818e+01
1.206234199999999959e+02 2.294290000000000163e+00 1.091571569232982313e+02 3.035725869095665885e+01
1.197064500000000038e+02 1.762339400000000111e+01 1.317134429749661990e+02 8.051231973866590508e-01
1.255835950000000025e+02 1.142485399999999984e+01 9.869791513490847024e+01 2.150978810679238151e+01
1.225343299999999971e+02 4.270537000000000027e+00 9.423036241934130430e+01 8.912486813653536899e+00
1.028629600000000011e+02 1.609947599999999923e+01 1.326926337823535391e+02 2.178892217295148725e+01
1.199054399999999987e+02 1.518948900000000002e+01 1.271724751382406851e+02 1.094615108798067915e+01
1.088684839999999951e+02 1.869618999999999920e+00 1.115863422880362634e+02 1.908086467123347063e+01
1.026750949999999989e+02 3.487172699999999992e+01 1.144576235219113869e+02 1.238442284044649355e+01
1.298188600000000008e+02 9.076064999999999827e+00 9.240785671156160674e+01 3.492925875183221507e+00
9.981171000000000504e+01 2.392927600000000155e+01 1.007675958033553911e+02 1.127222750998825163e+01
1.214285699999999935e+02 6.701778000000000013e+00 1.346141302009796732e+02 2.807752753664934531e+01
9.723202000000000567e+01 2.960429800000000000e+01 1.203367932319997777e+02 2.161071873662641352e+01
1.242736299999999972e+02 6.831006000000000355e+00 9.947281733602362408e+01 9.118210217054638633e+00
1.064764899999999983e+02 2.161875300000000166e+01 1.259825286697444113e+02 2.242657013597262150e+01
1.327039000000000044e+02 1.584810399999999930e+01 1.094821870648036111e+02 3.333689690794378890e+01
1.064971539999999948e+02 2.229241000000000028e+01 1.188202981436582206e+02 2.573606756216006630e+01
1.022247540000000043e+02 1.159689299999999967e+01 9.292750888436613366e+01 1.388921227553531956e+01
1.019195560000000000e+02 2.802453799999999973e+01 1.149297920019170363e+02 4.651549517436112779e+00
1.148470839999999953e+02 1.232656199999999913e+01 1.337904307625662170e+02 2.775128212731135235e+01
1.302385099999999909e+02 7.992467999999999684e+00 1.014182431210929138e+02 3.254973798677369956e+01
1.303266000000000133e+02 5.151488999999999763e+00 1.249679932980218666e+02 6.026828908535269980e-01
1.200522399999999976e+02 3.491102000000000061e+01 1.039109808437191020e+02 2.374984821732913076e+01
1.007646940000000058e+02 2.517087599999999981e+01 9.597292690439097385e+01 1.542641200900940746e+01
1.311990399999999966e+02 2.885759999999999881e+00 1.125425761617920415e+02 2.865924012420039091e+01
1.132039199999999965e+02 1.668616300000000052e+01 1.214177189655668201e+02 2.344962389075627840e+01
1.134832399999999950e+02 1.777810300000000154e+01 9.575522156901307369e+01 3.476179359572896743e+01
1.182392499999999984e+02 2.503325500000000048e+01 1.184573403031120336e+02 3.353867193275163316e+01
1.207063399999999973e+02 1.393922799999999995e+01 1.180964606498641558e+02 5.970501366546678845e+00
1.082274599999999936e+02 2.717001000000000133e+01 1.046904984364821303e+02 3.038969359506733525e+01
1.165112840000000034e+02 2.327571899999999872e+01 1.130315826480639885e+02 1.764829956727977489e+01
1.307676400000000001e+02 9.199001000000000872e+00 1.376699650173238467e+02 2.739794530903262526e+01
9.715987400000000207e+01 1.592667499999999947e+01 1.294467526893832883e+02 1.094557152470248163e+01
1.294280699999999911e+02 7.853149000000000157e+00 1.011115916798913332e+02 1.775267466776326586e+01
1.270634600000000063e+02 1.166692100000000032e+01 1.143219438274799700e+02 1.469265797323525113e+01
1.037949100000000016e+02 1.724506999999999834e+01 1.081475185537719454e+02 2.125887958597929384e+01
1.286007500000000050e+02 8.765936999999999202e+00 1.165433141020406680e+02 5.240643440788065988e+00
1.148343050000000005e+02 2.582363300000000095e+01 1.006597374593164886e+02 2.518592670714476256e+01
1.063787499999999966e+02 2.825092300000000023e+01 9.586670366962528078e+01 2.389337829978586214e+01
9.999969000000000108e+01 2.509792300000000154e+01 1.339383533405596722e+02 5.711855127485586436e+00
1.101911099999999948e+02 1.101826999999999934e+01 1.138161313406712480e+02 1.685775967137116282e+01
1.094362699999999933e+02 8.352039999999999464e-01 1.008901636826931139e+02 1.205750603824460399e+01
1.051916099999999972e+02 9.920849000000000473e+00 1.016831051176363587e+02 2.723383001494787692e+01
1.130844799999999992e+02 1.852679300000000140e+01 1.206752790150132739e+02 3.838928047022754253e+00
1.359555699999999945e+02 2.916656499999999852e+01 1.046702107442237946e+02 1.032853069905812582e+01
1.083133540000000039e+02 2.792756299999999925e+01 1.184651285195353410e+02 1.950347774922370547e+01
1.093003099999999961e+02 1.012630000000000058e-01 1.279614094356069813e+02 6.131670253172714524e+00
1.318405300000000011e+02 1.077468200000000031e+01 1.067333939466792287e+02 2.645140545821107025e+00
1.128090440000000001e+02 2.218561000000000050e+01 1.085512246413328796e+02 8.269303782464426433e+00
1.172729949999999945e+02 2.140795900000000174e+01 1.241893191138340740e+02 1.818359234825641124e+01
1.349519999999999982e+02 1.169487200000000016e+01 1.320508248236266127e+02 1.914451042298471251e+01
9.339405999999999608e+01 1.624022300000000030e+01 9.485811282892430540e+01 2.004093308961336817e+01
1.262135240000000067e+02 1.085353699999999932e+01 1.238178404585362244e+02 2.954265581575023347e+01
1.040049199999999985e+02 2.438359600000000071e+01 9.323504541796889100e+01 1.953073320378185684e+01
1.259232559999999950e+02 4.161654000000000408e+00 9.782659847414882393e+01 1.534172724404630550e+01
1.089955800000000039e+02 1.639875599999999878e+01 1.333808167412703938e+02 5.811279006577554362e+00
1.279924850000000021e+02 1.403315199999999940e+01 1.001285176955400686e+02 4.096797738417051526e+00
1.082674300000000045e+02 2.621295500000000089e+01 1.220066348153526974e+02 1.815816931108025756e+01
1.219990200000000016e+02 5.213186999999999571e+00 9.382959790126687949e+01 1.825023074809269730e+01
1.269610100000000017e+02 1.226305200000000006e+01 1.241727919001457963e+02 2.872230912385105128e+01
1.302130600000000129e+02 1.211599499999999985e+01 9.326817379928110086e+01 1.241591694570877635e+01
1.220304600000000050e+02 5.662862999999999758e+00 9.504007988200420698e+01 3.157320560603889437e+00
1.179312000000000040e+02 9.954869000000000412e+00 9.949855654684485273e+01 2.321349447155537860e+01
1.337603000000000009e+02 1.258384500000000017e+01 1.162136159749951503e+02 2.875397545217163398e+01
9.974796999999999514e+01 3.379717300000000080e+01 1.150546991975477482e+02 2.475027381352595768e+01
1.092677800000000019e+02 3.181741999999999848e+00 1.091302062900075924e+02 4.169440773044924775e+00
1.233764199999999960e+02 2.582111199999999940e+01 1.371599995339285272e+02 2.157837799038522775e+01
1.286229600000000062e+02 3.030732499999999874e+01 9.749752160248189625e+01 1.544274185676384636e+00
1.048228900000000010e+02 3.249645600000000201e+01 9.444088864024061536e+01 3.280542646206027513e+01
1.156852599999999995e+02 1.478857400000000055e+01 1.053971095902470125e+02 2.953974243751562767e+01
1.189017699999999991e+02 2.030833000000000155e+01 1.010151292800120189e+02 1.342335855851448301e+01
1.210716900000000038e+02 6.892971000000000181e+00 9.243440864483802955e+01 1.476027568525470102e+01
1.273446660000000037e+02 1.365026600000000023e+01 1.071793808817515838e+02 2.010065427969602858e+00
1.122847440000000034e+02 1.660995300000000086e+01 1.305002127772066274e+02 1.033137455076604816e+01
1.211230850000000032e+02 1.021513700000000036e+01 9.940416278610922518e+01 3.413936047196666124e+01
1.248630500000000012e+02 1.255894400000000033e+01 1.224564557438891654e+02 3.632913627897521813e+00
1.135468599999999952e+02 1.324376900000000035e+01 9.526269692591645821e+01 6.232021679519630375e+00
1.187546099999999996e+02 1.839382399999999862e+01 1.197690124210569991e+02 1.735446355548055664e+01
1.222981000000000051e+02 3.382558000000000220e+01 9.595878414432495163e+01 1.715569151199576226e+01
1.197646199999999936e+02 2.030460199999999915e+01 1.142242692095081651e+02 3.288850992465268774e+01
1.162961800000000068e+02 2.799809799999999882e+01 1.008430683172427820e+02 9.563539179976061178e+00
1.110467699999999951e+02 3.238026399999999683e+01 1.060169860321348665e+02 2.948079249340900532e+01
1.127789899999999932e+02 1.603903199999999885e+01 9.709001855979025208e+01 1.037365821506893759e+01
1.044074200000000019e+02 1.407581799999999994e+01 1.229420860372187292e+02 2.668620569222921191e+01
1.284304700000000139e+02 1.899298699999999940e+01 1.098899716662096466e+02 2.719068596897397327e+01
1.150682749999999999e+02 1.918149599999999921e+01 1.121287583656105369e+02 3.009819004930835362e+01
1.351008600000000115e+02 2.345284300000000144e+01 1.315737420471307928e+02 6.289535743942807677e+00
9.264901000000000408e+01 2.078608699999999843e+01 1.034379435146475572e+02 1.764035752723522776e+01
1.011475200000000001e+02 2.924591300000000160e+01 1.082284032386791495e+02 1.796894746354914574e+01
1.143764000000000038e+02 1.332743100000000069e+01 9.535966200585957608e+01 1.029462968385872479e+00
1.231192999999999955e+02 3.669859999999999900e+00 1.312349364182225315e+02 2.491336424205104549e+01
1.195463639999999970e+02 2.841035700000000119e+01 1.123168978472936033e+02 8.597349262210880028e+00
1.331191900000000032e+02 8.421360999999999208e+00 1.030796572789589050e+02 3.452204549123893429e+01
1.171882999999999981e+02 2.439474999999999838e+01 1.246905358640675132e+02 2.037806487778096098e+01
1.042165799999999933e+02 2.347071499999999844e+01 9.384141378689071189e+01 1.716563383859502068e+01
1.205819099999999935e+02 1.267323900000000059e+01 9.396936417120311091e+01 6.444021703238723475e+00
1.002892999999999972e+02 2.375831000000000159e+01 1.356345823580324463e+02 2.222209506904909304e+01
1.075895799999999980e+02 1.972467400000000026e+01 1.205365174247672542e+02 1.075955381941894728e+01
1.007823300000000017e+02 2.154664599999999908e+01 1.150838857436141467e+02 1.252681674927033839e+01
1.047877660000000049e+02 2.743140400000000056e+01 1.073621022503907767e+02 3.093983122288492993e+01
1.129410900000000026e+02 1.928609799999999908e+01 1.345523283176297866e+02 2.862527293370976267e+01
1.196812299999999993e+02 2.088022600000000040e+01 1.324705530801019790e+02 2.295029260087832768e+01
9.890682999999999936e+01 1.802293200000000084e+01 1.123425244947670620e+02 3.072329926575459780e+01
1.233474350000000044e+02 2.519231399999999965e+01 9.571654691487884747e+01 2.042611444247245345e+01
1.067377000000000038e+02 2.727607499999999874e+01 1.291405621875986185e+02 1.782261365040685064e+01
1.002700300000000055e+02 1.703686300000000031e+01 1.278012040800310558e+02 3.416968353482218390e+01
1.224132840000000044e+02 1.063505699999999976e+01 1.209265807638017236e+02 1.468547979313678731e+01
1.294916100000000085e+02 2.620026999999999884e+00 1.221137476137436693e+02 2.673833546506305936e+01
1.096788600000000002e+02 1.849008999999999903e+00 9.797661948516559960e+01 3.446671324323502006e+01
1.167711800000000011e+02 1.044548600000000071e+01 1.040988677081114133e+02 2.946378685757408533e+01
1.356580399999999997e+02 1.759958500000000114e+01 1.052335379522678522e+02 3.566529794606376758e+00
1.258230060000000066e+02 9.050392999999999688e+00 9.631630800242164980e+01 2.453373464866958287e+01
1.038327500000000043e+02 1.301466800000000035e+01 9.771289571108948735e+01 3.360416992020545734e+01
1.244601700000000051e+02 2.153512000000000093e+00 1.085226314579241489e+02 1.327235735546146067e+01
