2.030260000000000176e+01 4.154736700000000127e+01 4.275268313202045078e+01 6.698332530367747495e+01
3.849247700000000094e+01 5.520327000000000339e+01 2.418180511968143520e+01 6.679646588511415928e+01
1.857514400000000165e+01 5.021511999999999887e+01 2.506344080406537600e+01 3.725184330936242105e+01
3.123456200000000038e+01 6.854565999999999804e+01 1.953077625651362581e+01 4.077954144523876323e+01
1.996693199999999990e+01 6.435686499999999910e+01 2.348974191476489004e+00 5.792222359761171191e+01
2.408968499999999935e+01 5.437648399999999782e+01 5.349409590753914756e+00 6.208242183655488589e+01
1.442182000000000031e+01 3.675199500000000086e+01 2.204889704066056311e+01 5.916986994055776705e+01
1.598542800000000064e+01 6.346921999999999997e+01 2.118851771255812722e+01 6.262624580327467072e+01
2.843476700000000079e+01 6.544930999999999699e+01 4.091902417845425788e+01 4.251640758655523200e+01
2.359814000000000078e+01 5.904753500000000344e+01 9.520828600847083933e+00 3.870016149832014207e+01
3.735735300000000336e+01 3.590986999999999796e+01 3.800008408475954980e+01 4.045603589285266111e+01
1.046779500000000063e+01 5.763331600000000066e+01 3.639053465888804340e+01 4.115494971068105912e+01
3.903699999999999903e+01 4.582964700000000136e+01 1.086157202575182268e+01 5.732925638713787464e+01
1.985240599999999844e+01 5.428137999999999863e+01 3.087284822215178437e+01 4.297032674958055765e+01
3.403173000000000314e+01 3.530623599999999840e+01 7.021805347128342589e+00 5.078051524020288809e+01
3.905662000000000234e+01 5.662503399999999942e+01 3.233931501770143768e+00 5.450105139797265963e+01
4.376234999999999786e+01 5.776993999999999829e+01 7.557305976616770948e+00 6.395391161910816891e+01
2.583696600000000032e+01 5.211892699999999934e+01 4.491339064111890877e+01 4.830247018029820794e+01
2.253600899999999996e+01 5.806480400000000230e+01 3.063839307760037656e+01 6.897685604820085814e+01
2.607052600000000098e+01 5.560063999999999851e+01 3.932470645777415541e+01 6.383610468452428677e+01
2.945886199999999988e+01 4.503595700000000335e+01 3.701267548982067268e+01 5.522901612750105471e+01
2.454487800000000064e+01 5.326310999999999751e+01 4.490495332606607803e+01 5.864560848021989159e+01
4.043019000000000318e+01 4.261147700000000071e+01 4.514217899756653907e+01 4.056058691911785985e+01
1.370051999999999914e+01 5.746293599999999913e+01 2.083874951793830732e+01 5.491227396901383173e+01
2.411451699999999931e+01 3.941257499999999681e+01 5.318903497310369932e-01 3.947638881995915483e+01
4.554327399999999670e+01 3.599918399999999963e+01 1.781994732988506414e+01 6.117555977465490002e+01
1.447265100000000082e+01 6.445859500000000253e+01 3.226773668659928518e+01 6.595523937637329936e+01
2.905510900000000163e+01 5.437980999999999909e+01 2.590635070764269443e+01 6.118584944286750726e+01
3.803257800000000088e+01 4.126751300000000100e+01 4.565558241003832762e+01 5.023241295691330777e+01
1.418174100000000060e+01 6.849102999999999497e+01 4.267152427244052149e+01 4.278276846960743995e+01
1.145368599999999937e+01 5.796741999999999706e+01 1.588854785373570522e+01 3.531920044238896139e+01
1.118244199999999999e+01 5.501082199999999744e+01 3.226847024688213850e+01 6.670520480198108260e+01
1.577243900000000032e+01 4.070953800000000200e+01 2.597367309540273617e+00 4.730719011171721888e+01
3.954607000000000028e+01 3.688109599999999944e+01 3.644220502023706842e+01 5.262681040360707385e+01
2.488541199999999876e+01 5.467808000000000135e+01 4.450942971169539675e+01 4.789085690117714478e+01
1.553463600000000078e+01 4.822363299999999953e+01 4.532356506628691761e+01 4.281715381545485855e+01
3.937140999999999735e+01 5.414872400000000141e+01 2.973104859705598457e+01 5.057803695943715638e+01
4.378735700000000008e+01 4.327327300000000321e+01 2.785137066288466201e+01 4.922577746083628369e+01
4.587213500000000010e+01 5.513808399999999921e+01 3.598846650237923939e+01 5.710416826061427287e+01
1.887586399999999998e+01 6.385474800000000073e+01 4.823865074603665093e+00 5.114827962400820383e+01
2.958344500000000110e+01 5.448217999999999961e+01 3.726264561966959832e+01 3.757632384064584130e+01
1.417061799999999927e+01 6.270808000000000249e+01 3.714907384834791770e+00 6.848255342224379660e+01
2.303231999999999946e+00 4.791113000000000000e+01 9.600572096484840667e-01 5.675159048904626502e+01
3.591124999999999901e+00 5.467796299999999832e+01 2.818896218848762203e+01 4.310529156452610522e+01
2.336605600000000038e+01 5.400741599999999920e+01 3.954801727686125901e+01 4.029607553152224142e+01
2.062592000000000070e+01 6.154791300000000120e+01 4.271281700175593166e+00 5.954721450078245226e+01
1.196039000000000030e+01 4.950099999999999767e+01 2.489460155560562171e+01 4.509862141206662756e+01
1.417296200000000006e+01 5.039940299999999951e+01 1.449693679540418501e+01 6.732226443091983015e+01
1.153066699999999933e+01 6.290371700000000033e+01 2.442915329116148726e+01 5.960708370404265111e+01
6.144984000000000002e+00 6.894272999999999740e+01 1.885328033658664282e+01 3.569567665846167159e+01
1.675374599999999958e+01 3.796326400000000234e+01 7.141383063009355325e+00 4.049850455911324332e+01
6.145144000000000162e+00 6.301532699999999920e+01 4.501648475376265424e+01 6.642827510696277216e+01
4.336003999999999792e+01 3.513443399999999883e+01 2.808881513178573286e+01 4.012131425549752350e+01
1.635021999999999975e+00 4.441228000000000264e+01 4.114476510137541965e+01 3.820574642461990322e+01
1.513443200000000033e+01 3.630924199999999757e+01 8.179311025984217665e+00 6.249369553890987561e+01
2.589698399999999978e+01 3.561395000000000266e+01 2.034731605804842758e+01 3.535184137322011111e+01
3.255942000000000114e+00 5.222532000000000352e+01 8.126134585859199788e+00 4.553282151031808667e+01
5.798544999999999838e+00 5.313371999999999673e+01 1.811757846501280245e+00 5.776575643590325626e+01
4.907337000000000060e+00 4.799457600000000213e+01 3.639747392935991144e+01 4.885446244442886155e+01
3.013930500000000023e+01 4.314343600000000123e+01 1.677433068728394971e+01 5.978574268386683599e+01
2.037196199999999990e+01 6.943128000000000100e+01 8.831364382688278170e+00 6.946601044355145405e+01
2.417791000000000068e+01 4.452922999999999831e+01 1.125321873734950451e+01 6.497239717706624162e+01
1.164506800000000020e+01 6.117394300000000129e+01 3.078454769361089305e+01 5.404459899878427365e+01
1.585677199999999942e+01 5.183147999999999911e+01 1.326290758369865941e+01 4.291689018458289695e+01
3.766145699999999863e+01 5.091280700000000081e+01 2.007003330263984964e+01 6.012913731186469590e+01
3.731324000000000041e+01 4.078092600000000090e+01 1.303132127032935372e+01 6.468511182348275668e+01
1.870458400000000054e+01 5.870477300000000298e+01 4.168076845740792180e+01 4.363901053356100590e+01
4.535006299999999868e+01 5.176286699999999996e+01 3.901138598300838822e+01 4.699620875933792519e+01
1.382407100000000000e+01 5.819731500000000324e+01 2.779479689212965354e+01 6.700553145214665562e+01
2.644106899999999882e+01 4.648964300000000094e+01 3.611063292955596893e+01 5.358808412881425909e+01
1.643572400000000044e+01 6.402669000000000210e+01 3.752044866437275772e+01 4.373526856778082816e+01
2.223735599999999835e+01 5.425853000000000037e+01 4.288271786404660446e+01 6.405211719977785378e+01
2.905113800000000168e+01 4.526621000000000095e+01 3.805326515850364899e+01 6.198500409644940135e+01
1.794423899999999961e+01 3.598913600000000201e+01 4.022106610152645345e+01 4.420017216506787605e+01
1.543729100000000010e+01 4.334400999999999726e+01 2.716745367353266261e+01 5.764671232228963760e+01
1.258132999999999946e+00 6.061498000000000275e+01 3.608097853032028901e+00 6.794378789502729887e+01
3.644939999999999714e+01 6.608012999999999693e+01 2.586446634400498468e+01 6.899952129002950585e+01
3.455795700000000181e+01 4.592020399999999825e+01 2.590749110770678243e+01 5.123142080930014686e+01
4.451698999999999984e+01 4.236858000000000146e+01 3.516085184806635766e+01 6.029561705057150789e+01
2.085089999999999932e+01 3.981597500000000167e+01 1.266270991748227104e+01 6.283363474533720705e+01
2.024526600000000087e+01 5.240858000000000061e+01 2.530995244809077604e+01 3.802442226778298107e+01
2.883141300000000129e+01 4.903664799999999957e+01 1.039417338871179153e+00 6.127134690372071191e+01
2.065120100000000036e+01 5.022468599999999839e+01 4.095328442959683457e+01 4.444203148420091054e+01
3.484050799999999981e+01 5.297476999999999947e+01 2.484561600501493661e+00 4.713410641845248250e+01
3.868943000000000154e+01 6.783937000000000239e+01 1.530442265819779379e+01 6.424312513147526715e+01
1.709412199999999871e+01 3.846061300000000216e+01 3.842398869047896426e+01 5.741075223836474350e+01
2.390652999999999917e+00 5.167964599999999820e+01 2.985669581625997182e+01 5.535481209683757697e+01
1.027433500000000066e+01 6.108365599999999773e+01 4.409802086699357204e+01 5.225338344614967667e+01
3.382928000000000157e+00 6.029896000000000100e+01 3.440008929470319998e+00 4.609356635167704752e+01
2.684842000000000084e+01 5.470271699999999981e+01 4.386247824908866022e+01 6.634225275653736276e+01
3.869263999999999726e+01 3.850408999999999793e+01 3.455451578530511370e+01 5.918344490896402021e+01
6.100786000000000264e+00 5.886466000000000065e+01 4.219651092038819939e+01 5.536005616614068714e+01
2.578445999999999927e+01 5.026700199999999796e+01 4.892566607635114195e+00 4.583310058087398886e+01
2.534778999999999982e+01 4.110890200000000050e+01 3.383501617711316811e+01 5.148592171211898005e+01
6.406609000000000442e+00 6.068462399999999946e+01 1.662915194000064156e+00 5.251310605602102299e+01
3.019998400000000061e+01 5.233463299999999663e+01 2.121200280583319397e+01 5.347668904271636592e+01
4.413381600000000304e+01 4.091939500000000152e+01 4.527841834069626969e+01 4.048072653014540379e+01
4.523201000000000249e+01 4.932038000000000011e+01 7.334998147377708833e+00 4.185507982097073665e+01
3.205187999999999704e+01 5.445449399999999684e+01 2.320257636784588584e+01 5.799929775123421649e+01
2.939679299999999884e+01 5.547912000000000177e+01 3.660210299887689445e+01 3.868083525556071578e+01
2.199750900000000087e+01 6.024275000000000091e+01 2.978776675859235112e+00 4.263633164184797408e+01
4.153717000000000326e+01 6.461714999999999520e+01 2.147918426122210178e+01 5.822560199111941870e+01
1.624812899999999871e+01 4.119536999999999694e+01 2.185279955031790422e+01 4.290866580291478272e+01
1.996797400000000167e+01 6.711992999999999654e+01 1.730028964502650624e+01 6.255873076547284484e+01
4.311293799999999976e+01 6.226658199999999965e+01 4.944691045746055558e+00 6.900389511728889147e+01
1.547219800000000056e+01 6.034700000000000131e+01 5.324854543272891760e+00 6.156903150080488274e+01
3.799163399999999768e+01 5.446101000000000170e+01 3.861011953736591096e+01 3.694719625232614391e+01
2.763976699999999909e+01 6.352608000000000033e+01 1.069207829324821546e+01 5.974996328003228285e+01
3.473072400000000215e+01 4.125330999999999904e+01 3.401931909844711299e+01 4.516429501947631309e+01
2.572775499999999838e+01 6.775475000000000136e+01 1.621268027958989677e+01 4.364044929017922669e+01
3.925412800000000146e+01 4.329188500000000062e+01 4.971200197722466463e+00 6.194817251364642630e+01
1.590353299999999948e+01 5.802247200000000049e+01 3.673175678839772473e+01 5.379110639953920270e+01
2.389761000000000024e+00 5.166255000000000308e+01 1.252567023238205657e+01 4.522171711227946389e+01
8.313065999999999178e+00 6.295916400000000124e+01 3.977703128395496179e+01 6.881039298587323572e+01
2.934607999999999883e+00 6.806690999999999292e+01 2.924211083216671270e+01 3.926197852816199685e+01
4.174866000000000099e+01 3.548250000000000171e+01 3.299370279493653868e+01 5.963802263355444921e+01
2.190253600000000134e+01 6.066709500000000332e+01 5.114502562419274589e+00 6.539878059759395512e+01
2.761657699999999949e+01 4.687226499999999874e+01 4.185951916783845661e+01 5.709646354897950005e+01
2.473507899999999893e+01 5.499628400000000283e+01 2.563011732378512875e+01 6.027631489755890470e+01
4.035973700000000264e+01 3.709774800000000283e+01 1.573124213100004809e+01 6.322205172217698532e+01
1.197442700000000038e+01 3.734436399999999878e+01 2.951098578618314594e+00 4.677162662201676824e+01
4.172664000000000328e+01 5.960092000000000212e+01 2.813651428217673356e+01 6.837811720222515532e+01
1.468800399999999939e+01 5.225485599999999664e+01 4.050981120057628715e+01 4.091796907905373359e+01
3.743424999999999780e+00 4.566570999999999714e+01 2.619911539822721025e+01 4.149058199763376820e+01
9.452037000000000688e+00 3.558261499999999700e+01 1.055987342720917788e+01 6.256420878262355245e+01
1.685684200000000033e+01 3.720931999999999817e+01 2.952854594877849337e+01 5.882591070428787816e+01
3.718314999999999770e+01 4.035410300000000206e+01 4.035932193948927704e+01 5.648458199073351693e+01
4.572634500000000202e+01 4.375131999999999977e+01 2.850333194570161055e+01 4.364923812818225457e+01
2.386990499999999926e+01 6.952246999999999844e+01 4.369097503049943043e+01 6.189467112408910054e+01
2.237603400000000065e+01 3.817329399999999850e+01 1.670234015772126313e+01 5.401508970184882230e+01
1.890095499999999973e+01 3.964312699999999978e+01 2.408865386824370347e+00 5.311044671554027019e+01
1.603790000000000049e+01 5.111860300000000024e+01 2.404659013019320213e+01 4.554287448562383389e+01
1.192961599999999933e+01 6.651054999999999495e+01 2.895051355118406278e+00 5.735264508417728990e+01
3.899513000000000318e+01 3.526962699999999984e+01 1.540738371330218470e+01 3.548860934382857124e+01
2.153874799999999823e+01 6.376048000000000116e+01 3.913208882228960306e+01 4.152322588992504393e+01
3.818887000000000143e+01 4.866307400000000172e+01 1.448342877529243999e+01 4.515263425996422342e+01
2.526105099999999837e+01 5.912792600000000220e+01 1.422650912909777787e+01 6.736908625587187771e+01
2.162065899999999985e+01 5.516735500000000059e+01 2.846940079740571505e+01 4.658544972980152465e+01
3.543174000000000046e+00 3.538499500000000353e+01 9.849257047307807156e+00 5.151957493372680119e+01
2.422393999999999892e+01 5.365080600000000288e+01 3.795083361863013494e+01 5.762985982733151502e+01
6.201697000000000237e+00 5.960690699999999964e+01 2.136186967174839424e+01 4.483605194102791813e+01
4.432352399999999903e+01 4.655745999999999896e+01 8.513482751210430521e+00 5.242325179731696494e+01
4.105577499999999702e+01 6.497229000000000099e+01 3.133636178135467887e+01 3.986085078073754318e+01
3.941353999999999758e+01 3.512798300000000040e+01 1.473977720800841107e+00 3.741121589563233840e+01
3.324862999999999857e+01 5.542543400000000275e+01 2.693534087238014685e+00 5.934840495258050908e+01
1.502367899999999956e+01 4.765071999999999974e+01 2.554775465248081190e+01 5.528805782973688565e+01
2.688899599999999879e+01 6.840559000000000367e+01 1.552169945960931230e+01 6.201428416863690529e+01
1.840980499999999864e+01 6.314235999999999649e+01 3.540122407678400407e+01 5.254082126372347261e+01
6.229624000000000272e+00 5.366465999999999781e+01 4.143780988739905524e+01 4.803787890523754101e+01
1.087718300000000049e+01 4.082916000000000167e+01 1.552272934056477149e+00 4.416684678170414458e+01
9.912905999999999551e+00 6.386164500000000288e+01 2.718968922376313202e+01 4.111342229856838060e+01
2.526838700000000060e+01 4.156057400000000257e+01 3.263759402451911740e+01 5.582513150418674996e+01
2.306687700000000163e+01 6.786849999999999739e+01 1.624541834199055046e+01 4.931332837275866865e+01
3.722565000000000168e+01 4.438313000000000130e+01 4.307347299192831258e+01 5.627370832704260550e+01
3.649032199999999904e+01 5.640850999999999971e+01 3.212504960110419638e+00 6.219160504088333852e+01
4.612967000000000262e+00 6.207938399999999746e+01 4.927375923451334572e+00 6.185785116892248681e+01
5.118711000000000233e+00 4.684667199999999809e+01 1.600643644718468650e+01 6.052022145361178218e+01
4.398696999999999946e+01 4.142481999999999687e+01 1.490412867131423447e+01 6.701334348633619697e+01
1.376805999999999974e+00 5.906584000000000145e+01 2.751711497125598260e+00 3.831162590383989652e+01
2.911354000000000042e+01 5.733693699999999893e+01 2.793522498414361976e+01 5.155841384831809648e+01
4.084637500000000188e+01 5.786637499999999790e+01 3.973353005886771427e+01 4.163456229464804892e+01
1.873617399999999833e+01 4.071938000000000102e+01 4.348611915091847635e+01 5.757030006772864539e+01
3.117937299999999823e+01 4.084062999999999732e+01 3.333342846406713988e+01 6.280420936110605368e+01
4.508872600000000119e+01 5.336811000000000149e+01 2.917609699842672200e+01 4.294534853510467087e+01
7.063257000000000119e+00 5.661233000000000004e+01 2.969704123611095170e+01 5.975320557245365194e+01
2.180166600000000088e+01 5.070673000000000030e+01 4.006909170759929140e+01 5.233054134452310535e+01
2.731276000000000082e+01 5.530016299999999774e+01 2.072409996409686173e+01 6.058543428336934511e+01
3.125759000000000043e+01 5.419738399999999956e+01 1.379130860022660343e+01 3.534913959091480251e+01
3.818302000000000085e+00 5.819378300000000337e+01 1.138847466925389362e+01 6.987698052382268088e+01
4.277070200000000000e+01 5.566643499999999989e+01 1.124712549775739490e+01 6.782997554860335754e+01
3.557878999999999792e+00 4.535975299999999777e+01 2.905863848152019813e+01 3.724558482398285264e+01
2.165502499999999841e+01 4.811627200000000215e+01 2.159338235309580512e+01 5.869520245044263618e+01
1.439502099999999984e+01 5.550316600000000022e+01 1.807309714112586363e+01 6.913784263842737232e+01
3.802040000000000219e+01 5.845450000000000301e+01 1.353635315462318367e+01 6.031072373948214249e+01
4.108595700000000051e+01 6.225200000000000244e+01 2.239445009394655628e+00 6.778280239667667217e+01
1.625810200000000094e+01 5.433078799999999831e+01 4.280936637292901281e+01 5.385130694097628634e+01
2.112510999999999939e+01 4.041429999999999723e+01 3.724514957466177378e+01 4.897077584659886895e+01
2.260014699999999976e+01 6.234815199999999891e+01 3.409818758703009323e+00 6.555120684056572600e+01
3.270170000000000243e+01 3.922698199999999957e+01 3.792187234332003953e+01 4.079234602136780552e+01
1.728762400000000099e+01 5.463022200000000339e+01 2.205196084791231925e+01 3.507422241957072373e+01
4.325583600000000217e+01 4.426939000000000135e+01 3.323137446915183801e+01 6.441720469932833737e+01
6.345703999999999567e+00 6.314034699999999845e+01 2.931565957794198241e+01 3.740189121506242742e+01
1.053519200000000033e+01 4.703757999999999839e+01 2.779507601905370962e+01 6.245038958513602267e+01
2.537943299999999880e+01 4.336021000000000214e+01 4.195480058659262568e+01 6.679035805658249103e+01
4.040032999999999674e+01 4.593480000000000274e+01 4.054309265412723562e+01 4.457436059820074803e+01
3.764814799999999906e+01 4.617269499999999738e+01 3.999139504759718733e+01 5.325835960797975588e+01
3.169857800000000125e+01 3.736941499999999650e+01 3.257051980590716767e+01 3.962516082151323360e+01
2.605040400000000034e+01 3.586690999999999718e+01 3.972153297353907675e+01 6.070555500477317423e+01
4.024333599999999933e+01 3.662460999999999700e+01 2.610153516473115332e+01 3.909412081692608609e+01
1.528673000000000037e+01 4.877168700000000001e+01 1.367841174086508893e+01 4.515316260082222755e+01
1.796600999999999893e+00 5.902446400000000182e+01 1.687065675413121824e+01 4.558203785233225602e+01
2.232914699999999897e+01 5.730980699999999928e+01 3.890277361698477421e+01 4.591122741447097866e+01
2.457396500000000117e+01 5.788974999999999937e+01 3.126647977206442874e+01 5.733691814366851958e+01
2.015500000000000114e+01 6.507629400000000430e+01 3.740077029778999140e+00 4.671585679749832565e+01
2.517241999999999980e+00 4.801809000000000083e+01 3.012985148011541625e+01 4.561954842038647939e+01
3.773040999999999912e+01 4.127143999999999835e+01 2.576388222200822042e+01 3.521117785976977643e+01
8.962469000000000463e+00 5.220652400000000171e+01 2.372861395998233291e+01 4.693555670250194112e+01
3.325592799999999727e+01 6.917547000000000423e+01 4.466765254177570199e+01 5.339987072815674196e+01
2.284694899999999862e+01 5.932056999999999647e+01 4.378286543052603008e+01 4.172475283336184049e+01
2.820535500000000084e+01 6.007906700000000200e+01 6.943778073870408463e+00 6.354155491825873980e+01
2.863870000000000005e+01 5.514508399999999710e+01 7.611288782401281594e+00 4.300612865580103517e+01
2.702414100000000019e+01 5.420182400000000200e+01 1.376668223226857179e+01 3.578711318170037003e+01
2.283545300000000111e+01 5.170837399999999917e+01 4.460868210453033811e+01 3.847578321528087741e+01
1.926878999999999920e+01 4.468504300000000029e+01 4.522635886876503264e+01 6.403313227893880821e+01
1.654900599999999855e+01 4.815861999999999910e+01 2.280544356088609348e+01 4.721518201174369977e+01
3.953311000000000064e+01 6.140073399999999992e+01 3.320026822467101368e+01 3.776788380613530194e+01
1.119804800000000000e+01 3.719761299999999693e+01 3.976955284216115416e+01 3.930216533790454037e+01
1.418991600000000020e+01 5.726926799999999673e+01 3.113042911947495739e+01 5.120911998276653776e+01
3.767517500000000297e+01 5.193505499999999842e+01 1.718303554826088586e+01 4.438011737953460312e+01
1.760546300000000031e+01 5.943794299999999708e+01 3.306443381840364282e+01 5.965362979813403399e+01
2.509416600000000130e+01 4.282517599999999902e+01 3.604837928682515980e+01 5.677817154388758070e+01
1.714925200000000061e+01 5.940764599999999973e+01 2.724213393912350156e+01 5.599735173798424626e+01
2.883833900000000128e+01 5.326465999999999923e+01 2.057608991408994115e+01 5.051728505910565303e+01
4.358632999999999669e+01 4.372232000000000340e+01 5.537087394253690675e+00 3.535195311509497884e+01
3.333872999999999820e+01 4.115722300000000189e+01 2.481575241446331503e+01 4.431466682767534593e+01
1.171394199999999941e+01 3.860256600000000304e+01 3.120524215137722734e+01 5.006944418721348455e+01
2.772048799999999957e+01 4.734289600000000320e+01 4.017936360705143528e+01 4.774642699712844518e+01
2.156549599999999955e+01 6.079590600000000222e+01 1.107498265212857369e+01 4.141182114277109605e+01
1.873960299999999890e+01 3.671161699999999684e+01 6.803570476048435900e+00 4.938764088115321016e+01
4.818947999999999787e+00 4.983796300000000201e+01 2.008063871301721193e+01 3.881202555045919667e+01
5.948179999999999801e+00 4.102932700000000210e+01 4.563742243563220313e+01 4.790625248426238159e+01
2.694678000000000129e+00 5.632972699999999833e+01 3.670600692339482407e+01 4.703572421275774218e+01
2.684317000000000064e+01 5.319721599999999739e+01 4.090967977779932596e+01 3.849138979434352592e+01
2.490823699999999974e+01 4.199155400000000071e+01 8.082604399843974718e+00 4.564244770794778105e+01
8.186068999999999818e+00 5.864401199999999648e+01 3.940350163614116497e+00 3.502152369291142264e+01
1.831494100000000103e+01 5.697215700000000282e+01 5.038677514323136819e+00 3.661389156724414562e+01
1.550612500000000082e+01 4.782681699999999836e+01 3.028711579869096671e-01 3.842360230480739602e+01
2.630622999999999934e+01 5.429846200000000067e+01 3.196062672794153769e+01 5.135969131439905766e+01
7.727204999999999657e+00 5.052137400000000156e+01 8.697687645185485650e+00 5.514580522158431108e+01
1.799430299999999860e+01 6.985294000000000381e+01 1.909130516580699677e+01 3.599899089865638047e+01
2.490886000000000067e+01 4.386578399999999789e+01 4.464835661814363021e+01 4.743275867393977308e+01
6.800587000000000160e+00 4.302304500000000331e+01 3.966601294370845920e+01 6.378939503301268132e+01
1.339502700000000068e+01 5.466881999999999664e+01 2.337798261522654286e+01 5.650745837614891798e+01
2.574687199999999976e+01 6.092093299999999800e+01 1.670180595561397752e+01 6.162526109634161031e+01
8.628754999999999953e+00 5.842560199999999782e+01 3.107664886258942971e+01 6.016135864595987925e+01
3.810340000000000060e+01 4.370171400000000261e+01 4.333788831953783927e+01 5.727809148837495457e+01
1.905981299999999834e+01 4.076001699999999772e+01 3.974401840870648073e+01 3.627470925394793255e+01
4.380930699999999689e+01 4.967139000000000237e+01 4.348480226375216517e+01 3.801373573264263683e+01
1.850905399999999901e+01 4.941867400000000288e+01 2.338362735060139386e+01 5.294079501794324472e+01
1.792446500000000142e+01 3.647230499999999864e+01 3.533935052231847607e+01 4.934514726506560578e+01
1.351516100000000087e+01 5.386089299999999724e+01 2.069779197032845985e+01 6.529991640309501122e+01
1.699680899999999895e+01 3.706800499999999943e+01 3.584570797852575375e+00 5.223406645458845787e+01
4.384314700000000187e+01 6.283979000000000070e+01 4.457973572536028684e+01 6.231533438343851117e+01
3.736971299999999729e+01 5.806794699999999665e+01 4.245371515069385993e+01 6.513130450487285827e+01
9.499419999999999531e-01 6.740864999999999441e+01 2.014077750712407777e+01 5.786268902393634050e+01
1.604916800000000165e+01 4.650075499999999806e+01 1.122793135017741140e-01 3.703301378224046658e+01
2.616165499999999966e+01 5.464033500000000032e+01 2.788107954049942450e+01 4.971708861939524127e+01
1.538504900000000042e+01 5.986376599999999826e+01 2.278648014308145875e+01 6.465111571244881361e+01
3.832894499999999738e+01 3.924019599999999741e+01 4.376359952187625879e+01 5.606848530246185192e+01
3.859736300000000142e+01 3.935114000000000090e+01 2.255060630913696329e+01 6.874998908386214680e+01
1.244795799999999986e+01 5.243693499999999830e+01 1.166279522388099110e+01 3.719821286542467220e+01
2.608603499999999897e+01 5.371799500000000194e+01 4.603073877427015681e+00 4.483465917570702430e+01
1.755703000000000102e+01 5.899888200000000182e+01 5.487529540805816453e+00 5.548989645436006413e+01
1.088674400000000020e+01 3.778606400000000320e+01 4.352901417186650690e+01 5.774810266562539596e+01
2.405202699999999894e+01 6.427312999999999477e+01 1.126703710335885944e+01 6.612791039488138267e+01
2.616936899999999966e+01 5.007923999999999864e+01 4.281880371482645842e+01 6.785522915252583687e+01
1.755419699999999850e+01 4.278993200000000030e+01 2.437876010074090871e+01 4.022548777815558196e+01
2.082353000000000165e+01 5.152611999999999881e+01 4.084180777374287175e+01 6.614859877382207287e+01
9.546639000000000763e+00 5.577979700000000207e+01 6.476448177386892269e+00 6.753069121068435265e+01
4.418807600000000235e+01 4.170318000000000325e+01 1.762624835394807477e+01 4.188756858429054120e+01
4.158185199999999782e+01 5.369472999999999985e+01 5.617090405088907445e+00 6.277031677336196935e+01
4.958225999999999800e+00 5.061855299999999858e+01 1.600466648753732812e+01 5.649160766105286058e+01
3.185595999999999872e+00 3.884573699999999974e+01 2.299904075417291693e+01 6.654587183082466595e+01
2.333429100000000034e+01 6.337782700000000347e+01 2.956930235546149532e+01 3.763187775800354729e+01
3.021339199999999892e+01 5.408743299999999721e+01 2.264036444771265977e+01 6.669793028381025124e+01
4.233505000000000074e+00 5.025841499999999940e+01 3.091393198787507401e+00 4.352917107400932650e+01
4.458796000000000248e+01 6.127971600000000052e+01 2.772885477885736094e+01 5.215177363892853890e+01
2.510159099999999910e+01 5.985209300000000354e+01 2.742572731293312671e+01 5.827599364446294317e+01
1.802367200000000125e+01 5.439657600000000315e+01 1.291441499624104416e+01 5.546894338621817155e+01
1.629778999999999911e+01 4.763830600000000004e+01 7.439528920475416918e+00 4.685118820035422971e+01
2.805744999999999933e+00 6.466279600000000016e+01 3.955185200768629272e+01 6.876143710704531031e+01
1.715805999999999942e+00 6.770438400000000456e+01 1.199906415240863389e+01 3.856086911490410074e+01
1.078702499999999986e+01 5.680120999999999754e+01 3.619590253037478789e+01 6.796822802333534241e+01
2.887831299999999857e+01 5.495512999999999693e+01 7.474092396149294437e+00 4.732768949164556460e+01
4.435824999999999818e+01 6.275203700000000140e+01 1.227750441860777864e+00 3.595161027616225624e+01
1.017572999999999972e+01 4.832332999999999856e+01 3.573489353617378583e+01 6.669746958517802682e+01
1.597148400000000024e+01 3.805537400000000048e+01 4.398509553078434919e+01 3.762047403054788219e+01
2.394099999999999895e+01 4.252644699999999744e+01 1.081024162381481979e+01 5.672879662286891289e+01
1.696336000000000155e+01 5.930604999999999905e+01 2.114189170867577516e+01 5.686385565662328645e+01
2.302125399999999900e+01 3.841281500000000193e+01 4.308153799607361378e+01 4.992150893595355399e+01
2.437448099999999940e+01 6.130507699999999716e+01 1.439745510832706366e+01 3.600941592857292761e+01
3.695382000000000033e+01 6.158324999999999960e+01 4.438125173821697445e+01 5.917965710740391927e+01
2.250249099999999913e+01 5.444481700000000046e+01 3.897029709198250202e+01 6.133146520024193649e+01
2.277995500000000106e+01 4.458782000000000068e+01 1.571452339912116258e+01 4.694726825442694462e+01
3.658852799999999661e+01 5.794548999999999950e+01 3.971827960574764660e+01 6.557792755886661951e+01
1.952476499999999859e+01 3.918932000000000215e+01 2.028524580991153403e-01 3.977490548932736658e+01
