8.597660999999999376e+01 3.954017300000000290e+01 9.023438211414323007e+01 6.691439445209134362e+01
7.929738600000000304e+01 5.334486799999999818e+01 6.263564460751969420e+01 3.968444593474178816e+01
6.119691000000000258e+01 6.887991999999999848e+01 6.117515849794803273e+01 5.237232936743661327e+01
7.265532000000000323e+01 6.310888700000000284e+01 5.422448233449783572e+01 3.585453735905849015e+01
7.130232999999999777e+01 6.495900000000000318e+01 6.599515773391676987e+01 5.133769848576846329e+01
6.487651999999999930e+01 6.894028000000000134e+01 7.711885277522057436e+01 3.649829753293514045e+01
6.612401599999999746e+01 6.489065999999999690e+01 8.339446274900885214e+01 6.419331905655262460e+01
6.098011000000000337e+01 5.633001300000000100e+01 5.873064133186451841e+01 6.574452052856048567e+01
5.273010299999999972e+01 5.304892000000000252e+01 4.606334051439149846e+01 5.741924146622939418e+01
4.764016999999999769e+01 4.024199300000000079e+01 7.446195626411930846e+01 6.677907616214042719e+01
6.052741600000000233e+01 5.478904299999999949e+01 8.842204258055463129e+01 3.786396972766917912e+01
8.317892999999999404e+01 5.511390999999999707e+01 7.459794257994965960e+01 6.506757931351671687e+01
6.158970999999999663e+01 6.606143000000000143e+01 8.815730886123569121e+01 5.088020510690444098e+01
6.193233000000000033e+01 4.601049400000000134e+01 7.914221976328084907e+01 4.464169989130878236e+01
8.946413400000000138e+01 4.115662400000000076e+01 4.818467474206143919e+01 6.607441783051152129e+01
5.104829000000000150e+01 4.921446199999999749e+01 4.779021231236851008e+01 3.803152280811417540e+01
8.027527000000000612e+01 4.288470000000000226e+01 4.606205205198837405e+01 4.344520770673995713e+01
4.924508000000000152e+01 4.573075999999999652e+01 5.463517873236899902e+01 5.670773286722815953e+01
6.146526300000000020e+01 6.553976000000000113e+01 6.197086084229582070e+01 4.971289966005885930e+01
5.145094300000000231e+01 4.952057599999999837e+01 5.198393269195249644e+01 3.505121362807282992e+01
8.642296000000000333e+01 4.440330999999999761e+01 6.516767592979920209e+01 5.565031726935220036e+01
8.726282500000000653e+01 4.679518999999999807e+01 8.273675288806684591e+01 4.263945702958147876e+01
8.201357000000000141e+01 5.219725799999999793e+01 5.110079709308197238e+01 4.904982874725313025e+01
6.627116999999999791e+01 6.753251000000000204e+01 9.112472744810352765e+01 6.061244261207244932e+01
7.989584000000000685e+01 3.905698000000000292e+01 6.538660882588199286e+01 3.791306032611165477e+01
5.167446499999999787e+01 5.289345600000000047e+01 7.328205402641418686e+01 4.846515417548206273e+01
5.392490999999999701e+01 4.820326200000000227e+01 4.967260808377750436e+01 6.440640387976905856e+01
7.405304999999999893e+01 4.455815499999999929e+01 6.225682661444598409e+01 5.533580550683686994e+01
5.286175000000000068e+01 5.095715299999999814e+01 6.380286190990700845e+01 4.348036072250490491e+01
6.079118700000000075e+01 4.683894999999999698e+01 8.724201646744103300e+01 3.959347533502912597e+01
8.295906999999999698e+01 5.851885000000000048e+01 4.743395843235963127e+01 4.796415994697036922e+01
5.600366000000000355e+01 5.997305300000000017e+01 8.885424434676968986e+01 4.775806718303528697e+01
6.587040000000000362e+01 5.346339400000000097e+01 4.630454324647229924e+01 5.542663064076385382e+01
5.461650999999999812e+01 4.942170000000000130e+01 5.616405535776623736e+01 5.393064050551276267e+01
7.841535000000000366e+01 5.517078399999999760e+01 8.075172591519472576e+01 6.089261234138874812e+01
8.252343000000000472e+01 6.853699000000000296e+01 5.395927208310736489e+01 4.675837678297652644e+01
7.445662000000000091e+01 6.045474600000000009e+01 5.721848479290866862e+01 5.337225878427805270e+01
8.329030000000000200e+01 3.530860500000000002e+01 9.197530060284145748e+01 5.619374568260576552e+01
7.285206999999999766e+01 5.866376499999999794e+01 7.831006168852562155e+01 6.329857180128520611e+01
7.941040999999999883e+01 5.451766200000000140e+01 4.897354593646670651e+01 3.712434404554500134e+01
5.538620000000000232e+01 4.611807600000000207e+01 8.847464322004049109e+01 3.738315858959412452e+01
6.069254300000000057e+01 4.137232600000000105e+01 6.846014284051101129e+01 6.334091399931281785e+01
5.080633000000000266e+01 6.933244999999999436e+01 5.195124934795676097e+01 5.576877793961540419e+01
7.745943499999999915e+01 5.897106600000000043e+01 6.497279297057093572e+01 3.884211179785015133e+01
5.408736999999999995e+01 4.822462500000000318e+01 7.053661451086810530e+01 5.199218732147969035e+01
8.180530000000000257e+01 4.721235000000000070e+01 7.459848027776703816e+01 4.607487755519235151e+01
7.263685999999999865e+01 6.816455000000000553e+01 7.113423035610723844e+01 3.768943275553171190e+01
6.626314499999999441e+01 4.468997000000000241e+01 4.614801071138031574e+01 6.612850145099959320e+01
4.735890200000000050e+01 6.803895599999999888e+01 8.321106296603103658e+01 6.645161731288786200e+01
6.426962000000000330e+01 5.232027999999999679e+01 7.629494351177957867e+01 5.054326107698480541e+01
6.539163999999999533e+01 6.597992000000000701e+01 5.464471775902512718e+01 6.065137713055463564e+01
5.218118700000000132e+01 5.139356999999999687e+01 6.781818302211597427e+01 4.403316821236518308e+01
5.400205600000000317e+01 6.589191399999999987e+01 7.410405768833688001e+01 6.047854343355503204e+01
6.234524499999999847e+01 6.152044999999999675e+01 7.646519989460261968e+01 5.741009253808636004e+01
5.382874699999999990e+01 4.077295699999999812e+01 8.371199322897257389e+01 5.409237925480103115e+01
9.173306999999999789e+01 6.276970000000000027e+01 6.290493161382093490e+01 6.406556794752323469e+01
5.748829700000000287e+01 5.595329300000000217e+01 8.863987961272832194e+01 6.551417779123201512e+01
4.779218699999999842e+01 4.109664000000000073e+01 4.773241586554962623e+01 4.626189660473691845e+01
5.203767400000000265e+01 5.395211400000000168e+01 8.669982435860254100e+01 6.561725651704173856e+01
6.518153999999999826e+01 6.714570000000000505e+01 8.070650307061129070e+01 5.691872902395950007e+01
5.192617800000000017e+01 5.019215799999999916e+01 6.015691263677361889e+01 4.940526358009518049e+01
5.662628600000000034e+01 5.514053299999999780e+01 8.758554892535408953e+01 3.967309785344960460e+01
6.594492999999999938e+01 5.923649199999999837e+01 4.802721097061777300e+01 3.582752336647232028e+01
5.979800000000000182e+01 4.706063999999999936e+01 6.732297760981943213e+01 4.389262077542100116e+01
8.599926999999999566e+01 4.632305999999999813e+01 7.151466161074750971e+01 6.657923615353723790e+01
6.587717999999999563e+01 6.489995600000000309e+01 8.461256216166054855e+01 5.245068913566864666e+01
6.139316600000000079e+01 4.326026499999999686e+01 6.753040734171099757e+01 6.380458042672668739e+01
6.651388000000000034e+01 5.359824799999999811e+01 8.247385727215178974e+01 4.689637933861779828e+01
5.107068600000000202e+01 4.920833600000000274e+01 6.583732596886133592e+01 3.796677151087603619e+01
7.803538500000000511e+01 6.149983600000000195e+01 5.267553919339220414e+01 6.135993639751502826e+01
8.021922000000000708e+01 4.084998699999999872e+01 7.497279198846581494e+01 3.812006832718485327e+01
7.357657000000000380e+01 5.390614000000000061e+01 7.163524953335765133e+01 5.201563111292142594e+01
5.561845799999999684e+01 4.872465499999999849e+01 8.823860359264139674e+01 3.789082960953901846e+01
7.109244999999999948e+01 6.140245399999999876e+01 7.183124654797590836e+01 6.690159082506262678e+01
5.413719999999999999e+01 6.657320400000000404e+01 8.475509815843601302e+01 6.292874228382046198e+01
8.367212000000000671e+01 3.556015800000000127e+01 4.762856441485891423e+01 5.259102590155899293e+01
7.071802499999999725e+01 6.659735000000000582e+01 7.614259452122421123e+01 5.308059226756067517e+01
4.934065600000000273e+01 6.204409400000000119e+01 7.634547857838931861e+01 4.437143145920532561e+01
6.051880299999999835e+01 5.581974400000000003e+01 7.679283628956572727e+01 5.374808236944278406e+01
9.116658999999999935e+01 5.114815000000000111e+01 5.547500303835808921e+01 3.911193509921798039e+01
7.592615499999999429e+01 6.331535300000000177e+01 6.788551219562828010e+01 6.601709573991260527e+01
7.517798600000000420e+01 5.425798000000000343e+01 5.398333657265044394e+01 4.739751510803435508e+01
5.062283299999999997e+01 6.234966699999999662e+01 5.321160373361973939e+01 3.612155659822523290e+01
5.388501000000000118e+01 5.712486599999999726e+01 5.146467271182558534e+01 4.535895564133167568e+01
7.769123999999999342e+01 6.373434000000000310e+01 4.682664825104611594e+01 4.992840832105471804e+01
5.042887000000000342e+01 4.562337500000000290e+01 5.491266737250328589e+01 5.945549214285282602e+01
8.020283499999999322e+01 4.713145999999999702e+01 8.444982489287198746e+01 3.584297198243403670e+01
8.553109999999999502e+01 4.418075999999999937e+01 8.810325936999907981e+01 6.876148384863577689e+01
5.782506000000000057e+01 5.586100400000000121e+01 5.522159492479307374e+01 6.521596798533730066e+01
7.590055999999999869e+01 4.194827999999999690e+01 5.234857160143041455e+01 3.872891903270038938e+01
6.202784299999999718e+01 4.203117799999999704e+01 9.076006012365894549e+01 5.882827375787503854e+01
4.637751800000000202e+01 6.919196999999999775e+01 8.511138253905353679e+01 6.971647566577054533e+01
8.152589000000000397e+01 4.120308299999999946e+01 8.744673235859519878e+01 5.913066512543414177e+01
6.002087000000000216e+01 4.535099400000000003e+01 7.988322359340176604e+01 6.209933026300835479e+01
5.724527400000000199e+01 4.383981699999999648e+01 6.296249124764393912e+01 3.997191770277652978e+01
7.569961000000000695e+01 4.516561000000000092e+01 8.930622588965525210e+01 3.954521045303383175e+01
6.935303999999999292e+01 5.420073699999999661e+01 8.123518891463670855e+01 4.756928979108323574e+01
4.728166199999999719e+01 3.971976999999999691e+01 5.184260508717510874e+01 4.660422986150071978e+01
6.199449500000000057e+01 4.123483000000000231e+01 7.183043099583819924e+01 6.999603724782114966e+01
4.839303000000000310e+01 3.723705300000000307e+01 5.730057650320401308e+01 5.500141216702915870e+01
6.612072999999999467e+01 4.901629599999999698e+01 6.218986770554309373e+01 4.224613298154716290e+01
7.208037600000000111e+01 6.865512999999999977e+01 7.607989604380766480e+01 3.937932573091214294e+01
6.766622999999999877e+01 4.396661000000000286e+01 8.594801091327170184e+01 5.746838564250642634e+01
6.657943000000000211e+01 4.963029000000000224e+01 4.789603764932925145e+01 5.208118884867121778e+01
8.212173500000000104e+01 4.029014200000000301e+01 5.248864969029247618e+01 4.301376481865744239e+01
5.734080999999999761e+01 5.535898199999999747e+01 4.805063161747655442e+01 6.055135277450538922e+01
8.194589999999999463e+01 6.922138999999999953e+01 7.948107384190495850e+01 5.940822858032524323e+01
8.540730000000000643e+01 3.939616000000000184e+01 5.443876986919256922e+01 6.423570584685333529e+01
6.389004500000000064e+01 5.658246199999999959e+01 7.597064909616426576e+01 3.529969475722346317e+01
8.186610400000000709e+01 4.375295299999999799e+01 8.541853280401720383e+01 4.270319606668616785e+01
5.358359000000000094e+01 4.172710800000000120e+01 5.708385672534103605e+01 4.926019263164702267e+01
6.481473499999999888e+01 4.456393400000000327e+01 8.834785795206695980e+01 5.506250673369773807e+01
6.867817999999999756e+01 4.609026999999999674e+01 7.077442575317134299e+01 4.930613111861279663e+01
5.653450999999999738e+01 6.000314000000000192e+01 8.533036188499775676e+01 6.472893422739852554e+01
8.859553999999999974e+01 4.171603000000000350e+01 8.522848788227109651e+01 4.184445753622414088e+01
8.686418999999999357e+01 4.387660999999999945e+01 6.685689576817739521e+01 5.997287284427472542e+01
8.476594500000000210e+01 4.658230199999999854e+01 5.969329828356399759e+01 4.962299599005326201e+01
4.962999299999999891e+01 4.012511400000000350e+01 6.006968336169030209e+01 5.884208071577215549e+01
8.804195400000000404e+01 4.674388499999999880e+01 6.895417342425002971e+01 4.170201857055536010e+01
8.431788000000000238e+01 4.659002999999999872e+01 8.429999995039960936e+01 6.467851080091543281e+01
8.828168999999999755e+01 3.561987299999999834e+01 6.697588505181434471e+01 3.683623644000491737e+01
6.469078000000000372e+01 6.458218999999999710e+01 5.509352671792282052e+01 5.266366980610798265e+01
7.907899999999999352e+01 5.651028000000000162e+01 9.075684829053076896e+01 4.050974868639230664e+01
5.567817000000000149e+01 4.392220999999999975e+01 5.437133840539570429e+01 4.289838951699857716e+01
8.957053000000000509e+01 4.948764800000000008e+01 8.345305234521555349e+01 3.996454553568062806e+01
5.105628999999999706e+01 3.829506700000000308e+01 7.686573426609575677e+01 4.977240072442773311e+01
4.666504299999999716e+01 4.539951700000000301e+01 6.851033871653835661e+01 6.924247667565552433e+01
5.397681000000000040e+01 4.585221500000000106e+01 5.807220438135502860e+01 6.047696184141226183e+01
6.837843999999999767e+01 4.865468200000000110e+01 7.723140735476016516e+01 6.647621750932106011e+01
6.421460000000000434e+01 4.855725000000000335e+01 7.976336389842390417e+01 5.264045317693233983e+01
5.031473499999999888e+01 4.109745999999999810e+01 6.989237887387727710e+01 4.409855127635751160e+01
7.551157999999999504e+01 5.821988999999999947e+01 8.191864540769729786e+01 6.677793786726404335e+01
5.835997799999999813e+01 5.780623599999999840e+01 4.984917533254438382e+01 6.457643255734251397e+01
5.852781300000000186e+01 3.578958500000000242e+01 7.564912187197407434e+01 3.872302617459623519e+01
5.257021999999999906e+01 3.671679699999999968e+01 6.584353809410387726e+01 3.854838921575509403e+01
7.429716500000000678e+01 4.987426399999999660e+01 5.381124262747958653e+01 6.851983618034216761e+01
6.608248000000000388e+01 5.590762300000000096e+01 8.951508448797022766e+01 6.652865057779484914e+01
7.865703600000000506e+01 4.475950199999999768e+01 4.664221355014917947e+01 4.914357139900473470e+01
6.610829999999999984e+01 5.335936699999999888e+01 4.728788512405681388e+01 3.718001472191861012e+01
5.339186500000000279e+01 4.860521299999999911e+01 6.094850506005133184e+01 5.667502908345053925e+01
7.803976000000000113e+01 6.198502700000000232e+01 8.253194183223010327e+01 5.270597599996657578e+01
8.512422999999999718e+01 4.689227999999999952e+01 6.800077872361015352e+01 4.274228827125498498e+01
7.797402999999999906e+01 3.943486000000000047e+01 5.026975851956571262e+01 6.485307846034486090e+01
5.246391700000000213e+01 4.780145600000000172e+01 7.105481661127218729e+01 5.977569245521766561e+01
6.397558599999999984e+01 5.005058700000000016e+01 5.945038295055241662e+01 6.182196510374710385e+01
7.510142000000000451e+01 3.915826400000000262e+01 6.617692269812955885e+01 5.868314428462355181e+01
4.743988000000000227e+01 6.731000000000000227e+01 5.106365505463070065e+01 4.050964821075661604e+01
8.554076000000000590e+01 4.526500699999999711e+01 4.799619836199729406e+01 4.689192475358331080e+01
5.697548299999999699e+01 4.251236999999999711e+01 5.042576035174996463e+01 5.722603004173264907e+01
8.198730000000000473e+01 4.021397400000000033e+01 6.013680694966575402e+01 6.668379404602026739e+01
7.889297000000000537e+01 6.234449800000000153e+01 5.811604119518915468e+01 3.989998774920150737e+01
6.160479399999999828e+01 6.652562000000000353e+01 8.501832681832374305e+01 5.089582316296711184e+01
7.081449000000000638e+01 6.198342999999999847e+01 5.277125302122607309e+01 5.157188624543043431e+01
8.947969999999999402e+01 4.378523299999999807e+01 4.880886751688586855e+01 6.854250313765456326e+01
5.267781399999999792e+01 4.952029799999999682e+01 7.407102824783504502e+01 5.458369468808439962e+01
4.954738600000000304e+01 3.824540700000000015e+01 7.618760879886715998e+01 6.208715045458552595e+01
8.982984000000000435e+01 5.302496299999999962e+01 7.978188290835470298e+01 5.010152291137687541e+01
5.556812000000000040e+01 6.750840999999999781e+01 8.063778305602025398e+01 5.326733258715972852e+01
4.898817999999999984e+01 5.657592999999999961e+01 6.336634551883430788e+01 5.568255647450447299e+01
5.547576000000000107e+01 4.883494999999999919e+01 8.347030820623027125e+01 3.998410439199647470e+01
6.372266799999999876e+01 4.694447999999999865e+01 9.013725827777979305e+01 5.756796949497636717e+01
8.672419999999999618e+01 3.870578400000000130e+01 5.004394183058483492e+01 6.447431149897556679e+01
5.933621000000000123e+01 6.236477299999999957e+01 9.038765554772309940e+01 5.408669955385971662e+01
6.779018399999999644e+01 6.306392699999999962e+01 7.179676817288201107e+01 5.981903953648572525e+01
6.629274999999999807e+01 6.353835699999999775e+01 7.611493335102272795e+01 5.691170055692537488e+01
4.879545999999999850e+01 5.105848300000000251e+01 8.738735014015247771e+01 5.316125557359808340e+01
8.226090999999999553e+01 4.668988999999999834e+01 5.683907272883937623e+01 5.145590985250574789e+01
5.291655699999999740e+01 4.646614999999999895e+01 8.871028630105510615e+01 5.973805609921095794e+01
5.972766500000000178e+01 4.440487300000000204e+01 8.630383015995322182e+01 4.745240363220170110e+01
8.403638499999999567e+01 3.503270299999999793e+01 7.731430327038435735e+01 6.373011256234758548e+01
5.190478000000000236e+01 4.889708699999999908e+01 5.737068116559094477e+01 6.374641319482842761e+01
5.159909999999999997e+01 4.003947999999999752e+01 7.274896914332342135e+01 6.601363319111501937e+01
5.293442000000000291e+01 5.253999699999999962e+01 6.194396405191771748e+01 3.977878339159800447e+01
4.775593599999999839e+01 6.639164999999999850e+01 8.598181658681146189e+01 5.410246238744565517e+01
8.133320000000000505e+01 5.627924000000000149e+01 8.571877515855948104e+01 4.082768400661622366e+01
8.693619499999999789e+01 3.656411399999999645e+01 8.448907208727177931e+01 6.432070575957797587e+01
5.525240699999999805e+01 6.121945999999999799e+01 8.479098794488191970e+01 3.583814618959900145e+01
4.889168500000000250e+01 4.221019400000000132e+01 6.254677356833359170e+01 4.850127925100174053e+01
6.313089000000000084e+01 5.214475000000000193e+01 7.895288728510467990e+01 4.877241905904913466e+01
8.258718000000000359e+01 6.446133399999999369e+01 8.717041593556507451e+01 3.525610209379079407e+01
7.175919000000000381e+01 6.031419799999999753e+01 5.715729509535843533e+01 6.871360702249992869e+01
6.310660000000000025e+01 4.440919000000000239e+01 5.632856400996035262e+01 6.204421725741575244e+01
5.115114200000000011e+01 5.064909000000000106e+01 7.058579294936130566e+01 6.674679113799159325e+01
4.902411000000000030e+01 6.334384500000000173e+01 8.648720745100638396e+01 4.641538166687471545e+01
6.594256000000000029e+01 5.268306400000000167e+01 7.403447677628173551e+01 5.791673703892632119e+01
5.608489000000000146e+01 5.505111300000000085e+01 8.218028477720442027e+01 3.555961839715502748e+01
6.575290999999999997e+01 6.138542999999999950e+01 8.817987506003095177e+01 3.961104803594425050e+01
6.306450699999999898e+01 6.159660999999999831e+01 8.001978001902497795e+01 4.268016483431858177e+01
4.938875600000000077e+01 4.991961299999999824e+01 8.042461605193793162e+01 5.718281890398944967e+01
5.336617300000000341e+01 4.647099299999999999e+01 5.501996901643024529e+01 5.890063114210694550e+01
7.891028000000000020e+01 6.298868000000000222e+01 5.146164888538352500e+01 3.854732262831232958e+01
5.309535600000000244e+01 4.823342000000000240e+01 5.128014134001172408e+01 3.722431075930195021e+01
9.046371999999999503e+01 6.047626999999999953e+01 8.065681326285869090e+01 4.302130181177778212e+01
8.325369999999999493e+01 3.672957000000000249e+01 8.284581965900025580e+01 3.806357204793589943e+01
4.864685999999999666e+01 3.584906800000000260e+01 4.800778467731058896e+01 5.157219095642302875e+01
6.250783500000000004e+01 5.303157800000000321e+01 7.054623633455790355e+01 5.471780222594219367e+01
5.450867999999999824e+01 4.798115500000000111e+01 5.131538781481717137e+01 5.278234373716762917e+01
8.271789599999999609e+01 6.150146999999999764e+01 4.845205323629939898e+01 6.409746593520770830e+01
5.922205000000000297e+01 5.737902499999999861e+01 7.958425499461628760e+01 6.514605913068885457e+01
5.249409500000000151e+01 4.657718299999999800e+01 7.503485567053088801e+01 6.304442615358716040e+01
6.471316500000000360e+01 5.324251000000000289e+01 4.945327762013104689e+01 3.678272989583416575e+01
7.085715000000000430e+01 6.628178400000000181e+01 4.932250775881174576e+01 5.649505373464491242e+01
5.694366000000000128e+01 5.793184000000000111e+01 6.683780520387256274e+01 4.794894834210103340e+01
8.910262000000000171e+01 4.467295000000000016e+01 6.142414017725310060e+01 4.569763042688420285e+01
5.532318000000000069e+01 4.998246400000000023e+01 5.099330364693278739e+01 6.904192942492031193e+01
8.994052000000000646e+01 3.632224699999999729e+01 9.083295136044768014e+01 4.977887431665807583e+01
5.536148000000000025e+01 4.794722999999999757e+01 6.136903065254659850e+01 5.338772053771923254e+01
8.813982000000000028e+01 3.677411299999999983e+01 5.255237946930935067e+01 4.456575805207836538e+01
5.502276599999999718e+01 5.547113000000000227e+01 5.261724213662381544e+01 6.288972410467684426e+01
4.799080299999999966e+01 6.598578999999999439e+01 4.802737982447793286e+01 5.817187548253225771e+01
5.350283400000000000e+01 5.982513800000000259e+01 9.109505893397141563e+01 3.635686320826611961e+01
5.548542400000000185e+01 5.831977499999999992e+01 4.895514753437124256e+01 6.788315649109949845e+01
5.690837499999999949e+01 5.480534999999999712e+01 5.109303143952239168e+01 3.541065237642148134e+01
7.031310000000000571e+01 5.214257400000000331e+01 5.780176649978450598e+01 4.321719915934750844e+01
6.007629000000000019e+01 4.632620200000000210e+01 6.247860775306328662e+01 4.045946686924309432e+01
6.362567500000000109e+01 4.960958999999999719e+01 7.686724659722160879e+01 5.810190686200159860e+01
7.095891600000000210e+01 6.641106000000000620e+01 6.140965857773025505e+01 6.702608469404511027e+01
8.719392399999999554e+01 4.024371299999999962e+01 8.328683845483914183e+01 3.625297762946659930e+01
8.897745500000000618e+01 3.735638000000000147e+01 5.966239854420427946e+01 5.629960695976041052e+01
6.023380300000000176e+01 5.545163999999999760e+01 5.488689378996112112e+01 5.776578977401308634e+01
4.872610499999999689e+01 4.301434700000000078e+01 5.536552279384417119e+01 6.777116436288241630e+01
7.401948000000000150e+01 4.625668699999999944e+01 7.561753289863685268e+01 4.088750779393322432e+01
6.612999999999999545e+01 5.269389999999999930e+01 8.073261372255592505e+01 5.789823826328098022e+01
7.007984999999999332e+01 6.672763000000000488e+01 7.846899956059843362e+01 6.382944465067410533e+01
4.682751499999999822e+01 6.578252000000000521e+01 6.298426110460928129e+01 4.668472632000871414e+01
4.866503999999999763e+01 4.614283999999999963e+01 5.763249179884684992e+01 4.336329029626206477e+01
5.142871000000000237e+01 5.303815000000000168e+01 8.891994915227961371e+01 6.925311706235149245e+01
7.492061599999999544e+01 4.819925299999999879e+01 7.538996276062925972e+01 5.250231893653271698e+01
6.735670500000000516e+01 5.041149000000000058e+01 7.266887007685851074e+01 5.542849350280894782e+01
6.066823600000000027e+01 4.825421000000000049e+01 5.789274364549244467e+01 4.477171881897658068e+01
5.134787000000000035e+01 5.054391499999999837e+01 5.086605130334961444e+01 5.313781922338769448e+01
7.100942999999999472e+01 5.171623000000000303e+01 4.912930700354913682e+01 4.626620114048798627e+01
4.676407600000000286e+01 6.213021499999999975e+01 8.685164629924378232e+01 5.049730053476861258e+01
4.670871700000000004e+01 6.377425999999999817e+01 5.619699654720264448e+01 5.655618245743643513e+01
8.061682999999999311e+01 5.918603000000000236e+01 4.978996007007506108e+01 6.563922324617755066e+01
6.902935999999999694e+01 4.476595999999999975e+01 4.919559240070246631e+01 5.826297571523855368e+01
5.169720499999999674e+01 4.989869000000000199e+01 6.526972876287621261e+01 6.509790340176516565e+01
8.650522599999999329e+01 4.590870699999999971e+01 8.642346523381630163e+01 6.541123203874721526e+01
5.364372600000000091e+01 4.968298699999999712e+01 8.043277152717894296e+01 5.408869418317512157e+01
8.765320599999999729e+01 4.874345000000000283e+01 6.396042008691887304e+01 4.710548544440953833e+01
8.815488399999999558e+01 3.751191299999999984e+01 8.670664391382715053e+01 4.864951965586068638e+01
8.370969399999999894e+01 6.831954000000000349e+01 7.988268618059112214e+01 6.409779928938644389e+01
4.630128500000000003e+01 6.632629000000000019e+01 7.323809821014907584e+01 4.624213080766570272e+01
6.137015999999999849e+01 5.204327399999999670e+01 6.241331668369943486e+01 5.556913685163529237e+01
5.630698799999999693e+01 5.832663000000000153e+01 8.494327884453335287e+01 6.810048384990298587e+01
5.288052700000000073e+01 4.685767400000000293e+01 7.011631836618281000e+01 4.905544016909455252e+01
8.831159999999999854e+01 3.731616999999999962e+01 6.941830303933573987e+01 6.445873033294674315e+01
6.294104999999999706e+01 4.766602699999999970e+01 5.015222048810437627e+01 4.164659132154513088e+01
5.144386699999999735e+01 5.034185399999999788e+01 7.452083771986431771e+01 4.753208824070382832e+01
6.441042000000000201e+01 5.155160999999999660e+01 4.886371900978893734e+01 4.670719017749936341e+01
5.429485999999999990e+01 4.884084000000000003e+01 6.322680440111258804e+01 6.885474222085193219e+01
7.996568999999999505e+01 6.779388400000000559e+01 5.311710077471249747e+01 4.500846191552978581e+01
8.874196999999999491e+01 3.592298000000000258e+01 8.679936282564418093e+01 3.701902537631861634e+01
5.403204000000000207e+01 5.116592800000000096e+01 6.188876735867293633e+01 6.404068385933318552e+01
5.120772999999999797e+01 6.827964000000000055e+01 5.139798568436368242e+01 3.701747562930800939e+01
6.880440500000000270e+01 5.972476000000000340e+01 7.553533847603682716e+01 3.624355298251583690e+01
6.034011999999999887e+01 4.310151299999999708e+01 4.824471834126427439e+01 4.661409595663421612e+01
6.008419800000000066e+01 6.724903000000000475e+01 8.983987810790964090e+01 6.667195752297051570e+01
6.020953399999999789e+01 4.516971999999999809e+01 8.393262293832884779e+01 6.024831982043791356e+01
6.417624999999999602e+01 5.623000700000000052e+01 6.413241834972664890e+01 4.876176588432375070e+01
7.946792999999999552e+01 6.259113700000000335e+01 8.859175755609035718e+01 5.697388951321829609e+01
8.968140400000000056e+01 5.168910199999999833e+01 6.134786996036031326e+01 5.818451018518639017e+01
5.828899400000000242e+01 5.992299700000000229e+01 6.923273917086766005e+01 6.970868469511697185e+01
7.865295999999999310e+01 6.845534499999999412e+01 8.354906101121798656e+01 5.659739507163588712e+01
7.580970000000000653e+01 3.922681800000000152e+01 5.019524134115397374e+01 5.904808678277767342e+01
8.874388000000000432e+01 3.593610400000000027e+01 8.360072898100114003e+01 6.154194561285005705e+01
8.180160999999999660e+01 6.863116999999999734e+01 4.979244359644670936e+01 5.107032529484575889e+01
8.212149999999999750e+01 6.805886999999999887e+01 8.099322364204718383e+01 5.607817578374144318e+01
6.598450499999999863e+01 5.182002299999999906e+01 6.274087686508980255e+01 5.050846276755923725e+01
8.185470999999999719e+01 4.928301600000000349e+01 8.187878740790739585e+01 6.717833834335768017e+01
7.947617999999999938e+01 3.611105700000000240e+01 8.489448261847624622e+01 4.039932155221626431e+01
4.674738299999999924e+01 6.254206500000000091e+01 6.130816293121178262e+01 6.030188065131984132e+01
7.108266399999999408e+01 6.466113000000000000e+01 7.244666523868163210e+01 3.626595136531970098e+01
5.401004799999999761e+01 4.541924000000000206e+01 4.715739426490007702e+01 6.612692705590467313e+01
4.616987000000000307e+01 4.086637999999999948e+01 8.617295087056723446e+01 5.770020774211592141e+01
4.841457400000000177e+01 6.508395000000000152e+01 8.767313342077791560e+01 5.107586932354582387e+01
7.354685000000000628e+01 6.983608999999999867e+01 7.225405666265498894e+01 5.113933683103300609e+01
8.794871500000000708e+01 4.199166000000000309e+01 6.706683631145273239e+01 4.968634954450948982e+01
5.518137399999999815e+01 4.201808499999999924e+01 5.031911087685923434e+01 5.264041474623505223e+01
7.331856999999999402e+01 6.896445500000000095e+01 5.771055611628306536e+01 3.563250778904173188e+01
4.957694599999999951e+01 4.986617999999999995e+01 6.313425104303918545e+01 5.041796727945168755e+01
4.956040600000000040e+01 4.586153399999999891e+01 8.657842202284129485e+01 4.626251030187850688e+01
8.947153000000000134e+01 3.561955300000000335e+01 6.451992933835012423e+01 4.618306561689171730e+01
8.088697000000000514e+01 4.190297300000000291e+01 6.533310552981352259e+01 6.785039404733333868e+01
7.584341999999999473e+01 3.856147800000000103e+01 8.382687834223611389e+01 6.445819238093531567e+01
8.897160999999999831e+01 4.373075999999999652e+01 5.464336719917267260e+01 5.632603443054736658e+01
8.573838999999999544e+01 6.890942400000000134e+01 5.433532203192495302e+01 6.296110278185726372e+01
5.964972699999999861e+01 4.230685400000000129e+01 8.892006672973718651e+01 4.762221402060681186e+01
7.490227500000000305e+01 5.633149999999999835e+01 6.543107472649985823e+01 4.816860063146772575e+01
8.955119999999999436e+01 5.096257800000000060e+01 7.633924453071117000e+01 5.285961279362463472e+01
8.190829499999999541e+01 6.691291999999999973e+01 4.723877090592853278e+01 6.330264100701242569e+01
8.999599000000000615e+01 5.482777999999999707e+01 6.243334378257515738e+01 5.974245207354285014e+01
8.953078999999999610e+01 5.023995000000000033e+01 6.279166639462514610e+01 3.683992675743776601e+01
8.314601999999999293e+01 6.420999000000000478e+01 7.932395361814886314e+01 3.987772048693753391e+01
4.669586999999999932e+01 6.332151799999999753e+01 5.942347719183720756e+01 4.534990257033984307e+01
8.813251499999999794e+01 3.577533999999999992e+01 9.053253526281299912e+01 5.610888955419513024e+01
6.404304500000000644e+01 6.398645400000000194e+01 7.141166123839262525e+01 5.799942085369038125e+01
7.359251000000000431e+01 6.916764000000000578e+01 8.867577210787663944e+01 6.047690808962525466e+01
7.389059399999999300e+01 5.916354400000000169e+01 9.074350552017497762e+01 4.833664477550881600e+01
5.339562000000000097e+01 4.819332500000000152e+01 7.457563251906104540e+01 5.642263722286539007e+01
5.024963999999999942e+01 5.095294599999999718e+01 7.525307693180573665e+01 5.640918454842544350e+01
8.485718500000000120e+01 6.800350000000000250e+01 7.267655094006033778e+01 6.975007147543044539e+01
9.066235000000000355e+01 5.727031300000000158e+01 7.484178850437743336e+01 5.258028698734227646e+01
7.447088999999999714e+01 6.278063199999999711e+01 5.849511372468019488e+01 5.622593707327838786e+01
8.186721000000000004e+01 5.200480300000000256e+01 6.320249728650102838e+01 6.661600330569646644e+01
6.354970999999999748e+01 6.169022799999999762e+01 6.636466710421009907e+01 5.119312190251616101e+01
7.637121000000000492e+01 6.265274000000000143e+01 4.624809211168521728e+01 3.606017162114012109e+01
7.093855000000000643e+01 6.686619000000000312e+01 5.720737314695017517e+01 6.965844862311078600e+01
7.121519499999999425e+01 6.740169500000000369e+01 6.712526117440749829e+01 4.970536107769125067e+01
5.841998699999999900e+01 3.671247499999999775e+01 9.051124704410257493e+01 6.516428088600957835e+01
8.152298999999999296e+01 5.028269199999999728e+01 8.211885857810841571e+01 4.870046123167995233e+01
4.623810000000000286e+01 4.962389000000000294e+01 6.414026981579129938e+01 6.531209059060705613e+01
5.082811699999999888e+01 4.560262699999999825e+01 8.020841591652698810e+01 5.110353573379290992e+01
5.076733399999999818e+01 3.719605599999999868e+01 6.554221431900106154e+01 3.715585290345288882e+01
