1.377720300000000009e+02 1.174125100000000010e+01 1.134664903146356210e+02 8.360505353168299791e+00
1.038123300000000029e+02 1.618331999999999837e+01 1.265254015496275173e+02 1.194252444415680081e+01
1.150682749999999999e+02 1.918149599999999921e+01 1.156990912546999652e+02 1.762203754163505565e+01
1.148343050000000005e+02 2.582363300000000095e+01 1.166393835432163257e+02 3.230814642899041900e+01
1.068052100000000024e+02 1.683014100000000113e+01 1.287339616157979378e+02 2.944784883682603649e+01
1.358888900000000035e+02 4.520160999999999873e+00 1.345767204309444764e+02 3.261527555547595369e+01
1.164115599999999944e+02 1.850963399999999837e+01 1.120652655504081139e+02 1.847263699919038871e+01
9.882135999999999854e+01 3.069462800000000158e+01 1.357275814068178192e+02 1.707792782869283243e+01
1.006227399999999932e+02 1.954385600000000167e+01 1.170159809609025956e+02 1.872142976848058282e+01
1.219563600000000037e+02 4.037063999999999986e+00 1.307190497888332743e+02 1.010491619016660891e+01
1.000685000000000002e+02 2.550993300000000019e+01 1.050352048440417860e+02 4.939673590205412523e+00
1.073891449999999992e+02 2.746964799999999940e+01 1.370136599452728774e+02 1.985094382048638861e+00
1.194723599999999948e+02 1.724490399999999823e+01 9.461800962180404895e+01 2.642616682818063367e+01
1.175621500000000026e+02 1.813804400000000072e+01 1.199130896374261113e+02 2.523604156350755190e+01
1.294016699999999958e+02 5.396980000000000111e-01 1.172376566993551279e+02 2.528439724300292113e+01
1.135055600000000027e+02 1.730492999999999881e+01 1.176853841099772211e+02 5.247071300547090367e+00
1.063787499999999966e+02 2.825092300000000023e+01 1.315779035594295294e+02 1.242705075135400961e+01
1.258230060000000066e+02 9.050392999999999688e+00 1.191860908283593972e+02 2.741924906951347651e+01
1.206880299999999977e+02 9.057698999999999501e+00 9.650264121018982166e+01 1.036479829960461885e+01
1.087185099999999949e+02 1.082315200000000033e+01 9.217576198488096395e+01 3.328442417829269573e+01
1.210841450000000066e+02 2.834050999999999831e+01 1.107075397194907680e+02 1.408446639888767038e+01
1.056316000000000059e+02 1.004083999999999932e+01 1.008012891945402885e+02 2.905576929839031486e+00
1.074369499999999960e+02 2.925465799999999916e+01 1.334707487521572205e+02 3.684321593250811766e+00
1.007858499999999964e+02 2.466396100000000047e+01 9.605434108014262051e+01 2.810715729919012418e+01
1.041200560000000053e+02 2.495909899999999837e+01 1.315424700153843673e+02 4.939246405327606837e+00
9.805646500000000287e+01 1.719266899999999865e+01 1.300407297362841632e+02 2.645773453628104477e+01
1.053509449999999958e+02 9.028912999999999300e+00 1.043258482904287519e+02 2.238978480721901931e+01
1.008322600000000051e+02 1.836909500000000151e+01 1.085589735776991489e+02 4.010849452912164104e+00
1.172729949999999945e+02 2.140795900000000174e+01 1.268082098964429321e+02 1.281077049884301111e+01
9.319089999999999918e+01 1.835962900000000175e+01 1.047704762527069420e+02 1.991906174759196801e+01
1.309324000000000012e+02 9.878012000000000015e+00 9.525147486512456396e+01 1.486461508375835550e+01
1.002892999999999972e+02 2.375831000000000159e+01 1.346290710806636923e+02 1.234256318794335705e+01
1.208729550000000046e+02 1.335633900000000018e+01 1.377752394763587063e+02 6.926518952271792706e+00
1.216805700000000030e+02 2.875600000000000031e-02 1.099268837810123358e+02 2.178867560153237015e+00
1.067377000000000038e+02 2.727607499999999874e+01 1.328872824702480102e+02 3.354761179052139397e+01
1.006795400000000029e+02 2.482919000000000054e+01 1.012951755627123873e+02 1.380455086058898040e+01
1.222981000000000051e+02 3.382558000000000220e+01 1.206319942727925678e+02 1.513783666005047301e+01
1.240174260000000004e+02 8.090493999999999630e+00 1.316001565009835588e+02 3.208653890848970036e+01
1.140301000000000045e+02 2.309675000000000011e+01 1.231152645039155118e+02 2.263800364360293926e+01
1.251748699999999985e+02 2.681115199999999987e+01 1.059476367735725546e+02 2.114949479512237573e+01
1.161196300000000008e+02 2.374014299999999977e+01 1.088916719653705201e+02 2.038654717668374516e+01
1.227775699999999972e+02 3.331928000000000001e+00 1.150474584999651881e+02 2.787822364369634442e+01
9.612255000000000393e+01 3.490480999999999767e+01 1.256961008953856265e+02 2.014119563200689100e+01
1.117577739999999977e+02 2.046753999999999962e+01 1.272584868190746050e+02 4.147622425383227451e+00
1.028493699999999933e+02 2.885465800000000058e+01 1.249171279170500810e+02 3.862993057234598293e-01
9.801369499999999846e+01 2.871176499999999976e+01 1.024993451690300788e+02 3.179069532017339839e+01
9.227543000000000006e+01 1.832281700000000058e+01 1.322490532707188606e+02 3.218155048172381072e+01
1.216560750000000013e+02 3.921428999999999832e+00 1.287224030810351394e+02 2.738081437019444664e+01
1.207063399999999973e+02 1.393922799999999995e+01 1.324903879611325692e+02 1.527458000429305507e+01
1.325118699999999876e+02 7.074665000000000425e+00 1.154995713703333564e+02 2.841913771372378505e+01
1.356722699999999975e+02 1.789586800000000011e+01 1.087191081968209971e+02 2.135091292094434579e+01
1.376394999999999982e+02 1.949024400000000057e+01 1.093287505309512397e+02 1.451364657375377121e+01
1.219349399999999974e+02 1.171463199999999993e+01 1.142387486444320075e+02 2.380129962037551561e+00
1.196812299999999993e+02 2.088022600000000040e+01 1.218089900041306777e+02 2.259835169087953677e+00
9.520380000000000109e+01 2.239091700000000174e+01 9.681345767842675798e+01 8.543630600766347172e+00
1.134285899999999998e+02 1.815225999999999829e+01 1.011265234994359332e+02 3.171947273946211610e+01
1.110863800000000055e+02 2.956343499999999835e+01 1.001207135579833931e+02 2.090187136619624653e+01
1.350492700000000070e+02 1.381308300000000067e+01 1.097366988573916160e+02 1.562791638700277375e+01
1.289122600000000034e+02 1.145462200000000053e+01 1.077065048191498278e+02 2.910032750955468828e+01
1.073838200000000001e+02 2.117361000000000004e+01 9.209685805217510790e+01 6.618762182417852635e+00
1.212147099999999966e+02 1.824274799999999885e+01 1.040013739199559097e+02 1.946700387928794740e+01
9.822338000000000591e+01 1.748736399999999946e+01 1.106318801991161678e+02 2.038654159884095662e+01
1.008899150000000020e+02 2.474351700000000065e+01 1.136927505455230403e+02 3.489808569914558234e+01
9.981171000000000504e+01 2.392927600000000155e+01 1.193803409568249663e+02 1.929585424525493309e+01
1.303266000000000133e+02 5.151488999999999763e+00 1.276126071721646156e+02 2.611261313669053408e+01
1.247720099999999945e+02 6.038419999999999899e-01 1.368937141687173380e+02 2.497033322190267413e+01
1.294280699999999911e+02 7.853149000000000157e+00 1.316642604187023835e+02 3.042133081178366183e+01
1.374745599999999968e+02 3.138292099999999962e+01 9.477894575134510546e+01 1.625592325922548298e+01
1.139231400000000036e+02 3.106367300000000142e+01 1.278714824459575823e+02 1.619524190435189226e+01
1.139202300000000037e+02 1.739189000000000007e+01 9.887261601723764670e+01 8.702205419506960027e+00
1.205876159999999970e+02 1.334072899999999962e+01 1.263851717853855945e+02 1.599025447361881902e+01
1.176738359999999943e+02 1.385884099999999997e+01 1.247630633721668403e+02 2.493499823485183242e+01
1.137061499999999938e+02 2.920176500000000175e+01 1.099147489434146507e+02 1.327808285997026871e+01
1.344037299999999959e+02 3.264661399999999958e+01 9.589710730358804369e+01 2.460047087159041013e+01
1.061745300000000043e+02 2.465655100000000033e+01 1.205646602429509073e+02 7.250467877136109962e+00
1.132784039999999948e+02 2.408719599999999872e+01 1.170542609153488343e+02 3.435029156980995424e+01
1.130037300000000045e+02 2.547221800000000158e+01 9.684213914465770756e+01 1.866990235462763792e+01
1.279808500000000038e+02 1.237441800000000036e+01 1.158161134541625756e+02 1.683170406361921323e+01
9.974071999999999605e+01 1.632757600000000053e+01 1.058253214645842206e+02 1.566481311658120035e+01
9.312736999999999910e+01 1.080105299999999957e+01 1.260256422315335953e+02 2.609781948423437825e+01
1.162218600000000066e+02 1.465482599999999991e+01 1.248462188162326925e+02 6.987698021236878887e+00
1.024364300000000014e+02 2.697588299999999961e+01 1.290401796219772166e+02 8.253529202899967387e+00
1.073123599999999982e+02 2.557497199999999893e+01 1.237821216761197292e+02 1.272319453130416100e+01
1.004048300000000040e+02 2.599754000000000076e+01 1.014575991064468639e+02 2.741305499659588563e+01
1.083133540000000039e+02 2.792756299999999925e+01 1.062064005708711534e+02 1.032064902077791668e+00
1.210836500000000058e+02 1.404887100000000011e+01 9.731575123848264752e+01 1.356120923725448790e+01
1.148044000000000011e+02 2.044948799999999878e+01 1.334557528266149973e+02 1.178774931272641346e+01
1.264986999999999995e+02 2.455890000000000128e+01 1.273783711422758671e+02 3.291834688259994124e+01
1.206234199999999959e+02 2.294290000000000163e+00 1.358701152182842407e+02 1.422071132055151121e+00
1.353151900000000012e+02 1.279140499999999925e+01 1.264676409889966635e+02 2.862102593727984612e+01
1.088499999999999943e+02 2.839095999999999975e+01 9.830249779598811699e+01 1.263507297465234203e+01
1.014903900000000050e+02 3.396592700000000065e+01 1.126312886357368086e+02 2.456209023613867259e+01
1.130387039999999956e+02 2.450758000000000081e+01 1.189600264758311141e+02 2.202307421667430987e+01
9.897588000000000363e+01 1.434022700000000050e+01 1.340169637696404834e+02 1.059589700749288355e+01
1.102496799999999979e+02 2.905307200000000023e+01 1.016989279955494538e+02 2.186183189109012659e+01
1.137167199999999951e+02 2.209496700000000047e+01 9.559751022401422915e+01 3.366283984878363356e+01
1.064764899999999983e+02 2.161875300000000166e+01 9.295604401007985018e+01 2.367949570062271647e+01
1.125423660000000012e+02 2.072739999999999938e+01 1.029768898879805050e+02 1.882750289765091267e+01
1.045020300000000049e+02 3.012155500000000075e+01 1.158136091443021485e+02 1.738188795518532359e+01
1.250700149999999979e+02 1.553383900000000040e+01 1.363950861388573230e+02 6.407044571255992693e+00
1.286229600000000062e+02 3.030732499999999874e+01 1.340507952141763326e+02 1.824780467455698840e+01
1.211908499999999975e+02 1.480161999999999978e+01 9.386218656904895852e+01 1.493543430327613741e+01
1.007646940000000058e+02 2.517087599999999981e+01 1.111483647910222459e+02 2.341812239872287194e+01
1.201075060000000008e+02 6.985503999999999714e+00 1.120638409301385963e+02 1.345704907090781255e+01
1.244601700000000051e+02 2.153512000000000093e+00 1.067874945561425619e+02 2.044534082797701657e+01
1.306562800000000095e+02 2.621539999999999981e-01 9.726242616748007208e+01 2.781238711009630293e+01
1.087293999999999983e+02 2.527930000000000010e+00 1.243742454325833364e+02 1.976637597238522659e+01
1.010747149999999976e+02 1.745857799999999926e+01 1.269510788382574447e+02 1.597744053093139271e+01
1.368218999999999994e+02 9.378269999999999662e-01 1.336766842665410309e+02 2.367829381420815338e+01
1.214285699999999935e+02 6.701778000000000013e+00 1.072699283844980016e+02 1.876887091795261497e+01
1.038327500000000043e+02 1.301466800000000035e+01 1.349320073747734341e+02 1.599454640652445114e+01
1.002700300000000055e+02 1.703686300000000031e+01 1.191823902854649475e+02 1.285693206888305973e+01
1.143764000000000038e+02 1.332743100000000069e+01 1.379543470216820538e+02 1.366337688299777575e+01
1.020575599999999952e+02 3.032312399999999997e+01 1.142003471951865237e+02 2.502980726892121055e+01
1.176956899999999990e+02 6.060266000000000375e+00 9.666025096448983334e+01 3.024902457548178702e+01
1.004917399999999930e+02 3.001473800000000125e+01 1.138268864750276919e+02 2.237518220726784435e+01
1.189220300000000066e+02 1.942037399999999892e+01 1.362786970206697106e+02 8.519222637141073307e+00
1.007028959999999955e+02 2.068726699999999852e+01 1.176976590697299656e+02 3.111218099515826196e+01
1.331978300000000104e+02 1.207540099999999939e+01 1.318220270386466098e+02 1.676132767709259141e+01
1.021120999999999981e+02 2.292310000000000159e+01 1.353093974300039406e+02 1.027053788322575301e+01
1.253882700000000057e+02 1.252098200000000006e+01 1.111846911959573276e+02 1.862007089693568318e+01
1.033414700000000011e+02 2.611897300000000044e+01 1.021470358034057284e+02 2.142947531195102329e+01
1.268122939999999943e+02 2.672148999999999930e+01 1.044768719507718799e+02 2.380289466200239801e+01
1.050813700000000068e+02 4.424735000000000085e+00 1.310661095386525403e+02 2.595995172414329488e+01
1.229745099999999951e+02 1.295093400000000017e+01 9.799855579777646142e+01 3.234813868746512355e+01
1.307908799999999871e+02 1.009277999999999897e+00 1.065271040115442673e+02 3.372185015725647617e+01
1.223638150000000024e+02 9.904870000000000729e+00 1.134145674599331102e+02 2.038496621974585921e+01
1.074241999999999990e+02 2.922848300000000066e+01 1.016805312171206452e+02 3.148900090894316861e+01
1.136585500000000053e+02 2.298645199999999988e+01 1.302547601804732835e+02 2.348908848764979140e+01
9.723202000000000567e+01 2.960429800000000000e+01 1.080159645030067850e+02 3.424452528388862049e+01
1.219990200000000016e+02 5.213186999999999571e+00 1.297100637810249566e+02 7.393272591209882449e+00
1.063896100000000047e+02 3.912881000000000054e+00 1.196544719987244605e+02 1.052437344707419520e+01
1.064971539999999948e+02 2.229241000000000028e+01 9.788268501608763472e+01 2.635073100586707184e+01
1.078554800000000000e+02 1.840535399999999910e+01 1.012916522318488290e+02 1.134348493126079660e+01
1.302385099999999909e+02 7.992467999999999684e+00 1.220024242924414040e+02 1.954629274153350238e+01
1.067997500000000031e+02 2.827483199999999997e+01 1.307061309510592082e+02 5.114533675253744249e+00
1.208341900000000066e+02 1.204352800000000023e+01 1.138801369511801198e+02 3.328082480791168862e+00
1.197064500000000038e+02 1.762339400000000111e+01 1.289438078674806434e+02 4.047016835113823596e+00
1.360905899999999917e+02 1.229396599999999928e+01 1.160707302831667675e+02 1.397089630570437890e+01
1.156852599999999995e+02 1.478857400000000055e+01 9.384926332413458283e+01 3.400742109757210585e+01
1.022247540000000043e+02 1.159689299999999967e+01 1.186107802288386779e+02 3.247260205131134825e+01
1.287667099999999891e+02 1.207068300000000072e+01 1.035202887015900046e+02 1.781952043417033593e+01
9.359354000000000440e+01 1.516930999999999941e+01 1.062525905172982590e+02 5.918631253838424477e+00
9.899518999999999380e+01 3.035501000000000005e+01 1.168569387923049874e+02 1.899319036935520444e+01
1.178437200000000047e+02 2.665472400000000164e+01 1.080473361069732334e+02 3.034646226236966271e+01
1.209411199999999980e+02 1.190699900000000078e+01 1.246317984929614227e+02 1.596503727402536477e+01
1.225421139999999980e+02 1.088495900000000027e+01 1.232988377874709869e+02 2.461785970772411147e+01
1.135468599999999952e+02 1.324376900000000035e+01 9.976306254448734023e+01 1.743463664951224246e+01
1.283993499999999983e+02 1.234091600000000000e+01 1.005757790634729645e+02 2.758120318178625752e+01
1.286007500000000050e+02 8.765936999999999202e+00 1.248125446034037225e+02 1.600353596415087765e+01
1.221697539999999975e+02 5.261603000000000030e+00 1.172857203948345131e+02 1.247050751574517413e+01
1.233764199999999960e+02 2.582111199999999940e+01 1.114569255560342214e+02 2.044377099520576380e+01
1.096788600000000002e+02 1.849008999999999903e+00 9.823408734068982540e+01 3.941178046242169053e+00
1.010540500000000037e+02 1.139439199999999985e+01 1.166530497851734367e+02 1.037417320060679060e+01
1.047877660000000049e+02 2.743140400000000056e+01 9.346347406808253311e+01 2.788876684911554804e+01
1.331729400000000112e+02 1.186766300000000030e+01 1.375349011312417247e+02 3.084663071567307568e+01
1.140832999999999942e+02 2.683112699999999862e+01 1.039135302912361425e+02 1.681110577866018829e+01
1.053297349999999994e+02 2.381371899999999897e+01 1.091557765462247005e+02 1.356053968160496837e+01
1.110126900000000063e+02 2.886413999999999902e+01 1.279564016660474977e+02 1.510197371559930701e+01
1.065750199999999950e+02 2.890432200000000051e+01 1.040561514735882866e+02 1.294569078660157047e+01
1.293536799999999971e+02 7.147846000000000366e+00 1.223384743293470507e+02 2.685232742302965292e+01
1.290050699999999892e+02 1.324962900000000054e+01 1.114380479778455708e+02 1.297095717307812812e+01
1.164659599999999955e+02 1.853562499999999957e+01 1.017774541738896090e+02 1.425778753978724289e+01
1.034372900000000044e+02 1.659929699999999997e+01 1.321014317210891988e+02 2.364167844126792772e+01
1.190961999999999961e+02 7.138060000000000516e-01 1.162576324566475421e+02 2.926332341012351179e+00
1.139247359999999958e+02 2.117171300000000045e+01 9.721889258974236725e+01 2.704247701638588453e+01
1.212094600000000071e+02 1.131169599999999953e+01 1.085297131786703346e+02 2.883603579487879287e+01
1.213958800000000053e+02 1.269575000000000031e+01 1.335873510047107686e+02 2.419357819286427258e+01
1.255556260000000037e+02 1.372629099999999980e+01 9.440453431200158718e+01 1.080163992448673227e+01
1.209112899999999939e+02 7.267337999999999631e+00 1.314173534087529731e+02 8.734179404279261760e+00
1.217082599999999957e+02 1.563973999999999975e+01 1.168753661275685403e+02 1.317932959539214721e+01
1.310166999999999859e+02 1.584964599999999990e+01 1.071551041520982892e+02 3.158892827771322587e+01
9.890682999999999936e+01 1.802293200000000084e+01 1.102212663727872979e+02 8.294553389841350821e+00
1.287243799999999965e+02 8.558763000000000787e+00 1.255457731719614429e+02 6.119693230382779348e+00
1.130644759999999991e+02 5.041568999999999967e+00 1.044232476583628397e+02 3.170295090523145731e+01
1.082674300000000045e+02 2.621295500000000089e+01 1.354601436855670045e+02 1.910765461808649590e+01
1.029471499999999935e+02 1.203110299999999988e+01 1.004884002331138220e+02 1.620240686439405664e+01
1.158584060000000022e+02 1.987986000000000075e+01 9.211724239913725398e+01 2.133765830869944580e+01
1.187546099999999996e+02 1.839382399999999862e+01 9.330331577094138140e+01 1.713357466359946013e+00
1.065032039999999967e+02 4.921710000000000251e-01 1.063922158279751784e+02 2.733234932168308973e+01
1.011475200000000001e+02 2.924591300000000160e+01 1.052514747989899320e+02 7.506939686872543538e-01
9.264901000000000408e+01 2.078608699999999843e+01 9.396027793226708980e+01 1.589082901073754428e+01
1.302130600000000129e+02 1.211599499999999985e+01 1.271643173648869549e+02 2.473953775860824678e+01
1.034781339999999972e+02 1.418773999999999980e+01 1.289073691864067257e+02 7.696296852536656630e+00
1.273446660000000037e+02 1.365026600000000023e+01 9.949449867194535102e+01 1.656433665252107090e+01
9.977344999999999686e+01 2.670044899999999899e+01 1.374894947414999820e+02 2.367492201862829049e+01
1.047176599999999951e+02 4.703091999999999828e+00 1.194437788718201716e+02 7.797931821051641066e+00
1.359555699999999945e+02 2.916656499999999852e+01 1.017755696709297695e+02 3.661634135686835378e+00
1.311990399999999966e+02 2.885759999999999881e+00 9.466791813903340369e+01 2.215395942130877316e+01
9.703319000000000472e+01 2.983398400000000095e+01 9.913919021348206684e+01 8.138341317692166399e+00
1.182392499999999984e+02 2.503325500000000048e+01 1.059626972181703337e+02 1.047537695518913070e+00
1.270486300000000028e+02 1.419520600000000066e+01 9.584392287216071793e+01 3.334355968539522763e+01
9.989088999999999885e+01 2.683164999999999978e+01 1.247624157924306587e+02 8.117938000060075154e+00
1.237337600000000037e+02 9.310326999999999131e+00 1.208267420765551208e+02 2.733564936929814593e+01
1.211230850000000032e+02 1.021513700000000036e+01 1.162037977324648210e+02 2.763731330242411843e+01
1.022638800000000003e+02 3.262707999999999942e+01 9.276744541231919072e+01 2.665976704156442878e+01
1.020971899999999977e+02 2.676877800000000107e+01 1.104230015189822609e+02 2.442653863953446702e+01
1.349924800000000005e+02 2.427803000000000111e+01 1.293192727122591918e+02 2.963256653504957328e+01
1.274308900000000051e+02 1.213617600000000074e+01 1.005871602914820926e+02 2.546073828739324085e+01
1.094431699999999950e+02 2.603854600000000019e+01 1.218397001185607280e+02 2.542310450911803343e+01
1.289265900000000045e+02 1.218157399999999946e+01 1.217162580094110353e+02 5.886401504484258140e+00
1.008948800000000006e+02 1.652329800000000048e+01 1.118841619655544264e+02 1.133717328002991076e+00
1.350546699999999873e+02 1.248166299999999929e+01 1.240886436853724888e+02 1.101422546775292943e+01
1.130844799999999992e+02 1.852679300000000140e+01 1.007963217381926313e+02 2.705660937506049279e+01
1.344405199999999923e+02 3.228481299999999976e+01 1.008642886882946783e+02 2.330018052119318117e+00
1.225343299999999971e+02 4.270537000000000027e+00 1.103116790784590506e+02 2.632091897704232508e+01
1.230936200000000014e+02 4.996221000000000245e+00 1.304069889845342800e+02 8.044317283900097593e+00
1.252770199999999932e+02 1.020389400000000002e+01 1.231009709110533095e+02 2.039796376965175995e+01
1.112859399999999965e+02 7.286299999999999999e-01 1.165235968384461671e+02 2.428361272619008915e+00
1.151012699999999995e+02 2.510251999999999839e+01 1.319415664491743883e+02 6.262399041989906934e+00
1.205819099999999935e+02 1.267323900000000059e+01 1.364874668173305849e+02 3.109576392984244819e+01
1.083554599999999937e+02 1.583191200000000087e+01 1.293706829998942567e+02 2.061598062148475208e+01
1.132294200000000046e+02 1.691967400000000055e+01 1.081636082944950061e+02 1.733027444967938635e+01
1.179488199999999978e+02 1.651808199999999971e+01 1.363161712026872863e+02 1.033489480141329331e+01
1.068714449999999943e+02 1.286970200000000020e+01 1.096322549121177730e+02 4.460781762910120740e+00
1.082378199999999993e+02 1.562821500000000086e+01 9.981663068806776096e+01 2.384307767108767573e-01
1.055970499999999959e+02 6.590237000000000123e+00 1.081923846097515565e+02 1.826726408867067519e+01
1.148470839999999953e+02 1.232656199999999913e+01 1.283634280749894288e+02 1.685998591154167503e+00
9.715987400000000207e+01 1.592667499999999947e+01 1.292254258707772010e+02 2.989162396881572548e+01
9.339405999999999608e+01 1.624022300000000030e+01 1.021888975439856182e+02 2.710886660979230456e+01
1.294916100000000085e+02 2.620026999999999884e+00 1.281979556059594927e+02 2.003571075632855170e+01
1.204627899999999983e+02 7.529904000000000153e+00 1.101743402517537902e+02 1.697832373438050713e+00
1.327039000000000044e+02 1.584810399999999930e+01 1.063235010707667669e+02 4.386886821574124795e+00
9.965353399999999340e+01 2.953445800000000077e+01 1.308528433267971138e+02 1.232872231596079438e+01
1.064903999999999940e+02 1.390643999999999991e+00 1.296933867802998179e+02 1.236550488741809062e+01
1.306637699999999995e+02 1.285029600000000016e+01 1.311017029274462402e+02 2.506951708013152924e+01
1.084516140000000064e+02 7.152399999999999869e-01 1.272066917612428512e+02 1.908966902335162175e+01
1.109355999999999938e+02 1.694945099999999982e+01 9.290552228567878501e+01 3.225779900078313744e+01
1.279676800000000014e+02 9.560188000000000130e+00 1.244294902573963668e+02 2.406691930373930433e+01
1.165767299999999977e+02 1.286235699999999937e+01 1.141271201139417002e+02 3.492012220199598715e+01
1.078804999999999978e+02 1.347900000000000098e+00 1.196569557184610488e+02 2.205937739500682326e+01
1.195463639999999970e+02 2.841035700000000119e+01 1.253848198870813349e+02 8.661428311298678295e+00
1.039350500000000039e+02 2.735918399999999906e+01 1.207413060343860849e+02 3.049767181225210422e+01
1.013173800000000000e+02 1.780067999999999984e+01 9.883633384799648525e+01 8.277390628404745598e+00
1.042143250000000023e+02 3.424630400000000208e+01 1.032042438741569583e+02 7.189316701936573573e+00
1.154087799999999930e+02 2.365899500000000089e+01 1.361317556439416876e+02 3.578748340034493047e+00
1.028035200000000060e+02 2.750330200000000147e+01 9.838220870977157517e+01 1.018005874185106485e+01
1.222233659999999986e+02 2.248752000000000084e+00 1.109526915963211167e+02 2.682080597682817213e+01
1.248630500000000012e+02 1.255894400000000033e+01 1.122937783094167798e+02 3.297316082940536575e+01
1.331191900000000032e+02 8.421360999999999208e+00 1.270270053881664580e+02 7.684872678887760822e-01
1.202229399999999941e+02 1.300534999999999997e+01 9.309249359953146552e+01 1.104175271027835770e+01
1.303218400000000088e+02 8.996290000000000120e-01 9.700022512583394985e+01 3.497285509374697909e+01
1.127789899999999932e+02 1.603903199999999885e+01 1.281371660320657497e+02 3.025296036214062312e+01
1.235097959999999944e+02 2.681490999999999847e+00 1.073388835965713355e+02 6.982119093945567734e+00
1.189017699999999991e+02 2.030833000000000155e+01 1.305752070779739995e+02 1.389353736990086929e+01
1.126715200000000010e+02 1.748623999999999867e+01 1.255628266769743959e+02 9.095529810932427850e+00
1.026750949999999989e+02 3.487172699999999992e+01 1.013360111837152431e+02 2.446141928189372372e+00
9.823951999999999884e+01 1.669737599999999844e+01 9.773730619064720315e+01 3.469238770178549913e+01
1.108547200000000004e+02 1.948833799999999883e+01 1.268475515114011216e+02 3.370332408530718737e+01
1.171882999999999981e+02 2.439474999999999838e+01 1.010943483403058565e+02 9.017165776203400540e+00
1.045286559999999980e+02 2.332880600000000015e+01 9.452815916765329973e+01 9.011843534170577152e-01
1.072066800000000057e+02 2.882234800000000163e+01 1.294258261651941950e+02 3.087547034307551286e+01
1.121128999999999962e+02 1.959123999999999910e+01 1.332224014999844997e+02 2.637422640710745014e+01
1.032657399999999939e+02 2.896160700000000077e+01 9.963403709755404236e+01 9.641970959597101043e+00
1.105762799999999970e+02 1.713849599999999995e+01 1.247540698059419810e+02 3.095336996327583634e+01
1.216335140000000052e+02 1.368565999999999949e+00 1.020345245432611136e+02 3.483636265655484721e+01
1.337603000000000009e+02 1.258384500000000017e+01 9.337339916851317412e+01 3.099037531570853687e+01
1.037949100000000016e+02 1.724506999999999834e+01 1.162927159732914504e+02 3.012205927318468213e+01
1.140755900000000054e+02 8.455011999999999972e+00 1.154836559581591473e+02 2.389922140208125612e+01
1.102149799999999971e+02 2.830182999999999893e+01 9.994941078037349769e+01 1.177073796292020447e+01
9.586464999999999748e+01 3.010379999999999967e+01 1.289558401381375745e+02 1.721337570131286654e+01
1.222376000000000005e+02 3.524550000000000183e-01 1.324113177042548841e+02 2.352747639425744453e+01
9.423632999999999527e+01 1.031035299999999921e+01 1.115063189674049369e+02 2.467074182415319328e+01
1.083680499999999967e+02 2.084225800000000106e+01 1.135882707517158963e+02 1.470428437887522222e+01
1.051916099999999972e+02 9.920849000000000473e+00 1.272287377773639463e+02 2.419466386389895973e+01
1.030680899999999980e+02 2.392125499999999860e+01 1.333276529351420834e+02 1.433825656357351619e+01
1.146143200000000064e+02 2.004928200000000160e+01 1.161868630732307395e+02 1.912531457658631950e+01
1.063328249999999997e+02 1.094751899999999978e+01 1.209214303132548167e+02 4.263716955927981944e-01
1.042165799999999933e+02 2.347071499999999844e+01 1.246820746849544150e+02 3.597292096789637572e+00
1.360862600000000100e+02 1.322449800000000053e+01 1.261886540370369687e+02 6.784463782306515700e-01
1.349519999999999982e+02 1.169487200000000016e+01 1.152545007809554392e+02 2.329317276193766872e+01
1.071924700000000001e+02 1.362108100000000022e+01 1.241476952332257611e+02 1.356482890844595834e-01
1.134846040000000045e+02 1.515536099999999919e+01 1.368352100085261327e+02 2.248663758751116859e+01
1.174997939999999943e+02 1.471192300000000053e+01 1.150970753441152965e+02 3.268527766191394335e+01
1.006064200000000000e+02 2.769523600000000130e+01 1.192141108503994360e+02 2.122238715477586624e+01
1.324488800000000026e+02 9.132956999999999326e+00 1.334517734095487640e+02 3.242994700528572594e+01
1.089955800000000039e+02 1.639875599999999878e+01 1.326848023106736321e+02 6.827719989528750588e+00
1.066250150000000048e+02 2.543620000000000214e+00 9.205318506836799486e+01 3.141245861594683220e+01
1.259232559999999950e+02 4.161654000000000408e+00 1.218153430676685645e+02 5.810559895207555670e+00
1.065502599999999944e+02 6.022739999999999760e+00 1.178687003019151405e+02 3.231650105551651109e+01
1.006493899999999968e+02 1.672829600000000028e+01 9.621345871734700950e+01 1.843902879011755092e-01
1.360886000000000138e+02 1.322069300000000069e+01 1.283086006943374286e+02 1.132189419811069087e+01
9.569082000000000221e+01 2.712815700000000163e+01 9.429429668583982505e+01 2.352749983910843667e+01
1.373412800000000118e+02 7.320990000000000553e-01 1.210499136745648343e+02 1.262419546260061409e+01
1.142837099999999992e+02 1.745475199999999916e+01 1.343936735922668220e+02 2.036970857939832058e+01
1.156589100000000059e+02 2.078124199999999888e+01 1.176134635065912306e+02 1.042340829483457476e+01
1.122847440000000034e+02 1.660995300000000086e+01 1.064328153524618017e+02 1.144035199484759069e+00
1.200522399999999976e+02 3.491102000000000061e+01 1.191741047015081847e+02 2.653050896765178024e+01
1.062109700000000032e+02 3.381889000000000145e+00 1.007986459652653082e+02 2.961613393315173326e+01
1.227206500000000062e+02 2.926232000000000166e+00 1.152610542705620844e+02 2.695983793031419040e+01
1.201523200000000031e+02 2.317364500000000049e+01 9.927885311731313323e+01 2.448674540229278662e+01
1.119646900000000045e+02 1.463188599999999973e+01 1.234740406559362782e+02 6.152417363744336676e+00
1.356329700000000003e+02 5.475532000000000288e+00 1.107406257758175059e+02 1.713770781492695505e+01
1.197646199999999936e+02 2.030460199999999915e+01 1.206134070883571070e+02 5.300576737782552783e+00
1.049337600000000066e+02 3.191469599999999929e+01 1.317606285058925550e+02 7.513881282354144986e+00
1.234426899999999989e+02 2.473543000000000092e+01 9.272270185935266795e+01 2.191827156617338801e+01
1.118345640000000003e+02 2.392749999999999877e-01 1.275882243292729186e+02 1.187876724885743407e+01
1.133071060000000045e+02 3.074285100000000170e+01 1.024873208124392647e+02 3.210355102142185757e+01
1.305980999999999881e+02 1.224686600000000070e+01 1.241095607236578644e+02 2.256387727167258994e+00
1.044074200000000019e+02 1.407581799999999994e+01 1.205802517564214895e+02 1.457880692634921616e+01
1.120762000000000000e+02 7.865459999999999674e-01 9.380221498444684869e+01 3.005133646573154849e+00
1.367545299999999884e+02 1.483705600000000047e+01 1.262593840640428056e+02 6.166921716124861952e+00
1.090832599999999957e+02 1.999703000000000008e+00 1.326585691217902934e+02 4.109684886849281682e+00
1.306561399999999935e+02 2.535673000000000066e+00 1.005792257159743315e+02 2.503009089361542294e+01
1.197189560000000057e+02 1.547260600000000075e+01 9.512014199607376952e+01 1.518124408807471326e+01
1.331578700000000026e+02 1.155118900000000082e+01 1.083610794938806379e+02 6.176148311737489571e+00
1.232273500000000013e+02 4.342469000000000356e+00 1.260828307177061305e+02 2.409988419851852193e+00
1.006839099999999974e+02 4.718844999999999956e+00 1.199306964905388213e+02 3.369190270288608957e+01
1.134832399999999950e+02 1.777810300000000154e+01 1.199879615525118481e+02 9.234991893961886689e+00
1.138526399999999938e+02 2.842907299999999893e+01 1.362461535857267734e+02 1.305309278335541556e+01
1.094362699999999933e+02 8.352039999999999464e-01 1.377407836184287646e+02 1.645287694420836289e+01
9.515203999999999951e+01 1.569428800000000024e+01 1.374904521260910712e+02 4.431834825075976703e+00
1.039862200000000030e+02 2.419322400000000073e+01 1.040978163706314490e+02 2.680845927132308759e+01
9.609209400000000301e+01 1.652753299999999825e+01 1.270453988374008247e+02 3.093702593344553264e+01
1.291512099999999919e+02 1.286193699999999929e+01 1.196863870848251281e+02 2.448329162007255988e+01
1.298188600000000008e+02 9.076064999999999827e+00 1.349281327168010591e+02 2.741755585768465675e+00
1.215634399999999999e+02 8.080892999999999660e+00 9.441901123136352680e+01 2.255661302764292486e+01
1.179312000000000040e+02 9.954869000000000412e+00 1.333055020972103648e+02 1.918268522935143139e+01
1.307676400000000001e+02 9.199001000000000872e+00 1.179473261047633059e+02 2.040231584175236534e+01
1.005045199999999994e+02 2.882197800000000143e+01 1.246154324818953683e+02 1.798820258437853781e+01
1.040049199999999985e+02 2.438359600000000071e+01 1.348864047715595689e+02 2.349460467645901218e+01
1.355842399999999941e+02 3.165399999999999991e+01 1.060011034933022387e+02 1.520756046741056355e+00
1.199054399999999987e+02 1.518948900000000002e+01 1.268151224427122372e+02 2.757070467224354005e+01
1.328286300000000040e+02 1.854412800000000061e+01 1.116941191252428069e+02 6.046373234678084962e+00
1.222190400000000068e+02 1.304349299999999978e+01 1.335247421609596472e+02 2.006664677869378721e+01
1.299299300000000130e+02 1.610754400000000075e+01 1.120240902554061790e+02 2.003832228071767574e+01
1.235973099999999931e+02 1.219101299999999988e+01 9.489905121171963742e+01 1.325943512753254971e+01
1.159256900000000030e+02 2.697432299999999827e+01 9.389323282121621617e+01 3.292056983785359847e+01
1.215274660000000040e+02 9.855489999999999640e+00 9.917774081049491031e+01 2.303377646473988349e+00
1.183520900000000040e+02 1.158915299999999959e+01 1.346956591661028995e+02 4.597205692773231878e-01
1.194439849999999979e+02 3.088717700000000121e+01 1.032155009481782315e+02 4.520567420387792801e+00
1.068959600000000023e+02 4.261408999999999558e+00 9.388075012710129386e+01 3.024778868228164086e+01
9.410971999999999582e+01 1.075564600000000048e+01 1.225190907231136350e+02 3.192682994952467013e+01
1.269610100000000017e+02 1.226305200000000006e+01 9.442661001335697790e+01 1.353786857371561680e+00
9.999969000000000108e+01 2.509792300000000154e+01 9.272495854535119975e+01 2.067813340037082881e+01
1.075842059999999947e+02 1.186463999999999963e+01 1.134698307867267886e+02 1.146851502279660906e+01
1.012301199999999994e+02 1.617340499999999892e+01 1.374002433296350318e+02 1.022650012458558955e+01
1.053674550000000067e+02 7.722144000000000119e+00 1.264144619077241032e+02 1.491992562858833260e+01
1.166539499999999947e+02 2.553005200000000130e+01 1.245120781211720242e+02 2.356853127480648169e+01
1.134964499999999958e+02 2.987325299999999828e+01 9.619068045234088515e+01 3.285235536123398958e+01
1.063184499999999986e+02 2.189414199999999866e+01 1.217161836852885415e+02 2.406689430502914107e+01
1.164321900000000056e+02 1.890602499999999964e+01 1.230121362506410776e+02 7.753516305644915008e+00
1.023049299999999988e+02 2.800608000000000075e+01 9.380538689064822222e+01 2.758535865943209586e+01
1.221287399999999934e+02 7.625099999999999767e+00 1.085256396752999706e+02 1.942990460160489263e+01
1.357005499999999927e+02 1.938025700000000029e+01 1.171282146632041758e+02 1.892589791667652932e+01
1.239427000000000021e+02 2.807401000000000035e+00 1.169348700434366037e+02 1.845168469772643505e+01
1.366617899999999963e+02 1.230031400000000019e+01 1.185464340252124629e+02 2.582686556377031550e+01
1.049325299999999999e+02 2.927804199999999923e+01 1.232918599949332759e+02 3.226270868200723640e+01
1.242736299999999972e+02 6.831006000000000355e+00 1.075362773973500481e+02 1.528813755258672025e+01
1.175999999999999943e+02 1.023433799999999927e+01 1.213632427845413417e+02 1.878314365889339399e+01
1.069558300000000060e+02 3.322021000000000157e+01 1.081965378903178276e+02 3.271073173059109251e+01
1.292556600000000060e+02 1.137209400000000059e+01 1.213920450327291718e+02 2.163517851647267953e+00
1.129178600000000046e+02 2.190700100000000106e+01 1.248847604668015094e+02 1.548485317573897113e+01
1.018777000000000044e+02 2.861357299999999881e+01 1.215416997151076828e+02 1.207240574059352234e+01
1.351008600000000115e+02 2.345284300000000144e+01 1.077530224231419425e+02 1.074867797077190090e+01
1.346648600000000044e+02 1.416948599999999914e+01 1.040126026947910844e+02 2.461405850882594848e+01
1.162961800000000068e+02 2.799809799999999882e+01 1.218251199793023858e+02 3.459146565078170710e+01
1.318405300000000011e+02 1.077468200000000031e+01 1.204837878060114065e+02 4.274099757532236588e+00
1.028629600000000011e+02 1.609947599999999923e+01 1.030706204040699845e+02 2.640512926276976202e+01
1.309361900000000105e+02 8.523167000000000826e+00 9.985396830086457953e+01 2.102480494769887187e+01
9.982527000000000328e+01 2.515078700000000111e+01 1.195740940313196745e+02 3.257527131240915974e+00
1.049673540000000003e+02 2.282041399999999953e+01 1.232674164519258113e+02 6.783559486202529243e+00
1.224107740000000035e+02 7.443858999999999781e+00 9.876497961350493426e+01 3.402196333935338401e+01
1.090837899999999934e+02 1.109345000000000026e+00 1.131982161151731816e+02 1.617172477124233509e+01
1.072773499999999984e+02 2.767564799999999892e+01 1.342855482139964067e+02 1.330279658323512315e+01
1.044894199999999955e+02 3.404343999999999681e+01 1.199042436759891928e+02 1.646894515059653585e+01
9.678136000000000649e+01 1.699195500000000081e+01 1.094360346694129191e+02 2.492906634803018662e+01
1.305616899999999987e+02 5.040212999999999610e+00 1.321070103107201135e+02 1.911453969968237132e+00
1.074301300000000055e+02 3.293291500000000127e+01 1.297538452048767965e+02 1.909683460354665030e+01
1.220304600000000050e+02 5.662862999999999758e+00 1.044639964943347650e+02 9.923008401896582953e+00
1.014491600000000062e+02 2.277094299999999905e+01 1.065126660649929704e+02 2.224628579287335040e+00
1.092677800000000019e+02 3.181741999999999848e+00 1.270867723552441788e+02 4.496924244601792076e+00
1.346454300000000046e+02 1.258279899999999962e+01 1.205703579225309170e+02 2.194806973686322493e+00
1.215120100000000036e+02 3.517780999999999825e+00 1.361400242605151902e+02 2.637114364865801264e+01
1.227981199999999973e+02 3.281226699999999852e+01 1.320050258374117789e+02 1.700712169891202663e+01
1.356580399999999997e+02 1.759958500000000114e+01 1.317136457113517736e+02 3.414146482940338245e+01
1.110467699999999951e+02 3.238026399999999683e+01 1.133800889920811272e+02 2.763111353352820032e+01
1.244378499999999974e+02 2.619258100000000056e+01 1.268409335201507417e+02 5.513087796402334817e+00
1.102168700000000001e+02 2.640597199999999845e+01 1.199651029329869800e+02 5.272442926413295261e+00
1.268311900000000065e+02 1.202138899999999921e+01 1.201698483260503707e+02 6.918988389176811360e+00
1.131622399999999971e+02 1.624390599999999907e+01 1.334968447267646354e+02 8.156475252063257741e+00
1.192039699999999982e+02 8.441069999999999851e+00 1.097782564635632525e+02 2.889176292944573632e+01
1.293009299999999939e+02 1.654629999999999990e-01 1.100649885343319312e+02 3.454651653305504766e+01
1.165043500000000023e+02 1.716985000000000028e+01 1.064642512523978723e+02 3.461247922749748795e+01
1.007823300000000017e+02 2.154664599999999908e+01 1.276918916842821830e+02 2.669838881516928808e+01
1.094043350000000032e+02 2.911429400000000101e+01 1.025601654155512108e+02 1.507302103903913171e+01
1.129410900000000026e+02 1.928609799999999908e+01 1.042744334067813128e+02 2.879458726959575898e+01
1.016832100000000025e+02 1.628771199999999908e+01 9.804684819601322943e+01 9.741070866641434733e+00
1.276204900000000038e+02 1.005807899999999933e+01 1.267431787056000871e+02 1.925808961063430402e+01
1.031737439999999992e+02 5.745917000000000385e+00 1.079891637387166128e+02 1.523068221298152558e+01
1.269099199999999996e+02 8.830450000000000799e+00 1.211599649702160519e+02 1.273122748276128702e-01
1.080707699999999960e+02 1.541756700000000002e+01 9.243944104559965069e+01 1.329854292717981279e+00
1.079174000000000007e+02 2.103756999999999877e+01 1.370862458657288698e+02 3.626136742191921059e+00
1.165112840000000034e+02 2.327571899999999872e+01 1.243779800693618824e+02 2.145054145500546738e+01
1.133417740000000009e+02 1.599369000000000085e+01 1.100513086930137376e+02 2.930912270856208934e+01
1.174418639999999954e+02 1.991549499999999995e+01 1.308535393722227127e+02 3.027519776181961930e+01
1.136618399999999980e+02 2.985846499999999892e+01 1.131182225358281244e+02 1.577582690473394678e+01
1.013219799999999964e+02 1.577685499999999941e+01 1.217100790780176567e+02 3.040806120921094546e+01
1.327581000000000131e+02 3.298633999999999844e+00 1.189617314190701478e+02 2.358951539803751274e+01
1.235410839999999979e+02 6.541074000000000055e+00 1.135979122431065917e+02 1.828946723943361263e+01
1.132039199999999965e+02 1.668616300000000052e+01 1.178757576702235781e+02 2.821986054974944480e+01
1.289106299999999976e+02 7.094847999999999821e+00 1.219792959063003082e+02 6.462521844395116233e+00
1.148769499999999937e+02 6.728119999999999656e-01 1.006009429019750172e+02 1.642670017646671354e+01
1.213342499999999973e+02 2.617049000000000181e+00 1.255029085862722980e+02 1.076441185078354223e+01
1.245306700000000006e+02 7.659853000000000023e+00 1.227467431859433589e+02 1.427276337406471995e+01
1.224132840000000044e+02 1.063505699999999976e+01 9.668809235486610021e+01 3.113582188136719964e+01
1.325616899999999987e+02 2.183529300000000006e+01 1.087702845847738331e+02 3.446765548223989839e+01
1.233474350000000044e+02 2.519231399999999965e+01 1.296854152627860230e+02 1.024814603255539502e+01
1.272875200000000007e+02 3.735890000000000044e-01 1.322478657486657596e+02 3.146731883315277756e+01
1.294755900000000111e+02 2.914704899999999910e+01 1.148024330421254433e+02 2.192680134144663029e+01
1.093003099999999961e+02 1.012630000000000058e-01 1.342385804337421007e+02 8.033551162500632614e+00
9.699267600000000300e+01 3.332831000000000188e+01 9.513848166246238236e+01 1.439231728596986493e+01
1.004711900000000071e+02 2.451955200000000090e+01 1.343390246870451961e+02 3.461504581206622078e+01
1.323020500000000084e+02 3.039486999999999828e+00 1.225656018004150241e+02 3.018958870032762576e+01
1.130678500000000071e+02 1.070391300000000001e+01 1.319902704285948687e+02 3.128944271521918452e+01
1.349317599999999970e+02 1.207422299999999993e+01 1.343120268078234005e+02 1.953768165110278332e+01
1.173357539999999943e+02 2.219921099999999825e+01 1.094206804456698876e+02 1.418365774001320645e+01
1.153614500000000049e+02 1.834740400000000093e+01 1.043357862674113363e+02 1.938848993103508889e+01
1.370245700000000113e+02 1.147566899999999990e+01 9.325870816813318243e+01 3.397800110686337582e+00
1.324696399999999983e+02 1.699832699999999974e+01 1.215440429464082257e+02 5.679503141157049129e+00
1.231192999999999955e+02 3.669859999999999900e+00 1.109198691322087313e+02 2.497823122732157941e+01
1.279924850000000021e+02 1.403315199999999940e+01 1.288328743499756115e+02 3.372326058529889092e+00
1.259789300000000054e+02 8.138935999999999282e+00 1.325040853566192141e+02 7.015996123205181512e-01
1.297366499999999974e+02 1.097087800000000080e+01 1.262104293431575996e+02 2.399729549926457040e+01
1.088749899999999968e+02 2.917879299999999887e+01 1.294625482652505752e+02 2.256492695541835758e+01
1.166653400000000005e+02 4.134577000000000169e+00 1.048871741831520268e+02 2.958419614079791415e+01
1.324894099999999924e+02 1.522223000000000104e+00 1.155166578110832631e+02 2.282018266779961380e+01
1.370959000000000003e+02 5.531164999999999665e+00 1.374558847224760711e+02 2.945373444722306644e+01
9.844208500000000583e+01 2.976761600000000030e+01 1.368902025803795937e+02 1.563823106675690688e+00
