2.058915000000000006e+01 5.758905399999999730e+01 1.764460106352017021e+01 5.821518947643227193e+01
1.855353699999999861e+01 4.421924599999999828e+01 3.455115620904261675e+01 5.627022500531219151e+01
2.061751200000000139e+01 5.815905999999999665e+01 3.656433570161931357e+01 3.912849578903777115e+01
2.959777499999999861e+01 4.110408799999999729e+01 1.651115558042300258e+00 5.888471568896246566e+01
4.197351000000000276e+00 5.458585000000000065e+01 2.791819494068559493e+01 3.624440405471052173e+01
1.310005400000000009e+01 4.748150299999999646e+01 1.610255122441845543e+01 5.045054162096953831e+01
1.745546200000000070e+01 5.757723000000000013e+01 2.592394620548876105e+01 4.333261808400443726e+01
1.521396200000000043e+01 6.494337000000000160e+01 6.336328343061784274e+00 6.064387753409959458e+01
1.038470099999999974e+01 5.970772999999999797e+01 2.708051749413150944e+01 6.924937580047222241e+01
1.399908699999999939e+01 6.317239800000000116e+01 2.061496402207963641e+01 6.034780994713321434e+01
2.268421999999999983e+01 5.423519499999999738e+01 2.424082246892330517e+01 6.139828121721893694e+01
7.945763000000000353e+00 4.411631400000000269e+01 1.776907680188313243e+00 6.544344266852658620e+01
2.874167599999999823e+01 6.400522999999999740e+01 3.389830197324850758e+01 5.653197509246021468e+01
2.281752200000000030e+01 3.513783999999999708e+01 1.002416189159175275e+01 6.402344256362997044e+01
2.200061799999999934e+01 5.066722500000000196e+01 2.685019428863924773e+01 6.861356282149586150e+01
2.340267199999999903e+01 5.424492300000000000e+01 2.101546491728804611e+01 3.821466895752601545e+01
1.501957499999999968e+01 6.022834999999999894e+01 1.813948269130063906e+01 5.493681184393401651e+01
2.770509300000000152e+01 5.877612700000000245e+01 1.096598130715974229e+01 6.031969446352633213e+01
4.564982599999999735e+01 5.448447399999999874e+01 1.541363652791010885e+01 5.577299954273834004e+01
4.229861999999999966e+01 4.773807000000000045e+01 9.932016571220225742e-03 3.617112057957491089e+01
3.872050500000000284e+01 5.807201799999999992e+01 2.831660340257696618e+01 6.946232115264876938e+01
3.674901599999999746e+01 4.338096999999999781e+01 8.236365191866225288e+00 5.648503376950674237e+01
1.327518700000000074e+01 4.463960999999999757e+01 1.930286101242292318e+01 4.584785389762345886e+01
2.329807000000000183e+00 5.044451999999999714e+01 3.415953342774603385e+01 3.511139651011841067e+01
2.179614600000000024e+01 6.074350700000000103e+01 4.109574162980896261e+01 5.782362067163555253e+01
2.626028600000000068e+01 4.864099999999999824e+01 3.173742759720849094e+01 6.557116230035521198e+01
4.165196999999999861e+01 5.948239999999999839e+01 3.535151733319511891e+01 6.579466412614988258e+01
4.077216700000000316e+01 6.312607200000000063e+01 2.358033440695421490e+01 6.279686482159182503e+01
2.517717199999999877e+01 4.268239200000000011e+01 1.203190691799278689e+01 3.958163528870800008e+01
2.995242700000000013e+01 5.311990999999999730e+01 2.386587488765872322e+01 6.356204707500290141e+01
4.172493999999999659e+01 6.210165400000000346e+01 1.730667603626343976e+01 5.455097359981540706e+01
2.587249999999999872e+01 6.805235000000000412e+01 3.390403468496958084e+01 6.398187682354910066e+01
2.386070300000000088e+01 5.718452500000000072e+01 5.798980059515499441e+00 4.168659471808212658e+01
3.806734999999999758e+01 5.783406000000000091e+01 2.894777154650835627e+01 5.308711912000833877e+01
4.552797699999999992e+01 5.207925000000000182e+01 3.211688130114178819e+01 3.814687771981602538e+01
2.116255200000000158e+01 5.989537399999999678e+01 1.146126257170261198e+01 4.623988489377065036e+01
9.596183999999999159e+00 6.026012000000000057e+01 4.036872652430870545e+01 3.580782173262777945e+01
1.459134700000000073e+01 6.507262000000000057e+01 1.144889610412080039e+01 6.353836660321027807e+01
1.730711600000000061e+01 4.974844000000000221e+01 1.815369252786890186e+01 4.423132241643524054e+01
3.568475000000000108e+01 4.388165699999999703e+01 8.748867085732115356e+00 5.617599797184129784e+01
1.725758000000000081e+01 3.824571999999999861e+01 3.123300091885536744e+01 4.907205137088024571e+01
1.502751600000000032e+01 5.874014999999999986e+01 1.080090497198323796e+01 5.610535131651582219e+01
1.038094700000000081e+01 4.734759499999999832e+01 3.843923350039681708e+01 3.911843990980548114e+01
2.356856700000000160e+01 5.961084699999999970e+01 3.251520173760713561e+01 4.608735152174020300e+01
2.035046600000000083e+01 4.452104599999999834e+01 6.208680249422382502e+00 4.396954428604909992e+01
2.098025900000000021e+01 5.661211000000000126e+01 4.486407882603985087e+01 5.153793803654674832e+01
1.480852100000000071e+01 5.112740000000000151e+01 1.269321235700733741e+00 4.482739023805803669e+01
4.580821600000000160e+01 4.111815599999999904e+01 4.833038408016040677e+00 6.449556554463481461e+01
3.456887400000000099e+01 4.105441299999999671e+01 3.684396078092204618e+01 6.025508381359156118e+01
2.207882100000000136e+01 5.786443299999999823e+01 3.107556927554476900e+01 6.468754987393148781e+01
6.262598999999999805e+00 6.045079400000000192e+01 4.022121227113124320e+01 4.362797593705537480e+01
1.838720899999999858e+01 5.758705499999999944e+01 4.374744589055111987e+01 5.734367188114187286e+01
7.999163000000000245e+00 5.940477800000000030e+01 5.549934192887501894e+00 5.356331511398154532e+01
1.531678199999999990e+01 3.749557999999999680e+01 8.472449350804534873e+00 6.801230965243959758e+01
3.947975999999999885e+01 4.232717000000000240e+01 7.212211053138727124e+00 6.156061058206630321e+01
3.337949400000000111e+01 4.120133200000000073e+01 3.429664525695960009e+01 5.097717755046704724e+01
1.797448699999999988e+01 5.133094799999999935e+01 1.912456423921575421e+01 5.240289005821245638e+01
2.851350000000000051e+01 6.895631000000000199e+01 3.907701275188002654e+01 4.334571614877142309e+01
1.148033200000000065e+01 6.627872999999999593e+01 1.372361347763541950e+01 3.966452113647687128e+01
2.184669999999999845e+01 5.836616999999999678e+01 3.615252286890573430e+01 5.189148192469380660e+01
1.294263100000000044e+01 4.491613399999999956e+01 4.182542729467630238e+01 5.489579338072873327e+01
3.505207000000000050e+01 3.862663700000000233e+01 3.962688441138111983e+01 5.355193856627584381e+01
1.154176200000000030e+01 3.881593000000000160e+01 2.534647721677555587e+00 5.734328308361087068e+01
1.614933200000000113e+01 6.701761000000000479e+01 3.200317559185897665e+01 5.864719983994165631e+01
1.974380999999999986e+01 6.577727500000000305e+01 4.353731816584127046e+01 5.678984060471997708e+01
1.066376999999999908e+00 4.970623400000000203e+01 3.942283253153255629e+01 4.743696829141593696e+01
1.045038699999999920e+01 6.801152000000000442e+01 2.132569394850201583e+00 6.608660556233786565e+01
9.021198000000000050e+00 4.884573999999999927e+01 3.692752096049557764e+01 5.461989383335736647e+01
3.893530700000000166e+01 6.862606999999999857e+01 3.105141510290436813e+01 6.594371270618722747e+01
2.819666899999999998e+01 5.531607000000000340e+01 2.799187298368316945e+01 4.710606400838132402e+01
2.128414300000000026e+01 5.780448499999999967e+01 2.071406861715108860e+01 6.693144132369316424e+01
2.324692999999999898e+01 4.028134000000000015e+01 1.657035445776579152e+01 4.934553342401738973e+01
4.143449999999999633e+00 3.538900799999999691e+01 1.805454157364229317e+01 4.389027551084765832e+01
1.877586999999999895e+00 5.975587000000000160e+01 6.935173497724147040e+00 5.759836844886591223e+01
2.845849799999999874e+01 5.425444999999999851e+01 2.145444091796663955e+01 5.855464694950728699e+01
1.673770899999999884e+01 4.428148699999999849e+01 3.175620004017445197e+01 5.457800233841517468e+01
8.570755999999999375e+00 4.580135299999999887e+01 5.941904993072731678e+00 5.983972269801142829e+01
1.294694299999999920e+01 5.562529399999999669e+01 4.444768305813111908e+01 6.645562413754743147e+01
1.875273500000000126e+01 4.652728700000000117e+01 3.037014814767174187e+01 5.402429304454030756e+01
2.204629500000000064e+01 5.877771400000000313e+01 2.436417099020177091e+01 4.305018661917085865e+01
9.682911999999999964e+00 6.504401000000000010e+01 3.153500588371449709e+01 6.441013263437923797e+01
4.670189999999999841e+00 3.869458000000000197e+01 3.586049200420886507e+01 6.482940457416141555e+01
1.678060299999999927e+01 4.794136999999999915e+01 9.936302898213670076e+00 4.242225175851801566e+01
3.206166000000000338e+01 3.747115999999999758e+01 1.471741910972195022e+01 3.839003022091362993e+01
4.537444299999999942e+01 4.111429199999999895e+01 1.648831234888776365e+01 4.835088203258140283e+01
1.114996999999999971e+01 6.042591000000000179e+01 3.651527086805740652e+01 6.792215635185718270e+01
1.414488500000000037e+01 6.253909999999999769e+01 3.774489348859366089e+01 6.464269241847904368e+01
3.629310999999999865e+01 5.637026600000000087e+01 2.201876689604269899e+01 5.229601879931995256e+01
3.661256000000000199e+01 5.254845000000000255e+01 7.740307581745791587e+00 6.721897103809584451e+01
1.308417200000000058e+01 4.527385300000000257e+01 4.255827745059222167e+01 6.032764489274151742e+01
4.985202000000000133e+00 4.887668599999999941e+01 2.899371251489705159e+01 5.600864973700512195e+01
3.089177700000000115e+01 5.434984200000000243e+01 2.688223632155372655e+01 6.799486869746074547e+01
3.927253300000000280e+01 4.921457699999999846e+01 3.924857110309236674e+01 4.150044467442191376e+01
1.250476800000000033e+01 6.155384999999999707e+01 4.030584356106540866e+00 6.495012567934612946e+01
3.016952300000000164e+01 3.766373000000000104e+01 4.056070250001423716e+01 4.711641410005027808e+01
4.032760199999999884e+01 3.799593699999999785e+01 4.829720861169553459e+00 5.484873713583893107e+01
4.304384000000000299e+01 5.077121999999999957e+01 1.904811439323227873e+01 4.847521328705303034e+01
7.159609999999999586e-01 4.840109000000000350e+01 1.120548193377396551e+01 6.111852304809936243e+01
4.410687599999999975e+01 4.836232799999999799e+01 1.308230348404514487e+01 6.802743692483872451e+01
1.268464900000000029e+01 5.911567699999999803e+01 1.815230685684810297e+01 4.595078204766217311e+01
4.358211000000000013e+01 3.635976800000000253e+01 4.519854465380522157e+01 6.811988466425235345e+01
2.544911199999999951e+01 3.571303600000000245e+01 3.410640298005523618e+01 6.320666017386248825e+01
2.959973700000000107e+01 5.744324000000000296e+01 3.848779581177193165e+01 4.556201438746815313e+01
4.402289999999999814e+00 4.931658600000000092e+01 3.814907984490877624e+01 5.836204543062721228e+01
2.936383000000000187e+00 5.871928400000000181e+01 7.395870342961435639e+00 4.000597574119051103e+01
2.334634600000000049e+01 6.877659599999999784e+01 5.592843267026460730e+00 4.309268253594755294e+01
1.061304400000000037e+01 3.788381199999999893e+01 2.554198564101499258e+01 6.699929972473147188e+01
1.979189900000000080e+01 4.220660000000000167e+01 9.431500120692914990e-02 6.292750861114134153e+01
1.005389699999999920e+01 3.989101399999999842e+01 2.874318263347677771e+01 6.400255541766745182e+01
1.183619900000000058e+01 3.823445999999999856e+01 2.942249569150630606e+01 5.201100210268486990e+01
3.182043799999999933e+01 4.501424800000000204e+01 8.727788678720422411e+00 4.192685946720207113e+01
1.999042999999999992e+01 6.040164999999999651e+01 9.223046310874403630e+00 5.321222880496155483e+01
3.308207699999999818e+01 6.038330500000000001e+01 6.277212479104731457e+00 5.441816905890421197e+01
3.136870599999999953e+01 5.202483699999999800e+01 1.345808063199054594e+01 6.656437577589358057e+01
8.861295000000000144e+00 4.610596999999999923e+01 4.591556164683717078e+00 6.849518502997142377e+01
2.884224899999999892e+01 4.764029000000000025e+01 2.829019291228292765e+00 4.676899710023693046e+01
3.820943000000000200e+00 4.910023999999999944e+01 2.263573094902761440e+01 6.930186413421301950e+01
4.316861000000000104e+01 6.621357000000000426e+01 4.222422230925917574e+01 3.732282018171998317e+01
1.107440099999999994e+01 6.088680599999999998e+01 4.080812748038727733e+01 3.520327211244886456e+01
1.286351900000000015e+01 5.878980599999999868e+01 4.392537620188901570e+01 4.384305426249125759e+01
4.125887000000000171e+01 5.057643499999999648e+01 1.340531256918322534e-01 4.181900729064935973e+01
1.214091400000000043e+01 5.711590999999999951e+01 4.122275501957962263e+01 5.378812373281586900e+01
4.163672600000000301e+01 5.076000200000000007e+01 4.505025356440009432e+01 5.192413548616313790e+01
1.357563500000000012e+01 4.906954199999999844e+01 1.813981484863935023e+01 5.548460770025013034e+01
1.338917900000000039e+01 4.623646999999999707e+01 2.826098126637350560e+01 4.578805659462487654e+01
1.864428099999999944e+01 4.687839000000000311e+01 3.409607568615708573e+01 5.520498510768639733e+01
1.339645499999999956e+01 4.592078800000000172e+01 6.042158133483038540e+00 4.245932149223227015e+01
2.573007000000000133e+01 5.834038999999999930e+01 5.597271766657533121e+00 3.645112619204259374e+01
1.795803000000000038e+00 5.029422999999999888e+01 4.322662527680514444e+01 5.190929791947013427e+01
2.108287999999999940e+00 4.772561600000000226e+01 4.118758827209777706e+01 5.353795578503655861e+01
4.492656300000000158e+01 4.112225699999999762e+01 3.742497276432040110e+01 4.178031931407870303e+01
4.263717999999999897e+00 3.510994000000000170e+01 1.274682581087105504e+01 6.075311586278888853e+01
3.790404000000000195e+01 4.821945999999999799e+01 3.893109263458759273e+01 6.310463905383434735e+01
3.198173000000000155e+00 5.400412399999999735e+01 4.568618509859511789e+01 6.916135843515417037e+01
1.067554600000000065e+01 5.771341300000000274e+01 3.650790963794808164e+01 6.582921389134571655e+01
1.298233800000000038e+01 5.845971999999999724e+01 1.596621391580924687e+01 5.484218074285764999e+01
1.921334500000000034e+01 6.288376600000000138e+01 1.201562392359458542e+01 3.601986765217093023e+01
5.031973999999999947e+00 5.834223599999999976e+01 4.317500845770400986e+01 5.557052447073891699e+01
1.311885200000000040e+01 5.720719499999999869e+01 1.349477207722729588e+01 4.639737881058345437e+01
2.612194999999999823e+01 5.810635800000000017e+01 3.713191837612261992e+01 4.106690323905397833e+01
3.809797700000000020e+01 4.050233000000000061e+01 1.164862857683091590e+01 5.503571746083221683e+01
3.201848199999999878e+01 5.444104800000000211e+01 3.180030871896518008e+01 3.733127940690104651e+01
4.564853000000000094e+01 4.061909500000000151e+01 7.836502027497932232e+00 3.713642491802964685e+01
2.408211700000000022e+01 5.298845000000000027e+01 4.579914483236859724e+01 4.305773891715146817e+01
4.061240800000000206e+01 4.369433599999999984e+01 3.276805426559415935e+01 4.434927126459026425e+01
3.451433600000000013e+01 4.311174400000000162e+01 2.856001881714949420e+01 6.714975433167084873e+01
2.089557500000000090e+01 4.018049200000000098e+01 4.342357139320431969e+01 5.030221325656452080e+01
1.919923800000000114e+01 4.899374000000000251e+01 2.247258060543622804e+01 6.344401433762925535e+01
1.847965400000000002e+01 3.702286999999999750e+01 2.419232737906576247e+01 4.313339157094340948e+01
2.624096499999999921e+01 5.042342800000000125e+01 1.711071563830262576e+01 6.065093970263247058e+01
4.161805999999999983e+01 6.939866000000000668e+01 1.517780115357866277e+00 4.773623111578432088e+01
7.112074999999999925e+00 4.984915500000000321e+01 2.639248664894834562e+00 6.688387937046226739e+01
2.840453300000000070e+01 5.919803199999999777e+01 3.271464303897353432e+01 6.494313814242612182e+01
4.166721299999999673e+01 6.515340399999999477e+01 5.905330235676611750e+00 6.094279911630168556e+01
5.475772000000000084e+00 3.733829500000000223e+01 3.648161001733697617e+01 4.118562713291717614e+01
4.549273699999999820e+01 3.951693000000000211e+01 2.932247179129780790e+01 4.260294583865745466e+01
3.684993999999999659e+01 5.839047000000000054e+01 3.273499568295464179e+00 4.164075373492502052e+01
1.707149899999999931e+01 5.628975299999999748e+01 3.622751520693856975e+01 4.737162284381355448e+01
1.423370800000000003e+01 4.873027400000000142e+01 1.812777619851843625e+01 4.472250783669474572e+01
3.959522000000000208e+00 5.486697000000000202e+01 1.508351148754895732e+01 5.801316389561391418e+01
3.704701599999999928e+01 5.845709999999999695e+01 1.740490042798369430e+01 5.069917271100347023e+01
3.885013200000000211e+01 5.025384499999999832e+01 1.500894888291025175e+01 3.559448968723074813e+01
2.809162099999999995e+01 5.878453400000000073e+01 4.108046865273618664e+01 5.762188284036603392e+01
3.849241299999999910e+01 4.289741500000000229e+01 1.339840660578754594e+01 6.702993980698789755e+01
1.292030899999999960e+01 5.391691200000000350e+01 1.350668087603867917e+01 3.931373075794876826e+01
4.218350000000000155e-01 5.875265000000000271e+01 4.265262490149271457e+01 6.796199761235695291e+01
1.605994400000000155e+01 3.790294000000000096e+01 2.181027888449819940e+01 3.802706726116768721e+01
2.083135800000000160e+01 5.932904400000000322e+01 2.934481957916640837e+01 6.216784280602074375e+01
4.441650400000000332e+01 4.849179999999999779e+01 1.206786625054351170e+01 5.982958486489572181e+01
2.853966099999999884e+01 6.977476000000000056e+01 1.232777803664639471e+01 4.324191094658887380e+01
1.610033800000000070e+01 3.757507999999999981e+01 2.617721830067159416e+01 5.256490075895965219e+01
1.311573300000000053e+01 3.868607699999999738e+01 9.546770224643950087e+00 3.778097715134742884e+01
2.914475300000000146e+01 6.654158999999999935e+01 4.204005098131921159e+01 6.962654080635792297e+01
1.403024399999999972e+01 5.805746500000000054e+01 3.301170543167163629e+01 4.386799216247156608e+01
4.009797700000000020e+01 5.741046999999999656e+01 1.235197735859145940e-01 4.900591483429880668e+01
4.510320000000000107e+01 5.041091500000000281e+01 1.659100552628165204e+01 6.912176173867737816e+01
2.962047000000000097e+00 5.461741599999999863e+01 2.150211514582572647e+01 3.965580827592879842e+01
3.161816800000000072e+01 6.187603000000000009e+01 4.518028431265319256e+01 6.825503689835448995e+01
2.139539999999999864e+01 3.908176399999999973e+01 1.252677837081078849e+01 5.317875564256468124e+01
1.708911099999999905e+01 3.613725300000000118e+01 2.706435232114930045e+01 4.997217128132488995e+01
2.574566700000000097e+01 5.443041000000000196e+01 2.404203555677447479e+00 4.193617704815762437e+01
2.534144999999999825e+01 4.466718000000000188e+01 4.525575056797562468e+01 5.654280135647979932e+01
3.786845799999999684e+01 4.117009999999999792e+01 1.505370557708218193e+01 6.739952704681311957e+01
4.513416699999999793e+01 4.122422000000000253e+01 1.408762967060449789e+01 6.289114313545653090e+01
1.624606299999999948e+01 4.442217300000000080e+01 1.246089791834799954e+01 4.758643087291024187e+01
1.029532900000000062e+01 5.712425999999999959e+01 8.554433267409958574e+00 4.786589090110585687e+01
4.569469000000000136e+01 4.543503599999999665e+01 1.711258169386705674e+01 3.522863926166454007e+01
2.603998800000000102e+01 6.587722999999999729e+01 1.121242069134531505e+01 3.568428158051985122e+01
4.445775199999999927e+01 4.659662200000000354e+01 4.213455280718111595e+01 6.734226743870809173e+01
2.267888500000000107e+01 6.566531999999999414e+01 1.324195528559614976e+00 5.521841824972018742e+01
1.310312099999999980e+01 4.020036300000000296e+01 1.221278373906815951e+01 6.928537869518311254e+01
1.359269699999999936e+01 5.732779299999999978e+01 2.026869551772865563e+01 6.086520292727914949e+01
4.131136300000000006e+01 6.445891000000000304e+01 4.094489778980105399e+01 5.654968290229751915e+01
4.043041000000000196e+01 5.361587500000000261e+01 3.695437355788710931e+01 4.930509460721007997e+01
3.224154300000000006e+01 5.308625800000000083e+01 1.018927702664685420e+01 6.380207986974166090e+01
4.482166999999999746e+01 4.681817600000000112e+01 2.025026600753367489e+01 5.133556820237680540e+01
4.503103999999999729e+01 5.263342699999999752e+01 9.785930836310113179e+00 4.749014290987409481e+01
1.688608599999999882e+01 3.564301700000000039e+01 2.267298351044371785e+01 4.520645252689858751e+01
3.906912200000000013e+01 4.471068999999999960e+01 2.280892971646126455e+01 6.533694500473566791e+01
3.397616000000000014e+01 5.016736199999999712e+01 3.412076625762698967e+01 4.090400483124410869e+01
1.058867599999999953e+01 6.573220000000000596e+01 4.059758602571577057e+01 6.376796792756132959e+01
2.660724000000000089e+00 3.756815699999999936e+01 3.129719866281764240e+01 4.700395783466946398e+01
4.305839999999999890e+00 4.796470300000000009e+01 2.009604233628610004e+01 4.349435839718352526e+01
2.060565799999999825e+01 6.561162000000000205e+01 2.388180028777969710e+01 6.977427126864608908e+01
1.347383899999999990e+01 4.578123000000000076e+01 4.070795254394699469e+01 4.810161083237190383e+01
1.999384999999999835e+01 4.106053500000000156e+01 4.185591112632224053e+01 4.036601025355574279e+01
2.067218000000000089e+01 4.371616399999999913e+01 3.177097755975314897e+01 6.057325580679783172e+01
8.131574999999999775e+00 5.984970500000000015e+01 1.357076656150880645e+01 4.588343718103158864e+01
2.687805000000000177e+01 5.150318999999999647e+01 2.733681906420112284e+01 5.112993059993315370e+01
4.352781999999999840e+01 4.096477999999999753e+01 2.223202763237307167e+01 4.520190093168349676e+01
1.733276199999999889e+01 5.907697300000000240e+01 1.338715196781345362e+01 3.506130367174441886e+01
1.813498900000000091e+01 6.416733000000000686e+01 1.027501627441698417e+01 5.109816075821555614e+01
6.984323999999999977e+00 5.885215800000000286e+01 1.921507187096051439e+01 4.855677247512494432e+01
3.878056300000000078e+01 4.929221700000000084e+01 3.218968069082153249e+01 5.297650421258450137e+01
1.262890200000000007e+01 4.089509000000000327e+01 3.653505460114487136e+01 3.533553310828976635e+01
1.874276499999999857e+01 5.889923999999999893e+01 2.199623112906417433e+00 5.074743876788875241e+01
1.841285999999999845e+01 5.198071999999999804e+01 1.849621498932615538e+01 4.810764383067223093e+01
9.242110999999999521e+00 4.621864699999999715e+01 4.512863230910606660e+01 5.266029157407160000e+01
1.520058399999999921e+01 6.273572000000000060e+01 2.856853783085492537e+01 4.561124880646318047e+01
1.706978200000000001e+01 5.925107599999999763e+01 2.394476519436141260e+01 6.942107211090370811e+01
1.388310199999999917e+01 5.484962500000000318e+01 5.663842960675606442e+00 5.372243658678331713e+01
3.468543199999999871e+01 5.538743600000000100e+01 2.350594898907068497e+01 6.053780395482169752e+01
2.225295399999999901e+01 5.744841399999999965e+01 6.217926918596590191e+00 6.301839224018576147e+01
6.381847999999999743e+00 3.684794999999999732e+01 2.230716856271909876e+01 6.421517414519840372e+01
3.889555699999999661e+01 5.299522799999999734e+01 8.539780195012161457e+00 5.799070855042594985e+01
2.422137999999999991e+01 5.511350300000000146e+01 2.666220235319993037e+01 6.994459125516647191e+01
1.789090000000000069e+00 4.566433700000000329e+01 4.354885504592882484e-01 6.506991383881484126e+01
5.194638000000000311e+00 4.769770400000000166e+01 4.091385156775728404e+01 5.884622499349393365e+01
1.999312999999999896e+00 5.246332000000000306e+01 1.947551102731857853e+01 6.929946532101507728e+01
2.518118899999999982e+01 4.177221000000000117e+01 4.577591193877670861e+01 6.271265896945701002e+01
3.333992800000000045e+01 6.382407800000000009e+01 3.565712643967958684e+01 3.927311740988636757e+01
2.528763999999999967e+01 5.743403599999999898e+01 1.680090095029565589e+01 5.701280031919479541e+01
2.192362200000000172e+01 6.514176999999999396e+01 3.365898731709962988e+01 5.158135274499301204e+01
3.284507800000000088e+01 6.954331999999999425e+01 6.184891205453193486e-01 6.222106412653766938e+01
3.866789599999999893e+01 3.744925700000000290e+01 4.135960279222430813e+01 5.888824321833504882e+01
2.956473400000000140e+01 5.012564499999999867e+01 2.797845364827952963e+01 4.046596985544680791e+01
6.096256999999999593e+00 4.551793299999999931e+01 3.381446882158356004e+01 6.140247281767028653e+01
1.504182300000000083e+01 4.077776300000000020e+01 1.231935430176373458e+01 5.106934245368420733e+01
3.946095000000000130e+00 4.858756000000000341e+01 4.407325942319500456e+01 5.675539582726933219e+01
4.086510499999999979e+01 5.897187999999999874e+01 3.332813379347329885e+01 4.429930071836693628e+01
1.554884999999999984e+01 5.615957600000000127e+01 8.787789169216564389e+00 5.304238496765709954e+01
2.408047999999999966e+00 4.782771699999999981e+01 4.015930006981067635e+01 5.982755973204682221e+01
2.966511500000000012e+01 5.175081000000000131e+01 4.353944716993630237e+01 3.781583557508167814e+01
2.391009499999999832e+01 5.324953000000000003e+01 2.137388427072420427e+01 3.998222563147103159e+01
1.874223999999999890e+01 5.102029399999999981e+01 3.924648665363297084e+01 4.757087455527832276e+01
1.125512200000000007e+01 6.999576600000000326e+01 4.500070934381841425e+01 4.665896751643525420e+01
1.601344500000000082e+01 5.771203200000000066e+01 4.611841420399157343e+00 4.153611384174696042e+01
1.535392099999999971e+01 5.430057000000000045e+01 3.941244830043634906e+00 4.688722198872849134e+01
1.897825200000000123e+01 5.810138700000000256e+01 1.225965061283101321e+01 5.485093346173945861e+01
2.718171299999999846e+01 4.580230300000000199e+01 3.349115786940959794e+01 4.738443856558038192e+01
3.880960999999999927e+01 5.567897800000000075e+01 3.874234601523387767e+01 3.943207885369928078e+01
3.967791400000000124e+01 4.395443300000000164e+01 3.815628267380793659e+01 6.926309724497892262e+01
2.050198699999999974e+01 6.343085500000000110e+01 4.268716821362425407e+01 6.323179282233910925e+01
1.943189200000000127e+01 5.434365999999999985e+01 2.708294913675224080e+01 5.805721813106899276e+01
1.798568699999999865e+01 3.557193800000000294e+01 3.719842946173991294e+01 4.272674978222734410e+01
4.581027000000000271e+01 4.574255399999999838e+01 1.303584858483904263e+01 6.188305911297764794e+01
6.831593999999999944e+00 5.818008999999999986e+01 7.774331452856515057e+00 5.519883374908994256e+01
1.493961799999999940e+01 5.410943999999999932e+01 5.284283689479685187e-01 5.347170443060941381e+01
2.253664799999999957e+01 6.256523500000000126e+01 2.045443092245151107e+01 4.111345817758857635e+01
2.825112499999999827e+01 5.632550400000000224e+01 2.381506153832179606e+01 6.670580185955186892e+01
1.069199899999999914e+01 5.864054000000000144e+01 1.373503592622611613e+01 5.863848918605609839e+01
1.663877899999999954e+01 5.333778399999999920e+01 1.664784122459378324e+01 6.923995858032461115e+01
2.655179199999999895e+01 4.608719599999999872e+01 4.569584588333624353e+00 4.306673520023753809e+01
2.325186300000000017e+01 5.631542199999999809e+01 2.964139957303808615e+01 4.285374724808050928e+01
1.895528399999999891e+01 5.687781999999999982e+01 4.128771974285781710e+01 4.070688767028201482e+01
9.778511999999999205e+00 6.937426000000000670e+01 4.069798129727541891e+01 5.890900976809109579e+01
3.803103000000000122e+01 4.284808999999999912e+01 7.764857624370325340e+00 5.843671461187509664e+01
3.389439399999999836e+01 4.367678000000000083e+01 7.872176984623915352e+00 6.137115228138473100e+01
1.836508800000000008e+01 3.505953000000000230e+01 2.163317524540350689e+01 4.066782336212479265e+01
4.306585700000000116e+01 4.050087700000000268e+01 1.996665079980143531e+01 6.001001551389571631e+01
1.892498399999999847e+01 6.436745000000000516e+01 1.728550222521904445e+01 5.924757383536929467e+01
3.995062000000000069e+01 5.499358399999999847e+01 5.318762442918718580e-01 3.710878582335201514e+01
1.917952500000000171e+01 5.950284200000000112e+01 4.024631101308178138e+00 5.519960948199404527e+01
7.887438999999999645e+00 6.426868000000000336e+01 2.215723843370406954e+01 4.499183547260317084e+01
2.483293199999999956e+01 3.500153399999999948e+01 3.935737789730791292e+01 5.775995298773362663e+01
3.126017799999999980e+01 5.403676600000000008e+01 3.827025264408482030e+01 3.988431417758214081e+01
2.594041800000000109e+01 3.752478399999999681e+01 3.549782013458247576e+01 4.178418219771525344e+01
3.383384999999999820e+01 4.137084200000000322e+01 4.454220274065689544e+00 3.725031680150027569e+01
1.522127899999999912e+01 5.682667000000000002e+01 5.143816437764931138e+00 5.234513490334352070e+01
1.021218099999999929e+01 6.556378999999999735e+01 4.586880802294654558e+01 6.888508708667362157e+01
1.654978399999999894e+01 5.985629300000000086e+01 2.330071759191146086e+01 3.958252812043278368e+01
4.509959400000000329e+01 3.863786999999999949e+01 2.893959552956823345e+01 4.891956662354249374e+01
1.054686000000000057e+01 5.430304300000000239e+01 3.680224825446160963e+01 5.146657632246875380e+01
