1.141925499999999971e+02 2.823162999999999911e+01 1.063915350650828486e+02 3.463169887357913268e+01
1.262763199999999983e+02 1.215531000000000006e+01 1.327992326783119097e+02 7.269835978840601065e+00
1.004126049999999992e+02 2.261345000000000027e+01 9.306611779225458747e+01 1.917930866844530158e+01
1.008354400000000055e+02 1.752425399999999911e+01 1.250828398889671860e+02 7.282106820529396174e+00
1.372332900000000109e+02 1.501410800000000023e+01 1.073448012835360998e+02 1.468211064590864190e+01
1.042875439999999969e+02 1.675788000000000011e+01 1.124767308646968047e+02 2.597778910507492434e+00
1.100219600000000071e+02 2.893303699999999878e+01 9.551141019239584296e+01 1.755855483112166127e+01
1.066784899999999965e+02 8.027340000000000586e+00 9.313253346491747209e+01 3.377944889908774684e+01
1.274280200000000036e+02 8.565103000000000577e+00 1.209752853191526185e+02 5.163363028014432921e+00
1.051628400000000028e+02 1.601568200000000175e+01 1.082575668487668992e+02 2.939513097196129721e+01
1.239288300000000049e+02 7.131028999999999840e+00 1.106246234779694504e+02 1.295748036786586432e+01
9.998476999999999748e+01 5.003547000000000189e+00 1.275298934705124339e+02 1.604763964321655934e+01
1.331738100000000031e+02 1.710335399999999950e+01 1.298004522619942520e+02 1.263519833702192230e+01
1.355432900000000132e+02 8.343788999999999234e+00 1.019842404783234997e+02 8.986045924543436314e+00
1.035432399999999973e+02 2.423743999999999943e+01 1.334920461438483414e+02 3.081378368733292561e+01
1.310145699999999920e+02 1.227133000000000074e+01 1.063887338712650177e+02 1.991784399647334336e+00
9.694570000000000221e+01 1.687334399999999945e+01 1.014386440751925136e+02 3.164870736621594904e+00
1.228410200000000003e+02 5.331567999999999863e+00 9.264808120100730093e+01 2.925108156600751030e+01
1.265143659999999954e+02 1.300008799999999987e+01 1.330809487213285252e+02 7.629492979530164476e+00
1.066365299999999934e+02 1.226323999999999970e+01 9.450702480277561790e+01 4.545550835628169750e+00
1.270311099999999982e+02 9.210869000000000639e+00 1.202220877872955498e+02 7.545036261185834370e+00
1.300095200000000091e+02 1.434867000000000026e+01 1.087947669051934554e+02 1.367390897975873720e+01
1.175521399999999943e+02 2.093461999999999890e+01 1.067283087818824185e+02 2.672490982169342999e+01
1.116475999999999971e+02 2.947777999999999921e+01 1.040201152978696086e+02 1.464734676112944811e+01
1.181156600000000054e+02 2.807990600000000114e+01 1.158172180546314536e+02 2.873747640200574693e+01
9.672302000000000533e+01 1.161534400000000034e+01 1.171484773120569258e+02 9.419219552508540261e+00
1.123661100000000062e+02 1.985620899999999978e+01 1.025732365681858624e+02 2.086800008582024191e+01
1.316337000000000046e+02 1.536777499999999996e+01 1.194114134066906558e+02 2.093678747171569299e+01
1.194749450000000053e+02 3.442628000000000021e+00 1.161016929148305366e+02 2.360179500316617052e+01
1.011390499999999975e+02 3.278504999999999825e+01 9.864141280138758816e+01 7.348200845995368269e+00
9.325641000000000247e+01 2.074531999999999954e+01 1.257812291229063533e+02 3.170551013492851666e+01
9.343214000000000397e+01 1.265039200000000008e+01 1.307155130295061269e+02 2.635107467726947661e+01
1.045930900000000037e+02 2.917896000000000001e+01 1.085988875923857080e+02 2.829418656188869718e+01
1.299863599999999906e+02 1.666687399999999997e+01 1.365380250623145741e+02 1.096431150251121700e+01
9.910432400000000541e+01 1.760354200000000091e+01 1.028683670590175581e+02 9.002151428169435476e+00
1.377009099999999933e+02 1.744961199999999835e+01 1.004513714521926744e+02 1.846346314243597320e+01
1.206739350000000002e+02 1.298873000000000033e+01 1.203987028784987956e+02 1.239895380505099398e+00
1.055823599999999942e+02 2.382420000000000115e+01 9.840678106681599502e+01 1.226049596544741860e+01
1.254233859999999936e+02 2.886179999999999968e+00 1.361830549327905828e+02 2.660024630071719898e+01
1.008982799999999997e+02 1.920488399999999984e+01 1.063858876903072854e+02 2.430584323064143604e+01
1.109616900000000044e+02 1.647451399999999921e+01 1.354767913268677830e+02 1.548091073906992143e+01
1.258002900000000039e+02 1.515819699999999948e+01 1.252809359805759755e+02 2.312821112390836475e+01
1.054726639999999946e+02 1.292944400000000016e+01 1.030565744575621352e+02 3.841489897794787112e+00
1.209879799999999932e+02 1.243783900000000031e+01 1.191870281752857608e+02 4.946481154954111226e+00
1.146491199999999964e+02 2.055787799999999876e+01 1.238121733325184977e+02 2.715620596884901872e+01
1.232039299999999997e+02 2.544616699999999909e+01 1.258531818031989360e+02 3.078216494888451393e+01
1.289606799999999964e+02 1.261729300000000009e+01 1.136229434935496698e+02 1.854903942992858035e+01
1.343044899999999870e+02 1.360846100000000014e+01 9.559205695534578240e+01 2.731025387801161841e+01
1.011866799999999955e+02 2.244153999999999982e+01 1.093968323485703991e+02 4.162659700904524307e+00
1.158917540000000059e+02 1.912817799999999835e+01 1.225035555419571551e+02 1.047954806395326699e+01
1.283342100000000130e+02 2.203216400000000164e+01 9.274677464832454632e+01 2.115894002594462364e+01
1.009080399999999997e+02 2.003603999999999985e+01 1.132294461760651387e+02 7.843282101542142781e-01
1.321534699999999987e+02 7.309249999999999581e+00 1.346437915283462985e+02 7.846759069937966125e+00
1.039138399999999933e+02 1.255168100000000031e+01 1.115209464470887184e+02 3.230741148708282395e+01
1.108996999999999957e+02 3.483259000000000327e+01 1.100475917616450516e+02 4.199853162792838157e-01
1.066084100000000063e+02 3.491856800000000050e+01 1.025616834871727860e+02 3.282577177631951315e+01
1.357525300000000072e+02 3.087321499999999830e+01 1.169490996375263876e+02 3.282062734476534871e+01
1.114913899999999956e+02 3.495139999999999914e-01 1.314061694278414052e+02 1.028816118716287420e+01
1.106384299999999996e+02 3.058228099999999827e+01 9.201532164207826270e+01 2.647033446912277199e+01
1.269034099999999938e+02 1.216027200000000086e+01 1.182960136543516967e+02 3.207193801896332985e+01
1.262960360000000009e+02 2.761617000000000033e+01 9.833338694098483757e+01 1.460183680713099896e+01
1.355708199999999977e+02 1.183108600000000088e+01 1.105014940438765336e+02 2.011832463762772960e+01
1.196053399999999982e+02 1.343893199999999943e+01 1.113435829699767936e+02 4.367748386779809699e+00
1.183045350000000013e+02 1.970592500000000058e+01 1.196859995791813844e+02 2.631378417227402977e+01
1.039746800000000064e+02 2.082602500000000134e+01 1.097712135948488026e+02 2.410630147506773113e+01
1.057339300000000009e+02 2.254277000000000086e+01 1.288216951853719934e+02 1.709334161463925739e+01
1.186736449999999934e+02 1.656894300000000086e+01 1.016764022319780594e+02 3.289342044789564312e+01
1.020793800000000005e+02 2.128403700000000143e+01 1.070960964196564049e+02 2.068527834156661527e+01
1.167885739999999970e+02 1.309459400000000073e+01 1.066824581773608713e+02 2.705919840225687167e+01
1.068015400000000028e+02 2.137270499999999984e+01 1.023851537475626543e+02 3.121168150862336432e+01
1.033774300000000039e+02 2.454024499999999875e+01 1.177008721254816237e+02 1.364341007720217114e+01
1.128938299999999941e+02 1.716561099999999840e+01 1.300472657038310444e+02 3.135650645503475076e+01
1.177207499999999953e+02 1.377951799999999949e+01 1.296779464855612787e+02 2.956995764115044523e+01
1.129113159999999993e+02 2.588991400000000098e+01 1.027176159936115312e+02 1.564620158651967863e+01
1.246774400000000043e+02 1.209600299999999962e+01 1.061459066814412324e+02 3.376229019806610410e+01
1.221371100000000069e+02 3.243491000000000213e+01 1.092573717106394611e+02 4.960478206913809807e-01
9.467365999999999815e+01 2.161741400000000013e+01 1.346976180473610043e+02 1.525234316190904771e+01
1.245430300000000017e+02 2.024064000000000085e+00 1.291715148686041630e+02 9.817349074668337394e+00
1.267472099999999955e+02 7.728730999999999796e+00 9.304384087907175171e+01 2.808187307662467092e+01
1.101364439999999973e+02 1.750603699999999918e+01 1.053781248675334865e+02 1.642483401413037214e+01
1.085328200000000010e+02 2.570951300000000117e+01 1.287598799781503089e+02 5.119377557536950896e+00
1.154636600000000044e+02 6.711888000000000076e+00 1.214417275341593268e+02 1.294155036043899365e+01
1.301203199999999924e+02 9.073128999999999778e+00 1.210883282546597002e+02 3.095360872264378216e+01
9.615071000000000367e+01 1.844079800000000091e+01 9.741576318552102975e+01 3.381402849915368591e+01
1.255558699999999988e+02 4.544313999999999965e+00 1.290966038819797177e+02 7.570349651618957232e-01
1.318092800000000011e+02 3.159798400000000029e+01 1.083411441200055094e+02 8.081933796713332896e+00
1.369836099999999988e+02 2.763330999999999982e+00 1.274519050294229032e+02 1.214713710873673591e+01
1.276514700000000033e+02 1.503062899999999935e+01 1.338366905227483130e+02 8.718357807810334092e-01
1.081673300000000069e+02 3.137665000000000148e+01 9.991504821135481507e+01 1.374723046953740635e+01
1.266689800000000048e+02 1.227758900000000075e+01 1.050129166001136412e+02 2.753910217382943415e+01
1.107922400000000067e+02 2.889390600000000120e+01 9.563851608246552871e+01 1.926495734759884471e+01
1.008170850000000058e+02 2.297933400000000148e+01 9.434141486890092665e+01 1.712490714784964840e+00
1.033669500000000028e+02 2.366564999999999941e+01 1.070024056918087751e+02 2.236908299674659517e+01
1.303903999999999996e+02 2.805204999999999949e+00 1.159776735005076205e+02 2.160460594092407760e+00
1.000717899999999929e+02 3.462064399999999864e+01 9.283571906988285605e+01 1.423744593198207831e+01
1.187323899999999952e+02 1.239340999999999937e+01 1.254075716971904342e+02 1.492174916908521531e+01
1.317522700000000100e+02 7.439243000000000272e+00 9.257916649901619621e+01 3.262639302259055540e+01
1.074296650000000000e+02 4.943573999999999913e+00 1.246014078121291107e+02 1.270003526284449435e+01
1.223116799999999955e+02 7.156254999999999811e+00 1.097227097329643186e+02 2.202853016509975781e+00
1.151021999999999963e+02 2.461723999999999890e+01 1.298420419437363762e+02 2.649373522338740372e+01
9.826783000000000357e+01 3.081710999999999956e+01 1.055485817231630108e+02 1.252647456329238906e+01
1.206544499999999971e+02 1.271279400000000059e+01 1.183423730015771014e+02 1.416191820416322633e+00
1.249493939999999981e+02 1.101958300000000079e+01 9.395413842481615063e+01 1.656305742092713018e+01
1.073292849999999987e+02 3.159566099999999977e+01 1.239762299180612928e+02 2.451014961912919077e+01
1.352432100000000048e+02 1.783892799999999923e+01 1.305452524436810791e+02 2.795070187055536692e+01
1.167539400000000001e+02 1.200967200000000012e+01 1.021373685626761869e+02 8.288054113626980524e+00
1.012284599999999983e+02 2.449690000000000012e+01 1.121256243233847130e+02 2.263360299007577225e+01
1.330418999999999983e+02 5.873175999999999952e+00 1.232374320288034255e+02 3.082625801032624580e+01
1.085017849999999981e+02 2.128969999999999985e+01 1.260541678813848989e+02 9.081336944088164165e-01
1.022503200000000021e+02 1.647226099999999960e+01 9.508695161729185941e+01 1.397693964078448481e+01
1.041709440000000058e+02 3.200216000000000349e+01 1.144126169438428917e+02 1.934985117410787225e+01
1.254562600000000003e+02 3.918108000000000146e+00 1.040025884082035930e+02 5.680891027262376269e+00
1.047332300000000060e+02 2.698434299999999908e+01 1.344913466008887610e+02 9.281265115488762873e+00
1.191021599999999978e+02 1.562066500000000069e+01 1.307118173818279843e+02 1.183220399438084414e+01
1.192735749999999939e+02 1.863693999999999917e+01 1.145145994080830576e+02 2.890285248470271284e+01
1.261360600000000005e+02 1.381871199999999966e+01 1.337601642876795722e+02 1.459577130477862283e+01
9.297975999999999885e+01 2.366921800000000076e+01 1.334594361071202968e+02 3.088649765670791858e+00
1.067624600000000044e+02 2.577194400000000130e+01 1.156857972697643646e+02 1.589263925641839492e+01
1.117229700000000037e+02 2.507940899999999829e+01 1.322148567452333623e+02 3.962484159383742988e+00
1.196052549999999997e+02 1.820967900000000128e+01 1.086786230090351211e+02 3.304155743928051336e+00
1.376184800000000052e+02 1.351674500000000023e+01 1.145938132528199134e+02 8.016280767890634706e+00
1.081480499999999978e+02 2.939423800000000142e+01 1.009985542249021080e+02 3.214387378369957560e+01
1.090013050000000021e+02 2.906080000000000041e+01 1.283048590598170904e+02 2.305018435191486148e+01
9.678072000000000230e+01 1.856154000000000082e+01 1.277032299747219497e+02 3.290339397868662275e+01
1.366002000000000010e+02 2.353372600000000148e+01 1.282056277407230880e+02 3.381906591036820942e+01
1.317752499999999998e+02 1.714565800000000095e+01 1.014555876992189098e+02 6.165015092180760270e+00
9.940874999999999773e+01 1.305378200000000000e+01 1.351971834390440677e+02 1.670734942570090809e+01
1.326187299999999993e+02 2.423593299999999928e+01 1.338573516480205683e+02 2.311269900534960442e+01
1.378613000000000000e+02 1.162365699999999968e+01 1.301575303438124251e+02 4.355176022754580600e+00
1.233786699999999996e+02 4.075228000000000073e+00 1.014091815202979348e+02 5.421728240623576056e+00
1.135080899999999957e+02 2.942609399999999908e+01 1.060662056912699569e+02 6.647751317564960516e+00
1.164583360000000027e+02 2.065202999999999989e+01 1.376669395116171302e+02 2.780530124845554951e+01
1.004663800000000009e+02 2.924779099999999943e+01 1.046325627811750110e+02 2.848038740378861888e+01
1.234273799999999994e+02 2.926879100000000022e+01 9.537418471158788691e+01 7.545275562824031113e+00
1.040678560000000061e+02 3.964449000000000112e+00 1.328927830575291296e+02 2.909492643677906543e+01
1.189135700000000071e+02 1.334721000000000046e+01 9.578384462725868786e+01 9.038158166685924755e+00
1.093180899999999980e+02 1.304350999999999949e+01 1.152893059976376122e+02 2.810636404908801467e+01
1.221421050000000008e+02 3.095749999999999780e+00 1.203880524440423017e+02 9.183054090700347061e+00
1.027374400000000065e+02 1.609719000000000122e+01 9.215511311652510074e+01 3.467889297903951018e+01
1.132756650000000036e+02 2.208142499999999941e+01 1.339463523972310099e+02 5.340932081814736554e-01
1.133772500000000036e+02 2.012534099999999881e+01 1.038851433468273910e+02 1.304505301208768486e+01
1.060215299999999985e+02 3.060406000000000049e+01 9.348781787530106158e+01 2.121811560590468915e+01
1.318686399999999992e+02 7.302616000000000440e+00 1.351152004873778765e+02 3.487173093479487562e+01
1.049697199999999953e+02 2.328538299999999950e+01 9.334068572802821961e+01 2.002202744647490817e+01
1.200969999999999942e+02 1.983857199999999921e+01 9.911505933807472957e+01 3.312304214383341616e+01
1.118421859999999981e+02 1.936338999999999899e+01 1.166151026224845282e+02 3.354501876192267362e-01
1.134047800000000024e+02 3.464389800000000008e+01 1.114844914873552568e+02 2.318758898068211671e+00
1.020694000000000017e+02 1.701910399999999868e+01 1.164699274568056353e+02 2.192342931257390859e+01
1.065664600000000064e+02 3.067689499999999825e+01 9.726908859969842069e+01 9.194760561494028650e+00
1.314637800000000141e+02 1.366797000000000040e+01 1.085985133414950923e+02 8.393768614889079771e+00
1.074754400000000061e+02 1.089594899999999988e+01 1.282802786340276668e+02 2.706088945645821653e+01
1.338926400000000001e+02 1.374230400000000074e+01 1.170242075115550477e+02 7.350841178862246750e+00
1.245328750000000042e+02 5.898450999999999667e+00 1.325658429402866432e+02 6.652628980912488110e+00
1.282913200000000131e+02 3.539490000000000136e-01 9.682657960250749341e+01 2.746464796983796219e+01
1.358929100000000005e+02 1.341391800000000067e+01 1.281251639135042524e+02 1.526807224215900227e+01
1.003601900000000029e+02 6.202410999999999675e+00 9.432265189644238035e+01 9.221095847037766191e+00
1.001638200000000012e+02 3.052398099999999914e+01 9.441975405855845338e+01 1.720363534197580435e+01
1.221774099999999947e+02 4.068751999999999924e+00 1.124637631854219251e+02 3.258704010394384909e+01
1.020150399999999991e+02 1.459681100000000065e+01 9.936849334569851067e+01 7.396079084782929414e+00
1.324789299999999912e+02 1.566821200000000047e+01 1.098228722818296745e+02 2.721089491886200662e+01
1.311417199999999923e+02 4.451149000000000022e+00 1.378540224812005306e+02 2.103648197450322854e+01
1.103286899999999946e+02 1.103283000000000014e+00 1.277732872755759246e+02 8.964147874004085637e+00
1.055615499999999969e+02 1.217980999999999980e+01 9.622016428782956154e+01 1.678381253352879554e+01
9.840043000000000006e+01 2.720805700000000016e+01 1.034955231098455073e+02 1.913486492874698630e+00
1.170046200000000027e+02 2.565857000000000099e+01 9.919308194090176301e+01 8.578709308006645884e+00
1.252612100000000055e+02 1.041665000000000063e+01 1.313603467723512779e+02 1.745164530804198577e+01
1.034334800000000030e+02 1.589862499999999912e+01 9.368960872261749273e+01 3.186671575674571599e+00
1.180868300000000062e+02 8.296312000000000353e+00 1.298124588124020420e+02 2.013783824201259343e+00
1.306742099999999880e+02 8.577165000000000816e+00 1.057946452805898048e+02 1.249706873431810905e+01
9.204438000000000386e+01 2.020230499999999907e+01 1.330340653704336944e+02 6.254523068071654590e-01
1.022510599999999954e+02 1.265013899999999936e+01 1.172271756656899413e+02 2.283639180721289819e+01
1.286689599999999984e+02 1.164122899999999916e+01 1.284635268733825910e+02 1.199658067742557854e+01
1.103507400000000018e+02 8.773649999999999505e-01 1.243837539101483003e+02 2.051683457685060574e+01
1.212077560000000034e+02 3.169395300000000049e+01 1.293471367148100626e+02 2.291832626474656465e+00
1.150612100000000027e+02 2.330619199999999935e+01 1.375309812944262262e+02 2.010733322668892953e+01
1.346167399999999930e+02 3.521285999999999916e+00 1.113648010914940016e+02 1.419557492106143215e+01
9.423469500000000210e+01 8.636367999999999157e+00 1.234691574052982901e+02 3.330196962396272653e+01
1.104307500000000033e+02 1.658255600000000030e+01 1.356586147753988882e+02 3.239843947333674379e+01
1.263477249999999970e+02 1.183359199999999944e+01 1.096838131502100993e+02 3.012313549519924649e+01
1.357156699999999887e+02 3.125895300000000177e+01 1.263798507422356749e+02 1.872214663065187423e+01
1.208825700000000012e+02 1.676954800000000034e+01 9.785085440976310167e+01 1.058642019988002758e+01
1.333053099999999915e+02 5.441651000000000238e+00 1.139450989461304147e+02 2.288740852868791720e+01
1.117798300000000040e+02 2.242299999999999827e+01 1.009979367606493099e+02 1.461521223080877796e+01
1.064135899999999992e+02 2.078034999999999854e+01 1.047124985865828393e+02 2.810124505002692175e+01
1.240638660000000044e+02 2.977226299999999881e+01 1.147305986858143427e+02 4.402261928085781761e+00
1.170396599999999978e+02 3.272567399999999793e+01 9.991917087271889386e+01 7.096022203748495016e+00
1.123611199999999997e+02 2.254460299999999862e+01 1.245166088867128735e+02 9.289842444264300170e+00
1.227914099999999991e+02 2.626429399999999958e+01 1.142677898881768357e+02 1.455224835806823158e+01
1.361513500000000079e+02 3.663924999999999876e+00 9.693923516407058116e+01 2.528221758978801148e+01
1.166195600000000070e+02 2.389059299999999908e+01 1.001690340690283847e+02 3.571277778933713343e+00
1.270006400000000042e+02 1.816579000000000121e+01 1.091271258959476995e+02 2.034027752861232585e+01
1.211944400000000002e+02 7.120269999999999655e+00 1.337333745168990617e+02 6.782393087951604782e-01
1.017679899999999975e+02 1.656687200000000004e+01 1.141835735574479287e+02 2.044380621559203348e+01
9.543803400000000181e+01 2.144368199999999902e+01 1.064044472300393238e+02 3.272121657186426802e+01
1.117049099999999981e+02 1.392223999999999906e+00 1.208271513191969575e+02 5.064177659603499748e+00
1.116914900000000017e+02 1.667273899999999998e+01 1.332013634579489576e+02 1.921232539626822700e+01
1.105670700000000011e+02 1.976796200000000070e+01 9.454999426589149891e+01 1.555925869984645971e+01
1.330899400000000128e+02 1.250860000000000083e+00 1.167693300891449155e+02 3.275809768500671737e+01
9.702769499999999425e+01 1.544913900000000062e+01 1.352927404317043170e+02 3.057413504383627867e+01
1.217467800000000011e+02 3.821569999999999911e+00 1.133839281757902313e+02 9.119119004482959312e+00
1.051010700000000071e+02 8.262510999999999939e+00 1.092555502168142567e+02 2.528502074931531229e+00
1.197753399999999999e+02 1.044808199999999943e+01 1.257905095276935583e+02 1.302330501325526413e+00
1.216979749999999996e+02 6.862764000000000308e+00 1.067905320923783279e+02 1.729131437324318554e+01
9.340278999999999598e+01 4.793091000000000435e+00 1.158022548611583318e+02 1.211245750380712805e+00
1.057738700000000023e+02 3.275798400000000044e+01 9.563935472584692832e+01 1.905520546602767951e+01
1.132487100000000027e+02 2.224254600000000082e+01 1.276461794437299488e+02 3.415569224448334040e+01
9.869783999999999935e+01 2.488554600000000150e+01 1.353258078640029112e+02 2.617648137587054080e+01
1.074345600000000047e+02 3.142921400000000176e+01 1.359186581759562102e+02 6.579215571071959978e+00
1.002415799999999990e+02 2.393959399999999960e+01 1.164146812555534041e+02 7.140824187925620681e-01
1.264865340000000060e+02 1.459183699999999995e+01 1.115162380431000315e+02 3.466852747001585300e+01
1.148955600000000032e+02 1.872133399999999881e+01 1.351965259235585108e+02 1.972218800538278316e+01
1.138190160000000049e+02 1.354168100000000052e+01 1.290656638912291498e+02 5.609641945617945602e+00
1.355431199999999876e+02 2.001708199999999849e+01 1.071358982667653663e+02 3.191967230792114307e-01
1.275717999999999961e+02 1.522483000000000075e+01 1.344999310206967778e+02 2.774775997040086750e+01
1.292459900000000061e+02 4.137847999999999971e+00 9.738477566057248680e+01 2.841885623089705959e+01
1.025581399999999945e+02 2.460176999999999836e+01 1.322616712479053831e+02 3.427563534428011316e+00
1.285662100000000123e+02 1.856218499999999949e+01 1.360025194464048468e+02 3.287890429862140529e+00
1.285975599999999872e+02 1.229112600000000022e+01 1.002114385818827884e+02 1.616769472003815977e+01
1.146455700000000064e+02 2.811013399999999862e+01 1.334042744863934900e+02 3.326791427650638866e+01
1.227520700000000033e+02 1.170782999999999907e+00 1.214023449659461136e+02 1.679727346071271654e+01
1.206282599999999974e+02 1.361213200000000079e+01 1.277564432494125271e+02 2.846385752785326417e+01
9.488523999999999603e+01 3.360560600000000164e+01 1.192711623248348900e+02 4.484881981714591959e+00
1.338978899999999896e+02 2.646328499999999906e+01 9.357773072764844358e+01 1.077888895545181391e+01
9.463783999999999708e+01 2.379528600000000083e+01 1.138257776894855482e+02 1.990328643687260701e+00
1.184589500000000015e+02 2.161511399999999838e+01 9.236841619289545235e+01 1.173532518854373663e+01
1.030134699999999981e+02 1.714922999999999931e+01 1.340829655647706886e+02 3.058980700994421298e+01
1.207911699999999939e+02 1.297105099999999922e+01 1.167131536359337645e+02 5.440544695206154024e+00
1.261208799999999997e+02 4.358299999999999674e-02 9.459373981697292777e+01 4.436032152608576418e+00
1.057244199999999950e+02 4.930296000000000234e+00 1.291512663364558193e+02 2.029986684337212210e+01
1.117416840000000064e+02 2.507232999999999823e+00 1.317321668759988711e+02 3.402050133178169489e+01
1.239226299999999981e+02 1.168934499999999943e+01 1.058938577833079506e+02 1.075907740022451486e+00
1.039407649999999990e+02 1.002263800000000060e+01 1.013617414319848251e+02 2.223405536192839449e+01
1.019604800000000040e+02 2.698521799999999971e+01 9.256930215483940572e+01 2.355944049931289896e+01
1.003025499999999965e+02 1.609912900000000135e+01 1.161141753247814989e+02 2.400523766813473969e+01
1.251776499999999999e+02 9.960960999999999288e+00 1.069008319303390806e+02 2.605180670896860562e+00
9.567327000000000226e+01 3.478048299999999671e+01 1.027185083314053315e+02 2.884843941904635045e+01
9.760130999999999801e+01 1.960865599999999986e+01 1.315955292255904396e+02 1.063629872650356800e+00
1.220831000000000017e+02 5.744365000000000165e+00 1.055551857636067865e+02 3.070323888395236622e+01
1.124594649999999945e+02 2.773611800000000116e+01 9.507074927308502765e+01 8.311100137508748986e+00
1.292956100000000106e+02 2.781921200000000027e+01 1.264822188153746936e+02 9.327758059718139094e+00
1.055517300000000063e+02 2.252885200000000054e+01 1.234576041905863093e+02 3.350903694540397737e+01
1.335709999999999980e+02 3.229453000000000173e+01 1.311689016699383785e+02 1.743148798091854701e+01
1.073785500000000042e+02 3.300144999999999840e+01 1.037392664157631827e+02 2.972620325200843894e+01
1.233387599999999935e+02 2.847430000000000128e+00 9.540650481415126194e+01 1.627973506698858941e+01
1.297281600000000026e+02 1.556633399999999945e+01 1.362926635358901422e+02 3.058281865689894374e+01
1.185020800000000065e+02 3.043984199999999873e+01 9.389763539834517303e+01 1.181310786449764194e+01
1.220807700000000011e+02 2.383238199999999907e+01 1.174370088718463592e+02 1.203111636142664054e+01
9.350856000000000279e+01 2.460374999999999979e+00 1.126745225951855787e+02 2.047473611878032784e+01
1.104587499999999949e+02 2.348718999999999824e+01 1.147198936017955759e+02 1.119167992538831236e+01
1.096028799999999990e+02 2.265409999999999968e+01 9.583072932155594970e+01 3.217750495713831071e+01
1.270216999999999956e+02 1.202432300000000076e+01 1.172153281251679573e+02 2.433989396202195721e+01
1.004067459999999983e+02 1.560150900000000007e+01 9.628278809523449411e+01 3.361897675762927662e+01
1.265415600000000040e+02 2.948997500000000116e+01 9.457056689067556476e+01 1.787696381437988258e+00
1.354256300000000124e+02 3.155119300000000138e+01 1.276391289000180933e+02 1.399805202328272280e+01
1.065756499999999960e+02 1.578832599999999964e+01 1.058956501224672024e+02 1.969733027864884889e+01
1.043324360000000013e+02 3.222833599999999876e+01 1.156838682912156884e+02 2.757748280793391515e+01
1.183964100000000030e+02 2.882246400000000008e+01 9.616884185408746077e+01 3.456482812810988037e+01
1.274986999999999995e+02 1.990880800000000050e+01 1.230956475851818936e+02 1.061323024571397688e+01
1.265932540000000017e+02 1.222334599999999938e+01 9.665331085851012460e+01 3.491783821827388223e+00
1.110726800000000054e+02 1.657695800000000119e+01 1.265609449057924536e+02 3.412337217265523037e+01
1.036258200000000045e+02 2.503497700000000137e+01 1.337235223779443345e+02 1.061063807629449052e+01
1.148494900000000030e+02 2.243533899999999903e+01 9.357999528918448107e+01 1.614846034360923355e+01
1.067001900000000063e+02 1.305196199999999962e+01 1.009713299313765731e+02 1.949791840113778107e+01
1.215895900000000012e+02 2.809661000000000186e+00 1.355235927060553252e+02 3.410168801232651248e+01
1.069824140000000057e+02 2.790228499999999912e+01 1.308056092966126016e+02 2.651992199881344803e+01
1.008096900000000034e+02 1.563741100000000017e+01 1.222248148653611253e+02 9.648019098350031797e+00
1.304027600000000007e+02 8.559516999999999598e+00 9.266275149249506171e+01 7.867121461919436065e+00
1.202923300000000069e+02 1.427440499999999979e+01 9.787549001113714553e+01 1.543166164334867574e+01
1.216318360000000069e+02 6.971199999999999619e+00 1.080762265430030595e+02 3.308622549997900109e+01
1.272999200000000002e+02 3.150138899999999964e+01 1.359589780955843707e+02 1.609976912163714147e+01
1.369524999999999864e+02 1.756889699999999976e+01 1.375976115211078650e+02 1.431162467640298530e+01
1.001482199999999949e+02 1.817409899999999823e+01 1.091454530030508749e+02 1.733450971634148630e+01
1.238157300000000021e+02 2.394317000000000029e+00 1.341528714122520114e+02 1.206181609418399958e+01
1.313619099999999946e+02 1.221780500000000025e+01 1.321645945363933947e+02 9.669276794703834943e-01
1.066686859999999939e+02 3.609456000000000220e+00 9.359527092525840430e+01 2.095630179464938792e+01
9.629608000000000345e+01 1.712132799999999833e+01 9.994030933841298747e+01 2.154704689298912612e+01
1.066796700000000016e+02 7.535884000000000249e+00 1.122015830283388311e+02 1.836337221858500612e+01
1.231597299999999962e+02 7.689467999999999748e+00 1.047908806971195190e+02 5.281774316010104720e+00
9.386674499999999455e+01 5.584399000000000335e+00 9.213224606222728141e+01 1.988746718549618464e+01
1.312255999999999858e+02 1.041509199999999957e+01 1.074532424434655127e+02 4.588262650994968439e+00
1.283254399999999862e+02 1.265509899999999988e+01 1.270247582223848468e+02 2.384791828360878796e+01
1.301593200000000081e+02 3.440213800000000077e+01 1.055706732863196891e+02 3.169522980661266232e+01
1.336111899999999935e+02 1.554583700000000057e+01 9.340421584421297041e+01 5.748038063506243134e+00
9.321605999999999881e+01 1.888607999999999976e+01 1.061830498703799321e+02 7.411952247801667504e-03
1.285267200000000116e+02 1.431049299999999924e+01 1.108796503970846459e+02 2.425495813217298036e+01
1.177268300000000067e+02 3.289130999999999716e+01 9.877744052160734611e+01 1.117320221544895631e+01
1.245429100000000062e+02 3.394839999999999947e+01 1.266556448157112271e+02 3.195932580921758870e+01
1.173642499999999984e+02 1.925955000000000084e+01 1.330372682187550595e+02 1.990560130661598315e+00
1.081945400000000035e+02 1.628570200000000057e+01 1.199480767639475260e+02 7.381134872148345849e+00
1.213383699999999976e+02 1.526827899999999971e+01 9.849690780126897494e+01 1.676466240921532957e+01
1.004608149999999966e+02 1.180514800000000086e+01 1.184260866127745402e+02 3.884275318539751165e+00
1.001488999999999976e+02 1.622813000000000017e+01 1.023278183264463053e+02 9.889440470005627759e+00
1.332002899999999954e+02 1.412760000000000127e-01 1.105032422021752438e+02 6.695140774323966149e+00
1.368892999999999915e+02 1.899810999999999916e+00 1.370612675167355121e+02 8.424863493562936512e+00
1.213812000000000069e+02 2.332711600000000018e+01 9.947670087551509255e+01 2.005200757804577094e+01
1.029688699999999955e+02 1.518273899999999976e+01 1.043021716575361211e+02 1.382550995996553844e+00
1.007371399999999966e+02 2.470236600000000138e+01 1.149618706574886744e+02 5.224471919847230694e+00
9.273024999999999807e+01 1.533211299999999966e+01 9.527166918368608606e+01 5.709665703903741729e+00
1.031805300000000045e+02 1.483915700000000015e+01 9.432384844388268164e+01 1.181807523256046988e+00
1.283577600000000132e+02 3.503263000000000016e+00 1.189803869722216376e+02 2.016678937089091761e+01
1.204013400000000047e+02 1.923368599999999873e+01 1.296866105425650062e+02 2.419196458853399889e+01
1.236726299999999981e+02 5.878521000000000107e+00 9.512966838636633327e+01 1.004156814694989386e+01
1.186330399999999941e+02 1.129537400000000069e+01 1.124393108164625801e+02 2.774845157298431886e+01
1.280408500000000060e+02 3.937300000000000244e-01 1.135760481876149157e+02 1.299546149898498371e+01
1.306066700000000083e+02 3.339365399999999795e+01 1.262411992782464836e+02 1.075956993662055083e+01
1.316262399999999957e+02 1.500643499999999975e+01 1.021166479916046370e+02 2.641597457999649734e+01
1.112436100000000039e+02 2.032483699999999871e+01 1.217092795157323906e+02 4.243769600870788139e+00
1.275640800000000041e+02 1.488677000000000028e+01 1.280628764528229340e+02 1.943418515374395028e+01
1.304119399999999871e+02 1.130974800000000080e+01 1.099491651709309536e+02 3.213463693233143204e+01
1.059587700000000012e+02 8.478775999999999868e+00 1.186843583862870730e+02 2.708671204330000748e+01
1.068336939999999942e+02 1.901988000000000056e+01 1.217936918158120818e+02 1.997451811243485409e+01
1.028996700000000004e+02 1.578575000000000017e+01 1.199468463362849349e+02 2.413225820201442495e+00
9.633222999999999558e+01 1.708403600000000111e+01 1.141528597360386073e+02 7.207218251899637274e+00
1.054755250000000046e+02 9.531067999999999429e+00 1.101427058868040660e+02 6.646115334557030963e+00
9.833321999999999719e+01 1.876556400000000124e+01 1.203957695801874053e+02 2.675289345583896505e+01
1.104863299999999953e+02 2.858129299999999873e+01 1.256699024774794395e+02 1.794856330414197387e+01
1.095199900000000071e+02 2.535725599999999957e+01 1.332403235191040949e+02 2.678155088890054003e+01
1.268339900000000000e+02 8.518722999999999601e+00 1.275176419888556865e+02 1.735385731534139220e-01
1.267007399999999961e+02 1.415362099999999934e+01 1.149168552383565327e+02 3.015954282462217861e+00
1.123523600000000044e+02 2.472185899999999847e+01 1.050503899775571881e+02 3.249114380244982669e+01
1.321269700000000000e+02 2.966490999999999989e+00 1.186053131436525518e+02 3.008978182086282516e+01
1.031009399999999943e+02 2.897423699999999869e+01 9.236155023967393163e+01 8.422491167454829508e+00
1.266665100000000024e+02 8.246174999999999145e+00 9.446948007250095714e+01 2.214342133107843935e+01
1.259025960000000026e+02 8.412031000000000702e+00 9.360077196557574553e+01 3.049579460703075284e+00
1.199593700000000069e+02 2.753562700000000163e+01 1.077015850017804439e+02 5.788675045414640508e+00
1.026667000000000058e+02 2.719775200000000126e+01 1.151230974048226585e+02 1.820735064680942816e+00
1.205941300000000069e+02 1.647275499999999937e+01 9.466373978725805216e+01 1.491533806808836182e+01
9.797517999999999461e+01 2.656917599999999879e+01 1.312087950060385992e+02 3.090726104070942171e+01
1.100357360000000000e+02 2.855119900000000044e+01 9.706697956256707016e+01 1.133967800017497751e+01
1.274859500000000025e+02 2.643822899999999976e+01 1.180908886378508527e+02 2.959650111368143754e+01
1.162993599999999930e+02 3.265582299999999805e+01 1.226125393682386857e+02 1.264578718467010887e+01
1.151589299999999980e+02 1.951465999999999923e+01 9.682749856203821537e+01 2.701377481580660245e+01
9.557426999999999850e+01 1.669002300000000005e+01 1.306388944799728904e+02 5.869884796395784754e+00
1.129650599999999940e+02 1.078936599999999935e+01 9.699702947791436713e+01 1.513342003379043632e+01
1.249652099999999990e+02 5.272286000000000250e+00 1.217784988607437811e+02 1.415250961968167154e+01
9.479399999999999693e+01 2.222920399999999930e+01 1.006168756208936941e+02 1.990236936832488013e+01
9.655877999999999872e+01 1.599573400000000056e+01 9.933439018113233487e+01 3.407239761078421481e+01
9.478686999999999330e+01 2.184519600000000139e+01 1.257554088176794949e+02 3.477745476653662848e+01
1.349553200000000004e+02 1.906885099999999866e+01 1.121921420620198262e+02 3.408904854451980526e+01
1.155358300000000042e+02 1.622392699999999977e+01 1.057928544417910928e+02 1.671024202793104507e+01
