1.022247540000000043e+02 1.159689299999999967e+01 1.175530956588547440e+02 1.614156802962647674e+01
9.822338000000000591e+01 1.748736399999999946e+01 1.019539356816842428e+02 4.833746008581768727e+00
1.035757499999999993e+02 1.086949599999999982e+01 1.083813347830076879e+02 2.117816006923110450e+01
1.293536799999999971e+02 7.147846000000000366e+00 1.085565664378585211e+02 3.023634103979670229e+01
1.358911999999999978e+02 3.048414999999999875e+00 1.329902150943164543e+02 3.291554664507723515e+01
1.074125099999999975e+02 6.090900000000000425e+00 1.246453384680591512e+02 1.713122085230033775e+01
1.245154399999999981e+02 9.428326000000000207e+00 1.268137575717215384e+02 6.605983623021741913e+00
1.198241399999999999e+02 4.847177000000000291e+00 1.213559866752199810e+02 3.368067133348672826e+01
1.138526399999999938e+02 2.842907299999999893e+01 1.224538064001755515e+02 1.857215862164729714e+01
1.182651900000000040e+02 1.205452299999999966e+01 1.008101230348834321e+02 1.855340522390917712e+01
1.195463639999999970e+02 2.841035700000000119e+01 1.318373191296505809e+02 2.817225630288859151e+01
1.130060650000000066e+02 2.550459999999999994e+01 1.240183149391129973e+02 3.161108122317835978e+01
1.028035200000000060e+02 2.750330200000000147e+01 1.128770128054854780e+02 3.468743462074228745e+01
1.211231700000000018e+02 5.250886000000000386e+00 1.357745201070742098e+02 8.938772826470817279e+00
1.055944099999999963e+02 1.730002199999999846e+01 1.252645210558909667e+02 1.954408756172849593e+01
1.002700300000000055e+02 1.703686300000000031e+01 1.173363939069755730e+02 1.256515919551539895e+01
9.974071999999999605e+01 1.632757600000000053e+01 1.162901789682290712e+02 3.495452420654380177e+01
1.154087799999999930e+02 2.365899500000000089e+01 1.358261486934764548e+02 1.938980408382304788e+01
1.159619799999999969e+02 3.274969500000000266e+01 1.240562323911541682e+02 2.811363451396618807e+00
1.206880299999999977e+02 9.057698999999999501e+00 1.019660183485306817e+02 2.596744402759928860e+01
1.134832399999999950e+02 1.777810300000000154e+01 1.299154555195248122e+02 2.221854035433305441e+01
9.715987400000000207e+01 1.592667499999999947e+01 1.107299995400244370e+02 2.205536037141854777e+01
1.339961700000000064e+02 3.438096600000000080e+01 1.085089642154179614e+02 2.642794434746145882e+01
1.058240600000000029e+02 1.711543800000000104e+01 9.565356174884709617e+01 2.524605690664215274e+01
1.205678249999999991e+02 2.621988100000000088e+01 1.129065474884278046e+02 1.794646646679775870e+01
1.006493899999999968e+02 1.672829600000000028e+01 1.066322117612782705e+02 3.874268011602577833e+00
1.215634399999999999e+02 8.080892999999999660e+00 1.035752016915139251e+02 9.121968861549987651e+00
1.224132840000000044e+02 1.063505699999999976e+01 1.117774342352134767e+02 2.933744994916175486e+01
1.073123599999999982e+02 2.557497199999999893e+01 9.872737337218443088e+01 2.157908266800315999e+00
1.084516140000000064e+02 7.152399999999999869e-01 9.796275136334112688e+01 1.555800220994471950e+01
1.274613300000000038e+02 8.821358999999999284e+00 1.016097294258918282e+02 7.685602959944957568e+00
1.139202300000000037e+02 1.739189000000000007e+01 1.179020783421840122e+02 2.626172311379901814e+01
1.370959000000000003e+02 5.531164999999999665e+00 1.297089792171354929e+02 3.407895676981201660e+01
1.158468500000000034e+02 2.654724699999999871e+01 1.373675855523649716e+02 1.887770470940455425e+01
1.289106299999999976e+02 7.094847999999999821e+00 1.221370000418713886e+02 2.436430059653581282e+00
9.981171000000000504e+01 2.392927600000000155e+01 1.291202973013517976e+02 2.199289838272790121e+01
1.194439849999999979e+02 3.088717700000000121e+01 1.062636755053420075e+02 7.458398632205024192e+00
9.908189000000000135e+01 3.429287999999999670e+01 1.371244921797745064e+02 8.753790290797416773e+00
1.236907599999999974e+02 2.655348599999999948e+01 9.325629087899869774e+01 2.662869219620606742e+01
1.085241099999999932e+02 2.678840999999999894e+01 9.202496815706361133e+01 2.728752315281632690e+01
1.221657000000000011e+02 3.453664999999999985e+00 1.329430659764452685e+02 6.701455845480514206e+00
1.252033899999999988e+02 9.675684000000000395e+00 1.270933605812856513e+02 2.987054729238658979e+01
1.235410839999999979e+02 6.541074000000000055e+00 9.511131449452993536e+01 3.045827996084301503e+01
9.492020999999999731e+01 2.098355700000000112e+01 1.257816111700233250e+02 1.430525305214637832e+00
1.325118699999999876e+02 7.074665000000000425e+00 1.304926723668228590e+02 2.391227505945778731e+01
1.305616899999999987e+02 5.040212999999999610e+00 1.354468817800481020e+02 1.442529884596648593e+01
9.462124000000000024e+01 2.250560199999999966e+01 1.216681548091191303e+02 2.929662126811394174e+01
1.010747149999999976e+02 1.745857799999999926e+01 1.197096018339251486e+02 3.332943186596441620e+01
1.237617400000000032e+02 2.570814499999999825e+01 1.132906126945766800e+02 2.825987100971417121e+01
1.045286559999999980e+02 2.332880600000000015e+01 1.080346066156393050e+02 2.299197760405005297e+01
1.287149499999999875e+02 8.613853000000000648e+00 9.393793047100375304e+01 7.794341923733545840e+00
1.056286400000000043e+02 2.796617300000000128e+01 1.265106897781946884e+02 8.098821367044005015e+00
1.072066800000000057e+02 2.882234800000000163e+01 1.060305790086308235e+02 2.489349062878115504e+01
9.395832000000000050e+01 5.743917999999999857e+00 1.280921590464976703e+02 1.121404706337341217e+01
1.287118000000000109e+02 8.186422000000000310e+00 9.244291564722097121e+01 1.988203324188794952e+01
1.286229600000000062e+02 3.030732499999999874e+01 1.343856624782897029e+02 3.029300867279047793e+01
1.305980999999999881e+02 1.224686600000000070e+01 1.354739687391989378e+02 3.448923460314866851e+00
1.064971539999999948e+02 2.229241000000000028e+01 1.193895893797589309e+02 3.011020373197016298e+01
1.063705499999999944e+02 2.535100999999999871e+01 1.000106249458471552e+02 1.470114591475977228e+01
1.133071060000000045e+02 3.074285100000000170e+01 1.007376460524561139e+02 3.321152685188149434e+01
1.197189560000000057e+02 1.547260600000000075e+01 1.199725456633389911e+02 1.083130040317193021e+01
1.176774800000000027e+02 2.114383099999999871e+01 1.028254984695148266e+02 5.692682708635365074e+00
1.276204900000000038e+02 1.005807899999999933e+01 1.136704069398676182e+02 3.148305271744895961e+01
1.242736299999999972e+02 6.831006000000000355e+00 1.308960963782253941e+02 3.231720877305920681e+01
1.187915799999999962e+02 1.987776600000000116e+01 9.722742269174779040e+01 1.582879415262746647e+01
1.279924850000000021e+02 1.403315199999999940e+01 1.320063392208082860e+02 2.249848617555606722e+01
1.234977099999999979e+02 1.764413300000000007e+01 1.170018749567934719e+02 1.847423819479173090e+01
1.060613900000000029e+02 3.150582100000000096e+01 1.243951336190757218e+02 3.043282867600607844e+01
1.099067840000000018e+02 1.686253999999999920e+01 1.292758293858054799e+02 2.440086207967621235e+01
1.047877660000000049e+02 2.743140400000000056e+01 1.372246032629830950e+02 1.451630462494217788e+01
1.125423660000000012e+02 2.072739999999999938e+01 1.250330115115653484e+02 3.021323483106084140e+01
1.043113299999999981e+02 9.546936000000000533e+00 1.294690901307604918e+02 1.266319439827142901e+01
1.062109700000000032e+02 3.381889000000000145e+00 1.316230444932995738e+02 2.620884126925530566e+01
1.088499999999999943e+02 2.839095999999999975e+01 1.136480728075214586e+02 3.259814394097691803e+01
1.221697539999999975e+02 5.261603000000000030e+00 9.754760989667130389e+01 3.054283447654464467e+01
1.293298800000000028e+02 7.388890000000000180e-01 1.301014355925273946e+02 2.816303814845441877e+01
9.977344999999999686e+01 2.670044899999999899e+01 1.111225474365975003e+02 3.390423632046253744e+01
9.579921000000000220e+01 1.503351199999999999e+01 1.015460183479810752e+02 1.574659187188573028e+01
1.015848000000000013e+02 2.689655000000000129e+01 1.248057687605211470e+02 2.078646492190388884e+00
1.096788600000000002e+02 1.849008999999999903e+00 1.309068372902626720e+02 3.446789168143593685e+01
1.363225999999999942e+02 2.142673699999999926e+01 9.930679129179715403e+01 1.083664105242139186e+01
1.074301300000000055e+02 3.293291500000000127e+01 1.344497253250108884e+02 1.996422401106148659e+00
1.118345640000000003e+02 2.392749999999999877e-01 9.423923104113734439e+01 1.846284148086520460e+01
1.004711900000000071e+02 2.451955200000000090e+01 1.278738252062184131e+02 2.629610078212460067e+00
1.161196300000000008e+02 2.374014299999999977e+01 9.844707024711843246e+01 9.494790666813930358e+00
9.999969000000000108e+01 2.509792300000000154e+01 9.901385475012888548e+01 5.120258413331109537e+00
9.996817000000000064e+01 2.509249700000000161e+01 1.199209751542877740e+02 2.277759131481316501e+01
1.189220300000000066e+02 1.942037399999999892e+01 1.228217784395122862e+02 3.058663204475276132e+01
1.091274599999999992e+02 2.936315300000000050e+01 1.214985344268333165e+02 2.361603650738881299e+01
1.307908799999999871e+02 1.009277999999999897e+00 1.156673018713607917e+02 2.166899928453585389e+01
1.153960299999999961e+02 3.187136999999999887e+01 1.121972215164282147e+02 3.235126410991151857e+01
1.199054399999999987e+02 1.518948900000000002e+01 9.794530036644907511e+01 3.960145183809327563e+00
1.239107999999999947e+02 6.146923000000000137e+00 9.358790935096770625e+01 1.455294567311065812e+01
1.164321900000000056e+02 1.890602499999999964e+01 1.287737959418431331e+02 2.229705114094264928e+01
1.078898599999999988e+02 1.824183700000000030e+01 1.226232924101868491e+02 3.467233931920141732e+00
1.191146099999999990e+02 1.880997299999999939e+01 1.064663394244460051e+02 2.567283404422042992e+01
9.286606600000000356e+01 6.433735999999999677e+00 1.185533920747012360e+02 2.787137230734817450e+01
1.137061499999999938e+02 2.920176500000000175e+01 1.061210391312189216e+02 3.215579444810785059e+00
1.233764199999999960e+02 2.582111199999999940e+01 9.414812220547592858e+01 4.929320606979065822e+00
1.124703750000000042e+02 1.702895499999999984e+01 1.151054251699651161e+02 7.724577733981895733e+00
1.023049299999999988e+02 2.800608000000000075e+01 1.294628840120651603e+02 2.830438227683643504e+01
1.075523299999999978e+02 1.898231499999999983e+01 1.284044772711634721e+02 3.321401325395097359e+01
1.093003099999999961e+02 1.012630000000000058e-01 1.259687544956604484e+02 2.649470256110228572e+00
1.295191499999999962e+02 3.220691300000000012e+01 1.230244636156257911e+02 9.698968974924916608e+00
1.290050699999999892e+02 1.324962900000000054e+01 1.266160507345074109e+02 3.396820398350937609e+01
1.178697700000000026e+02 2.086379200000000012e+01 9.908716040293373339e+01 4.825475450994136217e+00
1.021120999999999981e+02 2.292310000000000159e+01 9.364792307855312004e+01 3.381210601037084729e+01
1.063328249999999997e+02 1.094751899999999978e+01 1.354975761583204985e+02 1.774352264115687916e+01
1.229570539999999994e+02 1.920611999999999986e+00 1.169486464169110036e+02 1.464079165847782171e+01
1.213958800000000053e+02 1.269575000000000031e+01 1.277985101276068320e+02 1.110790460930010104e+00
1.065282440000000008e+02 1.715186000000000099e+00 1.237732950293767118e+02 1.398057240468668283e+01
1.117162550000000039e+02 2.099041700000000077e+01 1.044823828923047557e+02 1.324495402259705523e+00
1.066970400000000012e+02 2.854751200000000111e+01 1.063853195774389775e+02 3.950317841179459499e+00
1.049673540000000003e+02 2.282041399999999953e+01 9.563307231169486045e+01 7.790724749353522549e-01
1.252770199999999932e+02 1.020389400000000002e+01 1.172100980920495061e+02 3.591160554543371131e+00
1.222233659999999986e+02 2.248752000000000084e+00 1.277132866712503727e+02 1.101705693638166395e+00
1.314515000000000100e+02 1.002607700000000079e+01 1.317508549965073428e+02 1.905189453543916045e+01
1.117770399999999995e+02 2.602037199999999828e+01 1.071232064141539269e+02 2.122735591362387098e+01
1.277506199999999978e+02 9.857113000000000014e+00 1.261563475178917599e+02 1.849794854758424023e+01
1.099410100000000057e+02 2.527390700000000123e+01 1.005774675600268750e+02 5.367091736922191103e+00
1.216335140000000052e+02 1.368565999999999949e+00 1.245682917989564942e+02 2.013451386790172659e+00
1.301707000000000107e+02 5.522420000000000107e-01 1.193855154476690927e+02 1.632078643181051447e+01
1.142837099999999992e+02 1.745475199999999916e+01 1.294189480312942919e+02 5.994304674464045135e+00
1.174418639999999954e+02 1.991549499999999995e+01 1.048676628875101500e+02 2.714716339517681121e+01
1.094431699999999950e+02 2.603854600000000019e+01 1.139197199664048270e+02 2.408443582269329752e+00
1.305158500000000004e+02 8.179097000000000506e+00 9.667474189283369412e+01 3.198233594676732139e+01
9.755183399999999949e+01 3.184772999999999854e+01 1.107801987428447035e+02 1.016803378122044776e+01
1.286662800000000004e+02 5.189660000000000384e-01 1.091589630503433739e+02 2.872658909733100785e+01
1.130484199999999930e+02 2.044042800000000071e+01 1.133448278119002168e+02 2.773737839507213199e+00
1.205464199999999977e+02 1.931105200000000011e+01 1.245016073628577402e+02 1.982974049655339499e+01
1.105762799999999970e+02 1.713849599999999995e+01 1.141615303250971749e+02 1.245121628905259747e+01
1.014903900000000050e+02 3.396592700000000065e+01 1.328846406147180232e+02 1.674388069633541321e+01
1.110467699999999951e+02 3.238026399999999683e+01 1.154779276422765264e+02 3.368824870951603856e+01
1.012301199999999994e+02 1.617340499999999892e+01 1.351542991599554568e+02 2.384799225060880090e+01
1.101968499999999977e+02 2.375801699999999883e+01 9.368086513632913181e+01 3.114470075837924767e+01
1.063444439999999958e+02 3.975452000000000208e+00 1.241849974157385361e+02 1.114997286304246593e+01
1.009060400000000044e+02 2.837463199999999830e+01 1.348179943159603908e+02 3.204229984385946040e+01
1.377720300000000009e+02 1.174125100000000010e+01 1.366525047704131453e+02 2.825150006207213238e+01
1.086714099999999945e+02 1.278264599999999973e+01 1.090372316572082525e+02 3.488890985598720107e+01
9.410971999999999582e+01 1.075564600000000048e+01 1.314921130471974777e+02 2.956687517922992470e+01
1.033414700000000011e+02 2.611897300000000044e+01 1.047791679341756890e+02 2.466089844064513059e+01
1.327039000000000044e+02 1.584810399999999930e+01 9.497991492242898914e+01 7.520476309905113510e+00
1.007858499999999964e+02 2.466396100000000047e+01 1.036551564097639613e+02 1.108028850495537831e+01
1.058196200000000005e+02 1.893849399999999861e+01 1.156100632872113181e+02 1.105996937395376989e+01
1.063184499999999986e+02 2.189414199999999866e+01 1.111780480637660276e+02 5.730351649893023591e+00
1.074241999999999990e+02 2.922848300000000066e+01 1.260249309883401452e+02 1.712703722723178146e+01
1.117835000000000036e+02 4.146894999999999776e+00 1.090860017770246486e+02 1.115238989729637753e+00
1.268122939999999943e+02 2.672148999999999930e+01 1.306233524306385618e+02 1.715861553167051312e+01
1.360886000000000138e+02 1.322069300000000069e+01 1.010503892109363164e+02 1.018275517741683567e+00
1.183520900000000040e+02 1.158915299999999959e+01 1.323303758682649232e+02 8.560609496046394540e+00
1.210836500000000058e+02 1.404887100000000011e+01 1.076905970746687302e+02 2.871165531559093509e+01
1.165767299999999977e+02 1.286235699999999937e+01 1.205400336042996798e+02 1.582364943352146369e+01
1.084680560000000042e+02 1.681018399999999957e+01 1.242734534232547787e+02 1.884537334503933792e+01
1.308442000000000007e+02 8.125244999999999607e+00 1.355584120340499226e+02 8.230212205988574059e-02
1.212168499999999938e+02 5.970590000000000064e-01 1.174421031512163012e+02 3.076706977823017297e+01
1.139247359999999958e+02 2.117171300000000045e+01 1.304633473801906689e+02 3.354805061684378131e+01
1.148329200000000014e+02 2.281423799999999957e+01 1.323027683951947893e+02 3.036259991905756550e+01
1.165112840000000034e+02 2.327571899999999872e+01 1.371117228508703931e+02 2.086041605435198676e+01
1.311990399999999966e+02 2.885759999999999881e+00 1.289223726960044587e+02 3.002415584617431676e+01
1.173357539999999943e+02 2.219921099999999825e+01 1.362905177480617169e+02 3.215062716566841772e+01
1.068714449999999943e+02 1.286970200000000020e+01 1.077522025347839474e+02 1.150933866148724860e+01
9.288236999999999455e+01 2.260556000000000054e+01 9.893039621615280055e+01 2.967403828218064632e+01
1.136618399999999980e+02 2.985846499999999892e+01 9.887046228874427811e+01 1.604928260190137124e+01
1.324488800000000026e+02 9.132956999999999326e+00 1.071746709624739538e+02 3.102368431606136667e+01
1.135468599999999952e+02 1.324376900000000035e+01 1.078305113987881469e+02 1.811775541806846235e+01
1.164053499999999985e+02 1.685597999999999885e+01 9.502887847626364248e+01 2.546280418039826898e+01
1.208341900000000066e+02 1.204352800000000023e+01 9.643250970880347950e+01 5.564455373641576941e+00
1.038327500000000043e+02 1.301466800000000035e+01 1.204204997476891066e+02 1.549621051642454184e+01
1.078603300000000047e+02 3.205924000000000262e+01 1.049761223866594548e+02 1.210579579586753241e+01
1.359555699999999945e+02 2.916656499999999852e+01 1.041454374071992248e+02 3.482946564089132835e+01
9.703319000000000472e+01 2.983398400000000095e+01 1.376884401631998571e+02 1.014853619105718074e+01
1.065502599999999944e+02 6.022739999999999760e+00 1.000082688960868325e+02 2.754431448412849193e+01
1.047176599999999951e+02 4.703091999999999828e+00 1.053232656053518355e+02 1.947493036110878961e+01
1.082378199999999993e+02 1.562821500000000086e+01 1.173692164252203440e+02 9.941717126314660646e+00
1.004048300000000040e+02 2.599754000000000076e+01 1.252495376721907121e+02 1.517772718635410989e+01
1.309324000000000012e+02 9.878012000000000015e+00 9.733423014588569799e+01 1.326464094858270926e+01
1.245306700000000006e+02 7.659853000000000023e+00 1.166400640387622332e+02 1.455537225456629180e+01
9.234408600000000433e+01 1.566721100000000000e+01 1.276817573498388185e+02 2.784405454808575087e+01
1.006064200000000000e+02 2.769523600000000130e+01 1.270920263616880987e+02 8.585036162330025533e+00
1.122994499999999931e+02 1.439847999999999928e+01 1.333568007765875905e+02 6.403820340410665501e+00
1.083133540000000039e+02 2.792756299999999925e+01 1.071948381480436296e+02 7.555277557694203061e+00
1.010540500000000037e+02 1.139439199999999985e+01 1.251941063178959581e+02 1.539328695256831558e+01
1.225821150000000017e+02 6.734340000000000437e+00 1.226379082221017427e+02 2.131513025195175270e-01
1.346648600000000044e+02 1.416948599999999914e+01 1.301324750081327863e+02 4.661119766667925823e+00
1.294755900000000111e+02 2.914704899999999910e+01 1.272630765197372398e+02 1.869659165395580658e+01
1.283993499999999983e+02 1.234091600000000000e+01 1.291711179984568219e+02 2.850744467195489307e+01
1.015857799999999997e+02 1.553561999999999976e+01 1.011477837753089801e+02 1.242634744373713573e+01
1.230936200000000014e+02 4.996221000000000245e+00 1.253124181745932333e+02 2.698839631782759696e+01
1.063831100000000021e+02 8.929643999999999693e+00 1.222037881351987210e+02 2.655145155019571845e+01
1.073838200000000001e+02 2.117361000000000004e+01 1.008344990737689386e+02 3.845278602055113293e+00
9.586464999999999748e+01 3.010379999999999967e+01 9.692626442014986310e+01 1.745150199536671209e+01
1.064823149999999998e+02 3.252676000000000123e+00 1.252172407302282693e+02 2.832112373173976572e+00
1.130678500000000071e+02 1.070391300000000001e+01 9.661523154696861582e+01 3.441078387607286970e+01
1.252029399999999981e+02 8.083719000000000321e+00 1.315839721941481173e+02 4.735824873442293637e+00
9.911983499999999481e+01 3.033258400000000066e+01 1.350453194937182957e+02 1.395614307102182217e+01
9.942723999999999762e+01 2.273704499999999840e+01 1.322438779051699953e+02 1.714316916071339492e+01
1.068494100000000060e+02 1.800854100000000102e+01 1.200713961357995743e+02 2.665221608686585864e+00
1.217343299999999999e+02 1.486597700000000088e+01 1.082856787150813034e+02 2.944968332411363576e+01
1.109355999999999938e+02 1.694945099999999982e+01 1.115086318798221043e+02 3.041762225203864389e+01
1.053674550000000067e+02 7.722144000000000119e+00 9.702649601969058324e+01 3.953223567298756791e+00
1.323020500000000084e+02 3.039486999999999828e+00 9.968064384575963288e+01 2.195946292764229923e+01
1.134188099999999935e+02 1.023753300000000088e+01 1.049458675613886385e+02 2.881716749432273517e+01
1.175795600000000007e+02 5.611371000000000109e+00 1.157746891228675565e+02 1.996347348911909592e+01
9.339405999999999608e+01 1.624022300000000030e+01 1.157829927113893973e+02 2.857172086287236112e+01
9.359354000000000440e+01 1.516930999999999941e+01 1.101337921667567628e+02 3.026758441240628628e+01
1.028493699999999933e+02 2.885465800000000058e+01 1.357170823303587213e+02 1.705636887951738601e+01
1.143764000000000038e+02 1.332743100000000069e+01 1.101354440277644926e+02 7.958218882813275386e+00
1.087034450000000021e+02 1.879413800000000023e+01 1.315639759342708999e+02 2.271462646477066372e+01
1.233474350000000044e+02 2.519231399999999965e+01 1.133746851327309599e+02 3.249695303382954847e+01
1.131231460000000055e+02 2.764571000000000112e+00 1.210102815899861355e+02 1.980906174168880796e+01
1.211908499999999975e+02 1.480161999999999978e+01 9.460146265109317198e+01 3.346262622232060835e+00
1.088749899999999968e+02 2.917879299999999887e+01 1.031639674199544885e+02 1.825146971932763051e+01
1.286587700000000041e+02 1.192577099999999923e+01 1.105812870844218310e+02 3.041610396638009917e+01
1.053297349999999994e+02 2.381371899999999897e+01 1.274187045220155596e+02 3.074657630355554616e+01
1.044894199999999955e+02 3.404343999999999681e+01 9.388749937752092478e+01 1.207470859827917131e+00
1.033311999999999955e+02 8.036189999999999500e+00 1.223022976557087986e+02 2.836632052024594941e+01
1.284304700000000139e+02 1.899298699999999940e+01 1.194729219153198443e+02 1.602202512970740500e+01
1.181860400000000055e+02 2.456443600000000060e+01 1.171075834691422699e+02 3.451872611150541559e+01
1.007823300000000017e+02 2.154664599999999908e+01 1.303160863123912634e+02 3.130818701001727433e+01
1.364280100000000004e+02 4.255118000000000400e+00 1.083583070874586980e+02 1.175514872941055522e+01
1.114765500000000031e+02 2.000540499999999966e+01 1.104350310726845521e+02 1.552731224782743880e+01
1.248241299999999967e+02 2.644671599999999856e+01 1.005849374674297820e+02 7.970549258461510966e+00
1.189017699999999991e+02 2.030833000000000155e+01 1.018644866727512124e+02 2.458897206316380846e+01
1.067997500000000031e+02 2.827483199999999997e+01 1.285277571072826106e+02 1.282458637552588243e+01
1.374745599999999968e+02 3.138292099999999962e+01 1.314051835988726111e+02 3.473745676733332743e+01
1.208729550000000046e+02 1.335633900000000018e+01 1.352394741966795948e+02 1.218938218053033040e+01
1.041200560000000053e+02 2.495909899999999837e+01 1.020475007153521574e+02 2.828243232016373199e+01
1.087293999999999983e+02 2.527930000000000010e+00 1.200025433224636515e+02 5.899457456619906282e+00
1.196812299999999993e+02 2.088022600000000040e+01 1.079237498815109149e+02 2.161412003531725290e+01
1.134364199999999983e+02 3.037878600000000162e+01 1.065968813598387470e+02 1.046058667741321813e+01
1.285522300000000087e+02 3.419751999999999903e+00 9.793968015576527364e+01 3.291123204754617859e+01
1.276148699999999963e+02 1.206080700000000050e+01 1.084363441337206808e+02 1.647618991657618537e+01
9.588267000000000451e+01 2.653397000000000006e+01 1.071524570412764490e+02 5.187440768258827495e-01
1.239427000000000021e+02 2.807401000000000035e+00 9.277863236805050917e+01 6.033077443726019951e+00
1.172544599999999946e+02 4.492557999999999829e+00 1.121555290695820304e+02 1.979751871589539292e+01
1.181643140000000045e+02 2.271122000000000085e+01 1.260635164333517935e+02 9.556953757955758633e+00
1.210699099999999930e+02 1.798126600000000153e+01 1.114603754698619866e+02 2.682052001245980222e+01
1.353151900000000012e+02 1.279140499999999925e+01 1.302843436286004817e+02 2.693190375776586265e+01
1.288786599999999964e+02 1.183304700000000054e+01 1.263718717551408588e+02 1.826266031553706704e+00
1.045020300000000049e+02 3.012155500000000075e+01 1.325425555713881067e+02 6.935468182759673361e+00
1.264625999999999948e+02 7.166369999999999685e-01 1.102467877008213151e+02 1.277009110761528987e+01
1.193820400000000035e+02 7.351111999999999647e+00 1.375550231601179973e+02 1.032941286755548305e+01
1.231785699999999935e+02 1.163075599999999987e+01 1.105408346634874732e+02 2.586493398698215884e+01
1.129410900000000026e+02 1.928609799999999908e+01 1.194452384937728624e+02 7.375957913026420343e+00
9.833840999999999610e+01 3.082450000000000045e+01 1.307503233072996522e+02 1.073901779525647449e+01
1.147472199999999987e+02 3.243150700000000342e+01 1.011984947148633296e+02 9.421247173318450407e+00
1.234837399999999974e+02 2.555160000000000209e-01 1.348630297870952290e+02 2.590171696985233041e+01
1.331729400000000112e+02 1.186766300000000030e+01 9.210875107671375872e+01 1.074501038884064386e+01
1.358888900000000035e+02 4.520160999999999873e+00 1.064230661724585900e+02 9.349580854915341632e+00
1.035987200000000001e+02 1.906737000000000037e+01 1.246839606721792961e+02 4.271034969053339125e+00
1.162218600000000066e+02 1.465482599999999991e+01 1.014031593280031274e+02 2.908366256088534385e+01
1.286900599999999883e+02 1.486477799999999938e+01 9.283792241258487365e+01 5.359185805153964033e+00
1.349069200000000137e+02 4.621629999999999905e-01 1.329343363322240918e+02 1.495341599538524946e+01
1.202229399999999941e+02 1.300534999999999997e+01 1.166006439124380734e+02 8.242313991684778074e+00
1.273195599999999956e+02 1.021326400000000056e+01 1.031051171926224868e+02 5.496846723547919922e+00
1.121058799999999991e+02 5.483360000000000456e-01 1.120393671695198634e+02 1.829222581227358546e+01
1.083554599999999937e+02 1.583191200000000087e+01 9.452800246865093925e+01 2.058797624288967398e+01
1.094043350000000032e+02 2.911429400000000101e+01 1.194829548858382395e+02 3.311858253488249915e+01
1.064903999999999940e+02 1.390643999999999991e+00 1.165920349694923317e+02 1.530394271899213088e+01
1.219563600000000037e+02 4.037063999999999986e+00 1.241865589580133644e+02 1.690317810418222422e+01
9.963335999999999615e+01 3.011660600000000088e+01 1.229214632194164238e+02 2.284344932389938521e+00
9.482461499999999432e+01 7.552875000000000227e+00 1.065336351165956046e+02 3.274035381590893223e+01
9.605414600000000291e+01 3.418947000000000003e+01 1.000056798951227677e+02 1.041754244198839219e+00
1.006227399999999932e+02 1.954385600000000167e+01 1.289757193707440024e+02 2.598615923654126192e+01
1.225343299999999971e+02 4.270537000000000027e+00 9.214156808645920194e+01 1.034023371192196628e+01
1.066582599999999985e+02 2.877814700000000059e+01 9.267410481877909945e+01 1.318058366786254965e+01
1.297366499999999974e+02 1.097087800000000080e+01 1.179029675229320162e+02 2.627511502874224192e+00
1.040978850000000051e+02 1.695514100000000113e+01 1.214589159726512406e+02 3.490445164229633690e+01
1.081180899999999951e+02 3.227875000000000227e+01 1.254201244116846397e+02 2.739075348231560980e+01
1.004969799999999935e+02 2.176606200000000158e+01 1.364482251435373144e+02 1.965900194215355867e+01
1.219884500000000003e+02 2.734084500000000162e+01 1.167270153923727634e+02 1.263561190947208779e+01
1.132039199999999965e+02 1.668616300000000052e+01 9.711063740693128921e+01 2.138734680900467922e+01
1.074369499999999960e+02 2.925465799999999916e+01 1.243979174147877416e+02 2.761177059676413492e+01
1.320423000000000116e+02 1.426623200000000047e+01 1.000692218070677058e+02 3.450784107682031987e+01
1.055329299999999932e+02 8.244474999999999554e+00 1.026309911362203877e+02 6.942072983782252571e+00
1.324696399999999983e+02 1.699832699999999974e+01 1.172383088431497384e+02 4.817193583681329550e+00
1.054926999999999992e+02 8.352017999999999276e+00 1.108587771601778513e+02 1.487260445706505863e+01
1.286007500000000050e+02 8.765936999999999202e+00 1.048205674183741252e+02 2.212428121234661660e+01
1.260793199999999956e+02 1.507600200000000079e+01 9.783855882777513102e+01 1.410272236783182009e+01
1.073470499999999959e+02 1.714681799999999967e+01 1.128154591125245929e+02 4.506252715349190474e+00
9.786359400000000619e+01 2.648629000000000033e+01 1.169409167919646535e+02 3.160058442844214710e+01
1.180998459999999994e+02 1.284827399999999997e+01 1.151316074029902694e+02 1.270931337534731576e+01
1.262777600000000007e+02 1.555640400000000056e+01 1.119309873965481046e+02 2.887469761791456691e+01
1.030357699999999994e+02 2.493956400000000073e+01 1.375852710523258793e+02 1.628084751153269494e+01
1.156589100000000059e+02 2.078124199999999888e+01 1.278170577930578418e+02 2.516793471826901651e+01
1.179629500000000064e+02 1.794520599999999888e+01 1.377743052688819603e+02 2.768475279463407190e+01
9.922207000000000221e+01 4.366456999999999589e+00 9.713229836501479042e+01 3.030426790905632828e+01
1.120615540000000010e+02 2.049053999999999931e+01 1.307169155517570971e+02 2.130663553769194962e+01
1.371154999999999973e+02 4.333319999999999950e-01 1.278070451107003294e+02 3.355469101285742539e+01
1.068959600000000023e+02 4.261408999999999558e+00 1.054913651979939715e+02 2.698398847284148871e+01
1.220304600000000050e+02 5.662862999999999758e+00 1.315975944248651217e+02 8.685727474856742347e+00
1.164659599999999955e+02 1.853562499999999957e+01 9.613200558902082093e+01 2.829668703249872408e+01
1.211047800000000052e+02 2.653878999999999877e+01 9.212979673394639235e+01 2.503658311767111844e+00
1.135725199999999973e+02 1.487359700000000018e+01 1.081676171693203798e+02 3.389436047185787260e+01
1.262585600000000028e+02 1.632781999999999956e+00 1.023025631794881178e+02 8.363794906053191980e+00
1.215111540000000048e+02 9.026956999999999454e+00 1.053221703444096278e+02 2.587557234161581832e+01
1.302385099999999909e+02 7.992467999999999684e+00 1.363460329499761201e+02 6.582651417129602223e+00
1.030200499999999977e+02 2.779550400000000110e+01 1.044467838729031826e+02 3.222229467757750854e+01
1.222444500000000005e+02 8.908201999999999288e+00 1.053451725253700033e+02 2.398782471121049298e+01
1.351008600000000115e+02 2.345284300000000144e+01 1.246716608874310737e+02 3.166540593205425580e+00
1.216805700000000030e+02 2.875600000000000031e-02 1.225834420121542507e+02 1.471288672658381280e+01
1.022638800000000003e+02 3.262707999999999942e+01 1.236453963505171743e+02 1.480444115931883076e+01
9.639709999999999468e+01 2.889318000000000097e+01 1.262370230822832866e+02 2.362691946547030852e+01
1.331191900000000032e+02 8.421360999999999208e+00 1.079721446171568999e+02 1.560635039291343595e+01
1.235973099999999931e+02 1.219101299999999988e+01 1.341686551008060349e+02 1.866954123227751694e+01
1.179452600000000047e+02 3.413794299999999993e+01 1.007147777553501555e+02 2.697375056136022131e+00
1.052273249999999933e+02 1.942294899999999913e+01 1.316959488369354858e+02 1.226117052215763170e+00
1.292556600000000060e+02 1.137209400000000059e+01 1.271302133829174750e+02 3.442849702685786895e+01
1.076719200000000001e+02 1.886546900000000093e+01 9.312928287921212700e+01 1.188840646578267091e+01
1.190581049999999976e+02 2.063319200000000109e+01 1.045544789607474740e+02 2.471402944711600469e+01
1.212094600000000071e+02 1.131169599999999953e+01 1.172804300338698908e+02 2.088464569155101369e+00
1.309361900000000105e+02 8.523167000000000826e+00 1.275357742560001100e+02 1.112820763894128540e+01
1.078554800000000000e+02 1.840535399999999910e+01 1.171157187931360681e+02 3.027836193547554799e+01
1.279808500000000038e+02 1.237441800000000036e+01 1.367590545942714471e+02 2.777657876571068485e+01
1.069558300000000060e+02 3.322021000000000157e+01 1.061461458383894296e+02 1.626509173219496063e+01
1.009766800000000018e+02 1.603761899999999940e+01 1.229551056895778345e+02 2.250107505241569683e+01
1.273446660000000037e+02 1.365026600000000023e+01 1.319321115746420219e+02 2.744493024089451438e+01
1.020575599999999952e+02 3.032312399999999997e+01 1.365095518825366412e+02 3.056873672614839066e+01
1.098299099999999981e+02 2.569585199999999858e+01 1.265344339567069341e+02 1.169967374855062747e+00
1.112859399999999965e+02 7.286299999999999999e-01 1.259945470790796946e+02 1.017906845840996866e+01
1.306561399999999935e+02 2.535673000000000066e+00 1.154564823104615385e+02 1.054828160304860596e+01
1.213953300000000013e+02 5.272655000000000314e+00 1.102807642844007603e+02 2.063979915784898012e+01
1.255835950000000025e+02 1.142485399999999984e+01 1.141367503697936598e+02 4.829020773128023691e+00
1.013219799999999964e+02 1.577685499999999941e+01 9.655885599274887454e+01 7.768352565518363839e+00
1.094362699999999933e+02 8.352039999999999464e-01 1.263477495918210991e+02 2.980267340387705133e+01
1.210841450000000066e+02 2.834050999999999831e+01 1.035401370254485585e+02 1.429951050230708276e+01
1.195968249999999955e+02 1.992211299999999952e+01 1.001324907962262074e+02 4.523313070260920332e-01
1.167593700000000041e+02 2.162810899999999847e+01 1.117218554124142713e+02 1.371731704706860278e+01
1.083680499999999967e+02 2.084225800000000106e+01 1.127320835517500370e+02 1.366734411078280420e+00
1.207063399999999973e+02 1.393922799999999995e+01 1.283153311399428276e+02 9.051538269111446766e+00
1.075842059999999947e+02 1.186463999999999963e+01 1.232236406769337265e+02 2.239522690525685533e+01
1.156852599999999995e+02 1.478857400000000055e+01 1.366551362195512525e+02 9.115370367073099445e+00
1.325616899999999987e+02 2.183529300000000006e+01 1.239842902683156609e+02 8.006570196837156317e+00
1.066743699999999961e+02 3.105507700000000071e+01 1.310483336032578450e+02 2.214952612252619701e+01
1.213336639999999989e+02 1.455452499999999993e+01 9.857145878391385452e+01 2.417791452399407959e+01
1.123576999999999941e+02 3.279659999999999798e-01 1.355445055693936638e+02 1.379541539528817395e+01
1.152771500000000060e+02 4.479098999999999720e+00 1.240512464620558433e+02 5.302357875056412650e-01
1.017952350000000052e+02 1.828858599999999868e+01 1.238604611897037415e+02 2.058966036636343144e+00
1.034781339999999972e+02 1.418773999999999980e+01 9.793225948211441789e+01 2.692119948161571230e+01
1.166653400000000005e+02 4.134577000000000169e+00 1.115070765858472726e+02 8.584025037983231243e+00
1.032809749999999980e+02 1.728598600000000118e+01 1.192054896281927086e+02 1.602976613418768537e+01
1.101911099999999948e+02 1.101826999999999934e+01 1.331579143386023532e+02 9.862911841323963813e+00
1.008899150000000020e+02 2.474351700000000065e+01 1.321881326633095455e+02 1.147871726723177055e+00
1.219990200000000016e+02 5.213186999999999571e+00 1.138007670237624609e+02 2.888206244599815520e+01
1.080927049999999952e+02 1.663354700000000008e+01 1.307265416262129918e+02 8.124758301687975859e+00
1.064715499999999935e+02 3.050993000000000066e+00 9.976676117998118798e+01 2.445375454036762264e+01
1.014491600000000062e+02 2.277094299999999905e+01 1.173198509896880637e+02 2.531167111703391814e-01
1.016832100000000025e+02 1.628771199999999908e+01 9.266083559811153236e+01 2.348923569015833124e+01
1.205819099999999935e+02 1.267323900000000059e+01 1.176602616627718874e+02 2.134698430337883934e+01
1.065750199999999950e+02 2.890432200000000051e+01 1.121185375502098935e+02 2.110570059427264056e+01
1.090422400000000067e+02 3.257660000000000000e-01 1.345672382836040128e+02 8.116693312352767364e+00
1.080707699999999960e+02 1.541756700000000002e+01 1.127069744047613824e+02 3.433028976607270266e+01
1.234426899999999989e+02 2.473543000000000092e+01 1.158490206324867273e+02 2.699357477174843467e+01
1.281656299999999931e+02 6.427754000000000190e+00 1.142559478189872522e+02 1.967509989571094664e+01
9.793104999999999905e+01 2.979559499999999872e+01 9.612812450578876167e+01 1.684027838610289862e+01
1.259750059999999934e+02 8.296856999999999260e+00 9.975924041542589293e+01 2.977311539497028647e+01
9.918323499999999626e+01 1.574674699999999916e+01 1.122095084031164163e+02 2.192515187164988788e+01
1.204627899999999983e+02 7.529904000000000153e+00 9.711320922401242228e+01 2.997779527411930900e+01
1.356329700000000003e+02 5.475532000000000288e+00 1.369134753080400628e+02 3.342519942684492662e+01
1.229745099999999951e+02 1.295093400000000017e+01 1.126501098699676362e+02 2.059926388215930970e+01
1.215120100000000036e+02 3.517780999999999825e+00 1.164361976803833159e+02 3.156987630256441690e+01
9.808326999999999884e+01 2.820190200000000047e+01 1.229122795747522900e+02 3.134163107931911441e+00
1.299299300000000130e+02 1.610754400000000075e+01 1.210682480341757241e+02 1.833682482838349115e+00
9.369768000000000541e+01 1.855701600000000084e+01 9.492448958119473446e+01 6.694829666216048025e+00
1.061289500000000032e+02 1.904555099999999968e+01 1.122471021762738843e+02 1.924313339018231872e+01
1.118961000000000041e+02 1.561135900000000021e+01 9.485073143649836425e+01 2.314156002445124827e+01
9.548212999999999795e+01 1.554973200000000055e+01 1.324476188331657909e+02 9.294361195250329999e+00
1.227206500000000062e+02 2.926232000000000166e+00 1.194161284545414219e+02 1.176588445818326711e+01
1.029471499999999935e+02 1.203110299999999988e+01 1.086905429178138291e+02 2.884950768461369108e+01
9.965353399999999340e+01 2.953445800000000077e+01 9.737386276292379250e+01 1.917460919349940340e+01
1.202836599999999976e+02 1.236480500000000049e+01 1.164897927086782516e+02 5.739811638119464376e+00
9.264901000000000408e+01 2.078608699999999843e+01 1.282280414653992011e+02 2.651159547978750908e+01
1.211260759999999976e+02 1.171536500000000025e+01 1.222004943220620277e+02 1.531677038881099406e+01
1.117577739999999977e+02 2.046753999999999962e+01 1.074379791774437933e+02 7.954883864046527364e+00
9.893878999999999735e+01 2.680315399999999926e+01 1.175235123221572167e+02 1.271814437598736269e+01
1.344405199999999923e+02 3.228481299999999976e+01 1.241840204098393485e+02 2.192989029036030857e+01
1.148044000000000011e+02 2.044948799999999878e+01 1.357505239704532016e+02 1.965970212951733131e+00
1.344940300000000093e+02 7.012902999999999665e+00 1.133327582382702872e+02 2.205034706463014516e+01
9.987552999999999770e+01 8.232086999999999932e+00 1.351122594868128033e+02 3.363084919151555141e+01
1.108547200000000004e+02 1.948833799999999883e+01 1.180857143226504036e+02 1.736835115669965290e+01
1.262176500000000061e+02 1.077972399999999986e+01 9.999875094123085262e+01 2.771221024467284622e+01
1.294410000000000025e+02 2.921653200000000083e+01 9.622210702207236466e+01 2.750695000405546509e+01
1.214991760000000056e+02 1.366147199999999984e+01 1.167499722608561967e+02 2.013393661701590887e+01
1.337603000000000009e+02 1.258384500000000017e+01 1.240327110473526773e+02 3.315015259062284514e+01
1.063896100000000047e+02 3.912881000000000054e+00 1.354808666394060594e+02 5.606165696822049682e+00
9.397973000000000354e+01 1.450080900000000028e+01 1.307461574796198533e+02 4.605055956941771278e+00
1.015828300000000013e+02 3.012794999999999845e+01 1.323551642946274001e+02 2.769948245612775750e+01
9.897588000000000363e+01 1.434022700000000050e+01 1.283301520330529968e+02 1.132065947195643929e+01
1.268019900000000035e+02 6.239142000000000188e+00 1.286452394667803105e+02 2.137375305363519118e+01
1.232273500000000013e+02 4.342469000000000356e+00 1.307689297722813819e+02 1.877012194837640635e+01
1.255556260000000037e+02 1.372629099999999980e+01 1.011971928210152498e+02 1.906373121022295791e+01
1.031737439999999992e+02 5.745917000000000385e+00 1.087025718586996703e+02 2.461290193408491334e+01
9.897129999999999939e+01 1.955711399999999855e+01 1.325868330961861830e+02 1.861035735431561378e+01
1.134008259999999950e+02 2.899073999999999884e+01 1.181523335338821425e+02 7.371070967387173489e+00
1.130644759999999991e+02 5.041568999999999967e+00 1.136486097559491100e+02 3.166130732042377005e+01
1.364772499999999980e+02 2.120343999999999784e+00 1.008490002318392698e+02 1.138144741755391465e+01
