5.556812000000000040e+01 6.750840999999999781e+01 7.679265791642812644e+01 6.755967342031007661e+01
7.976686999999999728e+01 5.359152999999999878e+01 6.967643928448021029e+01 6.164650202897135500e+01
8.686418999999999357e+01 4.387660999999999945e+01 8.613959609085361535e+01 4.133302367312412429e+01
5.566822400000000215e+01 5.443486999999999654e+01 8.798292552726084637e+01 4.007772009466224716e+01
6.677664000000000044e+01 5.653610199999999963e+01 6.707010133950123532e+01 5.041153729477038326e+01
6.779018399999999644e+01 6.306392699999999962e+01 8.547820809156598898e+01 3.816130928646973786e+01
6.098011000000000337e+01 5.633001300000000100e+01 7.477640964181929917e+01 3.862482980732389848e+01
8.806625999999999976e+01 3.729690000000000083e+01 8.662809935047650356e+01 4.252035390679359494e+01
7.569961000000000695e+01 4.516561000000000092e+01 8.794751811704459499e+01 4.524286665000661856e+01
5.338119499999999817e+01 4.540312000000000126e+01 7.911069213820941570e+01 5.871413275989658587e+01
4.985574299999999681e+01 4.845098000000000127e+01 4.953264032506175596e+01 5.106302147640398914e+01
5.076733399999999818e+01 3.719605599999999868e+01 7.429019191477863160e+01 3.967024317392867516e+01
5.536148000000000025e+01 4.794722999999999757e+01 8.439553664128352750e+01 4.571634058216694996e+01
8.506038999999999817e+01 4.297482699999999767e+01 9.137674753749402612e+01 5.040761161548005020e+01
5.336617300000000341e+01 4.647099299999999999e+01 6.133690051231074847e+01 5.616609574466357913e+01
5.724527400000000199e+01 4.383981699999999648e+01 6.952702122074788349e+01 5.520033778865165885e+01
6.880440500000000270e+01 5.972476000000000340e+01 8.029977593443791761e+01 6.850508910434722054e+01
8.173636999999999375e+01 6.784996999999999900e+01 7.129081435068351880e+01 4.620134981499867166e+01
5.397681000000000040e+01 4.585221500000000106e+01 8.563396669555444873e+01 5.034184868511441380e+01
5.400205600000000317e+01 6.589191399999999987e+01 8.453775097566733621e+01 3.743302058119949294e+01
8.245322400000000584e+01 4.621737699999999904e+01 8.319794082835964844e+01 5.387219198829399147e+01
6.202784299999999718e+01 4.203117799999999704e+01 5.092040671439953314e+01 3.899186639334563154e+01
8.573838999999999544e+01 6.890942400000000134e+01 5.273860014591726753e+01 6.933805180372115728e+01
5.817465200000000181e+01 4.617281700000000200e+01 8.422545565418847957e+01 6.659683202673848257e+01
7.871864999999999668e+01 4.122878299999999996e+01 8.579479484510328291e+01 4.490038301764445094e+01
5.031473499999999888e+01 4.109745999999999810e+01 7.751569365498883712e+01 6.302819438861529022e+01
5.413719999999999999e+01 6.657320400000000404e+01 7.844356844278203766e+01 4.617461613228410044e+01
5.768971599999999711e+01 5.626144399999999735e+01 9.169930344058823835e+01 6.051293405164710038e+01
7.489607999999999777e+01 6.228779999999999717e+01 6.277199290041414059e+01 6.736042064568667342e+01
8.969199999999999307e+01 4.165841700000000003e+01 5.840994961347321635e+01 6.686437437502442549e+01
7.891028000000000020e+01 6.298868000000000222e+01 8.015880179964466379e+01 6.301453394979451161e+01
5.330595799999999684e+01 4.996555299999999988e+01 6.426174210771718265e+01 4.239064323390361011e+01
5.339186500000000279e+01 4.860521299999999911e+01 7.415911926902265350e+01 5.666698616698599267e+01
8.198730000000000473e+01 4.021397400000000033e+01 6.219382668194711528e+01 3.927372644304129778e+01
8.726282500000000653e+01 4.679518999999999807e+01 6.372211018488464873e+01 4.636765120002893781e+01
7.586669000000000551e+01 4.302570699999999704e+01 8.198316196555339275e+01 5.934330489582826829e+01
4.956040600000000040e+01 4.586153399999999891e+01 8.063626809716076593e+01 6.449535369784558725e+01
8.831159999999999854e+01 3.731616999999999962e+01 6.874329538265905626e+01 4.753973086700596440e+01
6.703991999999999507e+01 6.934390000000000498e+01 5.933122142894451656e+01 3.651089130987378439e+01
6.598450499999999863e+01 5.182002299999999906e+01 6.919813136328238556e+01 6.517897430412048720e+01
5.724761600000000072e+01 6.143712200000000223e+01 6.661070885669947472e+01 5.664714408981387805e+01
8.069112400000000207e+01 4.634583700000000306e+01 6.705587232677662257e+01 6.918615154569538106e+01
8.897745500000000618e+01 3.735638000000000147e+01 5.944459189851504988e+01 6.628795533626973224e+01
7.447088999999999714e+01 6.278063199999999711e+01 6.372413000220068113e+01 3.630999589819803219e+01
4.819915000000000305e+01 4.407435199999999753e+01 7.154906854988337273e+01 4.020197225704816901e+01
5.972766500000000178e+01 4.440487300000000204e+01 7.069777573584094910e+01 4.283929491212467155e+01
5.288052700000000073e+01 4.685767400000000293e+01 8.151121122859493084e+01 5.403559181813491819e+01
7.979953999999999326e+01 5.222890999999999906e+01 8.285065464853731498e+01 5.638387750693366485e+01
8.478618000000000166e+01 4.751883300000000077e+01 6.489832909223298429e+01 5.029971420261188086e+01
8.252343000000000472e+01 6.853699000000000296e+01 7.938499238367370481e+01 6.475921532605045172e+01
5.200366600000000261e+01 5.103144000000000347e+01 6.936139361349897570e+01 4.061301427471858005e+01
6.372266799999999876e+01 4.694447999999999865e+01 6.123075418684540239e+01 5.053522276539275992e+01
7.354685000000000628e+01 6.983608999999999867e+01 6.010384253235557850e+01 4.564653283550759255e+01
6.629274999999999807e+01 6.353835699999999775e+01 9.177627877319170580e+01 4.979008433537581624e+01
8.061682999999999311e+01 5.918603000000000236e+01 6.533976188966661880e+01 4.266183414079362990e+01
6.539163999999999533e+01 6.597992000000000701e+01 7.634406194066018259e+01 6.804049790644111795e+01
5.192617800000000017e+01 5.019215799999999916e+01 6.724775469955815765e+01 6.649967139483138112e+01
7.632841000000000520e+01 4.523435599999999823e+01 6.942842531631812619e+01 3.921194333817054201e+01
6.837843999999999767e+01 4.865468200000000110e+01 8.652437557414781111e+01 6.905608367792339664e+01
8.719392399999999554e+01 4.024371299999999962e+01 5.192917002708204421e+01 5.463743607529890767e+01
8.226090999999999553e+01 4.668988999999999834e+01 5.794983921883807909e+01 6.736139825093604827e+01
7.905564999999999998e+01 4.071649599999999936e+01 4.851910281073656961e+01 4.613788096267320782e+01
6.467489000000000487e+01 4.754215200000000152e+01 5.941399541182030930e+01 5.260839782149595578e+01
6.521347000000000094e+01 6.587377999999999645e+01 5.700346549918474892e+01 5.860170564105431623e+01
5.009697299999999842e+01 3.689758299999999736e+01 4.971180201072898086e+01 5.499530584838645098e+01
6.612999999999999545e+01 5.269389999999999930e+01 5.023635082723401268e+01 4.454781663787930768e+01
5.190478000000000236e+01 4.889708699999999908e+01 7.001561777340059223e+01 5.374678839623823734e+01
7.359251000000000431e+01 6.916764000000000578e+01 7.423158170224732544e+01 6.944563859026467867e+01
8.994052000000000646e+01 3.632224699999999729e+01 5.661719764502008445e+01 5.792290329686478856e+01
6.795614999999999384e+01 4.871293000000000006e+01 6.569668972341894175e+01 4.546281916568936055e+01
6.766622999999999877e+01 4.396661000000000286e+01 5.210089332087445513e+01 4.268829753760183365e+01
7.941040999999999883e+01 5.451766200000000140e+01 5.646927313998912723e+01 4.319058903776293334e+01
7.694122000000000128e+01 4.568415999999999855e+01 6.140612161464237317e+01 4.117898665409618530e+01
7.759128599999999665e+01 6.280809399999999698e+01 6.715926444010392515e+01 4.589541998359151620e+01
6.336164500000000288e+01 6.252990700000000146e+01 6.491913965306895307e+01 4.547385656024128053e+01
6.844832999999999856e+01 5.730413399999999768e+01 6.945367399226667260e+01 3.744948081885282676e+01
8.153354000000000212e+01 5.439672000000000196e+01 6.786414059513597863e+01 5.398098834429052317e+01
6.521056000000000097e+01 5.167953500000000133e+01 5.275324835595671402e+01 5.311960807678308072e+01
7.179988000000000170e+01 6.876121500000000708e+01 7.278840391214554018e+01 6.245498253475355455e+01
7.686307499999999493e+01 4.832139999999999702e+01 5.456765069367241949e+01 5.345939789798086395e+01
4.935990499999999770e+01 5.605839499999999731e+01 5.787106640977494720e+01 6.401815833488257113e+01
6.471316500000000360e+01 5.324251000000000289e+01 5.277636909920563824e+01 4.120159482646158011e+01
5.364372600000000091e+01 4.968298699999999712e+01 8.354129331656264412e+01 6.489261356589965146e+01
5.979800000000000182e+01 4.706063999999999936e+01 7.523172723948995610e+01 3.591770585931377724e+01
4.669586999999999932e+01 6.332151799999999753e+01 8.509819916824616826e+01 5.717315132161802183e+01
7.989584000000000685e+01 3.905698000000000292e+01 6.729957938659275385e+01 5.938112949413056896e+01
8.185470999999999719e+01 4.928301600000000349e+01 6.443233959263562838e+01 3.959953256527850840e+01
4.775593599999999839e+01 6.639164999999999850e+01 8.805602196573717322e+01 5.348495869086637100e+01
8.905092999999999392e+01 4.646264299999999992e+01 6.969415544067915391e+01 4.028562625903402505e+01
8.433438999999999908e+01 3.928714000000000084e+01 5.668360073413221301e+01 4.723307061515201610e+01
5.130496600000000029e+01 5.294500699999999682e+01 7.080706887772174696e+01 5.159910132630868418e+01
5.059288999999999703e+01 3.766018700000000052e+01 5.020863694771383479e+01 5.339913786538986074e+01
8.953078999999999610e+01 5.023995000000000033e+01 8.966579084473181638e+01 3.634486571865804905e+01
6.459828000000000259e+01 6.979175999999999647e+01 8.313645700344744682e+01 6.319260120530783809e+01
7.806696999999999775e+01 5.320942300000000103e+01 7.800415180324648645e+01 6.485044640962756546e+01
5.400197599999999909e+01 4.162597999999999843e+01 4.818385627229444168e+01 5.733600746411943305e+01
5.408313400000000115e+01 6.638416999999999746e+01 8.695408998225636310e+01 5.269360221406992650e+01
5.408330999999999733e+01 6.939442400000000077e+01 5.846301817242553511e+01 3.643794678403048692e+01
5.697548299999999699e+01 4.251236999999999711e+01 8.408364908511155988e+01 3.966599288989009153e+01
5.253663300000000191e+01 3.601392400000000293e+01 7.438489285927362005e+01 6.202354279378607771e+01
6.579370000000000118e+01 5.309502400000000222e+01 9.064202509849260991e+01 5.577385516554441836e+01
5.690837499999999949e+01 5.480534999999999712e+01 5.816272871924714138e+01 4.335160470443309322e+01
5.246391700000000213e+01 4.780145600000000172e+01 5.418987811033165514e+01 6.944539233593377503e+01
5.233660499999999871e+01 4.819270000000000209e+01 8.411459675783113710e+01 3.774078419139586771e+01
4.735890200000000050e+01 6.803895599999999888e+01 6.180551538039670589e+01 6.618295114639907695e+01
4.811440699999999993e+01 5.367403999999999797e+01 5.670007787004941235e+01 5.188621540383444142e+01
7.081449000000000638e+01 6.198342999999999847e+01 6.009053024313672609e+01 5.327419405071002245e+01
5.538620000000000232e+01 4.611807600000000207e+01 5.354599037654239169e+01 5.795183219580201239e+01
5.461650999999999812e+01 4.942170000000000130e+01 5.384467276225687726e+01 5.574010463091435952e+01
6.487651999999999930e+01 6.894028000000000134e+01 7.523270960347174707e+01 5.131619407334693506e+01
9.046371999999999503e+01 6.047626999999999953e+01 8.638584286198070572e+01 6.320123411454055429e+01
8.582438999999999396e+01 4.352882000000000318e+01 6.360289214375580968e+01 6.218310664456518566e+01
8.897160999999999831e+01 4.373075999999999652e+01 4.935715314050217728e+01 3.605332354110240090e+01
5.608556699999999751e+01 4.873567200000000099e+01 8.997179466273568949e+01 6.929997755614714094e+01
4.630128500000000003e+01 6.632629000000000019e+01 5.057541738717844737e+01 6.555374267148667400e+01
7.851379000000000019e+01 3.546386300000000347e+01 6.884124385089435805e+01 6.865024625385102297e+01
4.616987000000000307e+01 4.086637999999999948e+01 7.671927031829859800e+01 6.480893558228032703e+01
4.972973600000000260e+01 6.857572000000000401e+01 8.594062814625402780e+01 3.710002038569659533e+01
8.258718000000000359e+01 6.446133399999999369e+01 6.022284318875772158e+01 4.220728956352309069e+01
5.339393199999999950e+01 4.658201600000000298e+01 6.028237174967999579e+01 4.817582079583583976e+01
8.910262000000000171e+01 4.467295000000000016e+01 7.480535714809511205e+01 4.319429155590365355e+01
6.352276200000000017e+01 4.916449699999999723e+01 6.972552070353309261e+01 6.926608443072163368e+01
7.263685999999999865e+01 6.816455000000000553e+01 6.855641235515258813e+01 6.886176494666648296e+01
6.594256000000000029e+01 5.268306400000000167e+01 6.181605275502939634e+01 4.338709854677317423e+01
7.841535000000000366e+01 5.517078399999999760e+01 9.106116219838236248e+01 5.175444237509947243e+01
8.642296000000000333e+01 4.440330999999999761e+01 6.228390603237941292e+01 6.566701052736152633e+01
6.069254300000000057e+01 4.137232600000000105e+01 4.870732332931576281e+01 4.598446692462881202e+01
7.948573000000000377e+01 4.482542399999999816e+01 9.123026512730663740e+01 4.005311592666335940e+01
5.123778500000000236e+01 5.036023000000000138e+01 5.702924343399231333e+01 6.672156034474096487e+01
4.858368300000000062e+01 4.659875000000000256e+01 6.791232223035029847e+01 3.979456317926377551e+01
6.234524499999999847e+01 6.152044999999999675e+01 7.440661771996357743e+01 6.366641853629920433e+01
6.354970999999999748e+01 6.169022799999999762e+01 4.860096850329287577e+01 3.914024377947009725e+01
7.265532000000000323e+01 6.310888700000000284e+01 7.837353240577643021e+01 4.664434016307927777e+01
8.859553999999999974e+01 4.171603000000000350e+01 4.614582797791717894e+01 5.027776807881653554e+01
8.338657999999999504e+01 4.855832300000000146e+01 8.081098592308794082e+01 5.451742013860523173e+01
4.672376599999999769e+01 6.962304000000000315e+01 9.125748486537659687e+01 4.497426146969309002e+01
6.313089000000000084e+01 5.214475000000000193e+01 6.813362195829108714e+01 6.973103658600723520e+01
8.317892999999999404e+01 5.511390999999999707e+01 6.753806968499185359e+01 6.928916090159400198e+01
8.804195400000000404e+01 4.674388499999999880e+01 5.361528427696595145e+01 4.423897735493320482e+01
6.581596999999999298e+01 5.677728700000000117e+01 7.025683669338498305e+01 3.553515784513226095e+01
7.866431400000000451e+01 4.014864000000000033e+01 8.043264471940463523e+01 5.894988748791808320e+01
5.835997799999999813e+01 5.780623599999999840e+01 6.185784542357354354e+01 6.598204641929488901e+01
9.114764399999999966e+01 4.278615599999999830e+01 5.359955927009313825e+01 5.093886711728875838e+01
6.199449500000000057e+01 4.123483000000000231e+01 8.325369204612172780e+01 3.557981031681769934e+01
5.293442000000000291e+01 5.253999699999999962e+01 7.034681652487059011e+01 6.669809809836182524e+01
7.644329000000000462e+01 4.657066300000000325e+01 8.590997537814945417e+01 6.960603656231566561e+01
7.551157999999999504e+01 5.821988999999999947e+01 8.335927587072548306e+01 5.119512875152592812e+01
8.663148499999999785e+01 3.990982999999999947e+01 4.793910296833390561e+01 4.014377432683983926e+01
6.294104999999999706e+01 4.766602699999999970e+01 9.011413145626433163e+01 4.524225915640451490e+01
6.612401599999999746e+01 6.489065999999999690e+01 7.126765865084675511e+01 6.881575377695162388e+01
4.957694599999999951e+01 4.986617999999999995e+01 7.564841380535189330e+01 3.902778024843656368e+01
6.856942999999999699e+01 6.211330800000000352e+01 4.816306985294594512e+01 6.561629005032244777e+01
5.203767400000000265e+01 5.395211400000000168e+01 4.786886564163724245e+01 6.038585628101579061e+01
5.082811699999999888e+01 4.560262699999999825e+01 5.435190662321489441e+01 5.462812383747017009e+01
4.934065600000000273e+01 6.204409400000000119e+01 4.609783621574980828e+01 5.418556119679170990e+01
5.249409500000000151e+01 4.657718299999999800e+01 6.114430982878205612e+01 3.942799907827150463e+01
6.322707700000000131e+01 6.364811999999999870e+01 5.803304279083066319e+01 5.983260711519179154e+01
8.180530000000000257e+01 4.721235000000000070e+01 8.173229603604748661e+01 4.574928866954406459e+01
6.481473499999999888e+01 4.456393400000000327e+01 8.521738633164579824e+01 5.641476420027254335e+01
6.310660000000000025e+01 4.440919000000000239e+01 5.839415244122169213e+01 6.685885719849873965e+01
6.524366000000000554e+01 5.117226399999999842e+01 6.089494507676279511e+01 5.554921322094270408e+01
6.008419800000000066e+01 6.724903000000000475e+01 5.366498320648192077e+01 3.763544780500004094e+01
6.978509999999999991e+01 6.200424000000000291e+01 8.850844421710057475e+01 6.736411757251808297e+01
7.332840000000000202e+01 4.723649600000000248e+01 5.731398177578876130e+01 3.879980207559651717e+01
4.807733000000000345e+01 3.790756999999999977e+01 8.276104749487488732e+01 5.996378437100571546e+01
7.429716500000000678e+01 4.987426399999999660e+01 4.694283294141452245e+01 4.983402592914087847e+01
6.146526300000000020e+01 6.553976000000000113e+01 6.222810546170211410e+01 4.411720448581213816e+01
5.662628600000000034e+01 5.514053299999999780e+01 6.108330895814849271e+01 6.130819784385786875e+01
7.856969999999999743e+01 5.500180000000000291e+01 4.871112738170965883e+01 4.794373609100366451e+01
5.968653499999999923e+01 5.329252199999999817e+01 8.797385341437424700e+01 6.736604282518283071e+01
4.679430399999999679e+01 4.216695399999999694e+01 8.010684734682469355e+01 4.185455277851530553e+01
5.319486200000000053e+01 4.890612999999999744e+01 7.336339520784028423e+01 6.460522148540127318e+01
4.924508000000000152e+01 4.573075999999999652e+01 6.644493586167351395e+01 5.401020905648478987e+01
4.760193000000000296e+01 4.378117999999999910e+01 5.589082540139132504e+01 3.871596645604907394e+01
8.186610400000000709e+01 4.375295299999999799e+01 8.876459210199168126e+01 6.923386470898998368e+01
4.682751499999999822e+01 6.578252000000000521e+01 7.959031364385444363e+01 5.419796551836826382e+01
6.627116999999999791e+01 6.753251000000000204e+01 7.460599666560344190e+01 6.108206472500963002e+01
8.813251499999999794e+01 3.577533999999999992e+01 7.812007358110653854e+01 5.986165489218791436e+01
8.512422999999999718e+01 4.689227999999999952e+01 6.515985567322356076e+01 5.002760330033569147e+01
8.650522599999999329e+01 4.590870699999999971e+01 8.574835221125766793e+01 4.408394971234042004e+01
6.783283000000000129e+01 6.381229799999999841e+01 7.217603003713017529e+01 6.242867707599314997e+01
6.599164000000000385e+01 6.924809000000000481e+01 6.892547804988407734e+01 4.866110109167085795e+01
5.363974799999999732e+01 5.208994299999999811e+01 5.003885540846611946e+01 4.567003196785071850e+01
7.510142000000000451e+01 3.915826400000000262e+01 8.679449012087472681e+01 6.461809548885656795e+01
5.423397400000000346e+01 3.584526400000000024e+01 5.067277105487484334e+01 4.484052881744166541e+01
7.885416999999999632e+01 3.529026000000000352e+01 6.400959177408512346e+01 6.689185345975728580e+01
5.844738999999999862e+01 6.888080999999999676e+01 5.703931693303486838e+01 4.489618281069079586e+01
8.729072600000000648e+01 4.302579500000000223e+01 7.109162345894354473e+01 5.571665207491832916e+01
4.983039500000000288e+01 5.025559599999999705e+01 7.446720881856245455e+01 3.561097828819247013e+01
6.404304500000000644e+01 6.398645400000000194e+01 7.301001305908641825e+01 4.911419851839038131e+01
4.954738600000000304e+01 3.824540700000000015e+01 6.941181200824595976e+01 5.550824749173549577e+01
4.666504299999999716e+01 4.539951700000000301e+01 6.461555281833224740e+01 5.029704131982108350e+01
8.133104000000000156e+01 4.018990699999999805e+01 7.376030602796080871e+01 5.232160333071138325e+01
7.996568999999999505e+01 6.779388400000000559e+01 6.517134999648369842e+01 4.622446990217922291e+01
5.340807999999999822e+01 4.628913000000000011e+01 4.909883970884799709e+01 4.480636796677076461e+01
6.506362000000000023e+01 4.932741999999999649e+01 5.103735455495571216e+01 4.347561373448898792e+01
6.306450699999999898e+01 6.159660999999999831e+01 6.033267253385902507e+01 5.620983516785109657e+01
8.874388000000000432e+01 3.593610400000000027e+01 7.003795807523007966e+01 4.034373522737790552e+01
7.592802399999999352e+01 5.213128999999999991e+01 7.344974046458520434e+01 4.640565949099056553e+01
6.485940600000000700e+01 4.863174399999999764e+01 9.036577882252274208e+01 6.415198925876327962e+01
8.540730000000000643e+01 3.939616000000000184e+01 8.638973150143468160e+01 4.817748142259456756e+01
7.085715000000000430e+01 6.628178400000000181e+01 5.695652477645899125e+01 4.625689718687846153e+01
7.233463000000000420e+01 4.200035499999999900e+01 4.737771318128179132e+01 6.739233099943092498e+01
7.637121000000000492e+01 6.265274000000000143e+01 6.822769423177432202e+01 5.123415933185815163e+01
7.590055999999999869e+01 4.194827999999999690e+01 6.175664345407651012e+01 5.125037833142179977e+01
8.554076000000000590e+01 4.526500699999999711e+01 8.900616291316339357e+01 4.314646764437048176e+01
6.735670500000000516e+01 5.041149000000000058e+01 8.938849243271856437e+01 6.613661214207292005e+01
5.429485999999999990e+01 4.884084000000000003e+01 7.083521805772323887e+01 6.277870800449664301e+01
6.510826000000000136e+01 6.686397599999999386e+01 6.830363020898988680e+01 4.571249287497047931e+01
4.866503999999999763e+01 4.614283999999999963e+01 6.192832871454802302e+01 5.365562746816260642e+01
8.212173500000000104e+01 4.029014200000000301e+01 5.771083229095448530e+01 4.151936572880381249e+01
7.208037600000000111e+01 6.865512999999999977e+01 9.149436715209887439e+01 5.707296547482269489e+01
5.509714999999999918e+01 5.106415599999999699e+01 8.062281757748394284e+01 5.981238168930855892e+01
6.587040000000000362e+01 5.346339400000000097e+01 7.150312595960515694e+01 3.948426538376941863e+01
6.651388000000000034e+01 5.359824799999999811e+01 7.711338637926643003e+01 6.497856739141595028e+01
7.364605000000000246e+01 4.980917699999999826e+01 6.435948507836957333e+01 3.825513418041438030e+01
5.403204000000000207e+01 5.116592800000000096e+01 7.889781454300747043e+01 5.332167104096120624e+01
7.151955399999999941e+01 4.778076599999999985e+01 6.585641884959126457e+01 4.815884245702901723e+01
7.121519499999999425e+01 6.740169500000000369e+01 5.343506100288983163e+01 4.421379768487706485e+01
7.581678999999999746e+01 4.425414700000000323e+01 6.830322222358684314e+01 5.073572304713729864e+01
7.346007000000000176e+01 5.386707700000000187e+01 4.972108054653622133e+01 4.330347304474098280e+01
8.476594500000000210e+01 4.658230199999999854e+01 7.657969650003974493e+01 5.246669592961383444e+01
5.525240699999999805e+01 6.121945999999999799e+01 5.331793495699287178e+01 6.866729800682011842e+01
7.357657000000000380e+01 5.390614000000000061e+01 8.307633205633780449e+01 5.300196006439526286e+01
7.331856999999999402e+01 6.896445500000000095e+01 5.854431215945236033e+01 5.749166706261094362e+01
8.155437000000000580e+01 4.750036999999999665e+01 6.160726317447442568e+01 3.569399253206834999e+01
6.441042000000000201e+01 5.155160999999999660e+01 5.751345823237208066e+01 4.677198765909442102e+01
7.405304999999999893e+01 4.455815499999999929e+01 6.091785563683636440e+01 6.776629427090622926e+01
6.158970999999999663e+01 6.606143000000000143e+01 8.493444075855398978e+01 5.026896033683905074e+01
9.128652999999999906e+01 3.925340700000000282e+01 8.844713882641704572e+01 6.091217280609828322e+01
7.188934999999999320e+01 4.769791399999999726e+01 7.740508433423961776e+01 5.624768278220054185e+01
7.513997999999999422e+01 6.129621000000000208e+01 7.013249707176115066e+01 3.561113117419304075e+01
5.508444200000000279e+01 4.897662400000000105e+01 8.188713054764107824e+01 5.049275873292388184e+01
5.694366000000000128e+01 5.793184000000000111e+01 8.078317800979516505e+01 5.242208905378276995e+01
5.855407699999999949e+01 6.542522999999999911e+01 7.222275830329539303e+01 3.958715956870334196e+01
8.590979000000000099e+01 3.523488600000000304e+01 8.252302684562160096e+01 5.422618920294512179e+01
8.027527000000000612e+01 4.288470000000000226e+01 4.875313330342448381e+01 6.598147611362239218e+01
6.529474000000000444e+01 5.300702700000000078e+01 6.025438320898474842e+01 6.193661578587784078e+01
5.363667999999999836e+01 4.819988599999999934e+01 6.700400379105334991e+01 5.088164058527914335e+01
7.236713399999999297e+01 5.359680600000000084e+01 8.674245546642904969e+01 4.751686338898652195e+01
6.421460000000000434e+01 4.855725000000000335e+01 8.193068551776943309e+01 4.092263036985112024e+01
8.403638499999999567e+01 3.503270299999999793e+01 7.582986098619156223e+01 6.545556697215218378e+01
8.828168999999999755e+01 3.561987299999999834e+01 4.680317579435638464e+01 5.114704687642315406e+01
7.183495000000000630e+01 4.117258999999999958e+01 8.426868771405497682e+01 6.525153317434512701e+01
6.137015999999999849e+01 5.204327399999999670e+01 5.795929251808057359e+01 6.390487413175046072e+01
6.250783500000000004e+01 5.303157800000000321e+01 6.537753107133553954e+01 4.040088620952631970e+01
8.295906999999999698e+01 5.851885000000000048e+01 6.138605538343040280e+01 4.242745279505382427e+01
5.964972699999999861e+01 4.230685400000000129e+01 7.080120158948101050e+01 5.046464359834293134e+01
5.273010299999999972e+01 5.304892000000000252e+01 6.860347092141154235e+01 6.520651148820591914e+01
8.314601999999999293e+01 6.420999000000000478e+01 6.333091564766738202e+01 5.609327025901839647e+01
8.201357000000000141e+01 5.219725799999999793e+01 7.859028290320435417e+01 3.728335586749269481e+01
8.982984000000000435e+01 5.302496299999999962e+01 4.990031534165171223e+01 4.255965933486265129e+01
5.401004799999999761e+01 4.541924000000000206e+01 5.100896951964855219e+01 4.798338274617088928e+01
7.273438000000000159e+01 5.694560599999999795e+01 8.029295639340341495e+01 4.019050218521776685e+01
9.098907499999999970e+01 4.332945999999999742e+01 8.766800219693487861e+01 5.933919739995270959e+01
5.513156000000000034e+01 6.075578000000000145e+01 4.998519264255856598e+01 5.816075201744989442e+01
6.697539999999999338e+01 6.363968700000000212e+01 6.550012013373721231e+01 5.541891606093683009e+01
7.200657999999999959e+01 4.162769300000000072e+01 5.062242670976946357e+01 6.004116617299192882e+01
5.421309999999999718e+01 5.728742199999999940e+01 9.160122884711495317e+01 5.014567302576185170e+01
7.430379000000000644e+01 4.396401000000000181e+01 7.456912017126839487e+01 4.143592319755980213e+01
5.350739000000000090e+01 4.829330999999999818e+01 7.572136525045272037e+01 5.786337969422156391e+01
5.350283400000000000e+01 5.982513800000000259e+01 6.309232074153287328e+01 5.456413243313721750e+01
4.670871700000000004e+01 6.377425999999999817e+01 6.016081789188490347e+01 4.181058628753061157e+01
5.408736999999999995e+01 4.822462500000000318e+01 8.273159862517711360e+01 6.573510418393952648e+01
7.175524000000000058e+01 6.097810700000000139e+01 6.290043410021318238e+01 6.768664292001224680e+01
5.442630400000000179e+01 4.484588000000000108e+01 8.003185916326248162e+01 6.773450524218571900e+01
7.974235500000000343e+01 4.118516000000000332e+01 7.733226240650294869e+01 4.214819624588871250e+01
7.498845000000000027e+01 4.247617300000000284e+01 7.851289902020813827e+01 4.713057695096104283e+01
6.478409600000000523e+01 6.453046000000000504e+01 6.288024645963277948e+01 3.956665187495789837e+01
8.212149999999999750e+01 6.805886999999999887e+01 4.728817733318781080e+01 4.401725220379105963e+01
6.463611600000000124e+01 5.428184499999999701e+01 7.384263613846103169e+01 3.850968167035625100e+01
4.771408000000000271e+01 5.153596000000000288e+01 8.937352440127142472e+01 3.764054118565560714e+01
8.535965000000000202e+01 4.491523699999999764e+01 4.977118810283722183e+01 4.248348342027738056e+01
6.139316600000000079e+01 4.326026499999999686e+01 7.931383826737408071e+01 4.060110770817496473e+01
5.748829700000000287e+01 5.595329300000000217e+01 9.144836464760503247e+01 5.293735862745542420e+01
7.284009600000000262e+01 6.049586000000000041e+01 8.494772175810651049e+01 4.912000858540598358e+01
7.031310000000000571e+01 5.214257400000000331e+01 8.244289954722358971e+01 3.623167677317442070e+01
8.352984999999999616e+01 6.076507999999999754e+01 8.711558504418991333e+01 5.629863890980156782e+01
4.872610499999999689e+01 4.301434700000000078e+01 6.621232455421701957e+01 6.642093762083624142e+01
6.023380300000000176e+01 5.545163999999999760e+01 5.048034025372947298e+01 3.626168403703761811e+01
7.637748999999999455e+01 6.877970000000000539e+01 7.502558603250905378e+01 4.169466347665941441e+01
6.587717999999999563e+01 6.489995600000000309e+01 8.985858253608427049e+01 4.929423752266573189e+01
5.388501000000000118e+01 5.712486599999999726e+01 6.250777739429511115e+01 4.342322931394468810e+01
7.517798600000000420e+01 5.425798000000000343e+01 6.637637661062618122e+01 5.086064310043558834e+01
6.902935999999999694e+01 4.476595999999999975e+01 7.647205308413745684e+01 3.996192997013542936e+01
7.532416999999999518e+01 4.011449999999999960e+01 6.470612035113268234e+01 3.938582237107087280e+01
5.290209999999999724e+01 5.713993500000000125e+01 9.168805889448647406e+01 5.963432319630487655e+01
5.532318000000000069e+01 4.998246400000000023e+01 7.773449523468633515e+01 6.330028348810437677e+01
8.737299000000000149e+01 4.577764499999999970e+01 6.464203824212042093e+01 5.150907175669590998e+01
5.339562000000000097e+01 4.819332500000000152e+01 5.378392572978675901e+01 6.253436871646859174e+01
6.426962000000000330e+01 5.232027999999999679e+01 6.492858911360056595e+01 4.371334307709589950e+01
4.865258000000000038e+01 4.363104200000000077e+01 7.244650274405040591e+01 4.859412809983335535e+01
7.047728999999999644e+01 4.958598299999999881e+01 7.886781831597470216e+01 4.473060909258641971e+01
5.104829000000000150e+01 4.921446199999999749e+01 8.516680319777748309e+01 5.467129134379608502e+01
7.929738600000000304e+01 5.334486799999999818e+01 7.122388821370401502e+01 5.115112907863011316e+01
5.167446499999999787e+01 5.289345600000000047e+01 7.038633846335535793e+01 5.646635552898381150e+01
6.230940600000000273e+01 6.209315000000000140e+01 4.699602599679076320e+01 5.449830475629217119e+01
5.874136699999999678e+01 5.923510999999999882e+01 8.887369927898529909e+01 6.240389444789204276e+01
8.956656999999999869e+01 4.467163999999999646e+01 6.743376590430219153e+01 4.017113761161554919e+01
8.658387999999999352e+01 4.637970700000000335e+01 8.963374747048493418e+01 5.270123383601324463e+01
8.999599000000000615e+01 5.482777999999999707e+01 5.949162796934969322e+01 3.535377063817406196e+01
8.431788000000000238e+01 4.659002999999999872e+01 7.167131350425064795e+01 6.078559281022616290e+01
8.021922000000000708e+01 4.084998699999999872e+01 7.638616903056991703e+01 6.783510802271000273e+01
6.500728999999999758e+01 4.928378000000000014e+01 4.840942247901254092e+01 4.364888040648121148e+01
5.841998699999999900e+01 3.671247499999999775e+01 8.175181130274329178e+01 5.946642939506058667e+01
8.220014000000000465e+01 6.470933499999999583e+01 7.918186067811888051e+01 5.195591751354328380e+01
5.181455199999999905e+01 4.689494299999999782e+01 8.882501937789396607e+01 4.335744687804924524e+01
8.742462999999999340e+01 3.743291500000000127e+01 7.112796858486879614e+01 5.593668676537677698e+01
