1.134047800000000024e+02 3.464389800000000008e+01 1.219131058885675003e+02 1.140322011802802038e+01
1.053158899999999960e+02 1.049280700000000088e+01 9.442895047751410686e+01 1.359125160475375127e+00
1.094431699999999950e+02 2.603854600000000019e+01 1.087453837206972764e+02 6.321987751313481674e+00
1.302130600000000129e+02 1.211599499999999985e+01 1.089711360915418368e+02 1.049262055112407666e+01
1.217480850000000032e+02 1.688053000000000026e+00 9.312669438955501278e+01 2.397564124779450978e+01
9.826783000000000357e+01 3.081710999999999956e+01 1.266536497380401158e+02 2.423497348997269540e+01
9.410971999999999582e+01 1.075564600000000048e+01 1.119418963747260420e+02 2.230371758961998552e+01
1.142837099999999992e+02 1.745475199999999916e+01 1.204525499687247532e+02 1.013471214631186079e+01
1.063328249999999997e+02 1.094751899999999978e+01 1.148073855554530667e+02 2.570960742388676223e+01
1.180998459999999994e+02 1.284827399999999997e+01 1.014288243100324252e+02 1.529392757753226029e+01
1.083531200000000041e+02 1.792666600000000088e+01 1.044987486798477789e+02 2.967109731457255606e+01
1.318405300000000011e+02 1.077468200000000031e+01 1.359984914586188438e+02 1.703906095118223263e+01
1.255558699999999988e+02 4.544313999999999965e+00 1.286568667198661160e+02 1.914022482483977328e+01
1.079270800000000037e+02 2.750382199999999955e+01 9.936349337576675111e+01 3.359414330046784158e+01
1.306742099999999880e+02 8.577165000000000816e+00 1.276440768507825396e+02 8.640111798316493008e+00
1.060830399999999969e+02 5.075204000000000271e+00 1.189723591336706932e+02 3.323772712753702052e+01
1.230953449999999947e+02 4.679204000000000363e+00 1.069322208566417913e+02 2.228738363289759050e+01
1.285425299999999993e+02 2.874658000000000158e+01 1.335984928600722697e+02 2.780013585299966650e+01
1.217467800000000011e+02 3.821569999999999911e+00 9.922467682446706760e+01 3.145855989836348243e+01
1.081589000000000027e+02 1.194670699999999997e+01 1.191121358196799633e+02 2.359473475663189390e+01
1.001488999999999976e+02 1.622813000000000017e+01 1.362514797620823686e+02 3.905791321413804695e+00
1.074754400000000061e+02 1.089594899999999988e+01 1.368348552758722576e+02 2.408914814974522045e+01
1.135080899999999957e+02 2.942609399999999908e+01 1.261718018647645039e+02 8.668359071705486585e+00
1.036701050000000066e+02 2.659670799999999957e+01 1.313801405877725301e+02 2.241006666952152671e+01
1.369524999999999864e+02 1.756889699999999976e+01 1.138282372412357262e+02 3.425073150415751400e+01
1.191146099999999990e+02 1.880997299999999939e+01 9.447003264456944294e+01 1.184044332918329268e+01
1.007264200000000045e+02 2.864308700000000130e+01 9.359901914777975662e+01 1.186587654893117083e+01
1.250190400000000039e+02 1.223044999999999938e+01 1.221184304642104053e+02 1.347647194287397276e+01
1.304119399999999871e+02 1.130974800000000080e+01 9.858576418427868759e+01 5.473839911361896071e+00
1.008982799999999997e+02 1.920488399999999984e+01 9.537046157313034200e+01 1.745641737165301777e+01
1.274280200000000036e+02 8.565103000000000577e+00 1.195450926848413928e+02 8.227084940849021422e+00
1.005264739999999932e+02 1.630819999999999936e+01 9.274385376006095782e+01 2.164329254914914813e+01
1.366617899999999963e+02 1.230031400000000019e+01 1.133989201247426024e+02 3.414855754003148292e+01
1.081945400000000035e+02 1.628570200000000057e+01 1.142774503674368560e+02 3.210487149400051266e+01
1.006953599999999938e+02 1.924044200000000160e+01 1.137613097666423556e+02 2.029776640745129512e+01
1.289606799999999964e+02 1.261729300000000009e+01 1.264129730763852137e+02 2.238019684426551592e+01
1.377912300000000130e+02 9.822943000000000424e+00 1.238359851575419555e+02 2.600038496971253466e+01
1.219990200000000016e+02 5.213186999999999571e+00 1.342846947913429005e+02 6.946224167660676407e+00
1.321534699999999987e+02 7.309249999999999581e+00 9.384090130291895093e+01 3.122392318003207379e+00
1.137167199999999951e+02 2.209496700000000047e+01 9.891790017241766009e+01 2.541385373841422890e+01
1.273446660000000037e+02 1.365026600000000023e+01 1.217611177987737108e+02 3.143779816636169500e+01
1.079575040000000001e+02 1.263439100000000082e+01 1.200842177606550223e+02 1.942331090495245149e+01
1.064903999999999940e+02 1.390643999999999991e+00 1.368808210551851232e+02 2.157936817546824315e+01
1.205477139999999991e+02 7.351634999999999920e+00 1.306724701820506027e+02 4.391404088295022490e+00
1.349317599999999970e+02 1.207422299999999993e+01 1.274107904751514866e+02 1.344777696245654219e+01
1.212168499999999938e+02 5.970590000000000064e-01 1.335756238770529762e+02 2.509801853201802402e+01
1.046525000000000034e+02 2.365267400000000109e+01 1.331818410667379169e+02 8.027957834508520074e-01
1.085890660000000025e+02 5.622329999999999828e-01 1.332881498617852287e+02 7.391886448941304977e+00
1.217343299999999999e+02 1.486597700000000088e+01 1.063971206706091976e+02 3.085403537040275523e+01
9.977344999999999686e+01 2.670044899999999899e+01 1.025129272207812647e+02 3.132305515056954448e+01
1.252770199999999932e+02 1.020389400000000002e+01 1.352182892821130906e+02 3.148574558394806289e+01
1.068336939999999942e+02 1.901988000000000056e+01 1.108324061881258729e+02 3.202427791844883131e+01
1.199050600000000060e+02 3.175273699999999977e+01 1.032535566636632751e+02 5.140380611410660272e+00
1.331578700000000026e+02 1.155118900000000082e+01 9.980920850463628824e+01 9.377892911355981909e+00
1.349519999999999982e+02 1.169487200000000016e+01 1.070151674050620727e+02 1.585119050741173652e+01
1.014903900000000050e+02 3.396592700000000065e+01 9.673686754394728382e+01 2.577304311019445748e+01
1.065664600000000064e+02 3.067689499999999825e+01 1.178906826122495630e+02 4.942675217019887768e+00
1.372935799999999915e+02 3.647539999999999782e+00 9.551466094013454722e+01 1.582868962845649818e+01
1.180868300000000062e+02 8.296312000000000353e+00 1.110121805643644848e+02 3.067473514137635249e+01
1.314515000000000100e+02 1.002607700000000079e+01 9.279501469019567139e+01 3.330736746779179214e+01
1.004126049999999992e+02 2.261345000000000027e+01 1.322402804283572948e+02 2.410163820793409073e+00
1.135468599999999952e+02 1.324376900000000035e+01 1.263748360269633508e+02 2.644346607789959691e+01
1.179293399999999963e+02 2.794945999999999842e+01 1.141384171517220238e+02 2.131819832887848420e+01
1.166195600000000070e+02 2.389059299999999908e+01 1.209606281439532864e+02 2.819416759345365975e+01
9.297975999999999885e+01 2.366921800000000076e+01 1.070485134795838604e+02 3.495771854439377080e+01
1.369482299999999952e+02 3.398439000000000210e+00 1.019147031353569446e+02 6.563517358452196859e+00
1.325039999999999907e+02 4.645293999999999812e+00 9.848533837728042784e+01 7.419365665983879143e-01
1.195463639999999970e+02 2.841035700000000119e+01 1.203205414585718813e+02 4.389785326750600625e+00
1.010540500000000037e+02 1.139439199999999985e+01 1.191189712614766307e+02 3.264566774568380936e+01
1.006573939999999965e+02 2.060479399999999828e+01 1.323617395807759181e+02 1.329045349664433751e+01
1.031585699999999974e+02 3.076735299999999995e+01 1.232623299539672814e+02 2.539388901040826241e+01
1.183328860000000020e+02 6.461452999999999669e+00 1.011091269980253315e+02 2.060689107296544620e+01
1.218254000000000019e+02 4.371687999999999796e+00 1.196390262430204530e+02 2.720137100703125199e+01
1.148805399999999963e+02 1.808004999999999995e+01 1.038298748411101968e+02 2.840456900256150519e+01
9.357684000000000424e+01 1.529489399999999932e+01 1.069740770130465108e+02 1.290569749158702884e+01
1.205464199999999977e+02 1.931105200000000011e+01 1.044753896737281593e+02 2.441056829392697836e+01
9.723202000000000567e+01 2.960429800000000000e+01 1.361501258960817609e+02 3.827983679709425768e+00
1.100219600000000071e+02 2.893303699999999878e+01 1.113391432846943445e+02 2.447823199310023767e+01
1.098299099999999981e+02 2.569585199999999858e+01 1.341626315022812719e+02 2.858480056536609126e+01
1.248241299999999967e+02 2.644671599999999856e+01 1.023367320249074055e+02 1.416371458120430482e+01
1.057254400000000061e+02 1.247801699999999947e+01 1.106725233736676728e+02 2.352125108753035931e+01
1.123585199999999986e+02 2.633208799999999883e+01 1.026633110009784957e+02 1.312510888533137710e+01
1.219842399999999998e+02 1.118587100000000056e+01 1.055696212059209529e+02 2.557666699303693747e+01
1.129650599999999940e+02 1.078936599999999935e+01 9.999422017850133670e+01 5.048164071656806584e+00
1.100357360000000000e+02 2.855119900000000044e+01 1.200065898528852273e+02 9.342958934813355043e+00
1.009878700000000009e+02 1.558966700000000039e+01 1.015839023430270061e+02 3.206719546746534633e+01
1.281656299999999931e+02 6.427754000000000190e+00 1.125460168613364260e+02 3.088541306461609537e+01
1.357525300000000072e+02 3.087321499999999830e+01 1.194142590122800698e+02 3.846188400575927702e+00
1.039407649999999990e+02 1.002263800000000060e+01 9.218950221794833055e+01 9.900013011358559822e+00
1.121058799999999991e+02 5.483360000000000456e-01 1.110740963043799354e+02 1.478223282219899204e+01
1.218425699999999949e+02 1.623406200000000155e+01 9.277613057750637893e+01 3.044576402637308021e+01
1.215120100000000036e+02 3.517780999999999825e+00 1.016190717876374805e+02 3.028799419414693617e+01
1.301593200000000081e+02 3.440213800000000077e+01 1.009878473241116552e+02 1.976639070757977734e+01
1.063787499999999966e+02 2.825092300000000023e+01 1.355607870862521054e+02 2.059157442985824105e+01
9.981171000000000504e+01 2.392927600000000155e+01 1.094837359172125559e+02 2.845908356160207830e+01
1.054974749999999943e+02 1.932288700000000148e+01 1.041495309728386331e+02 3.846784950672243575e+00
1.006795400000000029e+02 2.482919000000000054e+01 1.014639258065808605e+02 1.172528855903050449e+01
1.011866799999999955e+02 2.244153999999999982e+01 1.291329872759218915e+02 2.745353873156035718e+01
1.268122939999999943e+02 2.672148999999999930e+01 9.644830316633172629e+01 1.882168721747803630e+01
1.158584060000000022e+02 1.987986000000000075e+01 1.275083150838073323e+02 1.955403579757209442e+01
1.034334800000000030e+02 1.589862499999999912e+01 1.069493044864250493e+02 2.143813558094797855e+01
9.908189000000000135e+01 3.429287999999999670e+01 1.316870884511411077e+02 6.543941539961413589e+00
1.105124739999999974e+02 2.767481799999999836e+01 1.047736844207130531e+02 2.748517631511158399e+01
1.079864000000000033e+02 3.225813699999999784e+01 9.852706499815926122e+01 2.932760545677099540e+00
9.369768000000000541e+01 1.855701600000000084e+01 1.079259748206449530e+02 8.677504376691778987e+00
1.213383699999999976e+02 1.526827899999999971e+01 1.371205546845202434e+02 7.071183549161949244e+00
1.192735749999999939e+02 1.863693999999999917e+01 9.639318740520415929e+01 2.203628079747497637e+01
1.182972699999999975e+02 1.483025899999999986e+01 1.076610133070676198e+02 3.360468607740113356e+01
1.223558649999999943e+02 2.753307300000000168e+01 1.308171311056775039e+02 1.698433450412245094e+01
1.073292849999999987e+02 3.159566099999999977e+01 1.136880339814284753e+02 3.124874721050229098e+01
1.182651900000000040e+02 1.205452299999999966e+01 1.137225522195763006e+02 8.255319531858900106e+00
1.133417740000000009e+02 1.599369000000000085e+01 1.346870154802135744e+02 2.932000471788369111e+01
9.836787400000000048e+01 1.882612400000000008e+01 1.253281874404477634e+02 2.641525905307426214e+01
1.081480499999999978e+02 2.939423800000000142e+01 1.084526190868760267e+02 4.776720417625128334e+00
1.240121900000000039e+02 1.423227999999999938e+00 1.230040972686887102e+02 3.463355634643571790e+01
9.773923999999999523e+01 2.664898499999999970e+01 1.309956516755275970e+02 3.306883391090809710e+01
1.291601900000000001e+02 1.209166300000000049e+01 1.285442147799903978e+02 1.120796355321179716e+00
1.123576999999999941e+02 3.279659999999999798e-01 1.377052580187749413e+02 1.288559766738895362e+01
1.066365299999999934e+02 1.226323999999999970e+01 1.007090896581143937e+02 3.357863169834788408e+01
1.180764159999999947e+02 1.789309899999999942e+01 1.310658885595411505e+02 2.598359664739032482e+01
9.491244500000000528e+01 6.986594000000000193e+00 1.368475740820391593e+02 1.659375272939124457e+01
1.267007399999999961e+02 1.415362099999999934e+01 9.830588129021195698e+01 6.403900214403101643e+00
1.207911699999999939e+02 1.297105099999999922e+01 1.221319510676114248e+02 1.338019110197342343e+01
1.354256300000000124e+02 3.155119300000000138e+01 1.351865748636277544e+02 3.428705803803725161e+01
1.330253999999999905e+02 1.143711000000000055e+01 1.109678946125551704e+02 9.903080391471920763e+00
1.043324360000000013e+02 3.222833599999999876e+01 1.056103258318970433e+02 1.420696389752374245e+01
1.355432900000000132e+02 8.343788999999999234e+00 1.102053520353040739e+02 1.136286659976106428e+01
1.140832999999999942e+02 2.683112699999999862e+01 1.112065249784249090e+02 2.682638074566293795e+01
1.006978600000000057e+02 1.544444200000000045e+01 1.228947010832607702e+02 5.094762551496323510e-03
1.056286400000000043e+02 2.796617300000000128e+01 1.206981016220261012e+02 3.174014787232686530e+01
1.176774800000000027e+02 2.114383099999999871e+01 1.379627948322212774e+02 6.244696037520077958e+00
1.028493699999999933e+02 2.885465800000000058e+01 1.083798468133050363e+02 1.231720306322305092e+01
1.374745599999999968e+02 3.138292099999999962e+01 1.312845878367338628e+02 2.619261639196552949e+01
1.006261599999999987e+02 2.471593500000000176e+01 9.532006770646408711e+01 4.870459961742118260e+00
1.073123599999999982e+02 2.557497199999999893e+01 1.023683014631257038e+02 1.595040462293889583e+01
1.064135899999999992e+02 2.078034999999999854e+01 9.687211498219215855e+01 8.128863108466145349e+00
1.346454300000000046e+02 1.258279899999999962e+01 1.273855548634653161e+02 3.361084255255156705e+01
1.077314800000000048e+02 2.793261299999999991e+01 1.097109580664916990e+02 1.093621927248009484e+01
1.149692299999999960e+02 2.266322900000000118e+01 9.326338234543253236e+01 7.463606658832127927e+00
9.686450000000000671e+01 3.287660000000000338e+01 1.246572780889108003e+02 3.446288152456835263e+01
1.264986999999999995e+02 2.455890000000000128e+01 9.966100735497813901e+01 1.101096125646462731e+01
1.222486099999999993e+02 1.220074699999999979e+01 1.233416982840322618e+02 1.655337044421401060e+00
1.292956100000000106e+02 2.781921200000000027e+01 9.250526925616559026e+01 2.238010455723918568e+01
9.548212999999999795e+01 1.554973200000000055e+01 1.189848385435105484e+02 8.613820580875518829e+00
1.222981000000000051e+02 3.382558000000000220e+01 1.018734414932352053e+02 6.810839259676010116e+00
1.305980999999999881e+02 1.224686600000000070e+01 1.095794697328810798e+02 3.010438908766371924e+01
9.793104999999999905e+01 2.979559499999999872e+01 1.192650218317715058e+02 2.445164755832993109e+01
1.167711800000000011e+02 1.044548600000000071e+01 1.178752362428173512e+02 1.049057458481818550e+01
1.334171399999999892e+02 1.512338199999999944e+01 1.377225749935052477e+02 2.603154353991396519e+01
1.203130950000000041e+02 1.544907599999999981e+01 9.661899034783897378e+01 8.225855674761602288e+00
1.118421859999999981e+02 1.936338999999999899e+01 1.240982221074168876e+02 2.302569777272663742e+01
1.066784899999999965e+02 8.027340000000000586e+00 1.228848592131490989e+02 2.607412202860266248e+01
1.231597299999999962e+02 7.689467999999999748e+00 9.923089247670228019e+01 2.478467970762746120e+01
1.239506300000000039e+02 1.062640999999999991e+01 1.298789921284959519e+02 1.420086945628517761e+01
9.488523999999999603e+01 3.360560600000000164e+01 1.099727259968096291e+02 2.759908533778168760e+01
1.220831000000000017e+02 5.744365000000000165e+00 1.110366228346097728e+02 2.473646162216136091e+01
1.030200499999999977e+02 2.779550400000000110e+01 9.558892819204852742e+01 9.114221898733319449e+00
1.117798300000000040e+02 2.242299999999999827e+01 1.012347247859649713e+02 4.581958378245150953e+00
1.188802900000000022e+02 7.100107000000000390e+00 9.302029172815258562e+01 2.448176818387615228e+01
9.854899000000000342e+01 3.494611400000000145e+01 1.009250809980584194e+02 3.352868634298713602e+01
1.008354400000000055e+02 1.752425399999999911e+01 1.160006115637982305e+02 1.104424466098133273e+01
1.197753399999999999e+02 1.044808199999999943e+01 1.032335328207802263e+02 3.736358724132933240e+00
1.271800499999999943e+02 1.194703699999999991e+01 1.134389157694866697e+02 4.637329651553629084e+00
1.175999999999999943e+02 1.023433799999999927e+01 1.250298051471863090e+02 7.896995647559169385e+00
1.133772500000000036e+02 2.012534099999999881e+01 9.810627711067886025e+01 4.516815292271431304e+00
1.212039639999999991e+02 1.003314899999999987e+01 9.232632761208418515e+01 2.589123823795230095e+01
1.329613999999999976e+02 9.990607000000000681e+00 1.254172267408994088e+02 3.239428416763269780e+01
1.247264200000000045e+02 3.881044000000000160e+00 1.041036845966877280e+02 1.899047571904538501e+01
1.039138399999999933e+02 1.255168100000000031e+01 1.320720647750400758e+02 1.162932197831308834e+01
1.362104300000000023e+02 3.216197000000000195e+00 1.312991596757814250e+02 1.994229060137082143e+01
1.007858499999999964e+02 2.466396100000000047e+01 1.162892776736242126e+02 9.658623589701965884e+00
1.274308900000000051e+02 1.213617600000000074e+01 9.607408284622913186e+01 1.035346346951650176e+01
1.026667000000000058e+02 2.719775200000000126e+01 1.087867531077429533e+02 1.793600192368807811e+01
1.007992859999999951e+02 1.987467600000000090e+01 1.100333069398579937e+02 1.039199717151283409e+01
1.377720300000000009e+02 1.174125100000000010e+01 1.303257762807414224e+02 1.850907000796954449e+01
1.105670700000000011e+02 1.976796200000000070e+01 1.213415889954365809e+02 2.520237729144474415e+01
1.020793800000000005e+02 2.128403700000000143e+01 1.232328740973944718e+02 7.996157718466263553e+00
1.074296650000000000e+02 4.943573999999999913e+00 1.304276625838117525e+02 1.870969623817765992e+01
9.386674499999999455e+01 5.584399000000000335e+00 1.009173842619916144e+02 5.722200702208414924e+00
9.974071999999999605e+01 1.632757600000000053e+01 1.173922095562480195e+02 3.233964939229591096e+01
1.134364199999999983e+02 3.037878600000000162e+01 9.822413916376245879e+01 1.325779625547918528e+01
1.338978899999999896e+02 2.646328499999999906e+01 9.458544639223498507e+01 2.385816344126742194e+01
1.255556260000000037e+02 1.372629099999999980e+01 1.189334301866425108e+02 1.976668951519731365e+01
1.285267200000000116e+02 1.431049299999999924e+01 9.944959642577880743e+01 1.856663365136303767e+01
1.324309700000000021e+02 7.640058999999999934e+00 1.091197434035288012e+02 3.086660168840639074e+01
1.072066800000000057e+02 2.882234800000000163e+01 1.260053974664057534e+02 2.383688864811101205e+00
1.185405899999999946e+02 1.932002800000000065e+01 1.075046553704504220e+02 8.012092434591131962e+00
1.090422400000000067e+02 3.257660000000000000e-01 1.071269395915882825e+02 1.712538683886743840e+01
1.340509999999999877e+02 2.624378400000000156e+01 1.133995536223658291e+02 2.729530311090052663e+01
1.227914099999999991e+02 2.626429399999999958e+01 1.046060539128383198e+02 1.096611321330341404e+01
1.337603000000000009e+02 1.258384500000000017e+01 1.367843765704805605e+02 1.237020026971488207e+01
9.605414600000000291e+01 3.418947000000000003e+01 9.226821594736294685e+01 2.760245053169328600e+01
1.092301300000000026e+02 1.388265000000000082e+00 1.153723178489269685e+02 1.095242984519905249e+01
1.017679899999999975e+02 1.656687200000000004e+01 1.133334380946508873e+02 2.956135093704904193e+01
9.234408600000000433e+01 1.566721100000000000e+01 1.023610941423112166e+02 5.129000577029947827e+00
1.066686859999999939e+02 3.609456000000000220e+00 1.227975504153929620e+02 1.887688395654903317e+01
1.004608149999999966e+02 1.180514800000000086e+01 1.072748901691690975e+02 1.715969857511367547e+00
1.008096900000000034e+02 1.563741100000000017e+01 1.054806700933462338e+02 2.053610856157855480e+01
1.207382000000000062e+02 1.915753600000000034e+01 1.074737639514047061e+02 6.570394016107317103e-02
1.306637699999999995e+02 1.285029600000000016e+01 1.259372940009806996e+02 2.815650363910026766e+00
1.110126900000000063e+02 2.886413999999999902e+01 1.159583388376056519e+02 5.063715992733336613e+00
9.848784999999999457e+01 2.775841000000000136e+01 1.237678293103721074e+02 1.416530772443377328e+00
1.290645299999999907e+02 1.239838499999999932e+01 9.677875846039025021e+01 3.497100523318466436e+00
1.170396599999999978e+02 3.272567399999999793e+01 1.119110297510038521e+02 1.788000480187815455e+01
1.265867599999999982e+02 2.725253899999999874e+01 9.364723311727490795e+01 3.529244778179482012e+00
1.030357699999999994e+02 2.493956400000000073e+01 1.213329347474817581e+02 1.727685160035510492e+01
1.133071060000000045e+02 3.074285100000000170e+01 1.135869759801491057e+02 6.773145775177410677e+00
1.149821199999999948e+02 1.282922100000000043e+01 1.183111880283944544e+02 7.224515567266597493e+00
1.167593700000000041e+02 2.162810899999999847e+01 1.094237221461486342e+02 3.306684588878385256e+01
1.117416840000000064e+02 2.507232999999999823e+00 1.355831931008617062e+02 9.910674127594081284e+00
1.339961700000000064e+02 3.438096600000000080e+01 1.345764490217547404e+02 2.160568490421561805e+01
1.065502599999999944e+02 6.022739999999999760e+00 1.254018212677461861e+02 4.809815683292216981e+00
1.231192999999999955e+02 3.669859999999999900e+00 1.189804504798132712e+02 3.397059453778231841e+01
1.297281600000000026e+02 1.556633399999999945e+01 1.162058213306246728e+02 3.412778565243680617e+00
1.161219250000000045e+02 1.121271899999999988e+01 1.267237331806857128e+02 1.054699880518360366e+01
9.442122000000000526e+01 2.540277000000000118e+00 9.581706003849295428e+01 1.265368690421822784e+01
1.210841450000000066e+02 2.834050999999999831e+01 9.835174877453529518e+01 3.264346712470310763e+01
9.698529000000000622e+01 2.906835600000000142e+01 9.793680719356022735e+01 1.296922189417130333e+01
1.275717999999999961e+02 1.522483000000000075e+01 1.152623075867232956e+02 1.213742836116146862e+01
1.035987200000000001e+02 1.906737000000000037e+01 1.081659027658221390e+02 2.348812678327232817e+01
1.021893000000000029e+02 2.534525299999999959e+01 1.295039512464186657e+02 3.066134413800304159e+01
1.176570099999999996e+02 2.176196300000000150e+01 1.135550538586285256e+02 1.097891825459568205e+00
1.080926400000000029e+02 3.690646999999999789e+00 1.122135447917633115e+02 8.152676123992408819e+00
9.339405999999999608e+01 1.624022300000000030e+01 1.020272269620345469e+02 7.325913246783280819e+00
1.093180899999999980e+02 1.304350999999999949e+01 1.340451857857230209e+02 2.086337777742112110e+01
1.264865340000000060e+02 1.459183699999999995e+01 1.226650225644840049e+02 2.220117364454158349e+01
1.286331199999999910e+02 8.588366999999999862e+00 1.214753732954584677e+02 2.805076109974954690e+01
1.090113900000000058e+02 1.594006100000000004e+01 1.326489211403462889e+02 2.583880125635306158e+01
1.294916100000000085e+02 2.620026999999999884e+00 9.321713851958266162e+01 3.050194456127831799e+01
1.317752499999999998e+02 1.714565800000000095e+01 1.207171571638089063e+02 2.046579587580512793e+01
1.208825700000000012e+02 1.676954800000000034e+01 1.170438101865922249e+02 2.830044837230798294e+01
1.202658899999999988e+02 5.060309000000000168e+00 1.123850451700993176e+02 2.363973167297000799e+01
1.362818499999999915e+02 1.441225500000000004e+01 1.348965251864051709e+02 2.149945431833267051e+01
1.124703750000000042e+02 1.702895499999999984e+01 1.261264403132152836e+02 1.590917078914904259e+01
1.224107740000000035e+02 7.443858999999999781e+00 1.297814731398229640e+02 1.933573006856100207e+01
1.153614500000000049e+02 1.834740400000000093e+01 1.015639713487002354e+02 7.966082034775607390e+00
1.261208799999999997e+02 4.358299999999999674e-02 9.961085693596530177e+01 2.353070314076297365e+01
1.188353800000000007e+02 2.132730300000000057e+01 1.157055212937920743e+02 3.391525196042977086e+01
1.054755250000000046e+02 9.531067999999999429e+00 1.059811506692932568e+02 1.494788500326870162e+00
1.123958300000000037e+02 1.957101600000000019e+01 1.329934138365649972e+02 3.119918276429923054e+01
1.104863299999999953e+02 2.858129299999999873e+01 1.135937891845686636e+02 5.751331986548847475e+00
1.227520700000000033e+02 1.170782999999999907e+00 1.311017818488442686e+02 6.842843426124101125e-01
1.006064200000000000e+02 2.769523600000000130e+01 1.356042539502251145e+02 1.015365360234384973e+01
1.042875439999999969e+02 1.675788000000000011e+01 1.136945365240705001e+02 2.451219829367226311e+01
1.318686399999999992e+02 7.302616000000000440e+00 1.083824195628716893e+02 2.505302019356105703e+01
1.091274599999999992e+02 2.936315300000000050e+01 9.705255928266295484e+01 3.141876350487149594e+01
1.283577600000000132e+02 3.503263000000000016e+00 1.157027477390786885e+02 2.087379352193648430e+01
1.212077560000000034e+02 3.169395300000000049e+01 1.208248107313491744e+02 5.213229695091237126e-01
1.123611199999999997e+02 2.254460299999999862e+01 1.001472363594565422e+02 2.133406865644207429e+01
1.128123599999999982e+02 2.516570700000000116e+01 1.339229970425126623e+02 2.707595579123425367e+01
1.269610100000000017e+02 1.226305200000000006e+01 1.304717456616392042e+02 1.065354196834473299e+01
1.109616900000000044e+02 1.647451399999999921e+01 9.961894564887950310e+01 1.072969740321025078e+01
1.353658100000000104e+02 1.056605300000000014e+01 9.448341419183334722e+01 3.391220036395270654e+01
1.272875200000000007e+02 3.735890000000000044e-01 1.174400129482148998e+02 1.945746632872581428e+00
1.003903799999999933e+02 1.687093700000000140e+01 1.001027752053251731e+02 1.302506251049208963e+01
1.123661100000000062e+02 1.985620899999999978e+01 1.061260486040536222e+02 2.798789957750387458e+01
1.067997500000000031e+02 2.827483199999999997e+01 1.180497966990680254e+02 1.143104543934895290e+01
1.357156699999999887e+02 3.125895300000000177e+01 1.128003430817193049e+02 2.192541428548426552e+01
9.868321000000000254e+01 2.970345299999999966e+01 1.030374826229944318e+02 1.313019253565050803e+01
1.355842399999999941e+02 3.165399999999999991e+01 1.357022199047795823e+02 3.027585476902319783e+01
1.067377000000000038e+02 2.727607499999999874e+01 1.280751013479966787e+02 1.671289406996380933e+01
1.022510599999999954e+02 1.265013899999999936e+01 1.318984247061996768e+02 2.689393459202709380e+01
1.184589500000000015e+02 2.161511399999999838e+01 1.190897071770104390e+02 6.139898016264833558e+00
1.112436100000000039e+02 2.032483699999999871e+01 1.128370390165312926e+02 3.006562991505676852e+00
1.154087799999999930e+02 2.365899500000000089e+01 1.096186404135017227e+02 3.451500750268491657e+01
9.490277000000000385e+01 2.671841999999999828e+01 1.298043854448013406e+02 1.154272729713328083e+01
1.063831100000000021e+02 8.929643999999999693e+00 1.196575802328027578e+02 2.136299976156257685e+01
1.106384299999999996e+02 3.058228099999999827e+01 1.272279984662093000e+02 1.810402059851383783e+01
1.159256900000000030e+02 2.697432299999999827e+01 1.193415709444505239e+02 3.450898454542873139e+01
1.042165799999999933e+02 2.347071499999999844e+01 1.266422632825349410e+02 1.830791882069930310e+01
1.274986999999999995e+02 1.990880800000000050e+01 1.029399630010969986e+02 1.596511609818397126e+01
1.125423660000000012e+02 2.072739999999999938e+01 1.045956983416955239e+02 1.229245837179728618e+01
1.376202000000000112e+02 4.332929999999999837e-01 9.946078975376504161e+01 3.044596381304389965e+01
9.801369499999999846e+01 2.871176499999999976e+01 9.966298791420820180e+01 1.899939344578829292e+00
1.062773360000000054e+02 3.356752000000000180e+01 1.260598607460321432e+02 9.648415566952106559e+00
1.170933699999999931e+02 1.631709499999999835e+01 1.206463524761296497e+02 2.542779297197052202e+01
9.639709999999999468e+01 2.889318000000000097e+01 1.102718995763755743e+02 1.733798982292626789e+01
9.678072000000000230e+01 1.856154000000000082e+01 1.150393710238912490e+02 1.164869865087891654e+01
1.370959000000000003e+02 5.531164999999999665e+00 1.159485262117678985e+02 1.134888244986940187e+01
9.423469500000000210e+01 8.636367999999999157e+00 1.186460166683664426e+02 3.957828895369609690e+00
1.283254399999999862e+02 1.265509899999999988e+01 1.047675562366903677e+02 3.309238282584607305e+01
1.015794000000000068e+02 7.872015000000000207e+00 1.045932175110031892e+02 3.317716405937330393e+01
1.235410839999999979e+02 6.541074000000000055e+00 1.239282182020575647e+02 9.038618559831849808e+00
1.173357539999999943e+02 2.219921099999999825e+01 1.201282618302479079e+02 1.826123576593867170e+01
1.007823300000000017e+02 2.154664599999999908e+01 9.907773911194901473e+01 1.715487762789697612e+01
1.202923300000000069e+02 1.427440499999999979e+01 1.153841199019001351e+02 1.220742151170942336e+01
1.301094799999999907e+02 1.724228499999999897e+01 1.175906674433148993e+02 1.436578076304301632e+01
1.134008259999999950e+02 2.899073999999999884e+01 1.122675325733240896e+02 2.865149129935015182e+01
1.206926299999999941e+02 6.446999999999999953e-02 1.239216815832535161e+02 2.081313530438983506e+01
1.231007100000000065e+02 2.744201500000000138e+01 1.062510058664839221e+02 7.069073858864431514e+00
1.077520999999999987e+02 2.914027000000000100e+01 1.016426031486866464e+02 7.488462944803543131e+00
1.305158500000000004e+02 8.179097000000000506e+00 1.001787832350553060e+02 3.077569219166091941e+01
1.114088299999999947e+02 2.254265600000000092e+01 1.125149155184332415e+02 2.364306991222073862e+01
9.515203999999999951e+01 1.569428800000000024e+01 9.442612690068152403e+01 1.282533045277664563e+01
1.216377800000000065e+02 1.520599999999999952e+01 9.566048066491494239e+01 2.744069815110668387e+01
1.205864299999999929e+02 8.516370000000000218e+00 1.223715111174871311e+02 1.828719931180681613e+01
1.290050699999999892e+02 1.324962900000000054e+01 1.090246299638172331e+02 2.649723129659940390e+00
1.223116799999999955e+02 7.156254999999999811e+00 1.001407504208539478e+02 1.073062896230170438e+01
1.109355999999999938e+02 1.694945099999999982e+01 9.319590770200238694e+01 1.527302543240846688e+01
1.061328350000000000e+02 2.596210900000000166e+01 1.232895251385186839e+02 7.607890306227335309e+00
1.262086639999999989e+02 1.252762300000000018e+01 1.126820418290400312e+02 1.367128764950495601e+01
1.213953300000000013e+02 5.272655000000000314e+00 1.042426743435743788e+02 1.828646378783672333e+01
1.357005499999999927e+02 1.938025700000000029e+01 1.070256103282175104e+02 1.922395095917334018e+01
1.328286300000000040e+02 1.854412800000000061e+01 1.301562152630698392e+02 1.833926644582930621e+01
1.299641100000000051e+02 1.389185499999999962e+01 9.954800986271719410e+01 6.394888143013877979e+00
1.258230060000000066e+02 9.050392999999999688e+00 9.838976346521961602e+01 4.843537678920919909e+00
1.148044000000000011e+02 2.044948799999999878e+01 1.118119383559566415e+02 2.061441162344121736e+01
1.349924800000000005e+02 2.427803000000000111e+01 1.248117138906404762e+02 3.189280703700895359e+01
9.430186999999999387e+01 1.769696799999999826e+01 1.252640673292685847e+02 2.379395918071345406e+01
1.262585600000000028e+02 1.632781999999999956e+00 1.187404458499158153e+02 6.693458468900068681e+00
1.045930900000000037e+02 2.917896000000000001e+01 1.088369155201638421e+02 3.106802096623361464e+01
1.209879799999999932e+02 1.243783900000000031e+01 9.783379071541915550e+01 1.762579994894461777e+01
1.158917540000000059e+02 1.912817799999999835e+01 1.016136469087305443e+02 8.707762699305487075e+00
1.127789899999999932e+02 1.603903199999999885e+01 9.890699363542204026e+01 3.445158303444968340e+01
1.182392499999999984e+02 2.503325500000000048e+01 9.363720635562842176e+01 6.126243250041564004e+00
1.073470499999999959e+02 1.714681799999999967e+01 1.297502172793365389e+02 2.798096615060331516e+01
1.019604800000000040e+02 2.698521799999999971e+01 9.553257357525137650e+01 1.069452345931601656e+01
1.287667099999999891e+02 1.207068300000000072e+01 1.327017547813332214e+02 2.444958796094234543e+01
1.037949100000000016e+02 1.724506999999999834e+01 9.429836252749544201e+01 1.313608021764333245e+01
1.072773499999999984e+02 2.767564799999999892e+01 9.792729853698978104e+01 3.344081842432361640e+01
1.286751700000000085e+02 8.353201000000000320e+00 1.162917914604238518e+02 4.200235435514402482e+00
1.302385099999999909e+02 7.992467999999999684e+00 1.309123790460376142e+02 7.084214378089051856e+00
1.237547799999999967e+02 1.402938000000000018e+00 1.199930539292450931e+02 2.225490829297965334e+01
1.199054399999999987e+02 1.518948900000000002e+01 1.224101650537678552e+02 2.192791543668325716e+01
1.039038099999999929e+02 2.730013999999999896e+01 1.025178937949986562e+02 1.639326801217706375e+01
1.227981199999999973e+02 3.281226699999999852e+01 1.195888610138534034e+02 3.760362697416375077e-01
9.350856000000000279e+01 2.460374999999999979e+00 1.373989595540274991e+02 2.104217756831894093e+01
1.323020500000000084e+02 3.039486999999999828e+00 1.320061757459591547e+02 3.487126018557222551e+01
1.092677800000000019e+02 3.181741999999999848e+00 1.335656212349229577e+02 1.652659165439794720e+01
1.047877660000000049e+02 2.743140400000000056e+01 1.356948843524865538e+02 3.100695313010010778e+00
1.103507400000000018e+02 8.773649999999999505e-01 1.244765649602723556e+02 1.170922914986586072e+01
1.167539400000000001e+02 1.200967200000000012e+01 1.069947895606260033e+02 2.500443688518477003e+01
1.064823149999999998e+02 3.252676000000000123e+00 9.225076339931148084e+01 1.818047541833856684e+01
1.304027600000000007e+02 8.559516999999999598e+00 9.618462774329246656e+01 2.868119825584710014e+01
1.216318360000000069e+02 6.971199999999999619e+00 1.310294728588821158e+02 1.007555928904765885e+01
1.324696399999999983e+02 1.699832699999999974e+01 1.353156353624532926e+02 1.665120948446880078e+01
1.004969799999999935e+02 2.176606200000000158e+01 1.016196137368144008e+02 2.405381947528531228e+01
9.672302000000000533e+01 1.161534400000000034e+01 1.195445610440105213e+02 1.402133605560370277e+01
1.116215100000000007e+02 2.149703999999999837e+01 1.356511954811472833e+02 1.792859419653319719e+01
9.359354000000000440e+01 1.516930999999999941e+01 1.092572104274546518e+02 7.322939275503460799e+00
1.358383000000000038e+02 1.360819200000000073e+01 1.149095486651175548e+02 1.908306607051209269e+01
9.579921000000000220e+01 1.503351199999999999e+01 1.093017398991374307e+02 1.032190806045698750e+01
1.233474350000000044e+02 2.519231399999999965e+01 1.356226762152439562e+02 1.196386149239508079e+01
9.567327000000000226e+01 3.478048299999999671e+01 1.338143422256278825e+02 1.899973103252231255e+01
1.068052100000000024e+02 1.683014100000000113e+01 1.141234361850560646e+02 8.631249736856494437e+00
1.292459900000000061e+02 4.137847999999999971e+00 1.229416808644442938e+02 1.310006130816013581e+01
1.364280100000000004e+02 4.255118000000000400e+00 1.002954379385799655e+02 1.072223567526915833e+00
1.287243799999999965e+02 8.558763000000000787e+00 1.257341508994242076e+02 1.586533497519853420e+01
1.074125099999999975e+02 6.090900000000000425e+00 9.918365934429178310e+01 2.928358166628416015e+01
1.186330399999999941e+02 1.129537400000000069e+01 9.329957457039684243e+01 1.058136363507026623e+01
1.066796700000000016e+02 7.535884000000000249e+00 1.263641680452863056e+02 5.876606161473639567e+00
1.093420100000000019e+02 2.870751599999999826e+01 1.372839387380388416e+02 1.696326711965689071e+01
1.076719200000000001e+02 1.886546900000000093e+01 1.011652235350903339e+02 1.239615257751171029e+01
9.715987400000000207e+01 1.592667499999999947e+01 1.322039999817692433e+02 1.586497293837876121e+01
1.204545700000000039e+02 7.107947000000000237e+00 1.026974277772221598e+02 2.921732672068823078e+01
1.019243799999999993e+02 1.454230699999999921e+01 1.274432725457556899e+02 3.697980989942977637e+00
1.254562600000000003e+02 3.918108000000000146e+00 1.131755452230312073e+02 1.676790659326082178e+01
1.230936200000000014e+02 4.996221000000000245e+00 1.290876551602709981e+02 2.307762508334137053e+01
1.245766100000000023e+02 8.309366000000000696e+00 1.254738569178562102e+02 1.093458005130116106e+01
1.242736299999999972e+02 6.831006000000000355e+00 1.139035903901013853e+02 3.093922107304960534e+01
1.115443949999999944e+02 1.032299199999999928e+01 1.370463982269838539e+02 2.672493956827801043e+01
1.320423000000000116e+02 1.426623200000000047e+01 1.217694310220987859e+02 1.787660879556255011e+01
1.356580399999999997e+02 1.759958500000000114e+01 1.018018396809016508e+02 2.168743280119215555e+01
1.114736800000000017e+02 2.004428000000000054e+01 1.261586244215377235e+02 1.464922750729948930e+01
