1.197646199999999936e+02 2.030460199999999915e+01 9.216952807050043361e+01 3.123077143358925500e+00
1.224132840000000044e+02 1.063505699999999976e+01 1.072379319358059604e+02 2.170824906913383501e+01
1.377720300000000009e+02 1.174125100000000010e+01 1.260169829740106877e+02 1.250150322680216419e+01
9.999969000000000108e+01 2.509792300000000154e+01 1.281513946799180701e+02 1.155909350726014573e+01
1.061328350000000000e+02 2.596210900000000166e+01 1.256528030783281054e+02 2.702526457759822520e+01
1.072066800000000057e+02 2.882234800000000163e+01 1.044175641651059152e+02 3.214529571845775990e+01
1.174997939999999943e+02 1.471192300000000053e+01 1.104622898569901963e+02 1.201985734144669316e+01
1.034372900000000044e+02 1.659929699999999997e+01 9.812573082284215786e+01 4.914294146566424715e+00
1.063444439999999958e+02 3.975452000000000208e+00 1.289468612151717934e+02 1.713211086561895158e+01
1.358888900000000035e+02 4.520160999999999873e+00 1.009699354018976294e+02 1.850243039489092922e+01
1.215634399999999999e+02 8.080892999999999660e+00 9.599490486821915169e+01 1.371088010298378013e+00
1.318405300000000011e+02 1.077468200000000031e+01 1.367236847511960036e+02 1.507859340927673131e+01
1.205678249999999991e+02 2.621988100000000088e+01 9.633575565255711126e+01 2.182631148614224159e+01
1.132294200000000046e+02 1.691967400000000055e+01 1.226493512337273728e+02 7.354957681957256632e+00
1.289122600000000034e+02 1.145462200000000053e+01 1.231921679740881501e+02 2.545716945823884458e+01
1.205819099999999935e+02 1.267323900000000059e+01 1.188041442219735302e+02 2.717809804196653900e+01
1.252770199999999932e+02 1.020389400000000002e+01 9.546085400113892661e+01 1.516570383209052331e+01
1.359555699999999945e+02 2.916656499999999852e+01 1.178770534893586728e+02 1.339996182123914359e+00
1.130037300000000045e+02 2.547221800000000158e+01 1.064524184966256684e+02 3.442696687435300618e+01
1.014491600000000062e+02 2.277094299999999905e+01 1.033693964396254614e+02 1.696266933975534386e+01
1.306561399999999935e+02 2.535673000000000066e+00 1.263210164284968045e+02 2.167710371064291053e+01
1.212147099999999966e+02 1.824274799999999885e+01 1.117843992972667877e+02 2.239842613949240047e+01
1.039862200000000030e+02 2.419322400000000073e+01 1.128078170847940669e+02 1.342389081358961711e+01
1.255835950000000025e+02 1.142485399999999984e+01 1.142896650603184270e+02 3.008170164802467283e+01
1.159256900000000030e+02 2.697432299999999827e+01 1.302047802173933917e+02 1.255710956094372222e+01
1.173357539999999943e+02 2.219921099999999825e+01 1.013331738915992872e+02 1.377751166798558558e+01
1.224107740000000035e+02 7.443858999999999781e+00 1.246181945456189339e+02 8.563338508358619094e+00
1.216335140000000052e+02 1.368565999999999949e+00 1.165985318719242230e+02 7.259842891442877644e+00
1.190961999999999961e+02 7.138060000000000516e-01 1.126778736433811190e+02 2.539005134350583504e+01
1.286007500000000050e+02 8.765936999999999202e+00 1.154238603840880160e+02 2.152204738558752162e+00
1.127789899999999932e+02 1.603903199999999885e+01 1.239619542974509443e+02 2.638092802599305386e+01
9.586464999999999748e+01 3.010379999999999967e+01 1.024203082429561533e+02 1.178177977680276989e+00
1.164321900000000056e+02 1.890602499999999964e+01 1.331340911684237653e+02 1.558633436419751916e+01
1.209112899999999939e+02 7.267337999999999631e+00 1.304713025919300833e+02 2.276224767560461615e+01
1.139202300000000037e+02 1.739189000000000007e+01 1.041818572953553996e+02 9.823541045248495251e+00
1.129178600000000046e+02 2.190700100000000106e+01 9.250142645494845794e+01 1.009766242417971149e+01
1.083680499999999967e+02 2.084225800000000106e+01 1.200720304629858646e+02 6.494529832364817956e+00
1.038327500000000043e+02 1.301466800000000035e+01 1.349260343158258593e+02 2.549296529019331459e+01
1.022247540000000043e+02 1.159689299999999967e+01 9.767570214977621390e+01 2.306104848977588517e+01
1.208341900000000066e+02 1.204352800000000023e+01 1.221774559510663067e+02 1.679430626977338292e+01
1.087034450000000021e+02 1.879413800000000023e+01 1.272005689485447135e+02 3.390596495250920839e+01
1.349417400000000100e+02 3.249795499999999748e+01 1.194951402285903015e+02 1.444760633482530565e+01
1.122847440000000034e+02 1.660995300000000086e+01 1.233385416847524141e+02 2.401378411030519189e+01
1.364280100000000004e+02 4.255118000000000400e+00 1.106448040254165903e+02 9.694866602523104504e+00
1.064971539999999948e+02 2.229241000000000028e+01 1.012421057610754218e+02 2.845644814804001044e+01
9.264901000000000408e+01 2.078608699999999843e+01 1.303940991013943744e+02 4.374498433590366275e+00
1.353685499999999990e+02 1.775348299999999924e+01 1.109059516593408574e+02 3.247191044655198766e+01
1.083133540000000039e+02 2.792756299999999925e+01 1.167566929584916409e+02 2.882922230357856108e+01
1.309361900000000105e+02 8.523167000000000826e+00 1.058197882793393489e+02 1.652665276186993992e+01
1.065032039999999967e+02 4.921710000000000251e-01 9.744163369782307882e+01 2.526168456630231063e+01
1.006227399999999932e+02 1.954385600000000167e+01 1.240879102748407092e+02 3.306986797487148522e+01
1.297366499999999974e+02 1.097087800000000080e+01 1.066677703271035256e+02 3.489918207095044522e+00
1.213958800000000053e+02 1.269575000000000031e+01 9.672456641851957215e+01 4.784430651707039850e+00
1.090837899999999934e+02 1.109345000000000026e+00 1.006085580911331334e+02 8.671898903227962307e+00
9.989088999999999885e+01 2.683164999999999978e+01 1.343330140227931508e+02 2.762259562374435262e+01
1.130844799999999992e+02 1.852679300000000140e+01 1.225409797148797111e+02 3.186747075329692080e+01
1.088684839999999951e+02 1.869618999999999920e+00 1.316685050196291797e+02 1.964531449251322215e+01
1.050813700000000068e+02 4.424735000000000085e+00 1.110150514258758108e+02 3.213253890156845216e+01
1.021120999999999981e+02 2.292310000000000159e+01 1.318507404470159088e+02 8.308162433510116074e+00
1.245306700000000006e+02 7.659853000000000023e+00 1.246416276012322157e+02 1.391809813021550468e+01
9.974071999999999605e+01 1.632757600000000053e+01 9.696835443542637734e+01 3.348616451439998798e+01
1.373412800000000118e+02 7.320990000000000553e-01 9.418610062666769522e+01 6.928958406496499300e+00
1.216805700000000030e+02 2.875600000000000031e-02 1.289756478990147457e+02 8.463297426782881772e+00
1.038123300000000029e+02 1.618331999999999837e+01 9.761906973267123533e+01 2.663077616135229775e+01
1.068714449999999943e+02 1.286970200000000020e+01 1.156056353599816191e+02 3.064995061527611142e+01
1.294016699999999958e+02 5.396980000000000111e-01 1.030775729863251371e+02 3.483276840548572295e+01
1.291559399999999869e+02 1.352395500000000084e+01 1.018002074443775342e+02 1.032976266365798068e+01
1.232222500000000025e+02 1.022940900000000042e+01 1.036703859184175656e+02 6.145497561307455836e-01
1.204627899999999983e+02 7.529904000000000153e+00 9.622652770343900386e+01 2.189405007547873439e+01
1.242736299999999972e+02 6.831006000000000355e+00 1.033066685299198326e+02 1.849399098901624683e+01
1.294755900000000111e+02 2.914704899999999910e+01 9.297808183865340936e+01 8.425509972895691035e+00
1.067997500000000031e+02 2.827483199999999997e+01 1.126545413221265903e+02 3.351110717288295859e+01
1.273446660000000037e+02 1.365026600000000023e+01 9.385776287205568735e+01 5.560225035410073957e+00
1.082378199999999993e+02 1.562821500000000086e+01 1.259283629900744756e+02 3.488669936640514635e+01
1.240174260000000004e+02 8.090493999999999630e+00 1.027846622673236823e+02 6.630274850486056692e+00
1.165043500000000023e+02 1.716985000000000028e+01 1.111992492219917210e+02 3.374345041893656028e-02
1.108547200000000004e+02 1.948833799999999883e+01 1.256594237482773906e+02 1.202651002086879828e+01
1.080707699999999960e+02 1.541756700000000002e+01 1.354087553116430627e+02 2.712971981699589108e+01
1.039350500000000039e+02 2.735918399999999906e+01 1.142841454851565288e+02 9.993782762208560655e+00
9.397973000000000354e+01 1.450080900000000028e+01 1.243029044856387202e+02 1.607341334162761015e+01
1.064764899999999983e+02 2.161875300000000166e+01 1.217538535707663243e+02 4.489783694488656884e+00
1.150682749999999999e+02 1.918149599999999921e+01 9.753535268321461160e+01 1.901076370045642960e+01
1.192039699999999982e+02 8.441069999999999851e+00 1.024221833944025661e+02 9.016904054666303736e+00
1.078730850000000032e+02 3.194168000000000163e+01 1.323744418281624462e+02 2.254161317611425730e+01
1.235097959999999944e+02 2.681490999999999847e+00 1.316505151860192200e+02 4.092019673866682083e+00
1.004917399999999930e+02 3.001473800000000125e+01 1.377046221670786394e+02 1.847707789512516019e+00
1.211230850000000032e+02 1.021513700000000036e+01 9.638174707415859643e+01 2.962598863941077099e+01
9.805646500000000287e+01 1.719266899999999865e+01 1.308864551384055801e+02 7.417205092140209288e+00
1.201075060000000008e+02 6.985503999999999714e+00 1.331527877266192093e+02 6.103754938262831331e+00
1.026750949999999989e+02 3.487172699999999992e+01 1.361964135486026066e+02 1.433073251407219573e+01
1.047877660000000049e+02 2.743140400000000056e+01 1.218716762809041541e+02 1.218888491115493355e+00
1.219990200000000016e+02 5.213186999999999571e+00 1.023562368452583513e+02 2.066719636289969131e+01
1.071924700000000001e+02 1.362108100000000022e+01 1.282331311183047546e+02 2.429036328506632714e+01
1.056316000000000059e+02 1.004083999999999932e+01 1.261754766615789833e+02 1.645873599228638540e+01
1.016832100000000025e+02 1.628771199999999908e+01 1.050378079796653878e+02 3.174167749396905691e+01
1.291512099999999919e+02 1.286193699999999929e+01 1.243865232187195460e+02 2.959509803839224773e+01
1.047176599999999951e+02 4.703091999999999828e+00 1.256809675409677993e+02 1.354660127469692021e+01
9.569082000000000221e+01 2.712815700000000163e+01 1.325954418199498832e+02 3.851658079327372697e+00
1.008322600000000051e+02 1.836909500000000151e+01 1.140829923889382655e+02 1.078600640124618870e+01
1.165767299999999977e+02 1.286235699999999937e+01 9.587578980489024616e+01 1.642494657149508797e+01
1.148044000000000011e+02 2.044948799999999878e+01 9.827911748077619336e+01 1.666440614232211903e-02
1.140301000000000045e+02 2.309675000000000011e+01 1.057873059862609750e+02 2.748127696632162653e+01
1.010540500000000037e+02 1.139439199999999985e+01 1.283986873305988183e+02 2.439987062218512293e+01
1.227775699999999972e+02 3.331928000000000001e+00 1.088451978262044264e+02 4.249692589342267013e+00
1.105762799999999970e+02 1.713849599999999995e+01 1.066349512352856266e+02 2.311556168947163670e+01
1.331978300000000104e+02 1.207540099999999939e+01 1.309366174090076811e+02 3.469132620544240808e+01
1.073891449999999992e+02 2.746964799999999940e+01 9.879157871923700895e+01 2.889100365335593779e+01
1.028629600000000011e+02 1.609947599999999923e+01 1.034737425082338831e+02 1.012401672320982904e+01
1.200522399999999976e+02 3.491102000000000061e+01 1.242528606704014749e+02 2.687335251249560741e+01
1.136618399999999980e+02 2.985846499999999892e+01 1.009573764630538761e+02 2.275830785205335616e+01
1.374745599999999968e+02 3.138292099999999962e+01 1.143667116992148465e+02 6.634401372383580409e+00
1.007028959999999955e+02 2.068726699999999852e+01 1.006086980532173669e+02 2.734362964211782199e+01
1.154087799999999930e+02 2.365899500000000089e+01 1.063062302332855040e+02 3.422429102806620449e+01
1.349317599999999970e+02 1.207422299999999993e+01 9.662427916772118408e+01 1.914333187553570070e+01
1.040049199999999985e+02 2.438359600000000071e+01 1.257726143820656830e+02 1.071420191453167803e+01
1.225343299999999971e+02 4.270537000000000027e+00 1.297045018910699810e+02 1.098001704273381307e+01
1.165112840000000034e+02 2.327571899999999872e+01 1.156861104039495416e+02 9.565430687201043725e+00
9.319089999999999918e+01 1.835962900000000175e+01 1.172125278815201028e+02 3.299038668167764143e+01
1.098809700000000049e+02 2.526983800000000002e+01 1.173597840142866318e+02 2.517455398960033897e+00
1.133417740000000009e+02 1.599369000000000085e+01 1.066561162763863138e+02 4.452553492933470025e+00
1.094043350000000032e+02 2.911429400000000101e+01 1.005261779585594155e+02 3.413905504048942419e+01
1.189017699999999991e+02 2.030833000000000155e+01 1.342986005512168788e+02 6.426725798733563977e+00
1.102168700000000001e+02 2.640597199999999845e+01 9.774888610574136294e+01 1.633372398716005236e+01
1.002892999999999972e+02 2.375831000000000159e+01 1.356671729188325344e+02 2.576421166097593130e+01
1.244601700000000051e+02 2.153512000000000093e+00 9.609321512411385413e+01 1.356572140085503264e+01
1.356580399999999997e+02 1.759958500000000114e+01 1.331006688380270759e+02 8.105101092261234541e+00
1.004048300000000040e+02 2.599754000000000076e+01 1.178515040240635301e+02 5.451982544367517391e+00
1.130387039999999956e+02 2.450758000000000081e+01 1.281274443618877967e+02 2.018710536533578903e+01
1.311990399999999966e+02 2.885759999999999881e+00 1.095174819146423317e+02 3.341059035490073370e+01
1.069558300000000060e+02 3.322021000000000157e+01 1.318364625296740087e+02 7.555439958603673567e+00
1.132039199999999965e+02 1.668616300000000052e+01 1.273617683854340044e+02 2.284238715089458793e+01
1.073123599999999982e+02 2.557497199999999893e+01 1.305168632941812916e+02 6.141917139748542809e-01
1.074241999999999990e+02 2.922848300000000066e+01 1.059142753219496029e+02 9.343689817767485195e+00
1.093003099999999961e+02 1.012630000000000058e-01 1.195708016898102954e+02 3.363357729544841135e+01
1.002700300000000055e+02 1.703686300000000031e+01 1.047720550789186689e+02 9.348695762333138148e+00
1.187546099999999996e+02 1.839382399999999862e+01 1.276276389024528726e+02 7.533014952542227860e+00
1.268122939999999943e+02 2.672148999999999930e+01 1.276873823390681082e+02 1.772982354972396379e+01
1.166539499999999947e+02 2.553005200000000130e+01 1.157140019133682500e+02 2.754215229008387666e+01
1.231192999999999955e+02 3.669859999999999900e+00 1.033140021852725283e+02 2.383160819210982240e+01
1.013219799999999964e+02 1.577685499999999941e+01 1.289460308276522369e+02 3.323559678288568620e+01
1.214285699999999935e+02 6.701778000000000013e+00 1.020503039188683090e+02 1.562137460183882887e+01
1.279676800000000014e+02 9.560188000000000130e+00 1.328088582834907356e+02 3.157282454732269983e+00
1.182392499999999984e+02 2.503325500000000048e+01 9.460498437587381204e+01 8.691740032856076770e-01
1.068052100000000024e+02 1.683014100000000113e+01 1.332617000089352928e+02 3.185621753685557778e+01
1.211908499999999975e+02 1.480161999999999978e+01 1.305492984768477527e+02 1.474725960004874992e+01
1.079174000000000007e+02 2.103756999999999877e+01 1.003497164808479170e+02 2.598389442565549601e+01
1.121128999999999962e+02 1.959123999999999910e+01 1.204429919467004453e+02 2.488072065652358944e+01
1.248630500000000012e+02 1.255894400000000033e+01 1.028222391117468106e+02 2.246055856002752193e+01
1.094362699999999933e+02 8.352039999999999464e-01 1.185873178176524334e+02 1.168136473174152101e+01
1.356722699999999975e+02 1.789586800000000011e+01 1.347813991364066624e+02 1.567163002788988813e+01
1.217082599999999957e+02 1.563973999999999975e+01 1.005190293604705403e+02 1.129710411287029714e+01
1.135468599999999952e+02 1.324376900000000035e+01 9.727939978471232507e+01 2.323669310325101378e+00
1.194439849999999979e+02 3.088717700000000121e+01 1.305378199864750002e+02 1.718393993327091529e+00
1.082274599999999936e+02 2.717001000000000133e+01 1.331955321480351415e+02 3.419890152666667404e+01
1.096788600000000002e+02 1.849008999999999903e+00 9.827664545933282625e+01 3.271169304600497441e+01
1.201523200000000031e+02 2.317364500000000049e+01 1.281136873862999437e+02 9.904637594042560167e+00
1.327581000000000131e+02 3.298633999999999844e+00 1.378814062271585499e+02 3.044959005751737990e+01
1.223638150000000024e+02 9.904870000000000729e+00 1.013344527451910295e+02 1.754642976204934968e+01
1.220304600000000050e+02 5.662862999999999758e+00 1.143043618932415910e+02 2.246396292138915385e+01
1.210716900000000038e+02 6.892971000000000181e+00 1.157682680364299586e+02 2.283730914806138301e+01
1.028035200000000060e+02 2.750330200000000147e+01 9.278227585241782549e+01 2.361156607581689570e+01
1.175621500000000026e+02 1.813804400000000072e+01 1.256064206782751285e+02 2.661405290449738814e+01
1.307908799999999871e+02 1.009277999999999897e+00 1.226104789227650400e+02 1.368882947664877570e+01
1.287667099999999891e+02 1.207068300000000072e+01 9.229728257627664334e+01 1.447704337801511798e+01
1.224551199999999938e+02 7.128555000000000419e+00 1.240205828134606350e+02 3.712248693024613022e+00
9.965353399999999340e+01 2.953445800000000077e+01 1.018638876518978549e+02 1.900922816935284310e+00
1.356329700000000003e+02 5.475532000000000288e+00 9.559041321314767004e+01 2.654550492222367453e+01
1.306562800000000095e+02 2.621539999999999981e-01 9.927682934032389994e+01 2.779923148717573866e+01
1.325118699999999876e+02 7.074665000000000425e+00 1.363880807275536426e+02 2.606093047715786781e+01
1.102496799999999979e+02 2.905307200000000023e+01 1.057151194730607102e+02 2.642152187985532308e+00
1.087293999999999983e+02 2.527930000000000010e+00 1.082458140186895008e+02 1.523311214591199203e+01
1.372788199999999961e+02 1.268961700000000015e+01 9.559977881465694338e+01 1.006827471705626742e+01
1.110467699999999951e+02 3.238026399999999683e+01 1.256069716670300664e+02 2.767988599067133393e+01
1.005045199999999994e+02 2.882197800000000143e+01 1.311089165073079243e+02 3.433917951949674574e+01
1.221697539999999975e+02 5.261603000000000030e+00 9.261013355904938749e+01 4.691291562751090716e+00
1.331191900000000032e+02 8.421360999999999208e+00 1.172551368680605890e+02 1.306781201346824872e+01
1.279808500000000038e+02 1.237441800000000036e+01 9.372215767195685032e+01 3.236500183919022078e+01
1.078554800000000000e+02 1.840535399999999910e+01 9.969519155016141099e+01 9.322373646004230352e+00
1.323020500000000084e+02 3.039486999999999828e+00 9.995254626925361663e+01 2.617797517942946239e+00
1.212094600000000071e+02 1.131169599999999953e+01 1.264701061211294189e+02 3.140531787508811945e+01
1.258230060000000066e+02 9.050392999999999688e+00 1.159041749361111471e+02 2.477274804635363381e+01
1.053674550000000067e+02 7.722144000000000119e+00 1.236935288902494534e+02 1.168654007504943060e+01
1.118345640000000003e+02 2.392749999999999877e-01 9.625592771034735051e+01 4.965958672811739305e+00
1.048228900000000010e+02 3.249645600000000201e+01 1.153455105021825489e+02 6.641790949549564615e+00
1.370959000000000003e+02 5.531164999999999665e+00 1.082393262386304116e+02 3.150388052790838600e+01
1.068959600000000023e+02 4.261408999999999558e+00 1.021411140390649592e+02 3.077433412135801660e+01
1.134964499999999958e+02 2.987325299999999828e+01 1.021105153489391455e+02 3.003537896732827051e+01
1.023049299999999988e+02 2.800608000000000075e+01 1.357265204036399382e+02 2.734409380385611854e+01
9.520380000000000109e+01 2.239091700000000174e+01 1.079426143977491677e+02 3.101554596009844289e+01
1.262143800000000056e+02 1.201316999999999968e+00 1.373365778662116838e+02 5.851642677246650770e+00
1.062109700000000032e+02 3.381889000000000145e+00 9.538374032257335955e+01 2.074205476857579455e+01
1.189220300000000066e+02 1.942037399999999892e+01 1.371426100702246060e+02 6.363166373599932868e+00
1.324488800000000026e+02 9.132956999999999326e+00 1.229861091433573819e+02 1.748940857373883517e+01
1.302130600000000129e+02 1.211599499999999985e+01 9.549443293995742010e+01 3.402708470419486986e+01
1.075895799999999980e+02 1.972467400000000026e+01 1.036047468982682744e+02 5.119417583148999640e+00
1.357005499999999927e+02 1.938025700000000029e+01 1.318932474197304430e+02 1.040743648792461684e+01
1.028493699999999933e+02 2.885465800000000058e+01 1.122826667568983936e+02 3.275819534596781324e+01
1.030200499999999977e+02 2.779550400000000110e+01 1.044766410533561043e+02 3.575794191005936984e+00
1.014903900000000050e+02 3.396592700000000065e+01 1.173832030308842604e+02 1.405755368234653879e+01
1.135055600000000027e+02 1.730492999999999881e+01 1.018628113230150234e+02 2.437881717732436826e+01
9.890682999999999936e+01 1.802293200000000084e+01 1.119824248589433182e+02 2.612504493714337528e+01
1.284304700000000139e+02 1.899298699999999940e+01 1.160030473262291935e+02 2.526355245831876317e+01
1.140755900000000054e+02 8.455011999999999972e+00 1.237715985279981652e+02 5.830938712873886764e+00
1.114765500000000031e+02 2.000540499999999966e+01 1.327409354748633632e+02 2.198185636853821379e+01
1.131622399999999971e+02 1.624390599999999907e+01 1.330303935021768780e+02 2.330323936467962298e+01
9.974796999999999514e+01 3.379717300000000080e+01 1.207283227693805969e+02 2.133234838088578655e+01
1.134846040000000045e+02 1.515536099999999919e+01 9.254671586582371390e+01 1.472432781295363036e+00
1.222376000000000005e+02 3.524550000000000183e-01 1.227860933050084213e+02 2.189824700720575024e+01
1.215111540000000048e+02 9.026956999999999454e+00 9.629117000941542415e+01 4.697393189778743761e+00
1.031737439999999992e+02 5.745917000000000385e+00 1.011934394508931518e+02 1.821753772577095276e+01
1.158584060000000022e+02 1.987986000000000075e+01 1.266701529477340529e+02 3.063844726905555049e+01
9.339405999999999608e+01 1.624022300000000030e+01 1.248713598226740089e+02 3.807603910363255295e-01
1.139247359999999958e+02 2.117171300000000045e+01 1.370201431640082887e+02 1.230770961588652668e+01
1.037949100000000016e+02 1.724506999999999834e+01 1.379271315427252489e+02 3.143677528139138388e+01
1.184993500000000068e+02 1.727996600000000171e+01 1.363707397581200382e+02 2.585642124885286464e+01
1.183520900000000040e+02 1.158915299999999959e+01 1.015098758927562841e+02 1.744318377857639035e+01
1.010747149999999976e+02 1.745857799999999926e+01 1.042445784003615046e+02 3.182108932083335873e+01
1.110126900000000063e+02 2.886413999999999902e+01 1.176997907104515093e+02 3.167941216184517117e+01
1.210836500000000058e+02 1.404887100000000011e+01 1.319348040697317970e+02 1.875951148712756833e+01
1.089955800000000039e+02 1.639875599999999878e+01 1.162145526115980374e+02 2.381661298511974678e+01
1.137167199999999951e+02 2.209496700000000047e+01 1.030825592961550967e+02 8.927082017876630804e-01
1.216560750000000013e+02 3.921428999999999832e+00 1.082946139922360231e+02 2.502210132168505297e+01
1.197189560000000057e+02 1.547260600000000075e+01 1.307559463209517787e+02 2.719615393651464785e+01
1.120762000000000000e+02 7.865459999999999674e-01 9.565373414641001659e+01 1.109787467969458596e+01
1.221287399999999934e+02 7.625099999999999767e+00 1.107889442320338418e+02 2.914659034460700937e+01
1.303218400000000088e+02 8.996290000000000120e-01 1.243495187037750895e+02 2.497922991966635209e+01
1.000685000000000002e+02 2.550993300000000019e+01 1.071265740658727594e+02 1.943971954318622153e+01
1.293536799999999971e+02 7.147846000000000366e+00 1.063472123251515598e+02 1.951438095773647063e+01
1.294280699999999911e+02 7.853149000000000157e+00 9.492366672479649026e+01 1.078648598738410946e+01
1.066250150000000048e+02 2.543620000000000214e+00 1.238923356827382776e+02 5.594462226718970754e+00
1.012301199999999994e+02 1.617340499999999892e+01 1.101858673473989825e+02 7.889354658232853090e+00
9.410971999999999582e+01 1.075564600000000048e+01 1.090728788302398868e+02 3.254838138467141562e+01
1.034781339999999972e+02 1.418773999999999980e+01 9.795642567003272916e+01 1.741877647719819322e+01
1.234426899999999989e+02 2.473543000000000092e+01 1.187003597009767333e+02 1.580688218253080635e+01
1.140832999999999942e+02 2.683112699999999862e+01 1.106393777092002892e+02 2.819163653121850999e+01
1.065502599999999944e+02 6.022739999999999760e+00 1.185942172721881605e+02 3.078798131602049537e+01
1.067377000000000038e+02 2.727607499999999874e+01 1.360871954837378439e+02 2.986924027375548718e+01
1.045020300000000049e+02 3.012155500000000075e+01 1.334535006103583328e+02 5.543462713946095910e+00
1.148470839999999953e+02 1.232656199999999913e+01 9.449102958479757319e+01 2.682975103535425987e+01
1.090832599999999957e+02 1.999703000000000008e+00 1.122838984471862602e+02 1.668144576207487262e+01
9.678136000000000649e+01 1.699195500000000081e+01 9.617715193908861693e+01 1.947110705875368453e+01
1.134832399999999950e+02 1.777810300000000154e+01 1.224747163447911333e+02 1.274261644489342693e+01
9.227543000000000006e+01 1.832281700000000058e+01 1.361776172181261870e+02 2.583493985615703892e+01
1.227981199999999973e+02 3.281226699999999852e+01 1.068859572982595836e+02 4.336796519283092621e-03
1.289265900000000045e+02 1.218157399999999946e+01 9.376233372150552725e+01 6.213610602410083672e+00
1.090970899999999943e+02 2.084872599999999920e+01 1.327480356197728497e+02 2.092757739919338533e+01
1.209411199999999980e+02 1.190699900000000078e+01 1.373747689885272507e+02 2.346423229659993837e+01
1.269099199999999996e+02 8.830450000000000799e+00 1.226668381942630788e+02 1.689846158002417553e+01
1.167711800000000011e+02 1.044548600000000071e+01 1.176243851064604939e+02 6.220938370632078218e+00
1.049673540000000003e+02 2.282041399999999953e+01 9.287678257077415367e+01 2.727049178662894846e+01
1.063787499999999966e+02 2.825092300000000023e+01 1.058661784530656291e+02 3.289577194690791373e+01
9.953991000000000611e+01 1.765159200000000084e+01 9.472788283492164396e+01 1.578101020652743181e+01
1.176738359999999943e+02 1.385884099999999997e+01 1.258847013332304812e+02 1.993205624424107825e+01
1.002797900000000055e+02 2.030880499999999955e+01 1.334070758937727987e+02 2.178074387407654555e+01
1.006839099999999974e+02 4.718844999999999956e+00 1.146470767435606604e+02 3.349475720019780312e+01
1.262135240000000067e+02 1.085353699999999932e+01 1.098153860054284507e+02 1.516239099486483255e+01
1.117577739999999977e+02 2.046753999999999962e+01 9.226819587542321699e+01 2.855166612034733120e+01
1.172729949999999945e+02 2.140795900000000174e+01 9.361550906286875318e+01 5.235954842115736474e-01
1.259232559999999950e+02 4.161654000000000408e+00 1.056103209330314030e+02 2.420015655378755071e+01
1.353151900000000012e+02 1.279140499999999925e+01 1.134080469455720390e+02 1.454909651777854762e+01
1.162961800000000068e+02 2.799809799999999882e+01 9.281720731574093008e+01 3.023945586518606632e+01
1.327039000000000044e+02 1.584810399999999930e+01 1.039513690365020153e+02 2.533998993304280489e+01
1.255556260000000037e+02 1.372629099999999980e+01 9.896685832500048718e+01 3.077387529433589286e+00
1.063896100000000047e+02 3.912881000000000054e+00 1.102862887329518742e+02 2.468368841153985827e+01
1.078804999999999978e+02 1.347900000000000098e+00 1.239966452962373893e+02 2.677271679697216200e+01
1.025437900000000013e+02 1.587430299999999939e+01 1.302488055020376407e+02 8.486111881024771542e-03
1.270634600000000063e+02 1.166692100000000032e+01 1.335740608386914516e+02 1.785656865550699735e+01
1.063184499999999986e+02 2.189414199999999866e+01 9.846182505767191628e+01 3.487217256748973426e+01
1.061745300000000043e+02 2.465655100000000033e+01 9.220972801902418325e+01 1.413400303263724389e+01
9.609209400000000301e+01 1.652753299999999825e+01 1.228859168382628582e+02 5.909384280351360097e+00
1.215120100000000036e+02 3.517780999999999825e+00 1.189948732490758800e+02 1.468524637722391546e+01
1.128090440000000001e+02 2.218561000000000050e+01 1.339056089236241860e+02 3.098608990912650896e+01
1.143764000000000038e+02 1.332743100000000069e+01 1.063629322233440746e+02 2.099055350189737723e+01
1.020971899999999977e+02 2.676877800000000107e+01 1.343790364010932308e+02 3.258585466729391555e+01
9.359354000000000440e+01 1.516930999999999941e+01 1.317659029360213765e+02 1.795479223340112185e+01
1.162218600000000066e+02 1.465482599999999991e+01 1.119521586328638705e+02 4.922883540739609209e+00
1.119646900000000045e+02 1.463188599999999973e+01 1.315255604582505384e+02 3.054174000633640063e+01
1.030680899999999980e+02 2.392125499999999860e+01 1.071318624935434087e+02 1.388154949412995443e+01
1.235410839999999979e+02 6.541074000000000055e+00 9.790742991146466068e+01 3.975570283759638501e-01
9.801369499999999846e+01 2.871176499999999976e+01 1.170270785743662572e+02 6.009686680894084532e+00
1.368218999999999994e+02 9.378269999999999662e-01 1.063531463318735319e+02 1.790838223149054276e+00
1.132784039999999948e+02 2.408719599999999872e+01 1.142901252512400561e+02 1.982458994587275214e+01
1.065750199999999950e+02 2.890432200000000051e+01 1.204457377656076744e+02 2.643952377034399603e+01
1.324894099999999924e+02 1.522223000000000104e+00 1.038007015083137361e+02 2.260691912608421106e+01
1.349519999999999982e+02 1.169487200000000016e+01 1.261597828068824896e+02 2.465343456295859781e+01
1.164115599999999944e+02 1.850963399999999837e+01 1.268093078247681120e+02 1.007583962802247335e+01
1.195463639999999970e+02 2.841035700000000119e+01 1.093411816850777427e+02 2.250486204651075894e+01
9.823951999999999884e+01 1.669737599999999844e+01 1.343405854975949296e+02 2.921801784020873782e+01
1.138526399999999938e+02 2.842907299999999893e+01 1.161357069396733550e+02 3.011641800869146124e+01
1.213342499999999973e+02 2.617049000000000181e+00 9.823016464394767411e+01 2.383017099857986310e+01
1.088749899999999968e+02 2.917879299999999887e+01 1.052449275045212147e+02 3.132528379193466250e+01
1.005400199999999984e+02 2.888115300000000119e+01 1.186093965642509005e+02 6.586396485525063405e+00
1.033414700000000011e+02 2.611897300000000044e+01 9.654713393055496340e+01 2.594254158693354739e+01
9.715987400000000207e+01 1.592667499999999947e+01 9.716310609387991803e+01 2.667350055460313385e+01
1.022638800000000003e+02 3.262707999999999942e+01 1.273808802649001706e+02 5.328002643311443798e+00
1.305616899999999987e+02 5.040212999999999610e+00 1.351451755995647375e+02 2.824850583948580152e+01
1.250700149999999979e+02 1.553383900000000040e+01 1.212804541478910352e+02 5.101941077429893667e+00
1.229745099999999951e+02 1.295093400000000017e+01 9.301978434069083335e+01 2.759804790534838403e+00
9.723202000000000567e+01 2.960429800000000000e+01 9.838521095108957581e+01 4.894109401978211871e+00
1.094431699999999950e+02 2.603854600000000019e+01 1.011634604049991566e+02 1.809844232419842669e+01
1.064823149999999998e+02 3.252676000000000123e+00 1.221424327799715002e+02 1.122942170564079412e+01
1.309324000000000012e+02 9.878012000000000015e+00 1.281533169371766974e+02 1.031481243957658656e+01
1.328286300000000040e+02 1.854412800000000061e+01 1.124382756118957616e+02 1.648151524005555046e+01
1.123576999999999941e+02 3.279659999999999798e-01 1.018168141264084312e+02 2.907996540319283696e+01
1.053509449999999958e+02 9.028912999999999300e+00 9.467005253475137749e+01 2.918359596000505363e+01
1.084516140000000064e+02 7.152399999999999869e-01 9.666124078819424881e+01 2.769428549373431281e+01
1.102149799999999971e+02 2.830182999999999893e+01 1.235526429536096202e+02 2.646719739377758884e+01
1.199054399999999987e+02 1.518948900000000002e+01 1.128820771380177632e+02 3.001484854602164631e+01
1.085890660000000025e+02 5.622329999999999828e-01 1.012760058114975550e+02 9.683729552588902223e+00
1.007646940000000058e+02 2.517087599999999981e+01 1.235164886780571720e+02 3.145416272447500816e+01
1.253882700000000057e+02 1.252098200000000006e+01 1.280725782745849415e+02 6.189514134449199290e+00
1.270486300000000028e+02 1.419520600000000066e+01 1.134165136932828943e+02 5.792807229414753678e+00
1.006795400000000029e+02 2.482919000000000054e+01 1.322664879862478529e+02 1.960268001949789252e+01
1.129410900000000026e+02 1.928609799999999908e+01 1.131999770410626809e+02 1.559573286542106096e+01
1.151012699999999995e+02 2.510251999999999839e+01 1.337151202057477519e+02 3.439741883601743666e+01
1.222981000000000051e+02 3.382558000000000220e+01 1.357900825198776147e+02 4.202085657017374132e+00
1.197064500000000038e+02 1.762339400000000111e+01 1.150628050486948553e+02 3.501203642223590151e+00
1.293009299999999939e+02 1.654629999999999990e-01 1.241570712303877997e+02 1.642852154067110249e+01
1.314515000000000100e+02 1.002607700000000079e+01 1.090495591455855333e+02 1.199456660975675959e+01
1.247720099999999945e+02 6.038419999999999899e-01 1.072741855132329079e+02 3.315995046267314450e+01
1.206880299999999977e+02 9.057698999999999501e+00 1.263299190510198571e+02 7.467807130357162926e+00
1.298188600000000008e+02 9.076064999999999827e+00 1.300400649709134200e+02 2.302138392365755237e+01
1.006064200000000000e+02 2.769523600000000130e+01 1.149445468818038876e+02 8.487020187944974481e+00
9.588267000000000451e+01 2.653397000000000006e+01 1.273760999471919320e+02 2.391205894765401752e+01
1.074369499999999960e+02 2.925465799999999916e+01 1.262651659021600494e+02 3.056449827799207952e+01
1.302385099999999909e+02 7.992467999999999684e+00 1.165905610449449483e+02 2.299334451027777604e+01
1.251748699999999985e+02 2.681115199999999987e+01 1.154697642899774763e+02 4.330348729574296840e+00
1.083554599999999937e+02 1.583191200000000087e+01 1.210302954355868366e+02 3.331816121799368347e+01
1.331578700000000026e+02 1.155118900000000082e+01 1.067572703237443932e+02 1.746415156717362471e-02
1.360905899999999917e+02 1.229396599999999928e+01 1.136767636886645079e+02 3.413179467314017757e+01
1.344037299999999959e+02 3.264661399999999958e+01 1.178293008590275690e+02 9.499673741363992008e+00
9.703319000000000472e+01 2.983398400000000095e+01 1.021931491739052831e+02 1.419888667739474641e+01
1.367545299999999884e+02 1.483705600000000047e+01 1.250367207363983368e+02 2.537789330073822924e+01
1.042143250000000023e+02 3.424630400000000208e+01 1.323202594604030082e+02 3.489593248483431864e+01
1.020575599999999952e+02 3.032312399999999997e+01 9.858507607246141902e+01 3.077300803136971652e+01
1.075842059999999947e+02 1.186463999999999963e+01 1.189185646994926202e+02 2.752252869389814904e+01
9.515203999999999951e+01 1.569428800000000024e+01 1.036603658675630015e+02 2.414582495498742531e+01
1.237337600000000037e+02 9.310326999999999131e+00 1.364077188916903083e+02 1.468278162100942730e+01
1.008899150000000020e+02 2.474351700000000065e+01 1.293165547108544331e+02 7.295443181967536939e-01
1.264625999999999948e+02 7.166369999999999685e-01 1.105136546614768633e+02 2.780824816124295396e+01
1.303266000000000133e+02 5.151488999999999763e+00 1.154427537932609908e+02 5.704916507316076135e+00
1.221146700000000038e+02 7.678874999999999673e+00 1.227199965233445909e+02 1.340392254407294281e+01
1.355842399999999941e+02 3.165399999999999991e+01 1.192304548410288305e+02 2.283489826395617328e+01
1.041200560000000053e+02 2.495909899999999837e+01 9.510674756281377995e+01 1.676423931789070210e+01
1.215274660000000040e+02 9.855489999999999640e+00 1.206065556531742544e+02 2.238361710214180889e+01
1.376394999999999982e+02 1.949024400000000057e+01 9.237271550740773307e+01 3.305399421549327599e+01
1.179312000000000040e+02 9.954869000000000412e+00 1.233318226188445834e+02 1.496666620393099834e+01
1.360862600000000100e+02 1.322449800000000053e+01 1.297314939721887583e+02 3.111261077260774854e+01
1.240100000000000051e+02 1.279410900000000062e+01 1.065822327584873506e+02 1.691474778170329074e+01
1.230936200000000014e+02 4.996221000000000245e+00 1.369294577217910387e+02 1.384067659919833915e+01
1.221295800000000042e+02 8.650660999999999490e+00 1.017818760465295611e+02 2.722672290081229107e+01
1.225421139999999980e+02 1.088495900000000027e+01 1.243647164668249445e+02 2.795750565778426733e+01
9.288236999999999455e+01 2.260556000000000054e+01 1.139419185408570740e+02 1.243620720426970649e+01
1.174418639999999954e+02 1.991549499999999995e+01 9.975042699348600195e+01 8.840887191239179543e+00
1.161196300000000008e+02 2.374014299999999977e+01 1.252230491217922008e+02 8.867360569915450075e-01
1.331729400000000112e+02 1.186766300000000030e+01 1.378193014017094242e+02 1.673059805396721345e+01
1.142837099999999992e+02 1.745475199999999916e+01 1.189783028222992414e+02 7.270367448605016492e+00
1.136585500000000053e+02 2.298645199999999988e+01 1.102956025389595709e+02 3.991440958379092407e+00
9.981171000000000504e+01 2.392927600000000155e+01 1.064859705530666645e+02 2.244607835391853001e+01
1.344405199999999923e+02 3.228481299999999976e+01 1.031538809143354740e+02 6.433569804867979691e+00
1.346648600000000044e+02 1.416948599999999914e+01 1.159826093109555671e+02 2.866576949801861929e+01
1.126715200000000010e+02 1.748623999999999867e+01 1.031410817665314710e+02 2.875025579103386519e+01
1.207063399999999973e+02 1.393922799999999995e+01 1.298479838078694399e+02 2.051328472052182050e+01
1.337603000000000009e+02 1.258384500000000017e+01 1.076045646355844383e+02 3.486025759718256012e+01
1.360886000000000138e+02 1.322069300000000069e+01 1.197931762175298189e+02 3.110707178277672824e+01
1.212168499999999938e+02 5.970590000000000064e-01 9.297871872851062847e+01 5.255243559643495210e+00
1.148769499999999937e+02 6.728119999999999656e-01 1.283111005234344191e+02 7.512370281287605867e-01
1.049337600000000066e+02 3.191469599999999929e+01 1.253680729299355079e+02 1.080693920112735107e+01
1.210841450000000066e+02 2.834050999999999831e+01 1.124051461430546510e+02 2.208416838306172636e+01
1.294916100000000085e+02 2.620026999999999884e+00 1.183280117748460327e+02 4.395250513144740800e+00
1.208729550000000046e+02 1.335633900000000018e+01 1.296012495730014678e+02 6.641430245191396686e+00
9.612255000000000393e+01 3.490480999999999767e+01 1.128826001895195503e+02 1.412902405141649709e+01
1.008948800000000006e+02 1.652329800000000048e+01 1.374937705664218015e+02 7.323265104404991233e-01
1.171882999999999981e+02 2.439474999999999838e+01 1.291188973790634122e+02 4.556588741593409209e-01
1.306637699999999995e+02 1.285029600000000016e+01 1.344029827416324849e+02 3.120867539159303305e+01
1.310166999999999859e+02 1.584964599999999990e+01 1.366845883690444907e+02 2.920893042640321724e+01
1.088499999999999943e+02 2.839095999999999975e+01 1.366375806491238905e+02 1.522931452842705013e+01
1.299299300000000130e+02 1.610754400000000075e+01 9.371020231206847484e+01 8.687068828954666699e+00
9.844208500000000583e+01 2.976761600000000030e+01 1.377981532913627802e+02 7.498951317832702301e+00
1.222233659999999986e+02 2.248752000000000084e+00 1.024078577964559997e+02 7.259041028793621564e+00
1.179488199999999978e+02 1.651808199999999971e+01 1.369709391258659821e+02 1.909221729001658829e+01
1.235973099999999931e+02 1.219101299999999988e+01 1.297527627598167328e+02 2.073166763965872761e+01
1.101911099999999948e+02 1.101826999999999934e+01 9.298684192695493778e+01 7.411353191339189905e+00
1.196812299999999993e+02 2.088022600000000040e+01 1.126378200021762410e+02 1.746519293647057225e+01
1.013173800000000000e+02 1.780067999999999984e+01 1.019884434891550029e+02 2.316763248185343960e-01
1.063328249999999997e+02 1.094751899999999978e+01 9.437125041423004745e+01 1.232087763712577022e+01
1.222190400000000068e+02 1.304349299999999978e+01 1.203162607214552651e+02 1.380534207218803466e+01
1.045286559999999980e+02 2.332880600000000015e+01 1.085551426097335082e+02 3.376057600768385925e+01
1.206234199999999959e+02 2.294290000000000163e+00 1.230917270997842650e+02 1.941077131718914606e+00
9.312736999999999910e+01 1.080105299999999957e+01 1.378308801154273624e+02 1.193165990735850812e+01
1.148343050000000005e+02 2.582363300000000095e+01 1.085741766228473892e+02 3.477729328530116248e+01
1.279924850000000021e+02 1.403315199999999940e+01 1.265358273915571488e+02 1.766857958649998750e+01
1.064903999999999940e+02 1.390643999999999991e+00 9.653483880302843545e+01 2.320327888269690320e+01
9.822338000000000591e+01 1.748736399999999946e+01 1.171134180443949049e+02 2.426144098977911412e+01
1.044894199999999955e+02 3.404343999999999681e+01 1.055177043583089187e+02 2.388725242744611066e+00
9.833840999999999610e+01 3.082450000000000045e+01 1.053578397151813562e+02 3.124404526293267281e+01
1.227206500000000062e+02 2.926232000000000166e+00 1.071788820211563689e+02 1.327185085353212202e+01
1.332452999999999861e+02 2.728622999999999799e+00 9.942023391471474270e+01 1.672085587945206786e+00
1.011475200000000001e+02 2.924591300000000160e+01 1.344262193924332678e+02 1.205024722754703603e+01
1.205876159999999970e+02 1.334072899999999962e+01 1.048211679894563133e+02 4.229734318730089093e+00
1.133071060000000045e+02 3.074285100000000170e+01 1.254138112303622847e+02 3.025729163526490950e+01
1.268311900000000065e+02 1.202138899999999921e+01 1.051086969300067722e+02 3.197182974343125039e+01
1.244378499999999974e+02 2.619258100000000056e+01 1.227813133879085967e+02 5.898357894770907883e+00
1.074301300000000055e+02 3.293291500000000127e+01 9.618324534341944343e+01 3.240277826759454172e+01
1.350546699999999873e+02 1.248166299999999929e+01 9.923882875862700814e+01 5.934891497278332873e-01
1.287243799999999965e+02 8.558763000000000787e+00 1.256424990739467091e+02 3.087371531655929147e+01
1.259789300000000054e+02 8.138935999999999282e+00 1.234440397787597590e+02 1.587222267219762273e+01
1.007858499999999964e+02 2.466396100000000047e+01 1.307453525424869554e+02 2.991188709607110852e+01
1.110863800000000055e+02 2.956343499999999835e+01 1.238224851016537968e+02 2.223163847711662200e+01
1.042165799999999933e+02 2.347071499999999844e+01 1.130159472916086685e+02 7.824048462759508604e-01
1.292556600000000060e+02 1.137209400000000059e+01 1.111650773930966238e+02 4.306174479382335107e+00
1.325616899999999987e+02 2.183529300000000006e+01 1.189733152787587471e+02 1.744335968908976753e+01
1.276204900000000038e+02 1.005807899999999933e+01 1.137036992529620392e+02 2.639646959002610060e+01
1.283993499999999983e+02 1.234091600000000000e+01 1.030050260431051186e+02 2.653597676420538676e+01
1.181114039999999932e+02 1.644512699999999938e+01 1.256984956983354067e+02 2.103121684646167466e+01
1.029471499999999935e+02 1.203110299999999988e+01 9.448211938174704017e+01 2.156221590084120621e+01
1.239427000000000021e+02 2.807401000000000035e+00 1.198042810487304024e+02 1.657929952739996793e+01
1.166653400000000005e+02 4.134577000000000169e+00 1.368195269925481057e+02 6.173514940936860818e+00
1.366617899999999963e+02 1.230031400000000019e+01 1.328890226749894055e+02 1.766459115566571114e+01
1.233474350000000044e+02 2.519231399999999965e+01 1.064887851474147311e+02 3.461664594011597984e+01
1.055970499999999959e+02 6.590237000000000123e+00 1.378324412248308022e+02 2.967841302665185665e+01
1.053297349999999994e+02 2.381371899999999897e+01 9.244723562246248605e+01 2.102369262162770980e+01
1.019195560000000000e+02 2.802453799999999973e+01 1.115711481742015678e+02 3.130074240422716159e+01
1.286229600000000062e+02 3.030732499999999874e+01 1.207846072324345243e+02 2.417341462883523207e+01
1.349924800000000005e+02 2.427803000000000111e+01 1.262617096017245473e+02 1.681215189652553121e+01
1.346454300000000046e+02 1.258279899999999962e+01 1.002642524600749994e+02 9.791330573281076255e+00
9.699267600000000300e+01 3.332831000000000188e+01 1.045020372734680052e+02 2.595570657664099556e+01
1.156589100000000059e+02 2.078124199999999888e+01 1.333248932496346697e+02 1.100881340192152003e+00
1.044074200000000019e+02 1.407581799999999994e+01 1.031958362080982283e+02 1.707777307177263637e+01
1.219563600000000037e+02 4.037063999999999986e+00 1.017549993167044420e+02 1.498562297392263076e+01
1.146143200000000064e+02 2.004928200000000160e+01 1.353809699837277662e+02 2.596871187780217127e+01
1.112859399999999965e+02 7.286299999999999999e-01 1.002219141564404765e+02 3.328554848836633084e+01
1.370245700000000113e+02 1.147566899999999990e+01 1.260665889411352794e+02 1.195434526346193316e+01
