7.044829599999999914e+01 6.648263000000000034e+01 6.135450477819657067e+01 4.357802631691676964e+01
4.898288300000000106e+01 4.479030199999999695e+01 7.224429044736996275e+01 6.844327083684660806e+01
6.612401599999999746e+01 6.489065999999999690e+01 6.683066676554724950e+01 5.979785257703325385e+01
8.897745500000000618e+01 3.735638000000000147e+01 6.645688189843833982e+01 5.635390011811733757e+01
6.487651999999999930e+01 6.894028000000000134e+01 9.194537881043352456e+01 3.852748437948533677e+01
8.956656999999999869e+01 4.467163999999999646e+01 7.168221001326540431e+01 5.810717921724312873e+01
8.981023999999999319e+01 4.317518599999999651e+01 5.617673109670545273e+01 6.964876904341441843e+01
5.608556699999999751e+01 4.873567200000000099e+01 6.121136141653686025e+01 5.243239848595786157e+01
8.403638499999999567e+01 3.503270299999999793e+01 7.899016211742241467e+01 5.273071968249587371e+01
4.623810000000000286e+01 4.962389000000000294e+01 4.626833685146659292e+01 6.438882511965485378e+01
5.249409500000000151e+01 4.657718299999999800e+01 8.996410988421401100e+01 6.427800130993490768e+01
8.806625999999999976e+01 3.729690000000000083e+01 7.285819978920491735e+01 6.922368395153284837e+01
7.830775500000000022e+01 5.541690400000000238e+01 4.999046167789222750e+01 5.652466108172028214e+01
7.175919000000000381e+01 6.031419799999999753e+01 4.883002562403330415e+01 4.495397028349174207e+01
5.187998199999999827e+01 5.008856000000000108e+01 9.133383934969833717e+01 5.182255252252322464e+01
7.332840000000000202e+01 4.723649600000000248e+01 7.436136360568863779e+01 4.820073744110101899e+01
8.064327000000000112e+01 6.800568400000000224e+01 4.718200101456019979e+01 6.679616443380329827e+01
6.048337599999999981e+01 6.151382399999999961e+01 6.116362224279404813e+01 3.895870329048705827e+01
6.098011000000000337e+01 5.633001300000000100e+01 4.648138024178923899e+01 6.057692649714159927e+01
8.947153000000000134e+01 3.561955300000000335e+01 6.537582139967278749e+01 3.537503847982187466e+01
8.212149999999999750e+01 6.805886999999999887e+01 4.958839076526178502e+01 4.513445167493109267e+01
4.954738600000000304e+01 3.824540700000000015e+01 6.202993113346017395e+01 4.627210796905210799e+01
5.532457999999999743e+01 5.113638999999999868e+01 6.920223549027770105e+01 5.661404110550076751e+01
6.837843999999999767e+01 4.865468200000000110e+01 5.888719139550192239e+01 4.163916832117493527e+01
8.155437000000000580e+01 4.750036999999999665e+01 6.257903275991431258e+01 6.761275223253426248e+01
6.467489000000000487e+01 4.754215200000000152e+01 6.100591979033395518e+01 3.781297967941520710e+01
8.491411999999999694e+01 3.998633600000000143e+01 8.151729527983366097e+01 4.478322797042645220e+01
6.020953399999999789e+01 4.516971999999999809e+01 4.699905158744741129e+01 5.076585152635307452e+01
8.590979000000000099e+01 3.523488600000000304e+01 7.453386032702383091e+01 5.156436973689425685e+01
6.660232499999999334e+01 4.947623999999999711e+01 4.837622765760544041e+01 5.006512420657105622e+01
7.581678999999999746e+01 4.425414700000000323e+01 7.023975228219170219e+01 6.029568690742048886e+01
7.879751600000000167e+01 5.959208999999999889e+01 5.320976775728031072e+01 4.539243865159713209e+01
5.350739000000000090e+01 4.829330999999999818e+01 8.963424104482118082e+01 3.677860813831413367e+01
5.024963999999999942e+01 5.095294599999999718e+01 5.491150373062055934e+01 4.313514137086623634e+01
7.183495000000000630e+01 4.117258999999999958e+01 7.902635825796235736e+01 4.655112402388881776e+01
7.263534500000000094e+01 6.591482000000000596e+01 5.383711418712787378e+01 6.676112244810647667e+01
7.130232999999999777e+01 6.495900000000000318e+01 6.385504803631221193e+01 3.609130236687688864e+01
6.051880299999999835e+01 5.581974400000000003e+01 5.179157081972304866e+01 6.211083593189319174e+01
8.963718000000000075e+01 6.956663000000000352e+01 8.102840116531240255e+01 3.803802361094322748e+01
7.484981500000000665e+01 5.974059299999999695e+01 5.209423038581692822e+01 5.041792474264848778e+01
7.834730500000000575e+01 5.851109999999999900e+01 8.714215586828257187e+01 5.206306430718885991e+01
7.188934999999999320e+01 4.769791399999999726e+01 7.424610988937870104e+01 3.671194205239167729e+01
8.650522599999999329e+01 4.590870699999999971e+01 6.287734890738423843e+01 6.040117151355288883e+01
9.066235000000000355e+01 5.727031300000000158e+01 5.723201471107181248e+01 4.218530446874126483e+01
7.865703600000000506e+01 4.475950199999999768e+01 8.526426896801189059e+01 4.937564539997070767e+01
4.672376599999999769e+01 6.962304000000000315e+01 4.854265149550640501e+01 5.312795678256690479e+01
5.181455199999999905e+01 4.689494299999999782e+01 5.723034843878353684e+01 3.580068630834269783e+01
7.929738600000000304e+01 5.334486799999999818e+01 6.785367258749442954e+01 6.987236175205441668e+01
8.173636999999999375e+01 6.784996999999999900e+01 8.972153559774005771e+01 5.280156339792857523e+01
6.450924000000000547e+01 4.783775700000000342e+01 9.042146034343181782e+01 6.103257634097219864e+01
7.532416999999999518e+01 4.011449999999999960e+01 4.893396533990377151e+01 3.981751834400139956e+01
5.561845799999999684e+01 4.872465499999999849e+01 4.886132841987404163e+01 4.354436805933432453e+01
9.019459500000000673e+01 4.780194000000000187e+01 5.996245429276851979e+01 6.567300314330972810e+01
5.784785999999999717e+01 5.634659200000000112e+01 6.046045730732819834e+01 5.896966859501080194e+01
5.401004799999999761e+01 4.541924000000000206e+01 9.055986367013929339e+01 4.694338664348090617e+01
6.766622999999999877e+01 4.396661000000000286e+01 7.429092146689134779e+01 6.836826776947862072e+01
4.857573000000000008e+01 5.240184800000000109e+01 8.836391610831120147e+01 5.847576562314116444e+01
6.610829999999999984e+01 5.335936699999999888e+01 7.410184565592400929e+01 6.181714789627366713e+01
8.205965000000000487e+01 6.468255000000000621e+01 8.634097289671508690e+01 6.985579924143786457e+01
5.062283299999999997e+01 6.234966699999999662e+01 6.846191581464162823e+01 4.776488245833523649e+01
4.983039500000000288e+01 5.025559599999999705e+01 8.526244801402557982e+01 6.519391543619212825e+01
8.044933000000000334e+01 4.694344300000000203e+01 8.588408871852155357e+01 3.625842373344632108e+01
7.179988000000000170e+01 6.876121500000000708e+01 7.117538256705961430e+01 3.936163070132150210e+01
5.841998699999999900e+01 3.671247499999999775e+01 4.834027648047002401e+01 5.020874044534960490e+01
5.547576000000000107e+01 4.883494999999999919e+01 7.475402427650510617e+01 3.514858424242402180e+01
4.613183200000000284e+01 6.301841399999999993e+01 8.099213154208324283e+01 3.823780852350468962e+01
7.285206999999999766e+01 5.866376499999999794e+01 8.859650066943447655e+01 3.580958037391865645e+01
5.440274999999999750e+01 6.141868199999999689e+01 7.364043598037963534e+01 4.040764484349882935e+01
8.726282500000000653e+01 4.679518999999999807e+01 8.793608051512241275e+01 5.554711783257568669e+01
7.891028000000000020e+01 6.298868000000000222e+01 8.872835534870593222e+01 5.460622106442357904e+01
6.715666000000000224e+01 5.248243999999999687e+01 7.170062850513136254e+01 4.336207719087674661e+01
7.007984999999999332e+01 6.672763000000000488e+01 7.938480605018611413e+01 4.743819428262531090e+01
8.088697000000000514e+01 4.190297300000000291e+01 6.275719410977312407e+01 4.553386249159814980e+01
5.031473499999999888e+01 4.109745999999999810e+01 5.909201284750260186e+01 3.698457957974754606e+01
8.653725400000000434e+01 3.957806800000000180e+01 7.856501735451843160e+01 4.992352988101324485e+01
5.894033000000000300e+01 6.011430699999999661e+01 5.028298728592054090e+01 6.027322239954455085e+01
6.703991999999999507e+01 6.934390000000000498e+01 8.507878126159961596e+01 4.504943855556761179e+01
7.108955400000000679e+01 6.209620699999999971e+01 6.214699030391169288e+01 3.968845173831056883e+01
6.250783500000000004e+01 5.303157800000000321e+01 6.856046834137148949e+01 4.999481374693450419e+01
6.120548000000000144e+01 5.721061999999999870e+01 7.129632254494181609e+01 4.189478592169525939e+01
5.288052700000000073e+01 4.685767400000000293e+01 8.368613009293179061e+01 5.173650770735937954e+01
4.865258000000000038e+01 4.363104200000000077e+01 7.073605631731355459e+01 6.092920563491857422e+01
4.864685999999999666e+01 3.584906800000000260e+01 5.798411664661600184e+01 6.432418348373388994e+01
7.489607999999999777e+01 6.228779999999999717e+01 7.877084529124223877e+01 5.916553362249200632e+01
7.085715000000000430e+01 6.628178400000000181e+01 7.882389404259629373e+01 6.166909415970739872e+01
4.682751499999999822e+01 6.578252000000000521e+01 6.186416437806887814e+01 3.695048453793084775e+01
8.573838999999999544e+01 6.890942400000000134e+01 5.424947745552961464e+01 6.413496697610318620e+01
5.400197599999999909e+01 4.162597999999999843e+01 8.881519773444868804e+01 5.569199741363175349e+01
8.370969399999999894e+01 6.831954000000000349e+01 6.601610888378242237e+01 5.623166268307438997e+01
8.776044000000000267e+01 3.970828000000000202e+01 6.001266933155669392e+01 5.973073345861909900e+01
9.098907499999999970e+01 4.332945999999999742e+01 5.117741189446708461e+01 6.043404355212427248e+01
5.608489000000000146e+01 5.505111300000000085e+01 5.165707657225019034e+01 4.812780567667488185e+01
5.338119499999999817e+01 4.540312000000000126e+01 6.287560960016968181e+01 6.998656245829599243e+01
5.532318000000000069e+01 4.998246400000000023e+01 8.369588858427476907e+01 4.709547798813162700e+01
7.357657000000000380e+01 5.390614000000000061e+01 5.797512166747663542e+01 3.823560013547152892e+01
7.637121000000000492e+01 6.265274000000000143e+01 4.727398258736913306e+01 4.614778108417914382e+01
5.363667999999999836e+01 4.819988599999999934e+01 5.874672427763540838e+01 6.921415507829055969e+01
6.459828000000000259e+01 6.979175999999999647e+01 6.257665017947098818e+01 4.010189084156035477e+01
5.669382499999999681e+01 4.055266600000000210e+01 6.706817950510964010e+01 5.746100110444065479e+01
4.799080299999999966e+01 6.598578999999999439e+01 7.756689657752330902e+01 6.087554935169688974e+01
6.627116999999999791e+01 6.753251000000000204e+01 8.427361830463129877e+01 5.584020946598084834e+01
8.700835399999999709e+01 4.623117400000000288e+01 7.475234020702781379e+01 4.128420891613710353e+01
7.961629999999999541e+01 6.026303999999999661e+01 6.098719645893269359e+01 6.858488231747017494e+01
8.994052000000000646e+01 3.632224699999999729e+01 8.052734868459518225e+01 5.460854885275345794e+01
4.962999299999999891e+01 4.012511400000000350e+01 8.554585004280278326e+01 4.093849696652769410e+01
8.190829499999999541e+01 6.691291999999999973e+01 7.179175293817442594e+01 4.759663256438916790e+01
8.271789599999999609e+01 6.150146999999999764e+01 8.863330680075340240e+01 4.596463307266457576e+01
8.982984000000000435e+01 5.302496299999999962e+01 4.784499629503451246e+01 4.594601287683086355e+01
5.567817000000000149e+01 4.392220999999999975e+01 7.755676836110225736e+01 3.809069911627388905e+01
8.905092999999999392e+01 4.646264299999999992e+01 5.801845744798281146e+01 5.341557615884432408e+01
8.259461000000000297e+01 4.808888999999999925e+01 6.802575858478317627e+01 4.630803549161294086e+01
7.907899999999999352e+01 5.651028000000000162e+01 9.139788150899711638e+01 4.804085707078846923e+01
8.975776000000000465e+01 4.615767999999999915e+01 4.852690502681203100e+01 4.140059701573807160e+01
5.855407699999999949e+01 6.542522999999999911e+01 5.952828001784293122e+01 5.307523603047194172e+01
5.662628600000000034e+01 5.514053299999999780e+01 7.360082488082801433e+01 3.598617441224713787e+01
8.227116399999999885e+01 4.311747700000000094e+01 5.436518099578832164e+01 4.233362234084890474e+01
8.478618000000000166e+01 4.751883300000000077e+01 7.935576066466916245e+01 6.645595397951191785e+01
5.340807999999999822e+01 4.628913000000000011e+01 5.886902523681457211e+01 3.786028051795671701e+01
7.544061999999999557e+01 4.955660000000000309e+01 7.894395584392390219e+01 4.486466214444958212e+01
8.275954000000000121e+01 4.590746699999999691e+01 7.796391314896300173e+01 5.329916050187037513e+01
8.032432000000000016e+01 4.159523800000000193e+01 8.748883812741998156e+01 6.263024799521585351e+01
6.404304500000000644e+01 6.398645400000000194e+01 8.314015320042574331e+01 4.254604779501091372e+01
9.061199999999999477e+01 3.714775999999999812e+01 8.169960715779572524e+01 5.895239395675852734e+01
6.398436699999999888e+01 4.588177999999999912e+01 6.404484780460602167e+01 5.419143230933281785e+01
7.584841000000000122e+01 6.374232500000000101e+01 6.124379223651109783e+01 4.526693195585927043e+01
5.169720499999999674e+01 4.989869000000000199e+01 7.471525301846465084e+01 3.871071263693021791e+01
6.880440500000000270e+01 5.972476000000000340e+01 7.493310346589458959e+01 3.623270239207237609e+01
5.150354399999999799e+01 4.697134799999999899e+01 7.927611026023643603e+01 5.954091473580960070e+01
5.285132200000000324e+01 4.104751000000000261e+01 7.357298719762069084e+01 6.421229661153486745e+01
8.828168999999999755e+01 3.561987299999999834e+01 7.166182174337397726e+01 4.134535815388307611e+01
5.364372600000000091e+01 4.968298699999999712e+01 8.271919157078647800e+01 4.998954077357645076e+01
8.765320599999999729e+01 4.874345000000000283e+01 7.826979734826002755e+01 4.810677731482856245e+01
5.548542400000000185e+01 5.831977499999999992e+01 8.769916515599068418e+01 5.417407782531665106e+01
5.972766500000000178e+01 4.440487300000000204e+01 9.072171232600882718e+01 3.882575764678700381e+01
8.275775000000000148e+01 5.044425600000000287e+01 5.332418813994121365e+01 5.223031586218468192e+01
6.160479399999999828e+01 6.652562000000000353e+01 7.110167375896728004e+01 4.791856576519795397e+01
5.508444200000000279e+01 4.897662400000000105e+01 5.565313864274998679e+01 5.098713855424274044e+01
8.069112400000000207e+01 4.634583700000000306e+01 5.637557621915986061e+01 3.761681996871851652e+01
6.245627999999999957e+01 5.118715300000000212e+01 7.937802680794058574e+01 4.849680127323922108e+01
6.052741600000000233e+01 5.478904299999999949e+01 5.176350764616187661e+01 3.594905580947391854e+01
4.726866499999999860e+01 4.850952999999999804e+01 6.711270649158517188e+01 3.717430894794623697e+01
5.450867999999999824e+01 4.798115500000000111e+01 6.347633298478122299e+01 5.547334645578577295e+01
7.498845000000000027e+01 4.247617300000000284e+01 6.099441245360220876e+01 3.694848063307509278e+01
6.587717999999999563e+01 6.489995600000000309e+01 6.572873029765092667e+01 4.262173679677650284e+01
7.359251000000000431e+01 6.916764000000000578e+01 4.643863464647155581e+01 5.856693131474889924e+01
6.856942999999999699e+01 6.211330800000000352e+01 5.451449061911232263e+01 4.108460050300520550e+01
9.046371999999999503e+01 6.047626999999999953e+01 6.198913539393789307e+01 3.626769162584878359e+01
6.467749999999999488e+01 5.320552399999999693e+01 5.307967845676746776e+01 6.502256216632687824e+01
5.510685699999999798e+01 5.117942399999999736e+01 5.484500767605921823e+01 6.300146173527522109e+01
5.107068600000000202e+01 4.920833600000000274e+01 6.427330443627676004e+01 4.775523036333872540e+01
7.108266399999999408e+01 6.466113000000000000e+01 5.244518240503843742e+01 4.294465978089151292e+01
9.128652999999999906e+01 3.925340700000000282e+01 6.646606067118567296e+01 4.866094824855145617e+01
8.003162399999999366e+01 4.691811799999999977e+01 5.925944171329422971e+01 3.921690342041998179e+01
6.258970000000000056e+01 5.024907000000000323e+01 4.924683534138252128e+01 5.139666898670097339e+01
6.079118700000000075e+01 4.683894999999999698e+01 5.772729173154434079e+01 5.406282680550653197e+01
8.597660999999999376e+01 3.954017300000000290e+01 6.429461248089954495e+01 4.478848743957274792e+01
6.579370000000000118e+01 5.309502400000000222e+01 6.723518681481024828e+01 5.542647952597031491e+01
5.291655699999999740e+01 4.646614999999999895e+01 8.510402851445590500e+01 3.502275370244390018e+01
8.329030000000000200e+01 3.530860500000000002e+01 7.230466714687145213e+01 4.977185597476338330e+01
5.782506000000000057e+01 5.586100400000000121e+01 5.430791173391568805e+01 5.646793848894003531e+01
7.592802399999999352e+01 5.213128999999999991e+01 7.090483157229527933e+01 6.610480748179412558e+01
6.425799600000000567e+01 5.414581299999999686e+01 8.584286790474212125e+01 5.607670551420381599e+01
7.324244000000000199e+01 5.344908499999999663e+01 7.591439561552810744e+01 5.674814141267316359e+01
4.616987000000000307e+01 4.086637999999999948e+01 5.898909474925994090e+01 3.681988455330741061e+01
8.979491400000000567e+01 4.388490699999999833e+01 7.413991440280229028e+01 4.320826060012483794e+01
7.686008499999999799e+01 6.092645000000000266e+01 9.099002646388493076e+01 5.070899458425019901e+01
7.841535000000000366e+01 5.517078399999999760e+01 7.778138291364859924e+01 4.680893672921668980e+01
8.185470999999999719e+01 4.928301600000000349e+01 5.628914946683873666e+01 5.871147818346288716e+01
4.728166199999999719e+01 3.971976999999999691e+01 6.746002662503200042e+01 5.723264934484352295e+01
5.694366000000000128e+01 5.793184000000000111e+01 8.266096728047446618e+01 6.303687027272641785e+01
6.652666499999999417e+01 4.933856000000000108e+01 7.895899904909271072e+01 6.601357473310494584e+01
4.666504299999999716e+01 4.539951700000000301e+01 4.980832320075320752e+01 4.440450914008307137e+01
5.513156000000000034e+01 6.075578000000000145e+01 4.815337617135562454e+01 5.755239989801104628e+01
6.587963000000000591e+01 5.883500699999999739e+01 5.768894630199318385e+01 6.984343170519075272e+01
8.813251499999999794e+01 3.577533999999999992e+01 8.807028622234012971e+01 5.597256349087545857e+01
7.031310000000000571e+01 5.214257400000000331e+01 8.812608179241843231e+01 5.855296850443463796e+01
8.363159000000000276e+01 5.257257500000000050e+01 7.295739554350213041e+01 4.534406246460147827e+01
5.556812000000000040e+01 6.750840999999999781e+01 5.963795856111521942e+01 6.832636411827485290e+01
6.935303999999999292e+01 5.420073699999999661e+01 7.467050772013590176e+01 5.613384851731096603e+01
7.492061599999999544e+01 4.819925299999999879e+01 4.911612844184950433e+01 5.451346375159931767e+01
6.626314499999999441e+01 4.468997000000000241e+01 5.027378432550091247e+01 5.099839338179751280e+01
7.490227500000000305e+01 5.633149999999999835e+01 4.921344138905329402e+01 6.596447155467114953e+01
8.693619499999999789e+01 3.656411399999999645e+01 7.048763341937143423e+01 5.632549634764822599e+01
6.853108000000000288e+01 4.360729200000000105e+01 7.943264047189418875e+01 6.969112494040933825e+01
7.304407500000000653e+01 4.884670599999999752e+01 9.187246096874326895e+01 5.102467080665832810e+01
4.679430399999999679e+01 4.216695399999999694e+01 5.210048920882769607e+01 3.873145965426422777e+01
7.745943499999999915e+01 5.897106600000000043e+01 5.810255689110915256e+01 6.945204224218409195e+01
6.521347000000000094e+01 6.587377999999999645e+01 8.252903688868362053e+01 5.116123670762478071e+01
8.338657999999999504e+01 4.855832300000000146e+01 4.903295114651388786e+01 6.572897708184061116e+01
7.632841000000000520e+01 4.523435599999999823e+01 7.755016517980473623e+01 5.941403555420650662e+01
7.889297000000000537e+01 6.234449800000000153e+01 8.842993201177102947e+01 3.903804552600355748e+01
7.694122000000000128e+01 4.568415999999999855e+01 5.765555364764416879e+01 4.220060160143390959e+01
7.462242000000000530e+01 4.588313300000000083e+01 6.969424306610571307e+01 6.564565468726172526e+01
6.362567500000000109e+01 4.960958999999999719e+01 8.578314668657094444e+01 6.761812606510004287e+01
4.872610499999999689e+01 4.301434700000000078e+01 5.686211546153934648e+01 4.083991188376102599e+01
6.133109999999999928e+01 6.446867000000000303e+01 7.599810529112286872e+01 3.928097907790041887e+01
8.042634999999999934e+01 5.621003699999999981e+01 8.433722250570512813e+01 6.895029884392675967e+01
7.081449000000000638e+01 6.198342999999999847e+01 6.222070648532206860e+01 5.990224658056919793e+01
8.742462999999999340e+01 3.743291500000000127e+01 7.838336128528450786e+01 5.039708308582838470e+01
8.194589999999999463e+01 6.922138999999999953e+01 4.645384042474554320e+01 4.544720022156645456e+01
5.697548299999999699e+01 4.251236999999999711e+01 4.733143146466071016e+01 6.322373299686877601e+01
6.481473499999999888e+01 4.456393400000000327e+01 4.760133939722043550e+01 6.807253720410795950e+01
5.104829000000000150e+01 4.921446199999999749e+01 8.286058501821224809e+01 5.552045681913584474e+01
4.972973600000000260e+01 6.857572000000000401e+01 6.019072057238456352e+01 5.469611992931783817e+01
6.721398999999999546e+01 4.009886999999999802e+01 8.176157917838193612e+01 4.285411747843900088e+01
6.599164000000000385e+01 6.924809000000000481e+01 6.642910444543123560e+01 5.635377554798080979e+01
8.305746499999999344e+01 3.647974399999999662e+01 6.947499825526455197e+01 5.784662758072158795e+01
7.768798999999999921e+01 6.146608700000000169e+01 6.400301231988235884e+01 4.285940313118904044e+01
8.675363000000000113e+01 4.346631599999999906e+01 6.814852995606781860e+01 6.120580315818963868e+01
8.257880400000000520e+01 3.717007399999999961e+01 5.338159210951274503e+01 5.142898063168729550e+01
4.735890200000000050e+01 6.803895599999999888e+01 8.274843300321592210e+01 4.676910290907282075e+01
7.069325999999999510e+01 4.742500700000000080e+01 6.103466615729778511e+01 4.051464119168792877e+01
8.198730000000000473e+01 4.021397400000000033e+01 8.829308156074949920e+01 6.022147508052838560e+01
5.039290199999999942e+01 6.866956999999999312e+01 4.658574950734428199e+01 4.192819431318934420e+01
7.331856999999999402e+01 6.896445500000000095e+01 6.933832450333443376e+01 5.451447898081724475e+01
6.478409600000000523e+01 6.453046000000000504e+01 8.034244629848781472e+01 4.496359735545083680e+01
5.600366000000000355e+01 5.997305300000000017e+01 7.934810319359903019e+01 5.597750692337514522e+01
5.768971599999999711e+01 5.626144399999999735e+01 8.298691963496565904e+01 6.666846156876675877e+01
5.218118700000000132e+01 5.139356999999999687e+01 7.122509657030155950e+01 4.652553305123559824e+01
4.641415400000000346e+01 6.996437000000000239e+01 8.408815464392547767e+01 4.854878759584998704e+01
5.273010299999999972e+01 5.304892000000000252e+01 8.896416430883405724e+01 6.676195544656545167e+01
8.582438999999999396e+01 4.352882000000000318e+01 6.255676720900520138e+01 4.800599789562905073e+01
6.389004500000000064e+01 5.658246199999999959e+01 6.977515240985442802e+01 5.054499782134459451e+01
6.521056000000000097e+01 5.167953500000000133e+01 9.085228348516059782e+01 5.906274027285328998e+01
6.629274999999999807e+01 6.353835699999999775e+01 5.443008553730535937e+01 3.550235393960822705e+01
5.076733399999999818e+01 3.719605599999999868e+01 5.003786377102390048e+01 5.079838423577507456e+01
5.536148000000000025e+01 4.794722999999999757e+01 6.256004844055193814e+01 6.885089360242997714e+01
7.093855000000000643e+01 6.686619000000000312e+01 4.958092330919780011e+01 5.758256399851715202e+01
6.139316600000000079e+01 4.326026499999999686e+01 4.780344631798305244e+01 4.502999521521845594e+01
8.947969999999999402e+01 4.378523299999999807e+01 4.640646486558505046e+01 3.764890097684816794e+01
5.293442000000000291e+01 5.253999699999999962e+01 6.903546191881201821e+01 4.264056016168893848e+01
7.263685999999999865e+01 6.816455000000000553e+01 6.544419960502901290e+01 4.611531861248091957e+01
7.946792999999999552e+01 6.259113700000000335e+01 4.670047906268735716e+01 5.688769058237085119e+01
4.735408000000000328e+01 3.813629000000000246e+01 6.414445217550716904e+01 6.787547554710442910e+01
5.408330999999999733e+01 6.939442400000000077e+01 4.697267946100793523e+01 5.913401739822549530e+01
5.282920000000000016e+01 3.915379999999999683e+01 8.576801619529928189e+01 3.506258261756182293e+01
5.493115600000000143e+01 5.014291399999999754e+01 6.240406825204259178e+01 3.843780944912104047e+01
7.875444000000000244e+01 6.542055000000000575e+01 8.904078813433997652e+01 5.014334436443292731e+01
8.969199999999999307e+01 4.165841700000000003e+01 6.327572251780877366e+01 6.035809566140380866e+01
6.146526300000000020e+01 6.553976000000000113e+01 6.504077523715059783e+01 5.232679617679897888e+01
9.165053000000000338e+01 5.213870599999999911e+01 5.848135769419451435e+01 5.881837437733423002e+01
5.968653499999999923e+01 5.329252199999999817e+01 7.649709408047650072e+01 6.153737695602750790e+01
7.586669000000000551e+01 4.302570699999999704e+01 5.007412212156953046e+01 3.850517156168486110e+01
5.059288999999999703e+01 3.766018700000000052e+01 8.998917064666987642e+01 6.854595790763795549e+01
5.817465200000000181e+01 4.617281700000000200e+01 6.560861427623909492e+01 6.037584152622408595e+01
4.938875600000000077e+01 4.991961299999999824e+01 6.938526678372018353e+01 6.655196832654087302e+01
6.399470500000000328e+01 4.661702999999999975e+01 5.559240464644724966e+01 6.228799008815917659e+01
4.637751800000000202e+01 6.919196999999999775e+01 8.854591844961871061e+01 4.840814746340357999e+01
7.151955399999999941e+01 4.778076599999999985e+01 8.172967028325841454e+01 5.897654586449028358e+01
5.246391700000000213e+01 4.780145600000000172e+01 7.009361730111714905e+01 6.553175710804973164e+01
4.674738299999999924e+01 6.254206500000000091e+01 6.217440989556744313e+01 4.287926652617751699e+01
8.798460000000000036e+01 4.186227000000000231e+01 4.934074209968157732e+01 6.877970729596452770e+01
7.100942999999999472e+01 5.171623000000000303e+01 8.766468914262271994e+01 4.714161398569622463e+01
8.815488399999999558e+01 3.751191299999999984e+01 7.254401586136521018e+01 3.891879083443801335e+01
6.795614999999999384e+01 4.871293000000000006e+01 8.110358575293707872e+01 3.914804337982257465e+01
8.794871500000000708e+01 4.199166000000000309e+01 8.560783085904461132e+01 6.381267644465302169e+01
5.339562000000000097e+01 4.819332500000000152e+01 7.127214222195723892e+01 6.920830789069637490e+01
5.388501000000000118e+01 5.712486599999999726e+01 6.535354222943313118e+01 6.897456158660241954e+01
5.653450999999999738e+01 6.000314000000000192e+01 7.010375232059074335e+01 6.129838735853739706e+01
6.008419800000000066e+01 6.724903000000000475e+01 6.447027405146371848e+01 4.648600861474798762e+01
6.524366000000000554e+01 5.117226399999999842e+01 8.495273785597210292e+01 3.837828083018136738e+01
8.476594500000000210e+01 4.658230199999999854e+01 5.794053477368329652e+01 5.987816850041127736e+01
8.133104000000000156e+01 4.018990699999999805e+01 5.033327869456565651e+01 5.166056557216573708e+01
6.249164600000000291e+01 4.798640400000000028e+01 6.244100304827289705e+01 4.811940118005426825e+01
4.898817999999999984e+01 5.657592999999999961e+01 4.978146211432678570e+01 6.069552310440650444e+01
7.851379000000000019e+01 3.546386300000000347e+01 5.385799405065965573e+01 3.879474878873477195e+01
8.818219000000000563e+01 5.422068800000000266e+01 8.265684986183202909e+01 6.214002099907035870e+01
4.676407600000000286e+01 6.213021499999999975e+01 8.146998535845165179e+01 5.883330344882098473e+01
5.009697299999999842e+01 3.689758299999999736e+01 8.810914054875632928e+01 4.354851338994172494e+01
5.078484300000000218e+01 4.311047400000000351e+01 4.694201400667886048e+01 3.623008314990995160e+01
7.233463000000000420e+01 4.200035499999999900e+01 5.525913072626347855e+01 6.207313075403359193e+01
6.539163999999999533e+01 6.597992000000000701e+01 7.969648250674802625e+01 6.832902410104836122e+01
4.866503999999999763e+01 4.614283999999999963e+01 4.690565355219953148e+01 4.808699460614862886e+01
5.421309999999999718e+01 5.728742199999999940e+01 7.774471534469429912e+01 6.659014063148624984e+01
6.020499800000000334e+01 6.596981999999999857e+01 7.015587212868378231e+01 6.153022540015358288e+01
4.775346400000000102e+01 6.766009499999999832e+01 4.665479470111229432e+01 5.069213844438754535e+01
5.120772999999999797e+01 6.827964000000000055e+01 7.352640695819749794e+01 4.882247614616017728e+01
6.234524499999999847e+01 6.152044999999999675e+01 6.709153654956099899e+01 6.906459237571934295e+01
8.810926999999999509e+01 6.234055699999999689e+01 5.405133216066363389e+01 5.615032104222889586e+01
5.192596000000000345e+01 5.007043999999999784e+01 7.405785192054121069e+01 4.051378354863299336e+01
5.105628999999999706e+01 3.829506700000000308e+01 7.437754208870823902e+01 6.286815151220412190e+01
9.116658999999999935e+01 5.114815000000000111e+01 6.956763921836466125e+01 6.658062589947039100e+01
8.020283499999999322e+01 4.713145999999999702e+01 5.378511084573629830e+01 4.282831993858330577e+01
4.889168500000000250e+01 4.221019400000000132e+01 6.849398706274803317e+01 4.023836013472026707e+01
8.202487999999999602e+01 4.714908599999999694e+01 6.907639709509355441e+01 6.758194270932708037e+01
8.175209999999999866e+01 6.964215000000000089e+01 8.370553118260176007e+01 4.676138139650719694e+01
