1.290050699999999892e+02 1.324962900000000054e+01 9.951199745575361533e+01 2.762755356606163915e+01
1.235097959999999944e+02 2.681490999999999847e+00 9.846183634318276745e+01 2.997406520769165894e+01
1.135055600000000027e+02 1.730492999999999881e+01 9.506058184553138801e+01 5.266350500915507382e+00
9.609209400000000301e+01 1.652753299999999825e+01 1.264262102456294201e+02 2.554130277779738734e+01
1.108547200000000004e+02 1.948833799999999883e+01 9.301062223412932894e+01 1.870225255396312036e+01
1.286007500000000050e+02 8.765936999999999202e+00 1.031317284720816474e+02 1.853916025650948640e+01
1.208341900000000066e+02 1.204352800000000023e+01 1.058980880365549808e+02 2.172907610359341390e+01
1.026750949999999989e+02 3.487172699999999992e+01 1.129003548538591559e+02 5.512069865384712664e+00
1.204627899999999983e+02 7.529904000000000153e+00 9.699746872808445630e+01 1.078263642075341089e+01
1.259789300000000054e+02 8.138935999999999282e+00 1.103933642223774427e+02 2.525638551038303703e+01
1.048228900000000010e+02 3.249645600000000201e+01 1.339513769243953050e+02 4.817388044707139549e+00
1.126715200000000010e+02 1.748623999999999867e+01 9.789501147225026045e+01 2.357438604638186064e+01
1.202229399999999941e+02 1.300534999999999997e+01 1.322904258441454886e+02 5.180152618493881533e+00
1.110863800000000055e+02 2.956343499999999835e+01 1.365905989696511256e+02 5.790439223659095802e+00
1.117577739999999977e+02 2.046753999999999962e+01 1.178544989562068537e+02 2.283208830678132273e+01
1.064764899999999983e+02 2.161875300000000166e+01 1.006467238026766751e+02 1.447847928265902251e+00
1.156589100000000059e+02 2.078124199999999888e+01 1.196460574641504877e+02 2.073979331692610018e+01
1.109355999999999938e+02 1.694945099999999982e+01 1.348982236723770711e+02 2.417197361565780866e+01
1.213958800000000053e+02 1.269575000000000031e+01 9.292430441837103672e+01 3.179456898197942394e+01
1.197189560000000057e+02 1.547260600000000075e+01 1.097307957221184438e+02 7.691174302803370111e+00
1.222981000000000051e+02 3.382558000000000220e+01 1.290804490067934296e+02 3.448932232090643168e+01
1.213342499999999973e+02 2.617049000000000181e+00 9.809070490883874527e+01 2.790927911286881447e+00
1.209411199999999980e+02 1.190699900000000078e+01 1.311606692009517019e+02 1.578881634459450289e+00
1.024364300000000014e+02 2.697588299999999961e+01 1.178424785913968975e+02 2.272109377078631454e+01
1.148769499999999937e+02 6.728119999999999656e-01 1.198500773615579504e+02 2.905538914948662921e+01
1.044894199999999955e+02 3.404343999999999681e+01 1.272624128734842657e+02 2.285619694525694356e+01
1.324894099999999924e+02 1.522223000000000104e+00 1.113556659451539019e+02 2.917770933390748311e+01
1.004711900000000071e+02 2.451955200000000090e+01 1.065563185783815641e+02 3.029291060402330160e+01
1.210716900000000038e+02 6.892971000000000181e+00 1.107617340355161843e+02 1.249277573810227437e+01
9.833840999999999610e+01 3.082450000000000045e+01 9.550518664387844581e+01 2.801899027282454568e+01
1.283993499999999983e+02 1.234091600000000000e+01 1.087834912645346890e+02 1.404265876492324772e+01
1.251748699999999985e+02 2.681115199999999987e+01 1.283564238653171969e+02 3.373075549429480446e+01
1.273446660000000037e+02 1.365026600000000023e+01 9.786734285374568287e+01 9.475388287995825110e+00
1.224132840000000044e+02 1.063505699999999976e+01 9.794587389508575370e+01 8.592811422957201017e+00
1.136585500000000053e+02 2.298645199999999988e+01 1.220337034033070296e+02 3.482875821887038370e+01
1.041200560000000053e+02 2.495909899999999837e+01 1.075531117873106268e+02 1.602383062093516841e+01
1.133417740000000009e+02 1.599369000000000085e+01 1.318405234707758780e+02 2.352756490187236338e+01
9.715987400000000207e+01 1.592667499999999947e+01 1.050421288607875425e+02 7.696708886558003115e+00
1.219563600000000037e+02 4.037063999999999986e+00 1.160166993609756076e+02 2.111297022880606988e+01
1.042165799999999933e+02 2.347071499999999844e+01 1.351602465507554598e+02 3.177716841641133438e+00
1.262135240000000067e+02 1.085353699999999932e+01 1.141426217957312019e+02 1.112787877339428988e+01
1.376394999999999982e+02 1.949024400000000057e+01 1.125943970883306520e+02 3.224229272647400535e+01
1.006839099999999974e+02 4.718844999999999956e+00 1.158847410183653324e+02 1.729418322158956522e+00
1.128090440000000001e+02 2.218561000000000050e+01 1.165856213091847309e+02 2.040033380312213396e+01
1.132784039999999948e+02 2.408719599999999872e+01 1.221140837541320678e+02 2.339590256505405819e+01
1.269099199999999996e+02 8.830450000000000799e+00 1.332546748363667461e+02 2.020155883058609447e+01
1.056316000000000059e+02 1.004083999999999932e+01 1.354991497893373662e+02 3.135057312156319043e+01
1.014491600000000062e+02 2.277094299999999905e+01 1.366512669171909522e+02 1.796199532175952740e+01
1.240174260000000004e+02 8.090493999999999630e+00 9.708159199584713406e+01 1.678008969604980294e+01
1.165112840000000034e+02 2.327571899999999872e+01 1.190365994407775645e+02 5.983560936827537091e+00
1.006493899999999968e+02 1.672829600000000028e+01 9.290789936113819181e+01 2.683065412840262454e+01
1.331729400000000112e+02 1.186766300000000030e+01 1.087850370505621527e+02 2.943200426578160833e+00
1.019195560000000000e+02 2.802453799999999973e+01 1.311403154580604564e+02 3.241528528969760714e+01
1.016832100000000025e+02 1.628771199999999908e+01 1.249783679619335999e+02 1.573490722785946083e+01
9.801369499999999846e+01 2.871176499999999976e+01 1.195902518786667343e+02 6.276977574770031154e+00
1.205876159999999970e+02 1.334072899999999962e+01 1.109039842501256175e+02 1.569523983981293558e+00
1.005045199999999994e+02 2.882197800000000143e+01 1.199410536953515987e+02 2.144784050724830138e+01
1.264625999999999948e+02 7.166369999999999685e-01 9.861650388012631652e+01 7.523090725858728511e+00
9.823951999999999884e+01 1.669737599999999844e+01 1.130126567208673407e+02 1.451080608616307721e+01
1.293536799999999971e+02 7.147846000000000366e+00 9.612032840879496121e+01 1.055046629998454044e+01
1.087034450000000021e+02 1.879413800000000023e+01 9.567092746100050249e+01 3.398852208599083724e+01
1.063896100000000047e+02 3.912881000000000054e+00 1.313084132698196242e+02 6.865735459529893170e+00
1.134964499999999958e+02 2.987325299999999828e+01 1.300779252196805373e+02 7.066498207770698592e+00
1.209112899999999939e+02 7.267337999999999631e+00 1.341655646705278286e+02 3.015242810522800809e+01
1.089955800000000039e+02 1.639875599999999878e+01 1.130680993363720148e+02 6.586595049327645945e+00
1.291559399999999869e+02 1.352395500000000084e+01 1.133617810600639189e+02 2.984941134044576216e+01
1.194723599999999948e+02 1.724490399999999823e+01 9.246548755516157314e+01 1.657973451468313542e+01
1.004917399999999930e+02 3.001473800000000125e+01 9.307280188174202351e+01 3.030328241446260051e+01
1.069558300000000060e+02 3.322021000000000157e+01 1.131629054158080976e+02 1.479281322670632903e+01
1.068714449999999943e+02 1.286970200000000020e+01 1.063366569344506587e+02 2.987820671218820578e+01
1.125423660000000012e+02 2.072739999999999938e+01 1.196193023643527056e+02 3.112362494726643547e+01
1.087185099999999949e+02 1.082315200000000033e+01 1.272511577441432422e+02 4.850289806864762632e+00
1.346648600000000044e+02 1.416948599999999914e+01 1.117346451793917197e+02 2.591744765646143378e+01
1.221287399999999934e+02 7.625099999999999767e+00 9.463328331743169031e+01 3.106146629727107467e+01
1.268122939999999943e+02 2.672148999999999930e+01 1.099264783591908383e+02 7.860270570244630939e+00
1.189017699999999991e+02 2.030833000000000155e+01 1.346029396492583317e+02 2.241442080484861066e+01
1.311990399999999966e+02 2.885759999999999881e+00 9.217585331356542611e+01 1.537151229700045540e+01
1.306562800000000095e+02 2.621539999999999981e-01 1.212416013249682152e+02 1.516706103041725484e+00
9.982527000000000328e+01 2.515078700000000111e+01 1.360990656636952849e+02 2.534697349850300441e+01
9.588267000000000451e+01 2.653397000000000006e+01 1.112269471998831136e+02 1.915159424469209526e+01
9.612255000000000393e+01 3.490480999999999767e+01 9.787124505340902658e+01 2.547917733988330369e+01
1.360886000000000138e+02 1.322069300000000069e+01 9.778339228990188303e+01 1.248500897856214920e+01
1.325118699999999876e+02 7.074665000000000425e+00 9.587781864297630818e+01 1.614536010353728290e+00
1.146143200000000064e+02 2.004928200000000160e+01 1.339125708092108766e+02 2.466296404666523756e+01
9.953991000000000611e+01 1.765159200000000084e+01 1.003734610852234823e+02 1.135947740493012859e+01
1.211908499999999975e+02 1.480161999999999978e+01 1.280141642952505379e+02 2.918159217520031845e+01
1.210836500000000058e+02 1.404887100000000011e+01 9.210395742053303536e+01 2.239669285906777674e+01
1.368218999999999994e+02 9.378269999999999662e-01 1.237469655581211043e+02 1.371148864102123355e+01
1.000685000000000002e+02 2.550993300000000019e+01 9.714487699260099873e+01 8.778372713134924510e+00
1.227775699999999972e+02 3.331928000000000001e+00 1.242474540892299046e+02 2.908726918798165428e+01
9.890682999999999936e+01 1.802293200000000084e+01 9.999329488726318971e+01 1.916706717412413852e+01
1.139247359999999958e+02 2.117171300000000045e+01 9.593009398545937927e+01 1.145499990466280060e+01
1.002892999999999972e+02 2.375831000000000159e+01 9.499008858469862560e+01 2.158094517599288054e+01
1.232273500000000013e+02 4.342469000000000356e+00 9.888550591495865660e+01 2.997187473299735672e+01
1.158584060000000022e+02 1.987986000000000075e+01 1.019953485393986199e+02 2.878091272331409911e+01
1.366617899999999963e+02 1.230031400000000019e+01 9.255340743139232984e+01 2.810198427608104765e+01
1.220304600000000050e+02 5.662862999999999758e+00 1.310426581759768965e+02 3.376593701884981868e+01
1.008948800000000006e+02 1.652329800000000048e+01 1.104510875176458740e+02 3.795015340598044684e+00
1.272875200000000007e+02 3.735890000000000044e-01 1.120239071312206818e+02 2.097243487573857479e+01
1.299299300000000130e+02 1.610754400000000075e+01 1.186250038076530586e+02 1.195538428614944770e+01
1.132294200000000046e+02 1.691967400000000055e+01 1.212726565710333801e+02 1.700212941264462785e+01
9.423632999999999527e+01 1.031035299999999921e+01 1.022038311473742738e+02 2.087762178421271031e+01
1.197064500000000038e+02 1.762339400000000111e+01 1.050565304091699517e+02 2.387382941531882707e+01
1.159256900000000030e+02 2.697432299999999827e+01 1.071050244177043851e+02 7.396569954811155867e+00
1.205678249999999991e+02 2.621988100000000088e+01 1.124301083938100447e+02 2.095604245817608557e+01
1.306637699999999995e+02 1.285029600000000016e+01 1.273355732727567613e+02 1.478482246479260276e+01
1.038123300000000029e+02 1.618331999999999837e+01 1.130504260782443566e+02 1.198139373386567108e+01
1.353151900000000012e+02 1.279140499999999925e+01 1.162747303547000257e+02 1.440298514208368452e+01
1.252770199999999932e+02 1.020389400000000002e+01 1.080920240723514922e+02 1.939903606907077105e+01
1.199054399999999987e+02 1.518948900000000002e+01 1.339920365254351111e+02 5.887846381438129661e+00
1.053297349999999994e+02 2.381371899999999897e+01 1.165792758093668908e+02 3.119285866549096653e+01
1.276204900000000038e+02 1.005807899999999933e+01 1.174172587508219578e+02 6.901160697584824533e+00
1.130037300000000045e+02 2.547221800000000158e+01 1.297262735014503221e+02 1.156112418079336734e+01
1.309324000000000012e+02 9.878012000000000015e+00 1.191066694301636630e+02 2.102637889145650618e+01
9.319089999999999918e+01 1.835962900000000175e+01 1.376813712837368655e+02 1.233562703746204114e+01
1.258230060000000066e+02 9.050392999999999688e+00 1.130173344943762004e+02 3.010772894234923669e+00
1.162961800000000068e+02 2.799809799999999882e+01 1.172158732123829168e+02 1.566590850560751313e+01
1.232222500000000025e+02 1.022940900000000042e+01 1.325479075154993893e+02 1.886353826702493919e+01
1.212147099999999966e+02 1.824274799999999885e+01 1.133481042886466241e+02 1.590030237989771855e+01
1.074301300000000055e+02 3.293291500000000127e+01 9.539468951722101053e+01 9.307698454250031617e+00
1.139202300000000037e+02 1.739189000000000007e+01 1.234246631193636006e+02 2.568586137958221371e+01
1.075895799999999980e+02 1.972467400000000026e+01 1.134246123586095791e+02 2.407403808381807764e+01
1.231192999999999955e+02 3.669859999999999900e+00 1.148357205899652627e+02 4.704925230357650534e+00
1.071924700000000001e+02 1.362108100000000022e+01 9.879406724536090678e+01 1.061828465527896981e+01
1.307908799999999871e+02 1.009277999999999897e+00 9.941657748295600072e+01 5.999648698020222604e+00
1.140301000000000045e+02 2.309675000000000011e+01 9.679728164273811331e+01 1.137228247651925628e+01
1.293009299999999939e+02 1.654629999999999990e-01 1.112025805712634678e+02 6.224187471823597662e+00
9.569082000000000221e+01 2.712815700000000163e+01 9.857169936593253112e+01 5.635406487581108514e+00
1.074241999999999990e+02 2.922848300000000066e+01 1.325818154674515768e+02 2.990050587097937473e+00
1.370959000000000003e+02 5.531164999999999665e+00 1.168718292180837466e+02 1.259634054263428204e+01
9.999969000000000108e+01 2.509792300000000154e+01 9.719845434920650007e+01 2.100774597938884369e+01
1.018777000000000044e+02 2.861357299999999881e+01 1.117910826794550871e+02 2.334643647065339778e+01
1.253882700000000057e+02 1.252098200000000006e+01 9.598812326330359213e+01 2.134687459606883664e+01
1.013173800000000000e+02 1.780067999999999984e+01 9.809417621563365230e+01 1.746891947453772076e+01
1.255835950000000025e+02 1.142485399999999984e+01 1.240242971398434833e+02 2.511308846153616869e+01
1.002797900000000055e+02 2.030880499999999955e+01 9.429811528941543486e+01 1.374058629042043478e+01
1.286229600000000062e+02 3.030732499999999874e+01 1.141721811174833903e+02 1.805895209898462639e+00
9.897588000000000363e+01 1.434022700000000050e+01 1.337271056308236439e+02 1.975618144886502492e+01
1.215120100000000036e+02 3.517780999999999825e+00 9.564507793863484153e+01 3.445582090365270034e+01
1.162218600000000066e+02 1.465482599999999991e+01 1.048407056141659410e+02 9.213910498554252371e+00
1.045020300000000049e+02 3.012155500000000075e+01 1.097820481934156192e+02 2.033938288177908049e+01
1.377720300000000009e+02 1.174125100000000010e+01 1.041078958622846358e+02 3.322361056472745844e+01
1.151012699999999995e+02 2.510251999999999839e+01 1.269393451922828717e+02 1.142918286172379005e+00
1.044074200000000019e+02 1.407581799999999994e+01 1.256576245054199035e+02 6.295870531799906189e+00
1.307676400000000001e+02 9.199001000000000872e+00 1.148017330837846828e+02 6.073472061616582707e+00
1.262143800000000056e+02 1.201316999999999968e+00 1.245672064372924694e+02 2.714500327772913835e+00
1.268311900000000065e+02 1.202138899999999921e+01 1.268722683248845868e+02 2.564158577017873242e+01
1.344405199999999923e+02 3.228481299999999976e+01 1.169722338599903253e+02 1.160611202866971148e+01
1.259232559999999950e+02 4.161654000000000408e+00 9.595090724126451676e+01 1.263112251462605151e+01
1.042143250000000023e+02 3.424630400000000208e+01 1.179684456781085515e+02 2.124820278870292967e+01
1.039350500000000039e+02 2.735918399999999906e+01 1.172719254888371694e+02 1.854010225978526805e+01
1.131622399999999971e+02 1.624390599999999907e+01 9.788071881562285625e+01 3.352794703964629264e+01
1.166653400000000005e+02 4.134577000000000169e+00 1.355846155239814550e+02 1.589418572833493570e+01
1.063184499999999986e+02 2.189414199999999866e+01 1.356937890015506412e+02 1.993971510024899274e+01
1.067377000000000038e+02 2.727607499999999874e+01 1.376000104365927257e+02 1.914465034732371862e+01
1.004048300000000040e+02 2.599754000000000076e+01 1.359001619715590436e+02 3.344315456778534923e+01
1.222376000000000005e+02 3.524550000000000183e-01 9.223217358470323290e+01 3.485717256695711086e+01
1.173357539999999943e+02 2.219921099999999825e+01 1.357854492364416501e+02 1.117226512279359874e+01
1.305616899999999987e+02 5.040212999999999610e+00 1.360678145651312434e+02 7.639003081669526463e-01
1.264986999999999995e+02 2.455890000000000128e+01 1.211469470783922304e+02 1.432603900589831625e+01
1.063328249999999997e+02 1.094751899999999978e+01 1.371586950471661908e+02 5.421238519079107920e-01
1.230936200000000014e+02 4.996221000000000245e+00 1.008568142547508728e+02 5.703772212748009274e+00
1.324696399999999983e+02 1.699832699999999974e+01 1.245973867536592223e+02 2.584549695343847731e+01
1.102496799999999979e+02 2.905307200000000023e+01 1.342056287466367053e+02 1.319000395805857728e+01
1.210841450000000066e+02 2.834050999999999831e+01 1.362430088805455455e+02 2.616661144190356225e+01
1.167711800000000011e+02 1.044548600000000071e+01 1.081579022955654921e+02 3.351025386433324371e+01
1.279676800000000014e+02 9.560188000000000130e+00 1.221432266924784642e+02 2.628994623224807370e+01
1.358888900000000035e+02 4.520160999999999873e+00 1.328548589321503641e+02 3.517227254211722887e+00
1.154087799999999930e+02 2.365899500000000089e+01 1.050622635602477999e+02 8.845501570312382711e+00
1.255556260000000037e+02 1.372629099999999980e+01 1.072779255006259689e+02 1.418099653866450005e+01
1.121128999999999962e+02 1.959123999999999910e+01 1.174604934693325617e+02 3.453550990835454915e+00
1.269610100000000017e+02 1.226305200000000006e+01 1.132130943562626726e+02 3.484656289680133767e+01
1.195463639999999970e+02 2.841035700000000119e+01 9.928621150654582550e+01 1.500488143662520457e+01
1.150682749999999999e+02 1.918149599999999921e+01 1.213790472598165309e+02 2.177302726137817857e+01
1.134832399999999950e+02 1.777810300000000154e+01 1.177719522422512739e+02 2.000531209384759990e+01
1.062109700000000032e+02 3.381889000000000145e+00 9.240433081159119411e+01 8.437626435651463197e+00
1.176738359999999943e+02 1.385884099999999997e+01 1.278398354517739222e+02 3.225935494545517201e+00
1.065750199999999950e+02 2.890432200000000051e+01 1.333249830889487839e+02 2.479764035790753596e+01
1.175999999999999943e+02 1.023433799999999927e+01 1.221462003675146377e+02 2.378719038530546115e+01
1.040049199999999985e+02 2.438359600000000071e+01 1.337820427785685240e+02 1.660427074553615867e+01
1.165043500000000023e+02 1.716985000000000028e+01 1.339118662670456104e+02 1.801886943556627330e+01
1.187546099999999996e+02 1.839382399999999862e+01 1.339465661397298391e+02 2.142319427166482626e+01
1.291512099999999919e+02 1.286193699999999929e+01 9.274769162354630225e+01 5.961003456938645861e+00
1.327039000000000044e+02 1.584810399999999930e+01 1.239653022397808115e+02 2.841428354200973061e+00
1.305980999999999881e+02 1.224686600000000070e+01 1.309686958487538391e+02 8.214736167132439704e+00
1.073838200000000001e+02 2.117361000000000004e+01 9.498230741227071405e+01 2.034284241976724417e+01
1.066250150000000048e+02 2.543620000000000214e+00 9.676973070802053201e+01 1.836509978112336228e+01
1.179312000000000040e+02 9.954869000000000412e+00 1.164418129528200581e+02 2.445540382367858001e+01
1.183520900000000040e+02 1.158915299999999959e+01 1.338301531003963873e+02 1.890225285194574667e+01
1.074369499999999960e+02 2.925465799999999916e+01 1.081855632289863109e+02 4.416527679656115701e+00
1.370245700000000113e+02 1.147566899999999990e+01 1.271128288919924216e+02 5.632092533193578276e+00
1.224107740000000035e+02 7.443858999999999781e+00 1.029797693704868209e+02 2.036526718476365261e+01
1.094362699999999933e+02 8.352039999999999464e-01 1.108177408278141485e+02 1.147137014840475899e+01
1.105762799999999970e+02 1.713849599999999995e+01 1.366399428417951185e+02 1.901909308145220834e+01
1.130644759999999991e+02 5.041568999999999967e+00 1.168472320543718297e+02 1.563943884884909608e+01
1.112859399999999965e+02 7.286299999999999999e-01 9.854669880316276931e+01 2.136189907685150402e+01
1.245306700000000006e+02 7.659853000000000023e+00 1.058205000280914305e+02 2.466322562628527848e+01
1.219990200000000016e+02 5.213186999999999571e+00 1.056816305664466711e+02 1.531409949372503299e+01
1.235410839999999979e+02 6.541074000000000055e+00 1.075304248794270450e+02 2.496211302205828275e+01
1.346454300000000046e+02 1.258279899999999962e+01 1.311924188623834482e+02 3.358637208800392671e+01
1.068052100000000024e+02 1.683014100000000113e+01 1.101529871711475721e+02 1.696621147771679716e+01
1.219349399999999974e+02 1.171463199999999993e+01 1.213406041955037580e+02 9.897661659774167120e+00
1.133071060000000045e+02 3.074285100000000170e+01 9.559650276410593506e+01 1.370859985133615622e-01
9.227543000000000006e+01 1.832281700000000058e+01 9.392346491734616620e+01 2.453811600197998999e+01
1.028493699999999933e+02 2.885465800000000058e+01 1.313095118533001369e+02 4.136747880192400473e+00
1.022638800000000003e+02 3.262707999999999942e+01 9.245565741152208261e+01 3.251312730420423946e+01
9.288236999999999455e+01 2.260556000000000054e+01 1.285667764731224736e+02 3.455663541273992223e+01
1.372788199999999961e+02 1.268961700000000015e+01 1.232288475154318377e+02 9.380569367042072670e+00
1.221295800000000042e+02 8.650660999999999490e+00 1.097490448255975650e+02 2.648338040706925689e+00
1.088684839999999951e+02 1.869618999999999920e+00 1.318407776242461296e+02 2.698891551654099530e+01
9.989088999999999885e+01 2.683164999999999978e+01 1.330659515287820795e+02 1.252938076776962895e+01
9.699267600000000300e+01 3.332831000000000188e+01 9.477079575313521786e+01 1.205525032570950472e+01
1.102168700000000001e+02 2.640597199999999845e+01 1.161284684699764398e+02 2.673339283162648883e+01
1.034781339999999972e+02 1.418773999999999980e+01 1.180017383328899996e+02 2.565119686575446067e+01
1.270486300000000028e+02 1.419520600000000066e+01 1.276175116132227885e+02 2.805347460269775439e+00
1.323020500000000084e+02 3.039486999999999828e+00 1.243645725068321326e+02 2.228632808658963782e+01
1.007646940000000058e+02 2.517087599999999981e+01 9.558513229834052538e+01 8.379934221188722887e+00
1.010747149999999976e+02 1.745857799999999926e+01 1.298732892317572123e+02 2.403550211367893397e+01
1.153614500000000049e+02 1.834740400000000093e+01 1.014803827550596935e+02 1.603556665005466897e+01
9.974796999999999514e+01 3.379717300000000080e+01 1.010885635560506870e+02 1.986842777432471951e+00
1.135468599999999952e+02 1.324376900000000035e+01 1.344540196624571990e+02 9.829793652008998350e+00
1.047877660000000049e+02 2.743140400000000056e+01 1.302253562015344528e+02 1.012419295511512018e+01
1.020575599999999952e+02 3.032312399999999997e+01 1.342984463896813452e+02 2.295856583010434449e+01
1.061745300000000043e+02 2.465655100000000033e+01 1.050523379288080292e+02 3.123347794413395917e+01
1.214285699999999935e+02 6.701778000000000013e+00 1.085386643977333705e+02 2.233641929354859101e+01
1.134846040000000045e+02 1.515536099999999919e+01 1.065543488990208374e+02 2.091051523820752323e+01
1.222190400000000068e+02 1.304349299999999978e+01 1.004485599274475760e+02 1.287234119325077764e+01
1.119646900000000045e+02 1.463188599999999973e+01 1.164677604773364124e+02 1.424604630840940267e+01
1.148044000000000011e+02 2.044948799999999878e+01 9.579863345207843395e+01 2.764114252430864838e+01
1.129178600000000046e+02 2.190700100000000106e+01 1.080893012276343086e+02 4.769367437705428259e+00
1.196812299999999993e+02 2.088022600000000040e+01 1.276383074595418918e+02 2.944667280835930967e+01
1.122847440000000034e+02 1.660995300000000086e+01 1.239999929182225600e+02 3.089060011086426272e+01
1.078554800000000000e+02 1.840535399999999910e+01 9.598672099955466308e+01 1.698044652266381860e+01
1.033414700000000011e+02 2.611897300000000044e+01 9.374730823512982170e+01 3.233311633783732475e+01
1.022247540000000043e+02 1.159689299999999967e+01 1.175317755837481997e+02 4.141175911745059501e+00
1.297366499999999974e+02 1.097087800000000080e+01 9.356923123474885529e+01 1.650452707607500358e+01
1.175621500000000026e+02 1.813804400000000072e+01 1.241320348876647301e+02 2.145001063074432501e+00
1.166539499999999947e+02 2.553005200000000130e+01 9.888035610476883619e+01 2.529507527154357760e+01
1.233474350000000044e+02 2.519231399999999965e+01 1.359967331206177050e+02 2.620554337423528324e+01
1.176956899999999990e+02 6.060266000000000375e+00 1.327439105988813424e+02 1.014235264909337175e+01
1.274308900000000051e+02 1.213617600000000074e+01 9.280266040398861094e+01 2.039449309560863899e+00
1.102149799999999971e+02 2.830182999999999893e+01 1.217258456313288661e+02 2.199125850880270860e+01
1.292556600000000060e+02 1.137209400000000059e+01 1.370411337764890050e+02 1.454066181966724081e+01
1.143764000000000038e+02 1.332743100000000069e+01 9.617984711669301134e+01 1.306325935381667414e+01
1.049673540000000003e+02 2.282041399999999953e+01 9.962641955943000482e+01 2.275843513368495863e+01
1.349924800000000005e+02 2.427803000000000111e+01 1.372230755444801389e+02 3.150403847007462588e+01
1.083680499999999967e+02 2.084225800000000106e+01 1.323181436721465900e+02 1.276063739894933668e+01
1.096788600000000002e+02 1.849008999999999903e+00 1.093642585278534085e+02 2.081185067445548498e+01
1.207063399999999973e+02 1.393922799999999995e+01 1.293453744313889615e+02 1.009586004573537643e+01
1.093003099999999961e+02 1.012630000000000058e-01 1.077520771223934588e+02 2.598120602003488600e+01
1.351008600000000115e+02 2.345284300000000144e+01 1.009637215666554653e+02 4.561362303645300820e+00
1.189220300000000066e+02 1.942037399999999892e+01 1.162514842337608343e+02 2.806141098680564738e+01
1.065502599999999944e+02 6.022739999999999760e+00 1.167922038601566044e+02 2.791633747900058182e+01
1.087293999999999983e+02 2.527930000000000010e+00 1.011942415723922721e+02 2.182899621471097973e+01
1.092677800000000019e+02 3.181741999999999848e+00 9.749672962917522057e+01 1.609911859767176878e-01
1.235973099999999931e+02 1.219101299999999988e+01 9.223359800774464645e+01 3.277531280718030615e+01
1.030200499999999977e+02 2.779550400000000110e+01 1.263456451998359569e+02 2.668076795969109583e+01
1.294916100000000085e+02 2.620026999999999884e+00 1.128834987981872757e+02 9.013667648897168760e+00
1.221146700000000038e+02 7.678874999999999673e+00 1.072740465976838635e+02 2.860780155698761540e+00
1.364280100000000004e+02 4.255118000000000400e+00 9.499121422282809135e+01 1.058827241723074586e+01
1.325616899999999987e+02 2.183529300000000006e+01 9.705246874676208790e+01 2.752492703075789748e+01
1.164659599999999955e+02 1.853562499999999957e+01 1.361534935792378747e+02 2.189608096808537852e+01
1.217082599999999957e+02 1.563973999999999975e+01 1.172514504533287720e+02 2.326281361022003225e+01
1.161196300000000008e+02 2.374014299999999977e+01 9.278582400284628307e+01 3.717742276955732228e-01
9.805646500000000287e+01 1.719266899999999865e+01 1.377606366901840147e+02 1.062248728250200180e+01
1.084516140000000064e+02 7.152399999999999869e-01 9.226105199662117684e+01 5.546384631276996657e+00
1.083554599999999937e+02 1.583191200000000087e+01 9.995315129307608970e+01 7.222000608866123272e+00
1.294016699999999958e+02 5.396980000000000111e-01 1.026026857060672199e+02 2.313633450454070228e+01
1.225421139999999980e+02 1.088495900000000027e+01 1.169600926216251793e+02 1.322570874559838217e+01
1.298188600000000008e+02 9.076064999999999827e+00 1.025386164705820846e+02 2.856617814702015323e+01
1.063444439999999958e+02 3.975452000000000208e+00 9.389888937580937522e+01 3.103481560494349978e+01
1.216805700000000030e+02 2.875600000000000031e-02 1.287021991349324423e+02 5.689921580046974015e+00
1.051916099999999972e+02 9.920849000000000473e+00 1.002266853122514760e+02 3.473283741429017368e+01
1.294755900000000111e+02 2.914704899999999910e+01 1.172620619942530595e+02 2.876487492185420791e+01
9.339405999999999608e+01 1.624022300000000030e+01 1.259870178694169027e+02 1.427498259897788735e+01
1.156852599999999995e+02 1.478857400000000055e+01 9.677336462004141993e+01 7.882547986074987634e+00
1.049325299999999999e+02 2.927804199999999923e+01 1.112892059830885643e+02 2.132891513021238694e+01
1.020971899999999977e+02 2.676877800000000107e+01 1.299858862425993493e+02 1.945820535964386977e+01
1.223638150000000024e+02 9.904870000000000729e+00 1.025482613769893732e+02 3.201264514096799729e+01
1.164321900000000056e+02 1.890602499999999964e+01 1.246090668965344150e+02 5.984882559613793340e+00
1.037949100000000016e+02 1.724506999999999834e+01 1.304598808452248022e+02 1.433548557312394500e+01
1.192039699999999982e+02 8.441069999999999851e+00 1.212517624199024340e+02 8.332046015256191041e+00
9.974071999999999605e+01 1.632757600000000053e+01 1.148256970463131381e+02 2.294249074291125012e+01
1.190961999999999961e+02 7.138060000000000516e-01 1.186734756286252548e+02 2.995477036196500009e+01
1.029471499999999935e+02 1.203110299999999988e+01 9.888417690596548937e+01 2.970679918313616596e+01
1.110126900000000063e+02 2.886413999999999902e+01 1.178492885791145142e+02 2.560199997767002245e+01
1.078804999999999978e+02 1.347900000000000098e+00 1.361708893155047519e+02 2.957152119757446229e+01
1.023049299999999988e+02 2.800608000000000075e+01 1.113625638943906608e+02 2.014646119787831680e+01
1.244601700000000051e+02 2.153512000000000093e+00 9.234589174039611237e+01 3.006251249394415126e+01
1.140832999999999942e+02 2.683112699999999862e+01 1.224315532608779051e+02 2.562220244194134722e+01
1.055970499999999959e+02 6.590237000000000123e+00 1.249109624179480420e+02 1.799652608743108928e+01
1.212094600000000071e+02 1.131169599999999953e+01 1.331262501124336950e+02 3.062617412669068528e+01
1.242736299999999972e+02 6.831006000000000355e+00 1.372662811805063257e+02 3.350224973229350667e+01
1.130844799999999992e+02 1.852679300000000140e+01 1.121423552144082123e+02 3.048799601327277564e+00
1.072066800000000057e+02 2.882234800000000163e+01 9.736173130927055297e+01 1.779082192615112135e+01
1.148343050000000005e+02 2.582363300000000095e+01 1.049863548759908980e+02 6.697853458322960973e-01
1.353685499999999990e+02 1.775348299999999924e+01 9.805176476284043474e+01 2.458925013488867606e+01
1.233764199999999960e+02 2.582111199999999940e+01 9.442492733875118915e+01 1.366708910016955336e+01
1.194439849999999979e+02 3.088717700000000121e+01 9.803111433948707543e+01 1.637663981742723252e+01
1.090837899999999934e+02 1.109345000000000026e+00 1.165967328278703974e+02 2.400518184913512343e+01
1.002700300000000055e+02 1.703686300000000031e+01 1.035595768193556552e+02 1.515255153839666846e+01
1.067997500000000031e+02 2.827483199999999997e+01 1.022040497871923463e+02 2.710378682176224174e+01
1.284304700000000139e+02 1.899298699999999940e+01 1.135311868133825328e+02 1.826203881305246313e+01
1.038327500000000043e+02 1.301466800000000035e+01 9.782135075880961494e+01 1.143734057692684480e+01
1.090832599999999957e+02 1.999703000000000008e+00 1.346783632332366096e+02 3.390433260154443929e+01
1.073891449999999992e+02 2.746964799999999940e+01 1.165815740640215523e+02 1.796904231746865754e+00
1.331978300000000104e+02 1.207540099999999939e+01 1.086885086344045277e+02 1.024172012835676426e+01
1.030680899999999980e+02 2.392125499999999860e+01 1.323566671866933859e+02 1.768807961944674290e+01
1.082274599999999936e+02 2.717001000000000133e+01 1.265232190602319235e+02 7.338329090237269980e+00
1.332452999999999861e+02 2.728622999999999799e+00 1.013331697160687668e+02 4.003415504127960656e-01
1.007858499999999964e+02 2.466396100000000047e+01 9.430727831318571930e+01 2.363360789901315684e+01
1.227981199999999973e+02 3.281226699999999852e+01 9.304512312273598695e+01 2.969315433042373442e+01
1.239427000000000021e+02 2.807401000000000035e+00 1.334082984542738473e+02 1.167141665962605579e+01
9.965353399999999340e+01 2.953445800000000077e+01 1.369028510125559990e+02 2.214396949521192681e+01
1.053674550000000067e+02 7.722144000000000119e+00 9.892258938794564926e+01 2.900810633732209265e+00
1.350546699999999873e+02 1.248166299999999929e+01 1.074624917684008807e+02 1.939020240603318967e+01
1.205819099999999935e+02 1.267323900000000059e+01 1.191124232253972792e+02 4.271728655703387112e+00
1.374745599999999968e+02 3.138292099999999962e+01 1.021907842150491064e+02 2.153437496279691388e+00
1.172729949999999945e+02 2.140795900000000174e+01 1.132168122546219280e+02 2.336215939230794092e+01
9.723202000000000567e+01 2.960429800000000000e+01 1.176178475342886429e+02 2.883375666027945172e+01
1.356722699999999975e+02 1.789586800000000011e+01 1.223686519360084759e+02 1.054711282722044707e+01
1.356580399999999997e+02 1.759958500000000114e+01 9.650045915041687294e+01 1.027797353031057526e+01
1.215111540000000048e+02 9.026956999999999454e+00 1.182011373696826269e+02 4.112111236143503490e+00
1.222233659999999986e+02 2.248752000000000084e+00 1.001874521640062738e+02 3.193599962166535633e+01
1.197646199999999936e+02 2.030460199999999915e+01 1.048465906403373964e+02 9.371294928512169164e+00
1.136618399999999980e+02 2.985846499999999892e+01 1.250658863661256817e+02 3.013252561006277475e+01
1.110467699999999951e+02 3.238026399999999683e+01 1.321508972454402624e+02 2.249766252164361191e+01
9.520380000000000109e+01 2.239091700000000174e+01 1.324262995289192872e+02 3.082425714836028874e+01
1.148470839999999953e+02 1.232656199999999913e+01 1.209018571799614534e+02 1.528495703971027098e+01
1.302385099999999909e+02 7.992467999999999684e+00 1.262666041641712980e+02 3.265618878987297080e+00
1.053509449999999958e+02 9.028912999999999300e+00 1.288376607408267205e+02 1.187522183073973103e+01
1.014903900000000050e+02 3.396592700000000065e+01 1.218661770034533021e+02 2.497244780621220883e+01
9.410971999999999582e+01 1.075564600000000048e+01 1.339337884840486765e+02 1.014151783081705105e+01
1.174418639999999954e+02 1.991549499999999995e+01 1.245604071596097384e+02 1.987179514487139187e+01
1.008899150000000020e+02 2.474351700000000065e+01 9.434789529670936759e+01 8.982608092388423060e+00
1.216560750000000013e+02 3.921428999999999832e+00 1.003668095788807904e+02 2.698273679603546249e+00
1.045286559999999980e+02 2.332880600000000015e+01 9.307707585908704573e+01 9.018962110027413104e+00
1.287667099999999891e+02 1.207068300000000072e+01 1.034076466496018867e+02 1.748981546431384038e+00
1.247720099999999945e+02 6.038419999999999899e-01 1.222577761141062069e+02 7.192235277412618366e+00
1.083133540000000039e+02 2.792756299999999925e+01 9.489129064775011102e+01 2.176659681562346194e+01
1.072773499999999984e+02 2.767564799999999892e+01 9.654206586061852136e+01 6.689131791831831819e+00
1.134285899999999998e+02 1.815225999999999829e+01 1.193846508011976368e+02 3.787079755541140180e+00
9.899518999999999380e+01 3.035501000000000005e+01 1.164443788721747808e+02 1.284858427169466211e+01
1.073123599999999982e+02 2.557497199999999893e+01 1.236950444918868186e+02 3.961508336174784262e+00
1.349417400000000100e+02 3.249795499999999748e+01 1.260727221404996783e+02 1.685762013508773904e+01
1.130678500000000071e+02 1.070391300000000001e+01 1.316048238439350655e+02 2.105977448275151076e+01
1.171882999999999981e+02 2.439474999999999838e+01 1.363194340732700880e+02 4.562090362150337697e+00
1.047176599999999951e+02 4.703091999999999828e+00 1.350511329224502788e+02 6.649361192110128549e+00
1.137167199999999951e+02 2.209496700000000047e+01 1.124315313790209814e+02 1.375176207878091361e+01
9.822338000000000591e+01 1.748736399999999946e+01 1.256498521323649982e+02 2.862987607101518961e+01
1.182392499999999984e+02 2.503325500000000048e+01 1.023060311492546504e+02 2.902763557585728549e+01
1.012301199999999994e+02 1.617340499999999892e+01 1.342140490899893166e+02 3.277091921548004194e+01
1.006795400000000029e+02 2.482919000000000054e+01 9.570461760628388959e+01 9.345163499218196890e+00
1.331578700000000026e+02 1.155118900000000082e+01 1.022012666851475444e+02 4.960608417525167013e+00
1.065032039999999967e+02 4.921710000000000251e-01 1.258826999755689826e+02 1.744123730105148873e+00
1.127789899999999932e+02 1.603903199999999885e+01 1.019141956663844439e+02 2.201680595224565806e+01
1.039862200000000030e+02 2.419322400000000073e+01 1.234752438634207152e+02 2.930615543777709320e+01
1.082674300000000045e+02 2.621295500000000089e+01 1.054781673686658934e+02 1.620919335853390209e+01
1.225343299999999971e+02 4.270537000000000027e+00 9.790104279978561408e+01 2.037824836691840957e+01
1.031737439999999992e+02 5.745917000000000385e+00 1.185242056761502596e+02 3.131426951379150125e+01
1.289106299999999976e+02 7.094847999999999821e+00 1.065006812167186183e+02 2.997060362132642908e+01
1.132039199999999965e+02 1.668616300000000052e+01 1.355966443434522546e+02 6.361078926842679948e+00
1.240100000000000051e+02 1.279410900000000062e+01 1.323154307121923807e+02 1.282524977894567542e+01
1.318405300000000011e+02 1.077468200000000031e+01 1.152491144231921396e+02 1.897269785361399386e+01
9.981171000000000504e+01 2.392927600000000155e+01 1.192802853131740619e+02 1.118776721044565292e+01
1.129410900000000026e+02 1.928609799999999908e+01 1.130077565323283579e+02 7.177041205475197749e+00
9.844208500000000583e+01 2.976761600000000030e+01 1.108467005047164946e+02 2.489987705149644270e+01
1.279924850000000021e+02 1.403315199999999940e+01 1.197724744226064928e+02 1.012455107982711233e+01
1.094043350000000032e+02 2.911429400000000101e+01 9.825933232002577711e+01 2.283305124825376353e+01
1.350492700000000070e+02 1.381308300000000067e+01 1.183589404763807664e+02 1.752212279576539089e+01
1.349317599999999970e+02 1.207422299999999993e+01 1.050003505759036386e+02 1.577195448559457480e+00
1.021120999999999981e+02 2.292310000000000159e+01 1.313910218231890781e+02 1.564549228464037967e+01
1.310166999999999859e+02 1.584964599999999990e+01 1.274889351256961589e+02 1.209210502608881477e+01
1.244378499999999974e+02 2.619258100000000056e+01 1.284212591432264503e+02 1.812089905591111361e+01
1.064971539999999948e+02 2.229241000000000028e+01 1.205716105658944031e+02 1.281264599797523829e+01
1.010540500000000037e+02 1.139439199999999985e+01 1.329446187636603725e+02 2.226088454114556825e+01
1.061328350000000000e+02 2.596210900000000166e+01 1.172066656831401303e+02 2.348485087547937766e+01
9.977344999999999686e+01 2.670044899999999899e+01 1.224900821258011945e+02 8.506388155130141016e+00
1.355842399999999941e+02 3.165399999999999991e+01 1.196667709233982464e+02 3.233285718849560908e+01
1.050813700000000068e+02 4.424735000000000085e+00 9.711481594626020808e+01 2.509580699854383923e+00
1.367545299999999884e+02 1.483705600000000047e+01 1.359327432065020673e+02 1.184371688741749473e+01
1.075842059999999947e+02 1.186463999999999963e+01 1.143620133097177529e+02 2.513493827816394965e+00
1.008322600000000051e+02 1.836909500000000151e+01 1.294545010372122533e+02 3.018560588798692024e+01
1.138526399999999938e+02 2.842907299999999893e+01 1.339840130797000484e+02 2.099401827478444105e+01
9.359354000000000440e+01 1.516930999999999941e+01 1.034844200374573404e+02 2.016322390430175915e+01
1.337603000000000009e+02 1.258384500000000017e+01 1.346954180600186248e+02 3.237259406711769572e+01
1.007028959999999955e+02 2.068726699999999852e+01 1.235869736007011852e+02 2.506321161114254892e+01
1.068959600000000023e+02 4.261408999999999558e+00 1.130532181744466271e+02 6.443599086664634434e+00
1.359555699999999945e+02 2.916656499999999852e+01 1.320621043014919564e+02 2.157389269180366398e+01
1.187915799999999962e+02 1.987776600000000116e+01 1.348262531926667691e+02 1.454763530024721874e+01
1.181114039999999932e+02 1.644512699999999938e+01 1.139262100439305101e+02 1.473193188053178915e+01
1.331191900000000032e+02 8.421360999999999208e+00 1.238912914656763178e+02 1.620644221784971606e+01
1.328286300000000040e+02 1.854412800000000061e+01 1.076422112661336712e+02 7.214611173618871831e+00
1.078730850000000032e+02 3.194168000000000163e+01 1.293042078310987222e+02 1.780122182595020064e+01
1.101911099999999948e+02 1.101826999999999934e+01 9.447674984541919230e+01 1.535751772921338798e+00
1.137061499999999938e+02 2.920176500000000175e+01 1.013734051738467485e+02 3.381060998934636785e+01
1.289122600000000034e+02 1.145462200000000053e+01 9.781252105577630118e+01 2.630054078495560077e+01
1.063787499999999966e+02 2.825092300000000023e+01 1.109526439742518846e+02 2.436158146163367633e+01
1.064823149999999998e+02 3.252676000000000123e+00 1.333999161351523526e+02 7.536114333073853366e+00
1.034372900000000044e+02 1.659929699999999997e+01 1.339268050470216167e+02 2.151511178602370578e+01
1.309361900000000105e+02 8.523167000000000826e+00 1.165106319600754148e+02 1.351896822954214983e+01
1.094431699999999950e+02 2.603854600000000019e+01 9.885323606520833550e+01 6.774308566313558266e-03
1.080707699999999960e+02 1.541756700000000002e+01 1.316217890827480801e+02 1.335260741438176701e+01
1.237337600000000037e+02 9.310326999999999131e+00 1.195343982157147309e+02 2.482827029873912039e+01
1.085890660000000025e+02 5.622329999999999828e-01 9.690604371310946874e+01 3.462111108520081615e+01
1.142837099999999992e+02 1.745475199999999916e+01 1.275023052012739981e+02 2.476636194648712319e+01
1.221697539999999975e+02 5.261603000000000030e+00 1.335130747995933120e+02 1.182868442691656163e+01
1.349519999999999982e+02 1.169487200000000016e+01 1.236793500373348849e+02 1.034537961548658380e+01
1.206880299999999977e+02 9.057698999999999501e+00 1.173159995956447261e+02 1.176721806513253732e+01
1.064903999999999940e+02 1.390643999999999991e+00 1.100121937008929365e+02 1.441597997950719723e+01
1.212168499999999938e+02 5.970590000000000064e-01 1.121303126239615153e+02 3.274524256771928066e+01
1.250700149999999979e+02 1.553383900000000040e+01 1.241826843811683716e+02 2.172050139075191666e+01
1.287243799999999965e+02 8.558763000000000787e+00 1.048889776161608012e+02 1.810520808490584344e+01
1.357005499999999927e+02 1.938025700000000029e+01 1.280180753975569417e+02 1.771437945494572119e+01
9.703319000000000472e+01 2.983398400000000095e+01 1.179739630360072340e+02 1.478489542947702162e+01
1.227206500000000062e+02 2.926232000000000166e+00 1.339324873240047395e+02 8.145280830911001857e+00
9.515203999999999951e+01 1.569428800000000024e+01 1.179752979265824706e+02 1.148498648865077776e+01
1.303266000000000133e+02 5.151488999999999763e+00 1.183989150774391277e+02 1.886564524615359772e+01
1.201523200000000031e+02 2.317364500000000049e+01 1.310260176991143908e+02 3.377495966810930383e+01
1.215634399999999999e+02 8.080892999999999660e+00 1.335288216921219373e+02 5.395165845807258442e+00
1.164115599999999944e+02 1.850963399999999837e+01 9.642966511777282790e+01 2.193783608454163314e+01
1.082378199999999993e+02 1.562821500000000086e+01 1.011271328064268005e+02 4.841631615486853946e+00
1.118345640000000003e+02 2.392749999999999877e-01 1.315528150118530277e+02 1.825175644520347262e+01
