1.304027600000000007e+02 8.559516999999999598e+00 1.357405726050964176e+02 7.267790731020475903e+00
1.246774400000000043e+02 1.209600299999999962e+01 1.132140926843617450e+02 9.412570514199828153e+00
1.177268300000000067e+02 3.289130999999999716e+01 9.203399246361097141e+01 5.256745662478457426e+00
1.333053099999999915e+02 5.441651000000000238e+00 1.087741682745307656e+02 4.298640047223570626e+00
1.078126500000000050e+02 2.074755499999999842e+01 1.149964931294522330e+02 2.719118374523051784e+01
1.117229700000000037e+02 2.507940899999999829e+01 9.385269541682963279e+01 1.092542782809337076e+01
9.340278999999999598e+01 4.793091000000000435e+00 1.028891967702000443e+02 5.596541760578797486e+00
1.062773360000000054e+02 3.356752000000000180e+01 1.368851363089743813e+02 7.528683909431611809e+00
9.442122000000000526e+01 2.540277000000000118e+00 1.257280729421617878e+02 2.764205755630802841e+01
1.167885739999999970e+02 1.309459400000000073e+01 1.128114086519016155e+02 5.180484876166652208e-01
1.030134699999999981e+02 1.714922999999999931e+01 9.663576980293520080e+01 4.082071349686870576e+00
1.211944400000000002e+02 7.120269999999999655e+00 1.088122883102981859e+02 2.280608645575627946e+01
9.325641000000000247e+01 2.074531999999999954e+01 9.829488443167458911e+01 3.910107255778767499e+00
9.311654000000000053e+01 1.801235199999999992e+01 9.791405733352651453e+01 4.165091838832033488e+00
1.249493939999999981e+02 1.101958300000000079e+01 1.003744759653146019e+02 6.152640021667389547e+00
1.057339300000000009e+02 2.254277000000000086e+01 9.872566916813960347e+01 2.462271311539234020e+01
1.215047200000000061e+02 7.737731000000000137e+00 1.002704328359419321e+02 5.343838532543498054e+00
1.183328860000000020e+02 6.461452999999999669e+00 1.226234568503278268e+02 3.393608558310301504e+01
1.233387599999999935e+02 2.847430000000000128e+00 1.144587770817331318e+02 6.800476156932745653e+00
9.655877999999999872e+01 1.599573400000000056e+01 1.302048637420597572e+02 1.413721517497856262e+01
1.008096900000000034e+02 1.563741100000000017e+01 1.074074835281480205e+02 9.186289263083224910e+00
1.109616900000000044e+02 1.647451399999999921e+01 9.373828886436739083e+01 1.144750303063831742e+00
1.108996999999999957e+02 3.483259000000000327e+01 1.283302360659989745e+02 5.134976572733577882e+00
1.067001900000000063e+02 1.305196199999999962e+01 1.271470797166087436e+02 2.840369758121559585e+01
1.078628099999999961e+02 2.795533599999999907e+01 1.224637703008360603e+02 3.587695119335904126e-01
1.107922400000000067e+02 2.889390600000000120e+01 1.206407567157428957e+02 3.365093058153150452e+01
1.148494900000000030e+02 2.243533899999999903e+01 1.142164891245282377e+02 3.492620685676195080e+01
1.003025499999999965e+02 1.609912900000000135e+01 1.124312694116457436e+02 2.363835776958627477e+01
1.049697199999999953e+02 2.328538299999999950e+01 1.284396100814946067e+02 3.008576131680876120e+00
1.376953399999999874e+02 1.219486999999999988e+01 1.314738828784689417e+02 1.565951303188932897e+01
1.100357360000000000e+02 2.855119900000000044e+01 1.177505977109612871e+02 2.758351551288682924e+00
1.368892999999999915e+02 1.899810999999999916e+00 1.102246848399037447e+02 3.242903475869711372e+01
1.264731799999999993e+02 8.246715000000000018e+00 1.236772163522365133e+02 3.257462035233475461e+01
1.083074799999999982e+02 1.009775699999999965e+01 1.365925521253037118e+02 4.449645807641277706e+00
1.129650599999999940e+02 1.078936599999999935e+01 1.223489867950512604e+02 3.154431629749977617e+01
9.231682999999999595e+01 1.464926299999999948e+01 1.114943072230362162e+02 1.684565032850296973e+01
1.283577600000000132e+02 3.503263000000000016e+00 1.330064222104703049e+02 3.478750409336051064e-01
1.116475999999999971e+02 2.947777999999999921e+01 1.123610084178636725e+02 5.083150208479873200e+00
1.124594649999999945e+02 2.773611800000000116e+01 9.719037476030315759e+01 2.768366900289197297e+00
1.167996100000000013e+02 2.692645800000000023e+01 1.044369205326092924e+02 1.932726436860276209e+01
1.132487100000000027e+02 2.224254600000000082e+01 1.185467695965182600e+02 3.073827088176276590e+01
9.694570000000000221e+01 1.687334399999999945e+01 1.170701316813017030e+02 2.802495583596614992e+00
1.057244199999999950e+02 4.930296000000000234e+00 1.319014183021332087e+02 9.214696803383988666e+00
1.262763199999999983e+02 1.215531000000000006e+01 1.019946365571484392e+02 3.069053975197468365e+00
1.310145699999999920e+02 1.227133000000000074e+01 1.078452110165775366e+02 3.369244182134517729e+01
1.098771440000000013e+02 2.681062700000000021e+01 1.240309328784020551e+02 2.969342564725200262e+01
1.283254399999999862e+02 1.265509899999999988e+01 1.062613767630149937e+02 2.112277249559145886e+01
1.020793800000000005e+02 2.128403700000000143e+01 1.214116060123323280e+02 2.872862208094480607e+01
1.054548599999999965e+02 9.613756999999999664e+00 9.329568444695816254e+01 5.373431554862922788e+00
1.007371399999999966e+02 2.470236600000000138e+01 9.594902319509846222e+01 2.030513368086965897e+01
1.074296650000000000e+02 4.943573999999999913e+00 1.329520534910009815e+02 1.454220167977686806e+01
1.055517300000000063e+02 2.252885200000000054e+01 1.300831712318323810e+02 9.288108803360829668e+00
1.012475900000000024e+02 3.300020200000000159e+01 1.371591503390249613e+02 8.154002329820075445e+00
1.352721099999999979e+02 9.163007999999999598e+00 1.025187701026443676e+02 1.174535532330761356e+01
1.220030500000000018e+02 1.467741900000000044e+01 1.205768865462039230e+02 1.481111669921820351e+01
9.423469500000000210e+01 8.636367999999999157e+00 1.174654939472318915e+02 1.366393053928754320e+01
1.165399000000000029e+02 2.132931500000000113e+01 1.326112040313078637e+02 1.450364950874507564e+01
1.066365299999999934e+02 1.226323999999999970e+01 1.085207187393484531e+02 1.105686222766533788e+01
1.361513500000000079e+02 3.663924999999999876e+00 9.889152807676438783e+01 1.040642533822232352e+01
1.062813639999999964e+02 9.905939000000000050e+00 9.252436466416055794e+01 2.829086467528021842e+01
1.011866799999999955e+02 2.244153999999999982e+01 1.034149695232889314e+02 3.475938030993569461e-01
1.232039299999999997e+02 2.544616699999999909e+01 9.870268625988491351e+01 9.329185845321076087e+00
9.557426999999999850e+01 1.669002300000000005e+01 1.093614605067673011e+02 2.855685135388218399e+01
1.058327900000000028e+02 3.348162500000000108e+01 1.048353962102963237e+02 3.437581523441640741e+01
1.292956100000000106e+02 2.781921200000000027e+01 1.045138938653588241e+02 2.069972340978862846e+01
1.369836099999999988e+02 2.763330999999999982e+00 1.122467127603322581e+02 5.524243440156570095e+00
1.105670700000000011e+02 1.976796200000000070e+01 1.306348809806094948e+02 2.688813357981417074e+00
1.067624600000000044e+02 2.577194400000000130e+01 1.114944833789003269e+02 1.361895634558035084e+01
1.007264200000000045e+02 2.864308700000000130e+01 1.136336354311939658e+02 1.078288869546893203e+01
1.239288300000000049e+02 7.131028999999999840e+00 1.262808647623477611e+02 2.957005980550963642e+01
9.511124399999999923e+01 2.042535200000000017e+01 9.613749229971757870e+01 1.490188713440159418e+01
1.372423000000000002e+02 1.840880000000000072e+00 1.237327778674071510e+02 2.447420732031488200e+01
1.001926700000000068e+02 2.105336399999999841e+01 1.040163384377196110e+02 2.872738910450758798e+00
1.040678560000000061e+02 3.964449000000000112e+00 9.282514008633488345e+01 2.879721031721359026e+01
9.488523999999999603e+01 3.360560600000000164e+01 1.042481081053853700e+02 5.982973461948850158e+00
1.285900699999999972e+02 2.147480600000000095e+01 1.104359109471228777e+02 2.936255633037059098e+01
1.338926400000000001e+02 1.374230400000000074e+01 1.016607918620639879e+02 1.160739461921282256e+01
1.023442150000000055e+02 1.525748100000000029e+01 1.104123407228432399e+02 3.361215821810250048e+01
1.316590400000000045e+02 1.172049799999999919e+01 9.956481730160210475e+01 2.634684090297982095e+01
1.359293499999999995e+02 3.021938000000000102e+01 1.170609535666437750e+02 1.412291305347806158e+01
1.073292849999999987e+02 3.159566099999999977e+01 1.373172588028791097e+02 2.046729408145980855e+01
1.263477249999999970e+02 1.183359199999999944e+01 1.208629514712565367e+02 1.717730233375897342e+01
1.066784899999999965e+02 8.027340000000000586e+00 9.852633973918663912e+01 5.602983329879299035e+00
1.205836900000000043e+02 3.392866999999999855e+00 1.272068182357081980e+02 1.345641203021352084e+01
1.103286899999999946e+02 1.103283000000000014e+00 1.308809922246595079e+02 2.554050882396453659e+01
1.006953599999999938e+02 1.924044200000000160e+01 1.060111504778380436e+02 2.576686086175783874e+00
1.085328200000000010e+02 2.570951300000000117e+01 9.806644918001174460e+01 2.890320011746144147e+01
1.170933699999999931e+02 1.631709499999999835e+01 1.317708383219351447e+02 1.195172895191212348e+01
1.262086639999999989e+02 1.252762300000000018e+01 1.300127523425878735e+02 2.036770437586995541e+01
1.209731299999999976e+02 2.012263300000000044e+01 1.148536110313746974e+02 1.446057347434549500e+00
1.275640800000000041e+02 1.488677000000000028e+01 9.829535707055937621e+01 2.584902862620822717e+01
1.183045350000000013e+02 1.970592500000000058e+01 9.443532243303035045e+01 1.933193384957396077e+01
1.199698300000000017e+02 1.242413400000000046e+01 1.231215789687140045e+02 2.029795310134770148e+01
1.081554900000000004e+02 3.279561199999999843e+01 1.368828533390054361e+02 1.108799541594475713e+01
1.057254400000000061e+02 1.247801699999999947e+01 1.326454765522043999e+02 3.496185794841841776e+00
1.164583360000000027e+02 2.065202999999999989e+01 1.066936178452259583e+02 4.339961962781228699e+00
1.270216999999999956e+02 1.202432300000000076e+01 9.887069268920777176e+01 1.884508443455603199e+01
1.239506300000000039e+02 1.062640999999999991e+01 1.122385883241464768e+02 2.184167263971841777e+01
9.297975999999999885e+01 2.366921800000000076e+01 9.480227786077401220e+01 1.975972219245694461e+01
1.205941300000000069e+02 1.647275499999999937e+01 9.542783597211870017e+01 1.425309001991681868e+01
1.037843000000000018e+02 2.495760299999999887e+01 9.435276494745784248e+01 3.169167703396922775e+01
1.072994840000000067e+02 2.050570899999999952e+01 1.197015434730575265e+02 1.997154466940607875e+01
1.174769100000000037e+02 1.248690799999999967e+01 1.193378537809931288e+02 2.159959655100289311e+00
1.216506349999999941e+02 9.985416000000000736e+00 1.339357779894382645e+02 2.422988708071407160e+01
1.303903999999999996e+02 2.805204999999999949e+00 1.007373890926855324e+02 2.679062921219616200e+01
1.146491199999999964e+02 2.055787799999999876e+01 1.340558097156323925e+02 2.169281274648009017e+01
1.266689800000000048e+02 1.227758900000000075e+01 1.164081977898021591e+02 2.978538352713344040e+01
1.151589299999999980e+02 1.951465999999999923e+01 1.332839387212574422e+02 4.085751268820188464e+00
1.031009399999999943e+02 2.897423699999999869e+01 1.051431337941995707e+02 1.734671313399438830e+01
1.171391449999999992e+02 6.471200000000000563e-02 1.332569599543603260e+02 4.845469404581147721e+00
1.042875439999999969e+02 1.675788000000000011e+01 1.070534977350214092e+02 1.720427853877334812e+01
1.304161799999999971e+02 1.597442700000000038e+01 1.205325419886777354e+02 1.668087114628197654e+01
1.317752499999999998e+02 1.714565800000000095e+01 1.173136830945504556e+02 3.452327706908704386e+01
9.615071000000000367e+01 1.844079800000000091e+01 1.360632867656315739e+02 1.155924168779257144e+01
1.271800499999999943e+02 1.194703699999999991e+01 1.249393975389569391e+02 2.139233630917987838e+01
1.254603199999999958e+02 1.298301599999999922e+01 1.283541054718223506e+02 1.346511789009965554e+01
1.093420100000000019e+02 2.870751599999999826e+01 9.504573866909028368e+01 8.428040673865905275e-01
1.002415799999999990e+02 2.393959399999999960e+01 1.279265344209926099e+02 2.429287397961616790e+01
1.091882499999999965e+02 1.309954999999999981e+00 1.262725821957277219e+02 2.817853410097223232e+01
1.304119399999999871e+02 1.130974800000000080e+01 9.761996002025568941e+01 2.112712049724738250e+01
1.114736800000000017e+02 2.004428000000000054e+01 1.212004801732757642e+02 1.147163918029233542e+01
1.231597299999999962e+02 7.689467999999999748e+00 1.055226903730726065e+02 3.343858724822767581e+00
9.837326000000000192e+01 3.410959199999999925e+01 1.342194910204730434e+02 1.389324464281209259e+01
1.116914900000000017e+02 1.667273899999999998e+01 1.263585100988012186e+02 1.802930578950746821e+01
1.106384299999999996e+02 3.058228099999999827e+01 1.230679430174321851e+02 2.990448852426310822e+01
1.308280000000000030e+02 1.675008999999999970e+00 1.299861084641067350e+02 4.624768588937357983e+00
1.192735749999999939e+02 1.863693999999999917e+01 1.246839098086560824e+02 1.439167707566674714e+01
1.306742099999999880e+02 8.577165000000000816e+00 1.101877393927399993e+02 2.592887211175493789e+01
1.213812000000000069e+02 2.332711600000000018e+01 1.129708640081837530e+02 2.450392936487460105e+01
1.096538500000000056e+02 3.307865999999999929e+01 1.174843342167077651e+02 1.243207679818844191e+01
1.067373699999999985e+02 7.307849000000000039e+00 1.231806896568587462e+02 2.102369773687611598e+01
1.148437040000000025e+02 1.286086000000000062e+00 1.232485193178056022e+02 2.831729241684937293e+01
1.324309700000000021e+02 7.640058999999999934e+00 9.654087213164964965e+01 2.576038093725964373e+01
1.335709999999999980e+02 3.229453000000000173e+01 1.030532739488814684e+02 2.175732248382643164e+01
1.205801850000000002e+02 1.364764599999999994e+01 1.304831361059997619e+02 2.478878680390081968e+01
1.136198700000000059e+02 2.946215799999999874e+01 1.294567413417223349e+02 2.241877157562963419e+01
1.261324800000000010e+02 2.826121900000000053e+01 9.702881395184870428e+01 7.641687835281187446e+00
1.046525000000000034e+02 2.365267400000000109e+01 1.055728515637144227e+02 1.124533604080468940e+01
1.154636600000000044e+02 6.711888000000000076e+00 1.360945357880652296e+02 6.790777073966223654e+00
1.134047800000000024e+02 3.464389800000000008e+01 9.457221008850258670e+01 9.185421571147131203e+00
1.362089100000000030e+02 1.452587000000000073e+00 1.188655288667590639e+02 4.195666181505926851e+00
1.017679899999999975e+02 1.656687200000000004e+01 1.305419737179053641e+02 2.086782957312851394e+01
1.221094499999999954e+02 8.036469999999999558e+00 9.729776485824753252e+01 2.720280282743921774e+01
1.318092800000000011e+02 3.159798400000000029e+01 1.181006181747474244e+02 2.007917058212690264e+01
1.158917540000000059e+02 1.912817799999999835e+01 9.721688861297889162e+01 2.247259216029143403e+01
1.376202000000000112e+02 4.332929999999999837e-01 9.624308414985496540e+01 2.114544096480117119e+01
1.153340400000000017e+02 2.080925399999999925e+01 9.848316461404355948e+01 2.026352949071824483e+01
1.289606799999999964e+02 1.261729300000000009e+01 1.344427182564650707e+02 1.678976179325609763e+01
1.228410200000000003e+02 5.331567999999999863e+00 1.078483856489112753e+02 2.725246219111567925e+01
9.430186999999999387e+01 1.769696799999999826e+01 9.237108660001842964e+01 2.502839582832721632e+01
1.218425699999999949e+02 1.623406200000000155e+01 1.357073365258202102e+02 2.528935415502575168e+01
1.063641049999999950e+02 2.387164500000000089e+01 1.227868578541512932e+02 2.313837494065748146e+01
1.116364200000000011e+02 1.941812900000000042e+01 1.090588604888405655e+02 3.231680568755916738e+01
1.179293399999999963e+02 2.794945999999999842e+01 9.349280962109921234e+01 2.278665044533077833e+01
1.321534699999999987e+02 7.309249999999999581e+00 1.279458502620247771e+02 2.042648352768197029e+01
1.149996699999999947e+02 3.686024000000000189e+00 1.073996286731879621e+02 2.048120270208976024e+01
1.009080399999999997e+02 2.003603999999999985e+01 9.524442915350721250e+01 3.457829086224665360e+01
1.216318360000000069e+02 6.971199999999999619e+00 1.295441665615452109e+02 1.813193473045867066e+01
1.138190160000000049e+02 1.354168100000000052e+01 1.354592159894244503e+02 3.283953908940755895e+01
1.004067459999999983e+02 1.560150900000000007e+01 1.029916064939065450e+02 9.898875008897761063e+00
1.207911699999999939e+02 1.297105099999999922e+01 1.122700432360860816e+02 1.029388634398091540e+01
1.149821199999999948e+02 1.282922100000000043e+01 1.268793330376373660e+02 2.266764429545033721e+01
1.215028099999999966e+02 3.537071000000000076e+00 1.069792050423135237e+02 3.159086036222744909e+01
1.036701050000000066e+02 2.659670799999999957e+01 1.060321611579964838e+02 2.553867062496203744e+01
1.206739350000000002e+02 1.298873000000000033e+01 9.847741372004210803e+01 3.087126243729496178e+00
1.081945400000000035e+02 1.628570200000000057e+01 1.144839726683607637e+02 1.460015572877142009e+00
9.797517999999999461e+01 2.656917599999999879e+01 1.050667476409854544e+02 1.539356776681952432e+01
1.226827100000000002e+02 4.561821000000000126e+00 1.081500447150573194e+02 2.538231178814154276e+01
1.217467800000000011e+02 3.821569999999999911e+00 1.218614500813267938e+02 2.564326846147747219e+01
1.334171399999999892e+02 1.512338199999999944e+01 1.198407380878361437e+02 2.783101867079298941e+01
1.316337000000000046e+02 1.536777499999999996e+01 1.278891645114305788e+02 7.402058527968807589e+00
9.543803400000000181e+01 2.144368199999999902e+01 1.364046881178628325e+02 8.995640336309927321e+00
1.209879799999999932e+02 1.243783900000000031e+01 9.697273978905835179e+01 1.002669792892013767e+01
9.838697999999999411e+01 2.572221800000000158e+01 1.152815384759543207e+02 1.132676839024188808e+01
1.064135899999999992e+02 2.078034999999999854e+01 1.201080737325180365e+02 2.204772357515763392e+00
1.268699649999999934e+02 1.922492000000000090e+01 1.081648150751556585e+02 2.609728954703395587e+01
1.285267200000000116e+02 1.431049299999999924e+01 1.177508944992657405e+02 3.408688345779885509e+01
1.004608149999999966e+02 1.180514800000000086e+01 1.028387226455692627e+02 2.058335202896977023e+01
1.117049099999999981e+02 1.392223999999999906e+00 9.643796371602479667e+01 3.278149510490604968e+01
1.347473899999999958e+02 1.456310399999999916e+01 1.139132392926366748e+02 2.735395921772431649e+01
1.335680000000000121e+02 1.057251199999999969e+01 1.041335247203386274e+02 1.262375093557179362e+01
1.074754400000000061e+02 1.089594899999999988e+01 1.046384891853397789e+02 3.404350140905869626e+00
1.261360600000000005e+02 1.381871199999999966e+01 1.116581119097739361e+02 3.471628990107171830e+01
1.033774300000000039e+02 2.454024499999999875e+01 1.079205837387093965e+02 3.363941500581269395e+00
1.196967700000000008e+02 2.276027099999999947e+01 1.180581971056294037e+02 2.294779074163218979e+01
1.330899400000000128e+02 1.250860000000000083e+00 1.144426982632231216e+02 3.054156583025715932e+01
1.301203199999999924e+02 9.073128999999999778e+00 1.201206604130437370e+02 4.637650112388141288e+00
9.702769499999999425e+01 1.544913900000000062e+01 1.189945398806758732e+02 1.655244637457424872e+01
1.221774099999999947e+02 4.068751999999999924e+00 1.200055760543286851e+02 1.431010300335587182e+01
1.270311099999999982e+02 9.210869000000000639e+00 1.269824363007456896e+02 1.307386924535612893e+00
1.055583699999999965e+02 3.125904999999999845e+01 1.239689552798756722e+02 3.441986134980338363e+01
1.177526100000000042e+02 1.388057899999999911e+01 9.253454111835620211e+01 5.553098996524092890e+00
1.204013400000000047e+02 1.923368599999999873e+01 1.226004008322481553e+02 1.121003796456121471e+01
9.490277000000000385e+01 2.671841999999999828e+01 1.157708734371052799e+02 3.283979239965989194e+01
1.110726800000000054e+02 1.657695800000000119e+01 1.169805378629682053e+02 1.144434235053412152e+01
1.065015499999999946e+02 2.745592699999999908e+01 1.273872510410791250e+02 3.439698924909863109e+01
1.275717999999999961e+02 1.522483000000000075e+01 1.374920000536476437e+02 1.781481054781112405e+01
1.083531200000000041e+02 1.792666600000000088e+01 1.091134020074164539e+02 8.315591095226379181e+00
9.854899000000000342e+01 3.494611400000000145e+01 1.228540282925310976e+02 1.017444065134330344e+01
1.039746800000000064e+02 2.082602500000000134e+01 1.342659625532612608e+02 3.034851468194397661e+00
9.350856000000000279e+01 2.460374999999999979e+00 1.245392980541572285e+02 3.313210623724712889e+01
1.245430300000000017e+02 2.024064000000000085e+00 1.065068879114599696e+02 1.022715189910999456e+01
1.066084100000000063e+02 3.491856800000000050e+01 1.290630052747516459e+02 2.018349730879797832e+01
1.049807359999999932e+02 3.378130699999999820e+01 1.102703723162420602e+02 3.421404371379783527e+01
9.698529000000000622e+01 2.906835600000000142e+01 1.310393518744287462e+02 2.713293389182949511e+01
1.238157300000000021e+02 2.394317000000000029e+00 1.365377786480901534e+02 3.403462651374344716e+01
1.066058600000000069e+02 1.840644999999999953e+01 1.014166207881388715e+02 1.515950198944602079e+01
1.336111899999999935e+02 1.554583700000000057e+01 1.204747826385209351e+02 5.865072563763372493e+00
1.054755250000000046e+02 9.531067999999999429e+00 1.155800181898330692e+02 2.345262972601792839e+01
1.301094799999999907e+02 1.724228499999999897e+01 9.391765824439055166e+01 9.902657131385849354e+00
1.170046200000000027e+02 2.565857000000000099e+01 1.354782773093884884e+02 2.983996091756754154e+01
1.014060060000000050e+02 2.798674199999999956e+01 1.290584641853035350e+02 1.902111972944965856e+01
1.092301300000000026e+02 1.388265000000000082e+00 1.232747414846643608e+02 2.616442494788111972e+01
1.343044899999999870e+02 1.360846100000000014e+01 1.180387018488196560e+02 2.388888500436477003e+01
1.054974749999999943e+02 1.932288700000000148e+01 1.035031177202555455e+02 1.983413757843215208e+01
1.124240099999999956e+02 2.294134899999999888e+01 9.293085812805541934e+01 2.409925779955934821e+00
1.031585699999999974e+02 3.076735299999999995e+01 1.241661080724340849e+02 3.281342715361284235e+01
1.259025960000000026e+02 8.412031000000000702e+00 1.195715625161506068e+02 2.767584151010584037e+01
1.221371100000000069e+02 3.243491000000000213e+01 1.376025051292266141e+02 2.403736820580066436e+01
1.141925499999999971e+02 2.823162999999999911e+01 1.096589380769849527e+02 6.647737936009077586e+00
1.132756650000000036e+02 2.208142499999999941e+01 1.068929868791843489e+02 2.596288458222151618e+01
1.117798300000000040e+02 2.242299999999999827e+01 1.319791107652694393e+02 1.105718039731857161e+01
1.286689599999999984e+02 1.164122899999999916e+01 1.054738008947894770e+02 2.507413735043734704e+01
9.328924999999999557e+01 3.156033700000000053e+01 9.428298191256031657e+01 2.792359382529746270e+01
1.299863599999999906e+02 1.666687399999999997e+01 1.345412908497102080e+02 2.552747882734961493e+01
1.118793399999999991e+02 2.173621999999999943e+01 1.312719910274514348e+02 3.285785829597656260e+01
1.227520700000000033e+02 1.170782999999999907e+00 1.147305812400873180e+02 1.168311594898568195e+01
1.285662100000000123e+02 1.856218499999999949e+01 9.649934187185736789e+01 2.681703550455438645e+01
9.940874999999999773e+01 1.305378200000000000e+01 1.048470641431126182e+02 2.395364912925502132e+00
1.020694000000000017e+02 1.701910399999999868e+01 1.019963234223524609e+02 3.404961200894657480e+01
1.352432100000000048e+02 1.783892799999999923e+01 9.864642802711155412e+01 1.143869607035805913e+01
1.357525300000000072e+02 3.087321499999999830e+01 1.114484467235206324e+02 3.322570709007600698e+01
1.044513100000000065e+02 2.886278000000000077e+01 9.457069779040054414e+01 2.847843414067929757e+01
1.001482199999999949e+02 1.817409899999999823e+01 9.358405411787124706e+01 2.811942868754569602e+01
1.191021599999999978e+02 1.562066500000000069e+01 1.335161687714443985e+02 2.829866321187518352e+01
1.025581399999999945e+02 2.460176999999999836e+01 1.258026733735881066e+02 3.763364562611855479e+00
1.123611199999999997e+02 2.254460299999999862e+01 1.343509884010229882e+02 2.144827602745499107e+01
1.123661100000000062e+02 1.985620899999999978e+01 1.076246136511079072e+02 2.175010855705766488e+01
9.357684000000000424e+01 1.529489399999999932e+01 1.084800465057537053e+02 3.365711306419477022e+00
1.265932540000000017e+02 1.222334599999999938e+01 9.246997510946374632e+01 2.867522011277402072e+01
1.325071299999999894e+02 3.182958000000000176e+00 1.288890887270333110e+02 1.718107467798020949e+01
1.105369000000000028e+02 2.902299999999999880e-01 9.324181748728167918e+01 2.047652388259263034e+01
1.267007399999999961e+02 1.415362099999999934e+01 1.142580849279798656e+02 2.528133745599154381e+01
1.312255999999999858e+02 1.041509199999999957e+01 1.339330563668855802e+02 3.199071015953949271e+01
1.129113159999999993e+02 2.588991400000000098e+01 1.297199742516170886e+02 2.518700654651456361e+01
1.075570799999999991e+02 3.114085800000000148e+01 1.064286063697120426e+02 2.029128029081902440e+01
1.377912300000000130e+02 9.822943000000000424e+00 1.186118345107842629e+02 7.090154026123235198e+00
1.300095200000000091e+02 1.434867000000000026e+01 1.067678663735353837e+02 2.461068114200000778e+01
1.125651100000000042e+02 1.389909199999999956e+01 1.084462384907973131e+02 1.382854936038430127e+00
1.263779140000000041e+02 1.207870400000000011e+01 9.267630325886683806e+01 2.713880027960425068e+01
1.008354400000000055e+02 1.752425399999999911e+01 1.017432835107593405e+02 1.174269494042453310e+01
1.069824140000000057e+02 2.790228499999999912e+01 1.141944083028659804e+02 6.748351956585848299e+00
9.633222999999999558e+01 1.708403600000000111e+01 1.128978037079599517e+02 1.201535737031295881e+01
9.204438000000000386e+01 2.020230499999999907e+01 1.154097686508036418e+02 7.164741328911669704e+00
1.123585199999999986e+02 2.633208799999999883e+01 1.101502580593944458e+02 1.820227984582573200e+01
1.252612100000000055e+02 1.041665000000000063e+01 1.372833829860443586e+02 3.241666449886997015e+01
1.241904750000000064e+02 6.973640999999999757e+00 1.073278031112249522e+02 5.423785360383424958e+00
1.225021299999999940e+02 2.699719199999999830e+01 9.248114627785281527e+01 1.397893074677113745e+01
1.003102300000000042e+02 2.285036500000000004e+01 1.147290945944203315e+02 4.009712811737842220e-01
1.255558699999999988e+02 4.544313999999999965e+00 1.355317520075719528e+02 1.235012092853306065e+01
1.254562600000000003e+02 3.918108000000000146e+00 1.126200940028832491e+02 2.100607016155067619e+00
1.114913899999999956e+02 3.495139999999999914e-01 9.324903211646548584e+01 2.087598483361669821e+01
1.355880699999999877e+02 2.913927999999999852e+00 1.011797105966811898e+02 8.683312421337342712e+00
1.001638200000000012e+02 3.052398099999999914e+01 1.351687535380574161e+02 7.911576241518163854e+00
1.095199900000000071e+02 2.535725599999999957e+01 1.328901713499639072e+02 2.630688344924898203e+01
1.073996900000000068e+02 2.886654499999999857e+01 1.143687129447373820e+02 1.001038946046204003e+01
1.292459900000000061e+02 4.137847999999999971e+00 1.308284810346425786e+02 1.694532129282973543e+01
1.008170850000000058e+02 2.297933400000000148e+01 1.256981424806797207e+02 1.873970098874429269e+01
1.136669200000000046e+02 1.729149599999999865e+01 1.003852593422001007e+02 2.006851480273110511e+01
1.029688699999999955e+02 1.518273899999999976e+01 1.154456720471886086e+02 2.697181580425946379e+01
9.869783999999999935e+01 2.488554600000000150e+01 1.022382501856329213e+02 8.900666431890062569e+00
1.167539400000000001e+02 1.200967200000000012e+01 1.058068177979739204e+02 1.915988694036935414e+01
9.774904999999999688e+01 2.897119999999999962e+01 1.129666279543742746e+02 3.362982143868818241e+01
1.220831000000000017e+02 5.744365000000000165e+00 1.356172982559930915e+02 5.829872504209098416e+00
1.207227500000000049e+02 6.894565000000000055e+00 1.197634572461124804e+02 3.109093859928490744e+01
1.355432900000000132e+02 8.343788999999999234e+00 1.362972606703969802e+02 2.849476554357902458e+01
1.269034099999999938e+02 1.216027200000000086e+01 1.005829291503651461e+02 5.863816544018710886e+00
9.499912999999999386e+01 1.481619899999999923e+01 1.195312078564015792e+02 2.174946591680689423e+01
1.080926400000000029e+02 3.690646999999999789e+00 1.107386378383272927e+02 6.370790063973985617e-01
1.264865340000000060e+02 1.459183699999999995e+01 1.047450892328527488e+02 3.192329347570035836e+01
1.244252599999999944e+02 5.176650000000000418e+00 1.176472609479636162e+02 7.615249233938989448e+00
1.073785500000000042e+02 3.300144999999999840e+01 1.074492392816419652e+02 1.621007000313927549e+01
9.463783999999999708e+01 2.379528600000000083e+01 1.163876632317839324e+02 2.191910117935019997e+01
1.012284599999999983e+02 2.449690000000000012e+01 1.366983721536545318e+02 1.323913484697056830e+01
1.168420299999999941e+02 1.809422899999999856e+01 1.362162783375846402e+02 2.693428259909699563e+01
1.149692299999999960e+02 2.266322900000000118e+01 9.959647396011688159e+01 2.308623276287345760e+01
1.083700699999999983e+02 1.887853999999999921e+00 9.484887321078245748e+01 2.996512747591831527e+01
1.034334800000000030e+02 1.589862499999999912e+01 1.061246271609250016e+02 6.276385953394154171e+00
1.081673300000000069e+02 3.137665000000000148e+01 9.456456608552791465e+01 1.772071215309897241e+01
1.128123599999999982e+02 2.516570700000000116e+01 1.123395862235113043e+02 1.676269722530127382e+01
1.035432399999999973e+02 2.423743999999999943e+01 9.849316799513363208e+01 1.688445746901901856e+01
1.234273799999999994e+02 2.926879100000000022e+01 1.138689792451902463e+02 1.439361949611483560e+01
1.369524999999999864e+02 1.756889699999999976e+01 1.266004328876294949e+02 1.925594848747003596e+01
1.226265700000000010e+02 6.337415000000000020e+00 1.096561750356773643e+02 3.436508255766964481e+01
1.274280200000000036e+02 8.565103000000000577e+00 1.135181896020832397e+02 8.020598757955580638e+00
1.285975599999999872e+02 1.229112600000000022e+01 1.002965226122433648e+02 4.525995574953177503e+00
1.321269700000000000e+02 2.966490999999999989e+00 1.259064358045759491e+02 1.558854223439421460e+01
1.068336939999999942e+02 1.901988000000000056e+01 9.223158364144128996e+01 1.801316469260740849e+00
1.128938299999999941e+02 1.716561099999999840e+01 1.343485081667701024e+02 2.088706330175626746e+01
1.216979749999999996e+02 6.862764000000000308e+00 1.007141282741790178e+02 2.431036834049089990e+01
1.205683899999999937e+02 1.373879100000000086e+01 1.131111556637820428e+02 2.810190248739754537e+01
1.333482799999999884e+02 1.179657699999999920e+01 1.144571684564664338e+02 1.452431619699761711e+01
1.362104300000000023e+02 3.216197000000000195e+00 1.346510012678318731e+02 2.156133320235855422e+01
1.184589500000000015e+02 2.161511399999999838e+01 1.200995601358850138e+02 1.555829884136869623e+01
1.264931950000000001e+02 3.052376699999999943e+01 9.404547130034873703e+01 1.499407545749792092e+01
1.027374400000000065e+02 1.609719000000000122e+01 9.479073320112817669e+01 6.984470088936639343e+00
1.008982799999999997e+02 1.920488399999999984e+01 1.229515312400909579e+02 7.667960637182652306e+00
1.121061799999999948e+02 1.889255100000000098e+01 1.171319638862995021e+02 1.657687083966953168e+01
1.324789299999999912e+02 1.566821200000000047e+01 9.445781515143113438e+01 8.275007666741595713e+00
9.593086999999999875e+01 1.661455199999999977e+01 1.050685147575252927e+02 3.080941236623359814e+01
9.760130999999999801e+01 1.960865599999999986e+01 1.023835528510862360e+02 5.047258401724602495e-01
1.311417199999999923e+02 4.451149000000000022e+00 1.171792394067074099e+02 2.415703295300348330e+01
1.377009099999999933e+02 1.744961199999999835e+01 1.163548622221776867e+02 3.218741752816298884e+01
1.358383000000000038e+02 1.360819200000000073e+01 1.029297308327964231e+02 1.004381560210618218e+01
1.044115500000000054e+02 1.292953800000000086e+01 1.024163534851878126e+02 1.641519751993080201e+00
1.155358300000000042e+02 1.622392699999999977e+01 1.262565597634243204e+02 2.350717362243342379e+01
1.060830399999999969e+02 5.075204000000000271e+00 1.291032511344926377e+02 7.500603027545861501e+00
1.150612100000000027e+02 2.330619199999999935e+01 1.289724481579877420e+02 3.190373709433547589e+00
1.262960360000000009e+02 2.761617000000000033e+01 1.000550903032535643e+02 3.382875473800439181e+01
1.189135700000000071e+02 1.334721000000000046e+01 9.959517245375842265e+01 2.888302360823322701e+01
1.166195600000000070e+02 2.389059299999999908e+01 1.220671720014414774e+02 2.688483755001604969e+00
1.006261599999999987e+02 2.471593500000000176e+01 1.093133546120727146e+02 5.231410147310432635e+00
1.185405899999999946e+02 1.932002800000000065e+01 1.246203738826082201e+02 2.849432497953217336e+01
1.093180899999999980e+02 1.304350999999999949e+01 1.346059970355422308e+02 4.791370586215919047e+00
1.169037550000000039e+02 1.685146299999999897e+01 9.968235292482343368e+01 1.003464187189937284e+01
1.051010700000000071e+02 8.262510999999999939e+00 1.069724481302243930e+02 3.172870934617548500e+01
1.357156699999999887e+02 3.125895300000000177e+01 1.315295626761641472e+02 3.643670814872745911e-01
1.206282599999999974e+02 1.361213200000000079e+01 9.954728387795651656e+01 2.617668195316083413e+01
1.101364439999999973e+02 1.750603699999999918e+01 1.208035029001995611e+02 1.107337957968896447e+00
1.003017040000000009e+02 2.323865999999999943e+01 1.129348649643116005e+02 2.124298333775964309e+01
1.026667000000000058e+02 2.719775200000000126e+01 1.089035599284286491e+02 3.224293082024586710e+01
1.135080899999999957e+02 2.942609399999999908e+01 1.080261705062498692e+02 3.120243867322022169e+01
1.369482299999999952e+02 3.398439000000000210e+00 9.352972137889528881e+01 1.116938639734826211e+00
1.234103000000000065e+02 1.101651599999999931e+01 1.363876049835282629e+02 1.604531845789153621e+01
1.043324360000000013e+02 3.222833599999999876e+01 9.296599029812226433e+01 2.070738327982070004e+01
1.223558649999999943e+02 2.753307300000000168e+01 1.186812593901334623e+02 8.991227071601993970e+00
1.004663800000000009e+02 2.924779099999999943e+01 1.236066793367921548e+02 1.622289601181411456e+01
1.266665100000000024e+02 8.246174999999999145e+00 1.164368189874276425e+02 2.171316506136898639e+01
1.330418999999999983e+02 5.873175999999999952e+00 1.116215086285033777e+02 6.296835004328627861e+00
1.148955600000000032e+02 1.872133399999999881e+01 1.251284318535336979e+02 1.875770513767887504e+00
