1.217285700000000048e+02 4.585997799999999813e+01 1.270135985880358191e+02 5.637957717896826182e+01
1.264821500000000043e+02 3.642474700000000354e+01 1.319369359695324135e+02 5.909995239626616126e+01
1.072489499999999936e+02 5.985250500000000073e+01 1.194442403387189415e+02 6.778992900902824204e+01
1.052263599999999997e+02 4.376420999999999850e+01 9.308848287637388808e+01 4.314035484746189297e+01
1.202938299999999998e+02 3.823197600000000307e+01 1.064676180592700661e+02 5.910434372239251388e+01
1.278720200000000062e+02 3.940443400000000196e+01 1.359974997390343106e+02 5.693928792717157705e+01
1.092135899999999964e+02 6.229579999999999984e+01 1.282505569549301185e+02 5.113912421442287126e+01
1.029418639999999954e+02 6.567616999999999905e+01 1.369290208369447441e+02 5.381958532245495519e+01
1.169907199999999960e+02 3.859539999999999793e+01 1.249015855796035055e+02 5.015708960665813265e+01
1.310812500000000114e+02 3.594736499999999779e+01 1.119458442694808298e+02 6.072896546541137752e+01
1.348297900000000027e+02 6.613010400000000288e+01 9.937538910134288983e+01 3.717288290992136268e+01
1.038156400000000019e+02 4.584237699999999904e+01 1.119762815456199405e+02 5.683533253892110793e+01
1.257249000000000052e+02 6.062563000000000102e+01 9.408269133364058234e+01 3.702333853505836458e+01
1.067979050000000001e+02 4.521497699999999753e+01 1.017502651118263373e+02 4.436367752309539725e+01
1.319067499999999882e+02 6.815973999999999933e+01 1.007036564150116220e+02 4.726703403688875937e+01
1.247032240000000058e+02 5.649994300000000180e+01 1.044378132439924372e+02 4.997980261841512828e+01
1.213566359999999946e+02 6.619831000000000643e+01 1.020540140571292369e+02 4.852198315568030296e+01
1.169564359999999965e+02 3.761128200000000277e+01 1.303166937805021917e+02 4.401330574972476484e+01
1.210766699999999929e+02 5.643708800000000281e+01 1.119075036423449632e+02 6.746871524554762800e+01
1.368488499999999988e+02 6.359332700000000216e+01 1.141014313559583115e+02 5.339615354446848983e+01
1.096036500000000018e+02 5.275594000000000250e+01 1.328461869176380787e+02 4.844487458869556207e+01
1.355273599999999874e+02 3.877694699999999983e+01 1.167951455974914126e+02 4.890365830347712262e+01
1.300034799999999962e+02 4.093540000000000134e+01 1.197433512027310343e+02 5.170540414118829631e+01
1.163161240000000021e+02 5.620528999999999797e+01 1.241576127288731755e+02 4.683973809230359109e+01
1.316533399999999858e+02 4.305874599999999930e+01 1.238147317719332250e+02 6.117990524145223930e+01
1.370707099999999912e+02 4.061207999999999885e+01 1.338720102843596464e+02 4.434178147152785243e+01
1.138572499999999934e+02 5.955156999999999812e+01 1.118782070157104869e+02 5.194884428583142721e+01
1.071696239999999989e+02 5.420833600000000274e+01 1.244626902977494183e+02 4.287887428156862768e+01
1.172003100000000018e+02 4.701265000000000072e+01 1.101488887308243108e+02 3.738816518119516275e+01
1.129128500000000059e+02 5.783674599999999799e+01 1.149901923294242465e+02 5.280583917058019949e+01
1.200379099999999966e+02 5.497904599999999675e+01 1.330207332304169938e+02 6.764087349999353194e+01
1.333590100000000120e+02 6.619584999999999297e+01 1.110120282017516473e+02 4.527257837987308875e+01
1.192096099999999979e+02 5.644210400000000050e+01 9.735549615172720905e+01 6.686703967114675606e+01
9.424612399999999468e+01 3.925695999999999941e+01 1.195094795499428528e+02 6.399004172065046703e+01
1.358165600000000097e+02 6.574590999999999497e+01 1.327518192482634731e+02 3.688637663023948932e+01
9.692767000000000621e+01 4.169991999999999877e+01 1.008632979447902187e+02 4.819507648232573160e+01
1.315490299999999877e+02 6.493385000000000673e+01 1.184206083715449722e+02 6.008275627686491305e+01
1.329538599999999917e+02 5.159276599999999746e+01 1.133679065113859679e+02 4.276143544989583489e+01
1.097988739999999979e+02 6.722505999999999915e+01 1.188503923970440752e+02 5.435992093603176301e+01
1.291692999999999927e+02 4.528616699999999895e+01 9.624177584167721022e+01 5.083073056956383340e+01
1.079574499999999944e+02 6.701659399999999778e+01 9.224449259606350893e+01 6.049701469310686974e+01
1.096650159999999943e+02 4.467791400000000124e+01 1.257346534570429526e+02 6.888463753869521611e+01
1.075238949999999960e+02 4.771820999999999913e+01 1.306746801602203050e+02 3.911503583159422703e+01
1.205830839999999995e+02 6.511630999999999858e+01 1.294998290881079583e+02 6.153153684264103873e+01
1.007456799999999930e+02 6.480420999999999765e+01 1.314650609859329222e+02 6.477597581274619642e+01
1.341014099999999871e+02 6.586418000000000461e+01 1.337393368544172176e+02 6.802503728527172200e+01
1.322270800000000008e+02 5.843507999999999925e+01 1.263450313760838526e+02 3.694251112399251724e+01
1.192519599999999969e+02 4.858616299999999910e+01 1.256541903012576995e+02 4.141130110513806528e+01
1.217005159999999933e+02 5.398108299999999815e+01 1.078691306876334437e+02 4.123794751470032338e+01
1.231978150000000056e+02 6.265982000000000340e+01 1.313468178124804808e+02 3.853629372651037954e+01
1.352970699999999908e+02 5.060478200000000015e+01 1.299496499634813631e+02 3.567989058274395120e+01
1.093498299999999972e+02 4.546154800000000051e+01 9.389220934519767070e+01 6.195314175601148321e+01
1.358600999999999885e+02 4.517347300000000132e+01 1.237331653712767974e+02 6.661833961447527486e+01
1.229043960000000055e+02 6.016042000000000201e+01 9.682930635527954166e+01 4.538650546038610401e+01
9.608443499999999915e+01 6.560004999999999598e+01 1.264624193833145256e+02 6.035588728284478321e+01
1.181081199999999995e+02 3.580839999999999890e+01 9.202235281077408047e+01 4.097934279950025882e+01
1.040969900000000052e+02 3.644887500000000102e+01 1.214742428476073570e+02 6.527773803729452595e+01
1.320354000000000099e+02 4.027182799999999929e+01 1.154347393643296300e+02 5.940260673718816520e+01
1.306842000000000041e+02 5.983711000000000269e+01 9.768019010574914773e+01 6.963355616865906939e+01
1.130384700000000038e+02 5.196696000000000026e+01 1.143687875614431704e+02 5.244150456839599883e+01
9.717528000000000077e+01 3.794328000000000145e+01 9.292795424396966553e+01 6.484631437451727720e+01
1.076234359999999981e+02 5.937883999999999673e+01 1.197062301794518362e+02 4.016620055931847588e+01
1.326492900000000077e+02 3.805153299999999916e+01 9.846209525456059453e+01 4.835899431053123010e+01
1.326071799999999996e+02 4.959676999999999936e+01 1.089378110657001315e+02 4.422209134454113411e+01
1.281914800000000128e+02 6.224688700000000097e+01 1.050202557595807207e+02 6.391696607017205167e+01
1.243197250000000054e+02 4.141522199999999998e+01 1.242305785614219360e+02 4.615914674557308217e+01
1.097817399999999992e+02 4.443133000000000266e+01 1.268201557742106047e+02 5.832383556007380321e+01
1.346763300000000072e+02 5.517868800000000107e+01 1.127810992821775073e+02 3.972569310458430891e+01
1.363602400000000046e+02 6.132669400000000337e+01 1.039489206608217415e+02 4.458856993698424276e+01
1.092536999999999949e+02 6.316386800000000079e+01 9.451953592231745915e+01 5.517058144795379349e+01
1.374396999999999878e+02 6.977591999999999928e+01 1.200136481694293877e+02 4.548260183392516609e+01
9.244920000000000471e+01 6.455196999999999719e+01 1.371637350970708269e+02 4.557872061782248352e+01
1.104744500000000045e+02 5.098194500000000318e+01 1.180941505665439450e+02 5.051221301721331969e+01
1.272280650000000009e+02 5.742294299999999652e+01 9.397208490788609936e+01 4.943555978185929689e+01
1.351851000000000056e+02 4.982216300000000331e+01 1.340195290210102712e+02 4.588345328446418847e+01
1.169802860000000067e+02 5.008803999999999945e+01 1.072973169486935063e+02 4.472077312998054310e+01
1.055598499999999973e+02 4.682865499999999770e+01 9.356273757409748271e+01 4.016961743414645269e+01
1.306815300000000093e+02 5.046991299999999825e+01 1.037490984161525773e+02 4.948827277053362650e+01
1.059812900000000013e+02 5.833236300000000085e+01 9.575202016444438868e+01 6.694978045120666366e+01
1.250295940000000030e+02 5.822735600000000034e+01 1.322358607526730907e+02 3.837571100981585204e+01
1.341272700000000100e+02 5.659444400000000286e+01 1.088176124113445269e+02 5.567324587446978512e+01
1.361971000000000060e+02 4.681731800000000021e+01 9.605311702533475682e+01 6.028298975240355873e+01
1.206007100000000065e+02 5.148317999999999728e+01 1.356607927203227746e+02 6.203272951324412077e+01
9.548517999999999972e+01 3.962595699999999965e+01 1.167518029811590594e+02 6.003255996932297478e+01
1.257467900000000043e+02 5.372561999999999927e+01 1.226010924171542769e+02 3.626558069132850903e+01
1.175716550000000069e+02 6.006903499999999951e+01 1.134182127976447276e+02 4.264242045355042876e+01
1.264872359999999958e+02 6.747204999999999586e+01 1.296625460561111822e+02 3.628186316209681195e+01
9.456816000000000599e+01 4.472520999999999702e+01 1.067637752227952319e+02 3.605059472173737589e+01
1.264264759999999939e+02 4.829974399999999690e+01 1.253469243587088471e+02 4.302935109593612140e+01
1.253983499999999935e+02 5.973305500000000023e+01 1.362052198361488990e+02 6.854314902437504031e+01
1.296202499999999986e+02 3.859467699999999724e+01 1.143381342219115311e+02 4.117868881536209358e+01
9.905056000000000438e+01 4.086164000000000129e+01 1.237178362443204520e+02 4.296785342987236334e+01
1.139985049999999944e+02 4.668598000000000070e+01 1.010463769536314516e+02 6.469471574564096272e+01
1.058021240000000063e+02 4.501321399999999784e+01 1.176166949505074371e+02 4.425801777894236011e+01
1.350310200000000123e+02 6.945987999999999829e+01 1.306616149609144770e+02 5.677554700648309449e+01
1.374686100000000124e+02 6.839741999999999678e+01 1.134457564683122399e+02 5.759356578635226498e+01
1.358418700000000001e+02 5.156759300000000223e+01 1.324181262003697839e+02 5.947237246039306058e+01
1.303305699999999945e+02 4.533330999999999733e+01 1.283490568978855322e+02 3.550387133681507379e+01
1.242218100000000049e+02 5.903737300000000232e+01 1.230877237142868807e+02 4.526165338022843798e+01
1.253975200000000001e+02 3.949423600000000079e+01 1.227839564993645638e+02 4.156531787080510298e+01
1.229129899999999935e+02 5.793782999999999817e+01 9.572410541214460977e+01 4.645942025126956310e+01
1.309558100000000138e+02 5.319049499999999853e+01 1.048576026263681200e+02 3.736195875109403630e+01
1.032279900000000055e+02 3.738521599999999978e+01 1.133037172036166282e+02 4.299854467487860177e+01
1.293310500000000047e+02 4.212901000000000096e+01 1.199458376980359873e+02 6.447568134204058765e+01
1.114291149999999959e+02 5.180949799999999783e+01 1.192992556085155371e+02 6.921487721338776566e+01
9.836761500000000069e+01 6.706591000000000236e+01 1.046264032593466879e+02 4.988342743258927214e+01
1.067480240000000009e+02 6.527824999999999989e+01 1.262450092185253823e+02 5.655616545007758589e+01
1.366264600000000087e+02 6.165110800000000069e+01 1.349898646975707663e+02 5.659965529888856395e+01
1.209900599999999997e+02 6.310634000000000299e+01 1.292611595674954401e+02 5.035043958573743339e+01
1.316628599999999949e+02 4.942156599999999855e+01 1.066508948482972556e+02 5.902006769316914614e+01
1.048399299999999954e+02 4.159669499999999687e+01 1.134172326917418445e+02 5.988179238573080454e+01
9.910689000000000703e+01 4.058600599999999758e+01 1.357330996011855575e+02 4.686780686855346545e+01
1.286168399999999963e+02 6.446550000000000580e+01 1.293991885179706287e+02 3.730072006831549203e+01
1.347254499999999950e+02 4.526747000000000298e+01 1.098485163994006797e+02 6.545608952010435644e+01
9.666730499999999893e+01 5.725201400000000262e+01 1.375198516711189995e+02 4.836078169100506585e+01
1.174274300000000011e+02 6.637601499999999533e+01 1.235535654480414394e+02 6.157451851596250947e+01
1.091487800000000021e+02 5.380309700000000106e+01 1.245768955675108884e+02 5.717628535254941369e+01
1.245251999999999981e+02 4.062942499999999768e+01 9.943536539730830270e+01 5.065509301461738545e+01
1.197860199999999935e+02 6.463985399999999970e+01 1.213091218721354494e+02 6.586790641121321244e+01
1.379728000000000065e+02 3.803499599999999958e+01 1.307365259099012462e+02 4.910759987613896982e+01
1.243902800000000042e+02 4.468474599999999697e+01 1.148026198428665339e+02 5.650194126139185613e+01
1.190466160000000002e+02 5.683244299999999782e+01 9.297609146237158484e+01 4.173150235693601928e+01
9.443547999999999831e+01 5.536892300000000233e+01 1.258075137849869805e+02 5.895912282722677844e+01
1.377782300000000077e+02 6.571492000000000644e+01 1.269006821960924469e+02 3.733184332896085067e+01
1.158240299999999934e+02 5.868480999999999881e+01 1.227489783884991112e+02 3.689501158732558395e+01
9.591492499999999666e+01 4.748863599999999963e+01 1.301025902507446972e+02 5.554512697222142492e+01
1.326635599999999897e+02 3.729815299999999922e+01 1.046866468453659422e+02 5.126353704193672911e+01
1.362981000000000051e+02 6.121038999999999675e+01 1.049240764294155071e+02 6.461997599571462558e+01
1.371497799999999927e+02 4.212780399999999759e+01 1.176413927013647367e+02 4.233336295300309615e+01
1.038151600000000059e+02 6.198116300000000223e+01 1.243167779093246281e+02 4.797763631373929627e+01
1.075921299999999974e+02 6.963821000000000083e+01 1.019760503094067730e+02 6.272605960274304948e+01
1.318124099999999999e+02 4.209465000000000146e+01 1.000554414190415855e+02 4.003623700384394368e+01
1.271700739999999996e+02 5.098927700000000129e+01 1.261155366626419720e+02 3.632996298736237861e+01
1.196698999999999984e+02 5.901304999999999978e+01 9.431498149783952556e+01 4.632283549839690551e+01
1.009533540000000045e+02 5.423678600000000216e+01 1.302415104493073557e+02 5.744945559081996578e+01
1.204398000000000053e+02 6.413479599999999436e+01 1.043933701754013157e+02 6.615640055344823622e+01
1.289211099999999988e+02 3.969436300000000273e+01 1.113582925651749633e+02 3.849660589877353090e+01
1.100993100000000027e+02 6.573517999999999972e+01 1.294541890617953186e+02 6.387496049876737914e+01
1.370274799999999971e+02 4.262738800000000339e+01 1.297802015796114290e+02 5.177734024825745252e+01
9.818759000000000015e+01 4.743261300000000347e+01 1.072108248837799209e+02 6.240036675124120791e+01
1.309150099999999952e+02 5.546752999999999645e+01 9.543271709758626287e+01 3.904390605736803366e+01
1.139776459999999929e+02 6.236574000000000240e+01 1.318084450807271537e+02 6.984919398910876964e+01
1.176446799999999939e+02 5.042474399999999690e+01 1.067462335360656738e+02 6.223071557540522747e+01
9.669288000000000238e+01 3.934745800000000315e+01 1.195022240647359411e+02 4.976969061347514156e+01
1.307995500000000106e+02 5.992027999999999821e+01 1.307830122499738934e+02 3.574098514747453237e+01
1.238451160000000044e+02 6.108124999999999716e+01 1.062405262964989276e+02 4.909885024959913835e+01
1.151761699999999990e+02 4.040816499999999678e+01 9.603715489290389939e+01 6.894865192685634270e+01
1.026604899999999958e+02 6.706015999999999622e+01 9.325002731092858710e+01 3.698229689818146682e+01
1.264047300000000007e+02 6.125214799999999826e+01 1.109386809009808417e+02 3.510229190109892272e+01
1.261113399999999984e+02 5.760906599999999855e+01 1.167591093684593062e+02 5.237383160836145635e+01
9.775879999999999370e+01 4.934763000000000233e+01 9.256784209148914044e+01 5.460463894759057268e+01
1.027700959999999952e+02 5.568637999999999977e+01 1.026559172858582798e+02 5.137524307507088395e+01
1.328421199999999942e+02 3.890876000000000090e+01 9.564362142409707701e+01 3.548426348148370124e+01
1.237600699999999989e+02 6.661911000000000627e+01 9.251768617013951257e+01 4.276939096588524336e+01
9.280441000000000429e+01 4.292286699999999655e+01 1.164367615185112612e+02 6.112761970202811312e+01
1.249370959999999968e+02 4.258798199999999667e+01 1.198072987571241583e+02 4.365192744747687215e+01
1.370360000000000014e+02 5.497728000000000037e+01 1.005332837421758114e+02 5.674959832757454592e+01
1.232766400000000004e+02 3.683456799999999731e+01 9.231830624897237669e+01 4.979118676635451379e+01
9.741026999999999703e+01 5.804563499999999721e+01 1.060331518579688890e+02 5.906093860749969338e+01
1.314485799999999927e+02 5.188522300000000342e+01 9.904377874844698226e+01 6.791333227932076966e+01
1.338021999999999991e+02 3.972747799999999785e+01 1.355650677493487990e+02 3.783207146611308502e+01
1.324201999999999941e+02 3.740405700000000166e+01 1.174632253419295864e+02 3.504686466960014002e+01
1.062705399999999969e+02 5.833677999999999741e+01 1.043123157192271435e+02 6.716413830727643131e+01
1.243154700000000048e+02 6.167072699999999941e+01 1.366553987984495109e+02 5.873339634001499121e+01
1.160056150000000059e+02 6.204252600000000228e+01 1.099005857370395205e+02 4.277597210266758054e+01
1.328024100000000089e+02 4.535642200000000201e+01 1.268892454737891171e+02 4.943596906499147536e+01
1.345757099999999866e+02 5.603067000000000064e+01 1.278704283821362253e+02 5.843120919874020558e+01
1.009746399999999937e+02 6.551264000000000465e+01 1.357326407160537087e+02 6.457046141780233484e+01
9.434002999999999872e+01 5.428065999999999747e+01 1.018405016085209951e+02 6.292510515508756441e+01
1.189435349999999971e+02 5.961666499999999758e+01 1.174983010295413806e+02 4.094833169659422367e+01
1.045890700000000066e+02 4.696526999999999674e+01 1.326430945608244940e+02 6.491839296216616617e+01
1.346260800000000017e+02 6.557999399999999923e+01 9.594334748296368787e+01 6.630442734188521570e+01
1.039547799999999995e+02 5.440691400000000044e+01 1.052408533913899191e+02 6.860371275018408710e+01
1.337030499999999904e+02 3.717519000000000062e+01 1.358199055736729406e+02 4.952988235677298690e+01
1.347375499999999988e+02 6.496783000000000641e+01 9.420284667386316357e+01 5.657751673144395710e+01
1.192334100000000063e+02 6.428490399999999738e+01 1.231602481149258210e+02 3.840003983444243119e+01
1.071157100000000071e+02 4.506486000000000303e+01 1.374915684220488856e+02 5.063151133313414221e+01
1.307916600000000074e+02 6.028710999999999842e+01 9.356050835271989286e+01 6.608582854724150479e+01
1.353848999999999876e+02 4.557837299999999914e+01 1.188495054615565465e+02 6.873880555587439289e+01
1.261280600000000049e+02 3.978267000000000309e+01 1.207114205172711792e+02 3.956396168327407281e+01
1.365492700000000070e+02 5.310681499999999744e+01 1.033562535865244740e+02 3.512520301810630485e+01
1.106971999999999952e+02 4.354268299999999670e+01 1.159266833109197421e+02 6.425172665045246845e+01
1.261539599999999979e+02 6.970878000000000441e+01 1.364844028572900356e+02 4.010178254303060896e+01
1.372204000000000121e+02 4.494409000000000276e+01 9.468769579381795154e+01 5.510171298428657849e+01
9.273346999999999696e+01 3.914498999999999995e+01 1.354277370981465651e+02 4.935327731330982459e+01
1.089027940000000001e+02 5.696699499999999716e+01 1.086378395278857880e+02 3.546921358233450405e+01
9.233503000000000327e+01 3.720802700000000129e+01 1.374351425357039034e+02 4.733805903823876093e+01
1.071350599999999957e+02 6.285553699999999822e+01 1.324847504976508787e+02 6.732650721475422984e+01
1.246152299999999968e+02 3.972359000000000151e+01 1.252313054856269332e+02 5.049271434311393136e+01
1.224246749999999935e+02 6.358473999999999648e+01 9.601212093165001704e+01 4.076587386722820838e+01
1.322952300000000037e+02 4.438583799999999968e+01 1.322498622601183627e+02 3.785246842263225631e+01
9.502165999999999713e+01 6.368316699999999742e+01 1.055974888606651234e+02 6.549380396954359185e+01
1.244133700000000005e+02 5.395421999999999940e+01 1.158745008375671119e+02 6.157846776588481674e+01
1.093978299999999990e+02 4.816188400000000058e+01 1.368910707253066903e+02 4.504473125234293462e+01
1.171807560000000024e+02 3.845595999999999748e+01 9.693815705804807692e+01 6.155220037617503692e+01
1.165587299999999971e+02 6.189766300000000143e+01 1.250926059676580735e+02 5.535913944886303995e+01
1.275431399999999940e+02 5.772040599999999699e+01 1.028832628036274031e+02 6.301457032909917899e+01
1.266711650000000020e+02 3.934255999999999887e+01 1.246731950421304163e+02 6.456594542542933368e+01
1.293531199999999899e+02 3.799838299999999691e+01 1.121670498658398429e+02 6.998516614401525260e+01
1.374567299999999932e+02 6.754726999999999748e+01 1.329999683942636750e+02 5.923392931681723894e+01
1.060184799999999967e+02 5.626877000000000351e+01 1.158647972582191983e+02 5.157626693899004522e+01
1.097330900000000042e+02 5.316848800000000352e+01 9.719802194232212855e+01 4.673833379966662704e+01
1.341549799999999948e+02 3.975652000000000186e+01 1.336390263997655552e+02 6.087007706409593766e+01
1.110168400000000020e+02 6.195349499999999665e+01 1.189438950181083641e+02 5.596722035415409380e+01
9.217212999999999568e+01 3.878146399999999971e+01 1.254073993769673052e+02 5.553533294326930303e+01
1.356631600000000049e+02 6.785201000000000704e+01 1.303425328620922130e+02 5.779472532890343928e+01
1.004059599999999932e+02 4.073709499999999650e+01 9.832907518326638296e+01 5.754779764815545207e+01
1.221130449999999996e+02 5.650142000000000309e+01 1.075466851043468495e+02 3.730520455592714768e+01
1.026902500000000060e+02 4.933561699999999917e+01 1.017028988095084543e+02 4.491840841719800181e+01
1.360976900000000001e+02 5.157118599999999731e+01 1.023949695585116757e+02 6.399063306894360892e+01
1.276958159999999936e+02 6.260482799999999770e+01 1.015818634318226117e+02 6.552434005647987192e+01
1.258207400000000007e+02 3.949751700000000199e+01 1.035568877067461244e+02 3.821489870405289224e+01
1.034279999999999973e+02 4.887769300000000072e+01 1.327375400023121870e+02 6.253496177335713924e+01
1.199205000000000041e+02 4.476221999999999923e+01 9.349653402089184340e+01 6.387316388387949928e+01
9.570436999999999728e+01 4.712384800000000240e+01 9.908512168252089225e+01 6.443062607546990250e+01
1.354249100000000112e+02 4.006546000000000163e+01 1.213895709078106648e+02 4.468484411696454117e+01
1.142297300000000035e+02 5.629876000000000147e+01 1.298789087590679969e+02 4.104132217394209192e+01
9.790613000000000454e+01 4.156517999999999802e+01 1.130337217213570113e+02 4.319915178461533145e+01
1.320317200000000071e+02 6.300374999999999659e+01 1.298863219426097260e+02 4.893583775421437565e+01
9.736375400000000013e+01 5.521645699999999835e+01 9.437446318831432279e+01 3.635065710912359549e+01
1.266994859999999932e+02 5.965360600000000346e+01 1.224003437671792227e+02 3.879401455533824361e+01
1.325770699999999920e+02 3.748719400000000235e+01 9.985638176755146844e+01 5.064154356539255986e+01
1.094020000000000010e+02 5.378894999999999982e+01 9.664922903956886557e+01 6.994202244983503647e+01
1.091311599999999942e+02 6.935818500000000597e+01 1.182296716684412274e+02 4.756359328621721971e+01
1.116451899999999995e+02 6.727602400000000671e+01 1.355539098139392991e+02 6.926562518479157404e+01
1.294996500000000026e+02 6.711109000000000435e+01 1.230466854257524858e+02 3.874607361588057586e+01
1.086722100000000069e+02 5.756736399999999776e+01 9.604917417662755952e+01 4.376359130801139941e+01
1.237067949999999996e+02 4.278238000000000341e+01 1.278819595272738638e+02 5.754823243447656012e+01
1.297889299999999935e+02 6.463038000000000238e+01 1.179971191540418829e+02 6.299385678115874754e+01
1.286231699999999876e+02 3.920401799999999781e+01 9.607942946459921529e+01 4.571062312019260787e+01
1.132363299999999953e+02 5.571795699999999840e+01 9.395210291529724600e+01 5.601581106461492254e+01
9.618122999999999934e+01 4.458605000000000018e+01 1.260992626474007636e+02 4.689346430807000843e+01
1.023920499999999976e+02 3.931201999999999686e+01 1.114938262366670614e+02 3.606508294232922651e+01
1.379692200000000071e+02 3.769269599999999798e+01 9.701741980459843262e+01 5.861268306360808111e+01
1.077080299999999937e+02 5.238773299999999722e+01 1.006170791891436238e+02 4.793341918446627403e+01
9.432859999999999445e+01 4.126219600000000298e+01 1.074761561841684596e+02 6.295158436049335648e+01
1.281236600000000010e+02 4.381727599999999967e+01 1.378064245986496701e+02 4.553134308271651776e+01
1.351456900000000019e+02 4.458565999999999718e+01 9.643564624863392964e+01 6.852739573309202115e+01
1.065765999999999991e+02 6.582663999999999760e+01 1.294779770515762323e+02 5.443226543829284481e+01
1.357446999999999946e+02 5.963879000000000019e+01 1.267111745043315807e+02 4.132712381309956129e+01
1.201206899999999962e+02 5.268925000000000125e+01 1.213278041279945114e+02 5.981760280455347356e+01
1.108889900000000068e+02 5.477400999999999698e+01 1.339396956912973451e+02 4.325572729998914667e+01
1.347917500000000075e+02 5.338676499999999692e+01 9.232604462898517284e+01 6.022878555623542240e+01
1.108570600000000042e+02 6.344883699999999749e+01 1.290180928214701623e+02 6.124720728529580072e+01
9.517766000000000304e+01 6.601623499999999467e+01 9.423785837009972965e+01 5.479510333327881710e+01
9.746244000000000085e+01 6.221829000000000320e+01 9.647767774018862497e+01 4.425518651543970350e+01
1.011385300000000029e+02 5.765316399999999675e+01 9.436940522461372893e+01 6.017497011552041641e+01
1.318680099999999982e+02 6.530070499999999356e+01 1.054895929368053231e+02 6.862160224486973448e+01
1.019567799999999949e+02 6.320157999999999987e+01 1.257401426063043459e+02 6.081419645657133799e+01
1.172518500000000046e+02 3.564678599999999875e+01 1.327213260557441572e+02 3.967341631471101238e+01
1.284323599999999885e+02 5.669906600000000196e+01 1.335851016292287738e+02 6.971129550683433251e+01
1.370604099999999903e+02 4.778576699999999988e+01 9.646619238597257606e+01 4.862591684755718546e+01
1.202596400000000045e+02 5.032408499999999663e+01 1.336755496024304648e+02 4.767623798736683938e+01
1.065279000000000025e+02 5.182548500000000047e+01 1.075283418120660315e+02 4.083291091448718646e+01
1.248833300000000008e+02 5.680756999999999834e+01 1.346892109707079896e+02 4.749249310183758865e+01
1.021311100000000067e+02 4.156358699999999828e+01 1.371648976941905005e+02 6.324511373115583268e+01
1.248779100000000000e+02 5.827217000000000269e+01 1.027308018337813280e+02 5.153259282090589011e+01
1.047220999999999975e+02 6.133238000000000056e+01 9.750855839458766638e+01 5.256145610516900035e+01
1.366308699999999874e+02 6.074366799999999955e+01 1.276207296408000786e+02 5.262153780411787807e+01
9.508128000000000668e+01 4.628079999999999927e+01 1.267105151249083690e+02 4.145765038306625172e+01
1.042956400000000059e+02 6.494240999999999531e+01 9.797276764062817733e+01 6.935908618828484862e+01
1.344316000000000031e+02 6.584494999999999720e+01 1.061511900101808976e+02 6.223540002781965086e+01
1.375147599999999954e+02 4.510526699999999778e+01 1.013100225356889013e+02 4.378099365090369588e+01
1.358413999999999930e+02 6.945672000000000423e+01 1.062685491152700337e+02 3.831766324534052615e+01
1.311928000000000054e+02 3.803837200000000252e+01 1.024300998696445930e+02 5.200397763144637509e+01
1.061872099999999932e+02 6.104160300000000206e+01 1.279770458972025153e+02 3.815392987124653246e+01
1.217481599999999986e+02 6.187742999999999682e+01 9.861407315222899683e+01 6.380036961462259626e+01
1.274425200000000018e+02 6.144044499999999687e+01 1.053196073608236247e+02 3.672898344326062414e+01
1.124469699999999932e+02 5.233318700000000234e+01 1.368569391569498919e+02 4.926804635019351508e+01
9.678541599999999789e+01 6.605603999999999587e+01 1.006968806742657279e+02 6.424323055989003706e+01
1.148203000000000031e+02 4.995588699999999704e+01 9.871063739825613936e+01 4.238438608840307609e+01
1.116509549999999962e+02 4.770089300000000065e+01 1.287357160496881647e+02 6.851852726882482614e+01
1.222552639999999968e+02 4.868090000000000117e+01 1.228798802925432199e+02 3.979462928063711757e+01
1.079831300000000027e+02 6.054560000000000031e+01 1.353013005163925015e+02 4.868726196366070269e+01
1.042926400000000058e+02 4.220768999999999949e+01 1.103895671942667889e+02 4.544169306085597526e+01
9.568622600000000489e+01 5.381181300000000078e+01 1.246399913296904174e+02 6.612342684562052852e+01
1.047279900000000055e+02 3.519706699999999699e+01 1.259096217497211398e+02 6.352291764704590094e+01
1.030131099999999975e+02 4.620432300000000225e+01 1.297555025878497759e+02 4.865094883587730834e+01
1.346535800000000052e+02 4.517957700000000187e+01 9.458928761537576690e+01 4.835472657031554178e+01
1.107981999999999942e+02 4.659935999999999723e+01 1.079742720405160554e+02 6.562219302707927682e+01
1.162684399999999982e+02 4.770101499999999817e+01 1.069396871518277550e+02 6.147610513095878559e+01
1.069245899999999949e+02 5.185167700000000224e+01 9.471713768331071037e+01 4.072919039409188002e+01
1.134437199999999990e+02 3.805700999999999823e+01 1.126097633084432630e+02 5.968598947917642761e+01
1.086842599999999948e+02 6.112108200000000124e+01 1.035829814270507683e+02 4.488550173832900470e+01
1.261283650000000023e+02 5.868334200000000322e+01 1.250408038400015585e+02 6.843498035279799296e+01
1.306263099999999895e+02 6.720825999999999567e+01 1.338462956335271201e+02 6.733332272044103206e+01
1.234236599999999981e+02 6.143214400000000097e+01 9.257344571372210851e+01 4.582988933639914109e+01
1.055688250000000039e+02 4.418892699999999962e+01 9.225675296115119295e+01 6.136539125473399281e+01
1.272961650000000020e+02 6.863293500000000336e+01 1.046056341090295518e+02 5.389933037768707891e+01
1.084381199999999978e+02 5.765811500000000223e+01 1.067813759926059589e+02 4.828189980227637790e+01
9.707949999999999591e+01 4.366479999999999961e+01 9.812324092710335321e+01 4.622905199926199060e+01
1.216182199999999938e+02 3.711128599999999977e+01 1.283319548521323270e+02 6.153202788153961933e+01
1.274766099999999938e+02 5.608419399999999655e+01 1.220184716846097643e+02 6.337492252119103853e+01
1.163072800000000058e+02 6.891719999999999402e+01 1.016608719164752586e+02 5.469207404009151219e+01
1.068216599999999943e+02 6.597271999999999537e+01 1.138599460875057190e+02 3.763944218731216296e+01
1.080947900000000033e+02 5.572066499999999678e+01 1.118449062797561311e+02 4.591159760815671120e+01
1.259264450000000011e+02 3.922493699999999706e+01 1.227067238751587581e+02 5.777935948089399432e+01
1.262172000000000054e+02 6.735286000000000683e+01 9.807594751774145436e+01 4.650327779970707098e+01
1.057017060000000015e+02 6.257437500000000341e+01 1.290057727227466557e+02 3.807950849679099292e+01
1.193657299999999992e+02 4.676669700000000063e+01 1.141059271282527448e+02 6.847971349387030671e+01
1.169832099999999997e+02 5.703495999999999810e+01 1.195903127315344534e+02 3.651419939044193086e+01
1.336987900000000025e+02 4.872035000000000338e+01 1.059904553787359873e+02 4.506618013094563935e+01
1.214506449999999944e+02 6.981856999999999402e+01 9.819810761628987450e+01 5.084995892121129657e+01
1.357842899999999986e+02 6.578494000000000597e+01 1.368073585129286585e+02 4.258653780793689236e+01
1.106048499999999990e+02 4.029775200000000268e+01 1.216550612569024850e+02 6.969937750440919899e+01
1.300356099999999913e+02 6.412541000000000224e+01 9.476150731521107673e+01 4.691543790548256965e+01
1.132893700000000052e+02 4.410083000000000197e+01 9.756899215636720157e+01 5.946816524545509708e+01
