1.215120100000000036e+02 3.517780999999999825e+00 1.227010826845740894e+02 3.307884474173485501e+01
1.089955800000000039e+02 1.639875599999999878e+01 1.051198583177603183e+02 1.719527532694229066e+01
1.217480850000000032e+02 1.688053000000000026e+00 1.143955294736155821e+02 2.606581052176649749e+01
1.376092500000000030e+02 1.379407999999999923e+01 1.156158345550690854e+02 2.102801900745847163e+01
1.036124999999999972e+02 3.156100700000000003e+01 1.371372114802238400e+02 1.870602381900088673e+01
9.974071999999999605e+01 1.632757600000000053e+01 1.138292487866083036e+02 7.624428761443168945e+00
1.305158500000000004e+02 8.179097000000000506e+00 1.366480508577507180e+02 2.733124150695541132e+01
1.067377000000000038e+02 2.727607499999999874e+01 1.068595430610035493e+02 3.475567029122683493e+01
1.128090440000000001e+02 2.218561000000000050e+01 9.333225268993827228e+01 2.844923907398676732e+01
1.007823300000000017e+02 2.154664599999999908e+01 1.122518184748155932e+02 3.160261565076234191e+01
1.019945450000000022e+02 1.624662599999999912e+01 1.171799809784372570e+02 1.100603746397486304e+01
1.308442000000000007e+02 8.125244999999999607e+00 1.077582538134097092e+02 2.614713556497859415e+01
1.212147099999999966e+02 1.824274799999999885e+01 9.690462739633312594e+01 1.243349724594650763e+00
1.014491600000000062e+02 2.277094299999999905e+01 1.104276527196193172e+02 2.585485613759728185e+00
1.130060650000000066e+02 2.550459999999999994e+01 9.434403874229803932e+01 1.206179380718203742e+00
1.281042500000000075e+02 1.263489599999999946e+01 1.218537290535883812e+02 3.307201984429325847e+01
1.035757499999999993e+02 1.086949599999999982e+01 9.615464024089581585e+01 1.917174066334093041e+01
1.337603000000000009e+02 1.258384500000000017e+01 1.061918767114165547e+02 6.890250816308107762e-01
1.117577739999999977e+02 2.046753999999999962e+01 1.374171962544127723e+02 3.492071662102313212e+01
1.056286400000000043e+02 2.796617300000000128e+01 9.785488542650099930e+01 6.459904436935476335e-01
1.047176599999999951e+02 4.703091999999999828e+00 9.549342914662658188e+01 1.750767075975079479e+01
1.327581000000000131e+02 3.298633999999999844e+00 1.063287682212861966e+02 1.533400776264351428e+01
1.368218999999999994e+02 9.378269999999999662e-01 1.100078387458660956e+02 1.585229526336964678e+00
9.520380000000000109e+01 2.239091700000000174e+01 1.234712905678274524e+02 2.235288908842967714e+01
1.079864000000000033e+02 3.225813699999999784e+01 1.224256635719402482e+02 1.966540364819118736e+01
1.345495300000000043e+02 6.859785999999999717e+00 1.370774893054199310e+02 9.195196657376733640e+00
1.371154999999999973e+02 4.333319999999999950e-01 1.174435542690752214e+02 6.843328545649061567e+00
1.299299300000000130e+02 1.610754400000000075e+01 1.002552552659692964e+02 9.406791733054408411e+00
1.076719200000000001e+02 1.886546900000000093e+01 9.397898286275044200e+01 7.267747722874601024e+00
1.276204900000000038e+02 1.005807899999999933e+01 9.285746510711797441e+01 2.150239394647477820e+00
1.068494100000000060e+02 1.800854100000000102e+01 1.076260439034708583e+02 4.979976265422831005e+00
1.233764199999999960e+02 2.582111199999999940e+01 9.995703686915275910e+01 2.240989976575015419e+01
1.241735800000000012e+02 1.073339700000000008e+01 9.428156919439246053e+01 3.499906249214308929e+01
1.331729400000000112e+02 1.186766300000000030e+01 1.160477016635179979e+02 1.238035079176231612e+01
1.005264739999999932e+02 1.630819999999999936e+01 1.187225789159532638e+02 4.458114829218903452e+00
1.181114039999999932e+02 1.644512699999999938e+01 1.004970372404832375e+02 2.546493963560599383e+01
1.201075060000000008e+02 6.985503999999999714e+00 1.117539720400917957e+02 4.250223627806420268e+00
1.219884500000000003e+02 2.734084500000000162e+01 1.283809197341310551e+02 4.631245403433358554e+00
1.212094600000000071e+02 1.131169599999999953e+01 1.312849347395934103e+02 5.573096776224888416e+00
9.848784999999999457e+01 2.775841000000000136e+01 1.018010824207078571e+02 2.761998603750733849e+01
1.043113299999999981e+02 9.546936000000000533e+00 1.067280858476279377e+02 3.108878960742380571e+01
1.013219799999999964e+02 1.577685499999999941e+01 9.534829159744440119e+01 1.834842244822719692e+01
1.234426899999999989e+02 2.473543000000000092e+01 9.451539671836445677e+01 7.386489893579555321e+00
1.148343050000000005e+02 2.582363300000000095e+01 1.274209145680891879e+02 2.402407108898939825e+01
1.011475200000000001e+02 2.924591300000000160e+01 1.022405791621318514e+02 3.173469612508150206e+01
9.588267000000000451e+01 2.653397000000000006e+01 1.056727585499312596e+02 2.867870709392295936e+01
1.008322600000000051e+02 1.836909500000000151e+01 1.046649499839065243e+02 2.727454730505969138e+01
1.130173300000000012e+02 1.738992299999999958e+01 1.349142551383098123e+02 2.593614481427448837e+01
1.364772499999999980e+02 2.120343999999999784e+00 1.277354343515659707e+02 8.492555223874875825e-01
1.320785700000000134e+02 1.136370800000000081e+01 9.309263946382982624e+01 3.363676424521469244e+01
1.245154399999999981e+02 9.428326000000000207e+00 1.097021989462170666e+02 3.126619716339621036e+01
1.211231700000000018e+02 5.250886000000000386e+00 1.155656276923102439e+02 1.821717147611388299e+01
1.134964499999999958e+02 2.987325299999999828e+01 9.692052526148741265e+01 1.912414028552926482e+01
9.410971999999999582e+01 1.075564600000000048e+01 1.126708694161022919e+02 2.069557961343617691e+01
1.052273249999999933e+02 1.942294899999999913e+01 1.308583387645047651e+02 7.606177987567058985e+00
1.247720099999999945e+02 6.038419999999999899e-01 1.368230163590628479e+02 2.926322783207263356e+01
1.193820400000000035e+02 7.351111999999999647e+00 9.483821342178877956e+01 2.303344548414152015e+01
1.042143250000000023e+02 3.424630400000000208e+01 9.409824530351096428e+01 2.498055126039072249e+01
1.158584060000000022e+02 1.987986000000000075e+01 1.319588335806331258e+02 1.956486445449828082e+01
1.372788199999999961e+02 1.268961700000000015e+01 1.367192441090462012e+02 3.206593772835971379e+01
1.147561599999999942e+02 1.838597100000000140e+01 1.180227574008701197e+02 2.991952833186941874e+01
9.639709999999999468e+01 2.889318000000000097e+01 1.160830932839681964e+02 6.435571848033852405e+00
1.204545700000000039e+02 7.107947000000000237e+00 9.863644757043581990e+01 1.231279063562432441e+01
1.085890660000000025e+02 5.622329999999999828e-01 1.192704375477455585e+02 1.385305474985690788e+00
1.229745099999999951e+02 1.295093400000000017e+01 9.961217771799837806e+01 1.392834266763662221e+01
1.240100000000000051e+02 1.279410900000000062e+01 1.128112915409195125e+02 3.056193856168217593e+01
1.121307599999999951e+02 2.552255800000000008e+01 1.052495794451446756e+02 3.463226014594792446e+01
1.204627899999999983e+02 7.529904000000000153e+00 1.113813318690914969e+02 5.281828178341046787e+00
1.217082599999999957e+02 1.563973999999999975e+01 1.038555398087688673e+02 5.938509721820837584e+00
1.363225999999999942e+02 2.142673699999999926e+01 1.085921302332836973e+02 1.354972129518272972e+01
1.084680560000000042e+02 1.681018399999999957e+01 1.278161009084484760e+02 5.638335349603071478e+00
1.074301300000000055e+02 3.293291500000000127e+01 9.357864501693546799e+01 2.748409648627912816e+00
1.248241299999999967e+02 2.644671599999999856e+01 1.329498448172437861e+02 2.807236786314920352e+01
1.053674550000000067e+02 7.722144000000000119e+00 1.280505031343680855e+02 2.869570037605583934e+01
1.190581049999999976e+02 2.063319200000000109e+01 1.072472391416942514e+02 2.896222752454801608e+01
1.021120999999999981e+02 2.292310000000000159e+01 1.325757738197086724e+02 4.350508640122870752e+00
1.314515000000000100e+02 1.002607700000000079e+01 9.756932903118681111e+01 3.460740611732550320e+01
1.209513000000000034e+02 1.574554299999999962e+01 1.161545674197923290e+02 1.858468767309177849e+01
9.515203999999999951e+01 1.569428800000000024e+01 9.759428786330363437e+01 3.200496842496274308e+00
1.215111540000000048e+02 9.026956999999999454e+00 1.313688365967745426e+02 3.488210530592022707e+01
1.299641100000000051e+02 1.389185499999999962e+01 1.377115314137665507e+02 3.247626536797353225e+01
1.012301199999999994e+02 1.617340499999999892e+01 1.373073621702166633e+02 2.073797553142797412e+01
1.050813700000000068e+02 4.424735000000000085e+00 9.338217470549358268e+01 1.328881321202065990e+01
1.216560750000000013e+02 3.921428999999999832e+00 9.371487074528917560e+01 1.471893306596459894e+01
1.221235000000000070e+02 7.646042999999999701e+00 1.307504940818054422e+02 2.593982915144979984e+01
1.331978300000000104e+02 1.207540099999999939e+01 1.321293289447558550e+02 2.308146972395432428e+00
1.205678249999999991e+02 2.621988100000000088e+01 9.580496801343755919e+01 2.047303859175013585e+01
1.205819099999999935e+02 1.267323900000000059e+01 1.239932051274769123e+02 2.368472481317439460e+01
9.786359400000000619e+01 2.648629000000000033e+01 1.182941637882549912e+02 4.840788820931494207e+00
9.462124000000000024e+01 2.250560199999999966e+01 1.041625010270016674e+02 7.001255025265090914e+00
1.015794000000000068e+02 7.872015000000000207e+00 1.158648547327416054e+02 2.710364797127282088e+01
9.954652400000000512e+01 2.725922600000000173e+01 1.112735658028172168e+02 1.983969263139726280e+01
1.181806899999999985e+02 1.782495300000000071e+01 1.173980564576878294e+02 1.693090111294084110e+01
9.363790000000000191e+01 1.419008299999999956e+01 1.102522553945532877e+02 2.545341943812009688e+01
1.216805700000000030e+02 2.875600000000000031e-02 1.348889125599854992e+02 1.322483103673811300e+01
1.060613900000000029e+02 3.150582100000000096e+01 1.187464557307696538e+02 2.585031517269831269e+01
1.030200499999999977e+02 2.779550400000000110e+01 1.195904727740674076e+02 1.184767437362827458e+01
1.099067840000000018e+02 1.686253999999999920e+01 1.022600465148449445e+02 2.356868056191274263e+01
1.123958300000000037e+02 1.957101600000000019e+01 1.054968593082735708e+02 7.057486716306634378e+00
9.689548999999999523e+01 3.139643900000000087e+01 1.081548054018947482e+02 2.225355814643954844e+01
1.148044000000000011e+02 2.044948799999999878e+01 1.040177325343788084e+02 1.320774229917259213e+01
1.206234199999999959e+02 2.294290000000000163e+00 1.259105130544220685e+02 1.407837812402208044e+01
9.999969000000000108e+01 2.509792300000000154e+01 1.062773589355446120e+02 1.568446616794260784e+01
1.190961999999999961e+02 7.138060000000000516e-01 1.280136286928460834e+02 2.701744752505857150e+01
1.355842399999999941e+02 3.165399999999999991e+01 1.183750103350358245e+02 1.034180257561118310e+01
1.197064500000000038e+02 1.762339400000000111e+01 1.275153693497419454e+02 1.365861846686971326e+01
1.268122939999999943e+02 2.672148999999999930e+01 1.070786838054137888e+02 2.356284376705054129e+01
1.246537699999999944e+02 1.549389700000000047e+01 1.168825133876152194e+02 1.738026912975003668e+01
1.065502599999999944e+02 6.022739999999999760e+00 1.284480605015824608e+02 2.314751065665834417e+01
1.028493699999999933e+02 2.885465800000000058e+01 1.177983816529910825e+02 2.430072793398027287e+01
1.231192999999999955e+02 3.669859999999999900e+00 1.275910224540526769e+02 3.407956955353506512e+00
1.083680499999999967e+02 2.084225800000000106e+01 1.201962674740755546e+02 1.795748885920660953e+01
1.074241999999999990e+02 2.922848300000000066e+01 1.092674904593601894e+02 7.745550396332855136e+00
1.171555249999999972e+02 2.330280700000000138e+01 1.302758301805641565e+02 1.717669068298486934e+01
1.356580399999999997e+02 1.759958500000000114e+01 9.762275781231861060e+01 2.128516409323780678e+01
1.067415100000000052e+02 2.775080900000000028e+01 1.271712194410278016e+02 5.086328017955988656e+00
1.072066800000000057e+02 2.882234800000000163e+01 1.170365340722242706e+02 3.259024294219268825e+01
1.176956899999999990e+02 6.060266000000000375e+00 1.272714768388154027e+02 2.656176432727254522e+01
1.309361900000000105e+02 8.523167000000000826e+00 1.179695220738868500e+02 1.223867708356460327e+01
1.110863800000000055e+02 2.956343499999999835e+01 1.307329568944633706e+02 2.106848023687223659e+01
1.034372900000000044e+02 1.659929699999999997e+01 1.041495319882795343e+02 3.139025649183684408e+01
1.029471499999999935e+02 1.203110299999999988e+01 1.123740672211416864e+02 1.126775312312692634e+01
1.004917399999999930e+02 3.001473800000000125e+01 1.307230794958285287e+02 4.417737567774797647e+00
1.130387039999999956e+02 2.450758000000000081e+01 9.852757960787621982e+01 1.900600153373432732e+01
1.305980999999999881e+02 1.224686600000000070e+01 1.127672476725645652e+02 8.640280877682471328e+00
1.286794999999999902e+02 1.162912799999999969e+01 1.144687626886373550e+02 1.491839924182025001e+01
1.131231460000000055e+02 2.764571000000000112e+00 1.216894636925435691e+02 2.269973166946732235e+00
1.056316000000000059e+02 1.004083999999999932e+01 1.294234605997812082e+02 2.122344701462171912e+01
9.822338000000000591e+01 1.748736399999999946e+01 9.840862105237114577e+01 1.351182293736930795e+01
1.004048300000000040e+02 2.599754000000000076e+01 1.127355089008814986e+02 2.805117327197073518e+00
1.100269849999999963e+02 1.782430499999999896e+01 9.211076654245847806e+01 1.053240352657281420e+01
1.291512099999999919e+02 1.286193699999999929e+01 1.066525849180474097e+02 1.074877638329634699e+01
1.119646900000000045e+02 1.463188599999999973e+01 1.331952883734992383e+02 3.358288950033612252e+01
1.165112840000000034e+02 2.327571899999999872e+01 9.230476818503990444e+01 1.919103115697667405e+01
1.272875200000000007e+02 3.735890000000000044e-01 1.001221322270667997e+02 2.504296737463353750e+01
1.093003099999999961e+02 1.012630000000000058e-01 1.367885421726991808e+02 2.466258318761614277e+01
1.205864299999999929e+02 8.516370000000000218e+00 1.253376113188880367e+02 3.254618396905548394e+01
1.279808500000000038e+02 1.237441800000000036e+01 1.049647520098035756e+02 2.186828630175922683e+01
1.225421139999999980e+02 1.088495900000000027e+01 1.064309065737622717e+02 2.937941328542277120e+01
1.074369499999999960e+02 2.925465799999999916e+01 1.069226381270118083e+02 1.801226679152013332e+01
1.333230000000000075e+02 1.215278799999999926e+01 9.453828287516225259e+01 3.003656887757045624e+01
1.173357539999999943e+02 2.219921099999999825e+01 1.253895573036335520e+02 1.888220433388991992e+01
1.164115599999999944e+02 1.850963399999999837e+01 9.876794265920176485e+01 2.601386726275114469e+01
1.197646199999999936e+02 2.030460199999999915e+01 1.129957810191872341e+02 3.029505843723551806e+01
1.060799499999999966e+02 9.110470000000000512e-01 1.020326219791405862e+02 1.595166673551232606e+01
1.245766100000000023e+02 8.309366000000000696e+00 1.342148767134692662e+02 2.593950480850938334e+01
1.302130600000000129e+02 1.211599499999999985e+01 9.723656040417974111e+01 3.071831243162514369e+01
1.206926299999999941e+02 6.446999999999999953e-02 1.081398403763328702e+02 1.278168688643604689e+01
1.252556299999999965e+02 7.355453999999999937e+00 1.343317403766650102e+02 2.356695796535547949e+00
1.086584299999999956e+02 1.116496899999999926e+01 1.169799392993969320e+02 1.417044766710403003e+01
1.235410839999999979e+02 6.541074000000000055e+00 1.379108546812388170e+02 2.116848481213035171e+01
9.977344999999999686e+01 2.670044899999999899e+01 1.100648179765557160e+02 2.421512700780203975e+00
1.376394999999999982e+02 1.949024400000000057e+01 1.116964777935252329e+02 2.467777598470366840e+01
1.250190400000000039e+02 1.223044999999999938e+01 1.298626235841081780e+02 3.205388479121246803e+01
1.370396700000000010e+02 1.252472000000000030e+00 1.373916952805197411e+02 1.128265531803249111e+01
1.211230850000000032e+02 1.021513700000000036e+01 1.376033081641577382e+02 2.778834038497315362e+01
1.065728000000000009e+02 5.804099999999999815e-01 1.278316550360811021e+02 3.264608498376922796e+01
1.078603300000000047e+02 3.205924000000000262e+01 1.325995163016220317e+02 1.915928211805712422e+01
1.231785699999999935e+02 1.163075599999999987e+01 1.069367832786599166e+02 1.707180083763021372e+01
1.061745300000000043e+02 2.465655100000000033e+01 1.098383327688400328e+02 9.758303754587858592e+00
1.294755900000000111e+02 2.914704899999999910e+01 9.786107562869565868e+01 1.039191953634865939e+01
1.054926999999999992e+02 8.352017999999999276e+00 1.334991746283423026e+02 1.167210828195845451e+01
1.156852599999999995e+02 1.478857400000000055e+01 1.212920052259850081e+02 4.591952030500755733e+00
1.008948800000000006e+02 1.652329800000000048e+01 1.083134918248981506e+02 7.616887141009066831e+00
1.005045199999999994e+02 2.882197800000000143e+01 1.057606032631845778e+02 1.205297473994303914e+01
1.192039699999999982e+02 8.441069999999999851e+00 1.373109328663092015e+02 2.217878887085256068e+01
1.377720300000000009e+02 1.174125100000000010e+01 1.328948106639544733e+02 2.323052102072038494e+01
1.007858499999999964e+02 2.466396100000000047e+01 1.134994553828079233e+02 2.188916738275706564e+01
1.175967899999999986e+02 3.310830700000000348e+01 1.068324083205243085e+02 1.315523616483712566e+01
1.284304700000000139e+02 1.899298699999999940e+01 1.233610196259545404e+02 3.294403356188877297e+01
1.270486300000000028e+02 1.419520600000000066e+01 1.114240263190397400e+02 3.497663352611682797e+01
1.133071060000000045e+02 3.074285100000000170e+01 1.131974302611733094e+02 2.130740504295055970e+01
1.182392499999999984e+02 2.503325500000000048e+01 1.069602347353463898e+02 1.963307617879480915e+01
9.699267600000000300e+01 3.332831000000000188e+01 1.251396796240795481e+02 1.153433404590375577e+00
1.211047800000000052e+02 2.653878999999999877e+01 9.520565449566755944e+01 1.458577989592868640e+01
1.151012699999999995e+02 2.510251999999999839e+01 1.366857791716776660e+02 7.309719513009740766e+00
1.175999999999999943e+02 1.023433799999999927e+01 1.240498680091436086e+02 2.497737528779769889e+01
1.219842399999999998e+02 1.118587100000000056e+01 1.227717599031810920e+02 8.618954224000885844e+00
1.324696399999999983e+02 1.699832699999999974e+01 1.234482832907123964e+02 1.201138159770085778e+01
1.142837099999999992e+02 1.745475199999999916e+01 1.177393560030581057e+02 6.716308726756453629e-01
1.006064200000000000e+02 2.769523600000000130e+01 1.080009195818482510e+02 1.686486927793699309e+01
1.233474350000000044e+02 2.519231399999999965e+01 1.047728899771654341e+02 1.227383854928314477e+01
1.234565599999999961e+02 1.023036199999999951e+01 9.379030868460709769e+01 1.336521098703672017e+01
1.023049299999999988e+02 2.800608000000000075e+01 1.229543141772301169e+02 2.724532098560288329e+00
1.223638150000000024e+02 9.904870000000000729e+00 1.081034691593867763e+02 2.369555044022006030e+01
1.264625999999999948e+02 7.166369999999999685e-01 1.139205542672203677e+02 8.528204226700390578e+00
1.140301000000000045e+02 2.309675000000000011e+01 1.172525122069875749e+02 3.258632185103829215e+01
1.240121900000000039e+02 1.423227999999999938e+00 1.212712164459008619e+02 1.847406573505919525e+01
1.286229600000000062e+02 3.030732499999999874e+01 1.310288184619600145e+02 6.904627902949414420e+00
1.148329200000000014e+02 2.281423799999999957e+01 1.257604116754987729e+02 2.777631241581546107e+01
1.311990399999999966e+02 2.885759999999999881e+00 1.289161980747896905e+02 9.967918920295172569e+00
1.202836599999999976e+02 1.236480500000000049e+01 1.275170839617077263e+02 3.223739671343061275e+01
1.117770399999999995e+02 2.602037199999999828e+01 1.157624180925351851e+02 7.217889422884407047e+00
1.069558300000000060e+02 3.322021000000000157e+01 1.310965339561282690e+02 3.721360544264791681e+00
1.286662800000000004e+02 5.189660000000000384e-01 1.038268146400249350e+02 2.655951115226770298e+01
1.078804999999999978e+02 1.347900000000000098e+00 1.202069046999484669e+02 4.621489096541210095e+00
1.349519999999999982e+02 1.169487200000000016e+01 9.627582417182784980e+01 1.738995398377463886e+01
1.286027200000000050e+02 8.726665000000000560e+00 1.313393078287730873e+02 2.610573334070888762e+01
1.196812299999999993e+02 2.088022600000000040e+01 1.322532805894728654e+02 2.872622392603386388e+01
1.144742360000000048e+02 2.767989000000000033e+01 1.058063186847279553e+02 3.114826709037744834e+01
1.240659799999999962e+02 7.754509999999999792e+00 1.193728149976782618e+02 3.256304981358898942e+01
9.548212999999999795e+01 1.554973200000000055e+01 1.027739035855407792e+02 3.250679088687912355e+01
1.061328350000000000e+02 2.596210900000000166e+01 9.669018287538510492e+01 2.244302138115635969e+01
1.356722699999999975e+02 1.789586800000000011e+01 1.039505350282369989e+02 1.515061898727421585e+01
9.482461499999999432e+01 7.552875000000000227e+00 1.228021290760061248e+02 1.008747258346286380e+01
9.893878999999999735e+01 2.680315399999999926e+01 1.298247738994728877e+02 1.029011655380161017e+01
1.229570539999999994e+02 1.920611999999999986e+00 1.288422008989054461e+02 1.541709785562408452e+00
1.074125099999999975e+02 6.090900000000000425e+00 1.257761155822899326e+02 8.058248857160432266e+00
1.216711800000000068e+02 9.723228000000000648e+00 1.111136846192765972e+02 8.994550611597702527e+00
1.323020500000000084e+02 3.039486999999999828e+00 1.214380559176283185e+02 1.976518995997342643e+01
1.208341900000000066e+02 1.204352800000000023e+01 9.786486282750780674e+01 2.023385414384098979e+01
1.248630500000000012e+02 1.255894400000000033e+01 1.180984810522411266e+02 3.296028735972885215e+01
1.286900599999999883e+02 1.486477799999999938e+01 1.166983821824652807e+02 9.928783950921147294e+00
1.302385099999999909e+02 7.992467999999999684e+00 1.230227881872691000e+02 2.084175864483674090e+00
9.359354000000000440e+01 1.516930999999999941e+01 9.662651988922328883e+01 3.193863923921697534e+01
1.049337600000000066e+02 3.191469599999999929e+01 1.108766693929117508e+02 2.426594199336996382e+01
1.221295800000000042e+02 8.650660999999999490e+00 9.679170282814995119e+01 1.126199554491820543e+01
1.195968249999999955e+02 1.992211299999999952e+01 1.256063011311173625e+02 1.160706619489822167e+01
1.269610100000000017e+02 1.226305200000000006e+01 1.190470249834334737e+02 2.217590337524652355e+01
9.678136000000000649e+01 1.699195500000000081e+01 1.285736207694000939e+02 4.865468518200112946e+00
1.010747149999999976e+02 1.745857799999999926e+01 9.911072488770140865e+01 1.464287022102309521e+01
1.270634600000000063e+02 1.166692100000000032e+01 1.088104013328538429e+02 2.096141453969587332e+01
1.042165799999999933e+02 2.347071499999999844e+01 1.285011176998711449e+02 1.036797401917279160e+01
1.137061499999999938e+02 2.920176500000000175e+01 1.181166605570158339e+02 2.412263582536969508e+01
1.082674300000000045e+02 2.621295500000000089e+01 1.161566168685273510e+02 3.429535792615341450e+01
1.045286559999999980e+02 2.332880600000000015e+01 1.255074322362527681e+02 1.344818573688679919e+01
9.312736999999999910e+01 1.080105299999999957e+01 9.456453835217084247e+01 1.430810934677274382e+01
1.218649499999999932e+02 3.051391999999999882e+01 1.205481728318213044e+02 6.048169946591513968e-01
9.286606600000000356e+01 6.433735999999999677e+00 1.145242039513546644e+02 2.408878469852617954e+01
1.303266000000000133e+02 5.151488999999999763e+00 1.138150507046825766e+02 4.290388632451432649e+00
1.066250150000000048e+02 2.543620000000000214e+00 1.102367876316977657e+02 2.358648291660333385e+01
1.051916099999999972e+02 9.920849000000000473e+00 1.282839524307080126e+02 2.330175556962282357e+01
1.349417400000000100e+02 3.249795499999999748e+01 9.567013880976483620e+01 8.366581080690583150e+00
1.000685000000000002e+02 2.550993300000000019e+01 1.096805397456498952e+02 1.573610760656761620e+01
9.397973000000000354e+01 1.450080900000000028e+01 1.298295687701304928e+02 1.164630695981389152e+01
9.982527000000000328e+01 2.515078700000000111e+01 1.361362230964449793e+02 2.498226140581317978e+01
1.003582999999999998e+02 2.007404500000000169e+01 1.109137366414865937e+02 1.575591367025034195e+01
1.118623300000000000e+02 1.493086300000000044e+01 1.089748588242941594e+02 1.542428604696341843e+01
1.015848000000000013e+02 2.689655000000000129e+01 1.062978878386340256e+02 7.321669257188580637e+00
1.289106299999999976e+02 7.094847999999999821e+00 1.189309836715189448e+02 1.902966646444577137e+01
1.063705499999999944e+02 2.535100999999999871e+01 1.268435772928907568e+02 4.211346610141976754e+00
1.102149799999999971e+02 2.830182999999999893e+01 1.146413788675079246e+02 2.815001698472853775e+01
1.310166999999999859e+02 1.584964599999999990e+01 1.351582009644666300e+02 3.235317020177853209e+01
1.064764899999999983e+02 2.161875300000000166e+01 1.319954162747885107e+02 2.471524389604669913e+00
1.274308900000000051e+02 1.213617600000000074e+01 1.028010652563243212e+02 2.696783190538986830e+01
1.067997500000000031e+02 2.827483199999999997e+01 1.302498621388318725e+02 1.664360913679080411e+01
1.214285699999999935e+02 6.701778000000000013e+00 1.373462392441334146e+02 5.290430515484783491e+00
1.363643999999999892e+02 1.274971000000000032e+01 1.095283560118128037e+02 1.269380162760060493e+01
1.044074200000000019e+02 1.407581799999999994e+01 9.756418527266724539e+01 1.706330191734318102e+00
1.221697539999999975e+02 5.261603000000000030e+00 1.222851178109954162e+02 3.209209923034372469e+00
1.194439849999999979e+02 3.088717700000000121e+01 9.631500270452251300e+01 8.103682002659756023e+00
9.877991500000000258e+01 1.703118500000000068e+01 1.028285778439918943e+02 1.574303797155059037e+01
1.365753499999999860e+02 3.356936300000000273e+01 1.178131036938466707e+02 3.397239312401227096e+01
1.034284499999999980e+02 2.847408899999999932e+01 9.385680064991861116e+01 3.190877379083093857e+01
1.234977099999999979e+02 1.764413300000000007e+01 1.355807542605086837e+02 1.092526028762127766e+01
1.349069200000000137e+02 4.621629999999999905e-01 1.211368831558962427e+02 1.225285781757598969e+01
1.350492700000000070e+02 1.381308300000000067e+01 1.002279200678437974e+02 3.302574942866388596e+01
1.221725399999999979e+02 1.971065000000000067e+00 1.011268810620838252e+02 2.684268820093403107e+01
1.134364199999999983e+02 3.037878600000000162e+01 1.081918406999397462e+02 1.649514176179387448e+00
1.232273500000000013e+02 4.342469000000000356e+00 1.115457682208136134e+02 2.998813114639241206e+01
1.140009500000000031e+02 2.463463799999999893e+01 9.516891951567724561e+01 1.094953898198470554e+01
1.294410000000000025e+02 2.921653200000000083e+01 1.302625082442556277e+02 8.876939387967475170e-01
1.188353800000000007e+02 2.132730300000000057e+01 1.198004637749604484e+02 6.614224324514571762e+00
1.286587700000000041e+02 1.192577099999999923e+01 9.759327143823833239e+01 1.767373785572592837e+01
1.040049199999999985e+02 2.438359600000000071e+01 1.211789354077534000e+02 8.582641421795273118e+00
1.147472199999999987e+02 3.243150700000000342e+01 1.084175945488200909e+02 1.140257840113899590e+01
1.087034450000000021e+02 1.879413800000000023e+01 9.702941858392983931e+01 2.260317135063155192e+01
9.890682999999999936e+01 1.802293200000000084e+01 9.962133206429621168e+01 1.944679059252966269e+01
1.221287399999999934e+02 7.625099999999999767e+00 1.217404635440282306e+02 1.445044765182126323e+00
1.340509999999999877e+02 2.624378400000000156e+01 1.230070661635978979e+02 2.719134500142315147e+01
1.066582599999999985e+02 2.877814700000000059e+01 1.103592560122810085e+02 7.521903569561604996e+00
1.008899150000000020e+02 2.474351700000000065e+01 9.721994132103347397e+01 3.042776655228805183e+01
1.259232559999999950e+02 4.161654000000000408e+00 1.262030454254407346e+02 6.568671947590732252e+00
1.344940300000000093e+02 7.012902999999999665e+00 1.312071097502085877e+02 3.315596583344464676e+01
1.331451700000000073e+02 1.564029200000000053e+01 1.051991532359075308e+02 1.255948234192575441e+01
1.061289500000000032e+02 1.904555099999999968e+01 1.362938232501670086e+02 1.697874715037156079e+01
1.305616899999999987e+02 5.040212999999999610e+00 1.043297187614933961e+02 1.251872393985738441e+01
1.198547059999999931e+02 7.232410999999999923e+00 1.168752286758645340e+02 2.984929304139320294e+01
1.328286300000000040e+02 1.854412800000000061e+01 1.036181735379530409e+02 2.918341022485106251e+01
1.181643140000000045e+02 2.271122000000000085e+01 1.072346174437214898e+02 5.623663492551743026e+00
1.134188099999999935e+02 1.023753300000000088e+01 1.319380834502382527e+02 1.050229130419004164e+01
1.068959600000000023e+02 4.261408999999999558e+00 9.718126164484124274e+01 1.308370016012870174e+01
1.237337600000000037e+02 9.310326999999999131e+00 1.214985387261180563e+02 2.356588573124098751e+00
1.175621500000000026e+02 1.813804400000000072e+01 1.085271501312330429e+02 1.117616753630337811e+01
1.127789899999999932e+02 1.603903199999999885e+01 1.148329002555458658e+02 5.447937454575765948e+00
1.132039199999999965e+02 1.668616300000000052e+01 1.236621187663145918e+02 2.487046019800431829e-01
1.088684839999999951e+02 1.869618999999999920e+00 1.320579070921951654e+02 2.254119883501969568e+01
1.025437900000000013e+02 1.587430299999999939e+01 1.375974471999435025e+02 9.712700730683190287e+00
1.159619799999999969e+02 3.274969500000000266e+01 9.346080185921776717e+01 3.028007407102674620e+01
1.138526399999999938e+02 2.842907299999999893e+01 9.304788219852403586e+01 1.921238423716153676e+01
1.218254000000000019e+02 4.371687999999999796e+00 1.278982708165041799e+02 2.912262813262374550e+01
1.365897199999999998e+02 8.289113999999999649e+00 1.053995353548209550e+02 2.981478105349732033e+01
1.222981000000000051e+02 3.382558000000000220e+01 1.054809250002710144e+02 2.136942318156489407e+01
1.022247540000000043e+02 1.159689299999999967e+01 9.835816131545905705e+01 2.454161884656612713e+01
1.126016500000000065e+02 1.711163499999999971e+01 1.363266453527443787e+02 3.376499473243877780e+00
1.344861300000000028e+02 1.449819800000000036e+01 9.861762895348493885e+01 1.456453756704696723e+01
1.005400199999999984e+02 2.888115300000000119e+01 1.063637008573363119e+02 3.468206027368849220e+01
1.273446660000000037e+02 1.365026600000000023e+01 9.846165518766625269e+01 2.683506376269973970e+01
1.244378499999999974e+02 2.619258100000000056e+01 1.066931807125076972e+02 1.987842126376198948e+01
1.071924700000000001e+02 1.362108100000000022e+01 1.012518424250008451e+02 2.563986005389107703e+01
1.156589100000000059e+02 2.078124199999999888e+01 1.037892585340300258e+02 7.807134866809553486e+00
1.352128999999999905e+02 5.011090000000000266e+00 1.272093528160201146e+02 2.406406359050574206e+00
1.224551199999999938e+02 7.128555000000000419e+00 1.328479977872260349e+02 1.260836237153527506e+01
1.015828300000000013e+02 3.012794999999999845e+01 1.124051572484494557e+02 1.912632303116670229e+01
1.153614500000000049e+02 1.834740400000000093e+01 1.101130743990142520e+02 1.807179607591457327e+01
1.306561399999999935e+02 2.535673000000000066e+00 9.936894742470873609e+01 1.067015774281111540e+01
1.075523299999999978e+02 1.898231499999999983e+01 1.054602377559828881e+02 2.095583122753918914e+01
9.319089999999999918e+01 1.835962900000000175e+01 1.152089428055353721e+02 5.364154577269458990e+00
1.223199099999999930e+02 8.781103999999999132e+00 1.297064955550496848e+02 9.336020268263775179e+00
1.279924850000000021e+02 1.403315199999999940e+01 1.163688820909886061e+02 2.569975291501338077e+01
1.099410100000000057e+02 2.527390700000000123e+01 1.022090357848661313e+02 9.773077603165804206e+00
9.703319000000000472e+01 2.983398400000000095e+01 1.104166601036444746e+02 2.693337778111157021e+01
1.360905899999999917e+02 1.229396599999999928e+01 9.614304998465212293e+01 1.932909041952441953e+00
1.220304600000000050e+02 5.662862999999999758e+00 1.029222166411381636e+02 1.827818031799217735e+01
1.081180899999999951e+02 3.227875000000000227e+01 9.776680463370723828e+01 2.378380015082064602e+01
1.161196300000000008e+02 2.374014299999999977e+01 1.297840904588841795e+02 1.867961898919638841e+01
1.075895799999999980e+02 1.972467400000000026e+01 1.063781522230368353e+02 1.884791207438611949e+00
9.264901000000000408e+01 2.078608699999999843e+01 9.840459623120032973e+01 4.566099298849052301e-01
1.242183150000000040e+02 2.629088000000000136e+01 9.622608062134725060e+01 8.813129192928522926e+00
1.175795600000000007e+02 5.611371000000000109e+00 1.300898166437033296e+02 1.840496912715301647e+01
1.289122600000000034e+02 1.145462200000000053e+01 9.927690801925584196e+01 2.213381031762938989e+00
1.110126900000000063e+02 2.886413999999999902e+01 1.179952656979481276e+02 2.234822122510799858e+01
1.250700149999999979e+02 1.553383900000000040e+01 1.081086820700650293e+02 3.479359289869335470e+01
1.253882700000000057e+02 1.252098200000000006e+01 9.597750181276813919e+01 2.338989780371978355e+01
9.569082000000000221e+01 2.712815700000000163e+01 1.108666049580520507e+02 2.369060800024335123e+01
9.911983499999999481e+01 3.033258400000000066e+01 1.078344611732015892e+02 1.043259636808274138e+01
1.093217539999999985e+02 1.300310099999999913e+01 1.018353914062973899e+02 1.517306719792263969e+01
1.252029399999999981e+02 8.083719000000000321e+00 9.341855164982415261e+01 3.489757985647105443e+01
1.222444500000000005e+02 8.908201999999999288e+00 1.370129569181704312e+02 1.893729680684581496e+01
1.180998459999999994e+02 1.284827399999999997e+01 1.020149632893941174e+02 1.253429061791090149e+01
9.723202000000000567e+01 2.960429800000000000e+01 1.289400073926039738e+02 2.206536568168961665e+01
1.019195560000000000e+02 2.802453799999999973e+01 1.139962525344459863e+02 1.356628880430285378e+01
1.325039999999999907e+02 4.645293999999999812e+00 1.338510165055434129e+02 3.414037767454347971e+01
1.073470499999999959e+02 1.714681799999999967e+01 1.127554290113109516e+02 6.724595638372013795e+00
1.039350500000000039e+02 2.735918399999999906e+01 1.116223735846328537e+02 1.871039539213050062e+01
1.225821150000000017e+02 6.734340000000000437e+00 9.320527357939189983e+01 3.182496503722955694e+01
1.343265800000000070e+02 3.472433000000000192e+01 1.296509614327001998e+02 3.347627258895080615e+01
1.055970499999999959e+02 6.590237000000000123e+00 1.315953160951934251e+02 9.261037137170614386e+00
1.293298800000000028e+02 7.388890000000000180e-01 1.340144460770978867e+02 1.748494395193661077e+01
1.307908799999999871e+02 1.009277999999999897e+00 1.328247610555446840e+02 9.777041718492139211e+00
9.918323499999999626e+01 1.574674699999999916e+01 1.338505636528272476e+02 2.829120063527786044e+01
1.013173800000000000e+02 1.780067999999999984e+01 1.121570259942488121e+02 1.065345686567282346e+00
1.132784039999999948e+02 2.408719599999999872e+01 1.116001897319561493e+02 1.384660428842644286e+01
9.395832000000000050e+01 5.743917999999999857e+00 1.011754952330306025e+02 1.370212098672271850e+01
1.176570099999999996e+02 2.176196300000000150e+01 1.059191566962850573e+02 3.232024307605743019e+01
1.112859399999999965e+02 7.286299999999999999e-01 1.176909368825441078e+02 5.642816410635620450e+00
1.020971899999999977e+02 2.676877800000000107e+01 1.203191454784578553e+02 1.883746022974768408e+01
1.123576999999999941e+02 3.279659999999999798e-01 1.084956353842157171e+02 2.939539156429260558e+01
1.285522300000000087e+02 3.419751999999999903e+00 1.021637409692689005e+02 1.387995633819945418e+01
1.130037300000000045e+02 2.547221800000000158e+01 1.224161728141047831e+02 2.429440252246478238e+01
1.148470839999999953e+02 1.232656199999999913e+01 1.328114098787897888e+02 3.468835930149706037e+00
1.230443949999999944e+02 4.896641999999999939e+00 9.979810585292742076e+01 2.823719208885528076e+00
1.133417740000000009e+02 1.599369000000000085e+01 1.033575359954050725e+02 1.590271931591744270e+01
1.094431699999999950e+02 2.603854600000000019e+01 1.251469543271011560e+02 1.166056074255099340e+01
9.765413999999999817e+01 2.677711499999999845e+01 9.818444448608991593e+01 3.049244639333209506e+01
1.303218400000000088e+02 8.996290000000000120e-01 1.322771233400215465e+02 1.461497309385516985e+01
1.349317599999999970e+02 1.207422299999999993e+01 9.346123820225018619e+01 2.103740251067311817e+01
1.287149499999999875e+02 8.613853000000000648e+00 1.018635333282291953e+02 1.871658908531588494e+01
1.353319700000000125e+02 1.899710500000000124e+01 1.041613138998022237e+02 1.934044523316791597e+01
1.179452600000000047e+02 3.413794299999999993e+01 1.025937471132013741e+02 4.274789775256286006e+00
1.210716900000000038e+02 6.892971000000000181e+00 1.240293389189207574e+02 1.297762290560405063e+01
1.033311999999999955e+02 8.036189999999999500e+00 9.421015180605243700e+01 1.234203027526685759e+01
1.221146700000000038e+02 7.678874999999999673e+00 1.212436582173910864e+02 3.173644092982957687e+01
1.137167199999999951e+02 2.209496700000000047e+01 1.125369029068641282e+02 9.611568173053069986e-01
1.114765500000000031e+02 2.000540499999999966e+01 1.106729981087194972e+02 2.805463894158779325e+01
9.492020999999999731e+01 2.098355700000000112e+01 1.036520892137592114e+02 1.820133821412468933e+01
1.030680899999999980e+02 2.392125499999999860e+01 1.207460719867494419e+02 7.375333629355751430e-01
1.215274660000000040e+02 9.855489999999999640e+00 1.209836637881442414e+02 3.096843750612540447e+01
1.222233659999999986e+02 2.248752000000000084e+00 1.075182418411665992e+02 8.864352317718184437e+00
1.189220300000000066e+02 1.942037399999999892e+01 9.725491242019754168e+01 2.621741726995694854e+00
1.087293999999999983e+02 2.527930000000000010e+00 1.088374069106021551e+02 2.644769974079613561e+01
1.244601700000000051e+02 2.153512000000000093e+00 1.190223066056328207e+02 4.924792749654702817e+00
1.117835000000000036e+02 4.146894999999999776e+00 1.366288004268835152e+02 3.111799757348187612e+01
9.491244500000000528e+01 6.986594000000000193e+00 1.355219126406489636e+02 5.126015035766010364e+00
9.448524500000000614e+01 1.358393900000000087e+01 9.366269651307928257e+01 2.958188916535982216e+01
1.305737499999999898e+02 2.831986999999999810e+00 1.090761214170058935e+02 2.584937822232741667e+01
1.191146099999999990e+02 1.880997299999999939e+01 1.335078454756735482e+02 1.121957642398688781e+00
1.210836500000000058e+02 1.404887100000000011e+01 1.099360521645169371e+02 2.686382643546572524e+01
1.010540500000000037e+02 1.139439199999999985e+01 1.188194629586397753e+02 1.179234936506489717e+01
9.579921000000000220e+01 1.503351199999999999e+01 9.305518913283208349e+01 3.406523021583504374e+01
1.134008259999999950e+02 2.899073999999999884e+01 1.303197065645823329e+02 3.498884796595729796e+01
1.358911999999999978e+02 3.048414999999999875e+00 1.307385530376201075e+02 3.325897802771673639e+01
1.293536799999999971e+02 7.147846000000000366e+00 1.200212414079980761e+02 3.253026973450332093e+01
1.167593700000000041e+02 2.162810899999999847e+01 1.246439458470672150e+02 1.715127016041372698e+01
1.081589000000000027e+02 1.194670699999999997e+01 1.366741912858257706e+02 6.980349047214556180e+00
1.235097959999999944e+02 2.681490999999999847e+00 1.165229144155897245e+02 1.997259918960965663e+01
1.058196200000000005e+02 1.893849399999999861e+01 1.234822025173508564e+02 2.735230245375372249e+01
1.376754999999999995e+02 1.454145600000000016e+01 1.238560308569184514e+02 1.576139903614066817e+01
1.101968499999999977e+02 2.375801699999999883e+01 1.257477232815264472e+02 2.943216761063336406e+01
1.063831100000000021e+02 8.929643999999999693e+00 9.624360942687388842e+01 2.002031804607583254e+01
1.078898599999999988e+02 1.824183700000000030e+01 9.329459702611784166e+01 2.451597612175580920e+01
1.083133540000000039e+02 2.792756299999999925e+01 9.634694478909524662e+01 8.856715061234512021e+00
1.194723599999999948e+02 1.724490399999999823e+01 1.228068182165767439e+02 2.265682396347551197e+00
1.037949100000000016e+02 1.724506999999999834e+01 9.323543172615846686e+01 3.079676261739864529e+01
1.150682749999999999e+02 1.918149599999999921e+01 1.099850885616978786e+02 2.707398185645898891e+01
1.080927049999999952e+02 1.663354700000000008e+01 1.312570226010944907e+02 1.110962709644212509e+01
1.286007500000000050e+02 8.765936999999999202e+00 1.259527568645894462e+02 3.071718574067492824e+01
1.252135240000000067e+02 1.563707699999999967e+01 1.209236897823558934e+02 1.150413319183814131e+01
1.064903999999999940e+02 1.390643999999999991e+00 9.678454875533752499e+01 7.959487353185908276e+00
1.134832399999999950e+02 1.777810300000000154e+01 1.139169224690895987e+02 1.079966374868874013e+01
9.954317000000000348e+01 2.821960599999999886e+01 1.134624036451289442e+02 2.400124965095645990e+01
1.287667099999999891e+02 1.207068300000000072e+01 1.009649993009557392e+02 1.264207097611512509e+01
1.108547200000000004e+02 1.948833799999999883e+01 9.757470539177113267e+01 2.070708438703168497e+01
1.167711800000000011e+02 1.044548600000000071e+01 1.302447327025109871e+02 7.589331943171432115e+00
1.248270700000000062e+02 4.432827999999999768e+00 1.319230295183369890e+02 2.784440606229915716e+01
