1.148329200000000014e+02 2.281423799999999957e+01 1.041352171227653116e+02 2.923494623399512449e+01
9.288236999999999455e+01 2.260556000000000054e+01 1.143770901256381620e+02 1.671508699869552750e+00
1.244601700000000051e+02 2.153512000000000093e+00 1.375394575419290391e+02 3.089280458066102142e+01
1.367545299999999884e+02 1.483705600000000047e+01 1.022306375349065917e+02 1.543927251429068370e+01
1.224107740000000035e+02 7.443858999999999781e+00 1.312361011304997476e+02 1.046763099072255443e+01
9.786359400000000619e+01 2.648629000000000033e+01 1.095010283630641368e+02 3.286156182823041405e+01
1.030200499999999977e+02 2.779550400000000110e+01 1.218488526921605484e+02 1.487356766087996363e+01
1.164321900000000056e+02 1.890602499999999964e+01 1.358569934437808797e+02 1.650873787847216789e+01
1.044894199999999955e+02 3.404343999999999681e+01 1.287210882500808964e+02 1.657959615588450220e+01
1.132667699999999940e+02 2.412417599999999851e+01 1.242837895394530534e+02 1.029472001881305410e+01
1.259232559999999950e+02 4.161654000000000408e+00 1.327276517961826130e+02 1.503347168458016192e+00
1.192039699999999982e+02 8.441069999999999851e+00 1.008742245106480908e+02 3.209298264961292091e+01
1.109553400000000067e+02 1.066729000000000038e+00 1.057800229027029530e+02 5.721865194345862271e+00
1.175621500000000026e+02 1.813804400000000072e+01 1.230457332139282016e+02 3.234298874112162991e+01
1.333230000000000075e+02 1.215278799999999926e+01 1.190268259575321395e+02 1.895143690287707017e+01
1.242736299999999972e+02 6.831006000000000355e+00 9.979616667149537079e+01 2.263587587434075488e+01
1.191146099999999990e+02 1.880997299999999939e+01 1.194887953653291675e+02 3.362186207969698870e+01
1.009766800000000018e+02 1.603761899999999940e+01 1.197968989822863080e+02 2.908047296586963038e-01
1.032657399999999939e+02 2.896160700000000077e+01 1.094078495643792053e+02 9.120801777641402097e+00
1.020971899999999977e+02 2.676877800000000107e+01 1.004159532068446481e+02 2.228532794749659374e+01
9.833840999999999610e+01 3.082450000000000045e+01 1.273726918207788970e+02 4.280898064630544120e+00
1.349924800000000005e+02 2.427803000000000111e+01 1.019538409456827850e+02 7.366290353502329857e+00
1.087185099999999949e+02 1.082315200000000033e+01 1.123993503440497648e+02 1.494418618684974831e+01
1.355842399999999941e+02 3.165399999999999991e+01 1.053888135825340555e+02 1.528907370010468370e+01
1.055970499999999959e+02 6.590237000000000123e+00 1.252958340523910579e+02 2.756504332398685975e+01
1.016832100000000025e+02 1.628771199999999908e+01 1.177838691903250776e+02 5.448323417598269103e+00
1.294916100000000085e+02 2.620026999999999884e+00 1.302792655650671065e+02 3.423560372186959455e+01
1.198547059999999931e+02 7.232410999999999923e+00 1.032754298301724276e+02 7.789351787628344681e+00
1.078109199999999959e+02 3.159997999999999863e+01 1.282111509227991633e+02 3.381384451558724802e+00
1.204627899999999983e+02 7.529904000000000153e+00 1.245425448665169199e+02 6.821414086915750241e-01
1.235097959999999944e+02 2.681490999999999847e+00 1.220505127311354698e+02 2.570000296751284807e+01
9.686450000000000671e+01 3.287660000000000338e+01 1.064993506487936088e+02 1.464476806185251334e+00
1.258230060000000066e+02 9.050392999999999688e+00 1.283364137829525191e+02 2.428500708690026766e+00
1.320423000000000116e+02 1.426623200000000047e+01 9.762174424207817935e+01 1.386109779132628717e+01
1.056316000000000059e+02 1.004083999999999932e+01 1.262896621918567348e+02 2.274169984156378277e+00
1.056335140000000052e+02 2.491520699999999877e+01 9.699905487881463273e+01 2.715024986868575141e+01
1.179629500000000064e+02 1.794520599999999888e+01 1.286318913624969582e+02 2.791223396245483812e+01
9.423632999999999527e+01 1.031035299999999921e+01 1.050566144699203335e+02 8.609527732487290308e+00
9.987552999999999770e+01 8.232086999999999932e+00 9.970724004841146382e+01 5.783815871293415789e+00
1.065502599999999944e+02 6.022739999999999760e+00 1.378206673315772264e+02 3.124418224205197347e+01
1.307908799999999871e+02 1.009277999999999897e+00 1.102363063009525916e+02 1.781497272262800635e+01
1.086584299999999956e+02 1.116496899999999926e+01 9.863236236963706460e+01 1.169047008100281104e+01
1.219842399999999998e+02 1.118587100000000056e+01 1.117964546048036993e+02 4.887209903416198209e+00
1.030357699999999994e+02 2.493956400000000073e+01 9.315137862392329282e+01 2.507892495939086075e+01
1.066970400000000012e+02 2.854751200000000111e+01 1.240503757207587228e+02 1.974273690357652811e+01
1.089955800000000039e+02 1.639875599999999878e+01 1.317058749024025701e+02 1.877704072011148639e+01
1.126016500000000065e+02 1.711163499999999971e+01 1.240363234433258128e+02 2.695973742648488880e+00
9.981167000000000655e+01 2.547162799999999905e+01 1.212333818766120572e+02 1.913275711996967132e+01
1.024364300000000014e+02 2.697588299999999961e+01 1.306002110355157413e+02 2.932039348770114984e+01
1.073123599999999982e+02 2.557497199999999893e+01 9.562822683314885808e+01 2.042858430128572067e+01
1.063787499999999966e+02 2.825092300000000023e+01 1.360265505067358163e+02 2.290318987080958824e+00
1.125423660000000012e+02 2.072739999999999938e+01 1.178727393739299316e+02 1.886991764760619006e+01
1.285522300000000087e+02 3.419751999999999903e+00 1.348995288885963930e+02 8.373697994341288364e+00
1.139247359999999958e+02 2.117171300000000045e+01 1.379255550511491890e+02 3.741798529318993705e+00
1.031240300000000047e+02 2.424801599999999979e+01 1.134314413370349399e+02 2.583162006560197455e+01
1.268311900000000065e+02 1.202138899999999921e+01 1.154265194737658504e+02 1.616162466696274436e+01
1.346648600000000044e+02 1.416948599999999914e+01 1.012177479919933205e+02 2.840068339410172626e+01
1.232273500000000013e+02 4.342469000000000356e+00 1.016933867230734450e+02 4.699893350836392258e+00
1.076719200000000001e+02 1.886546900000000093e+01 1.223693563196240461e+02 1.633992243877980854e+01
9.793104999999999905e+01 2.979559499999999872e+01 1.185728707231788803e+02 2.824528980889705565e+01
1.219349399999999974e+02 1.171463199999999993e+01 1.235514855405491090e+02 1.268341365983991764e+01
1.162218600000000066e+02 1.465482599999999991e+01 1.325542334552000625e+02 1.639421894324860318e+01
1.118623300000000000e+02 1.493086300000000044e+01 1.318104008149501851e+02 1.397163378350291296e+01
1.305158500000000004e+02 8.179097000000000506e+00 1.031554325894079369e+02 1.247036149022588347e+01
9.942723999999999762e+01 2.273704499999999840e+01 1.345745347487725780e+02 3.209648259387579827e+01
1.240659799999999962e+02 7.754509999999999792e+00 1.040454155018961160e+02 1.915227099283220724e+01
1.006795400000000029e+02 2.482919000000000054e+01 1.253187265513974040e+02 9.354159564378655034e+00
1.064715499999999935e+02 3.050993000000000066e+00 9.968317646321904135e+01 2.675318152181481324e+01
1.063831100000000021e+02 8.929643999999999693e+00 1.307466198842836320e+02 1.594735372050198308e+01
1.117577739999999977e+02 2.046753999999999962e+01 1.014564917934858386e+02 3.009905609769234935e+00
1.068714449999999943e+02 1.286970200000000020e+01 9.376815361592409204e+01 1.508057517718731511e+01
1.181860400000000055e+02 2.456443600000000060e+01 1.377325296251561326e+02 3.767421143665417027e-01
1.068494100000000060e+02 1.800854100000000102e+01 1.073629332421013629e+02 1.830807925638817224e+00
1.298188600000000008e+02 9.076064999999999827e+00 1.253691083533535959e+02 1.481181669584870875e+01
1.138388060000000053e+02 1.427283199999999930e+01 1.229288121460136267e+02 6.358430817894822340e-01
1.045020300000000049e+02 3.012155500000000075e+01 1.160861823335827694e+02 2.029801298642518148e+01
1.202836599999999976e+02 1.236480500000000049e+01 1.098974011688535057e+02 1.293931453083413707e+01
1.344940300000000093e+02 7.012902999999999665e+00 1.348717083598686486e+02 1.426246127925743856e+01
1.063896100000000047e+02 3.912881000000000054e+00 1.090292277917858002e+02 9.322199480824755469e+00
1.051916099999999972e+02 9.920849000000000473e+00 1.243202413902211845e+02 2.446654755994245178e+01
1.219563600000000037e+02 4.037063999999999986e+00 1.184021164849507528e+02 2.672306621159502882e+01
1.171882999999999981e+02 2.439474999999999838e+01 1.299060038549469880e+02 2.123858228017585503e+01
1.200522399999999976e+02 3.491102000000000061e+01 1.374128969358866357e+02 9.365516588070528670e+00
1.370245700000000113e+02 1.147566899999999990e+01 1.023782008503046370e+02 1.958595944803412436e+01
1.120615540000000010e+02 2.049053999999999931e+01 1.228488714513527071e+02 4.095661547299284777e+00
1.099410100000000057e+02 2.527390700000000123e+01 1.205064449504125861e+02 1.072475546379531153e+01
1.126715200000000010e+02 1.748623999999999867e+01 1.156394716805506988e+02 5.610575073645621025e+00
1.211231700000000018e+02 5.250886000000000386e+00 1.272187351344213369e+02 1.027381260968029952e+00
1.327581000000000131e+02 3.298633999999999844e+00 1.311505640754835440e+02 1.919636556814987927e+01
1.011475200000000001e+02 2.924591300000000160e+01 1.029160555395317544e+02 3.266136455888098311e+01
1.134008259999999950e+02 2.899073999999999884e+01 9.251483634252113575e+01 7.541293173499989066e+00
1.031737439999999992e+02 5.745917000000000385e+00 1.214924966688151784e+02 1.299625171490474607e+01
1.101968499999999977e+02 2.375801699999999883e+01 1.095670286932384840e+02 1.407667572009711776e+01
1.365897199999999998e+02 8.289113999999999649e+00 1.084484515326479368e+02 1.966482576989302089e+01
1.240121900000000039e+02 1.423227999999999938e+00 1.288589191455013747e+02 5.653635124585838945e+00
1.038327500000000043e+02 1.301466800000000035e+01 1.013346258284787780e+02 8.099925887736716845e+00
1.068959600000000023e+02 4.261408999999999558e+00 1.365256891112498465e+02 6.823459198576802720e+00
1.211260759999999976e+02 1.171536500000000025e+01 1.373149724325270427e+02 5.754539429215738133e-01
1.244378499999999974e+02 2.619258100000000056e+01 1.128891800024193941e+02 1.991775231155513382e+01
1.019945450000000022e+02 1.624662599999999912e+01 1.056139835665651248e+02 1.361440056875885674e+01
9.963335999999999615e+01 3.011660600000000088e+01 1.054703811429917408e+02 2.575939240309477896e+01
9.877991500000000258e+01 1.703118500000000068e+01 1.278656239277116526e+02 8.367454712900920910e+00
1.086714099999999945e+02 1.278264599999999973e+01 1.018661303196659844e+02 4.071082163601402737e-01
9.359354000000000440e+01 1.516930999999999941e+01 1.151922483428007240e+02 3.296864518296971625e+01
1.286587700000000041e+02 1.192577099999999923e+01 1.293507811114457695e+02 1.528295634976518436e+01
1.230443949999999944e+02 4.896641999999999939e+00 1.350850146384970856e+02 1.281828681874060827e+01
1.069558300000000060e+02 3.322021000000000157e+01 1.288947711894595614e+02 3.494692639745599649e+01
1.028493699999999933e+02 2.885465800000000058e+01 1.038716490083069459e+02 2.726051647161535030e+01
1.135468599999999952e+02 1.324376900000000035e+01 1.247268786618985672e+02 3.299526295150667465e+01
1.132039199999999965e+02 1.668616300000000052e+01 1.228446810708217214e+02 2.412208627747212830e+01
1.349519999999999982e+02 1.169487200000000016e+01 1.363193625232191835e+02 4.978706510539460339e+00
1.223638150000000024e+02 9.904870000000000729e+00 1.094517960719798566e+02 3.161680919797919742e+01
1.288786599999999964e+02 1.183304700000000054e+01 9.906863569306568706e+01 2.362496089938441912e+01
1.161196300000000008e+02 2.374014299999999977e+01 9.395541571618961996e+01 1.550732117016135625e+01
1.234565599999999961e+02 1.023036199999999951e+01 1.274050072929465074e+02 1.627223964820051449e+01
1.073470499999999959e+02 1.714681799999999967e+01 1.041604108029489453e+02 5.391863021496720698e+00
1.042165799999999933e+02 2.347071499999999844e+01 1.221153681034748786e+02 2.244074512475958727e+01
1.234837399999999974e+02 2.555160000000000209e-01 9.574972210186926702e+01 2.881956977601365821e+01
1.093003099999999961e+02 1.012630000000000058e-01 9.874032614447381206e+01 8.066587951361913866e+00
1.023049299999999988e+02 2.800608000000000075e+01 1.212534893226423947e+02 4.770817613059147533e+00
1.205367660000000001e+02 1.833390400000000042e+01 1.181231170814973694e+02 1.887976560075471255e+01
1.100269849999999963e+02 1.782430499999999896e+01 1.000076080894678938e+02 1.019791514237617314e+01
1.290645299999999907e+02 1.239838499999999932e+01 1.212491095390324745e+02 2.778059413469030048e+01
1.305723099999999874e+02 3.448748799999999903e+01 9.514037681736701302e+01 1.979467418857170369e+00
1.096788600000000002e+02 1.849008999999999903e+00 1.190260541880890628e+02 1.446459434409528910e+01
1.151012699999999995e+02 2.510251999999999839e+01 1.040821249202251266e+02 3.321451852058175547e+01
1.323020500000000084e+02 3.039486999999999828e+00 1.289634830092520588e+02 2.679229270274050378e+01
9.410971999999999582e+01 1.075564600000000048e+01 1.304090887746128828e+02 1.989362163532349959e+00
1.030680899999999980e+02 2.392125499999999860e+01 1.233303343946258224e+02 2.989711391068924939e+01
1.198241399999999999e+02 4.847177000000000291e+00 1.087479074985564580e+02 1.397601153041450850e+01
1.331978300000000104e+02 1.207540099999999939e+01 1.073494917499061359e+02 3.183160924786923474e+01
1.318405300000000011e+02 1.077468200000000031e+01 1.266108992063000329e+02 1.807500760486587765e+01
1.118345640000000003e+02 2.392749999999999877e-01 1.271359427857854598e+02 6.076731124737596801e+00
1.240100000000000051e+02 1.279410900000000062e+01 1.296000900903622721e+02 2.391193287520340860e+01
1.237617400000000032e+02 2.570814499999999825e+01 9.795662308748214286e+01 7.650298951977324569e-01
9.996817000000000064e+01 2.509249700000000161e+01 1.248868608562002578e+02 2.923679339595949500e+01
1.339961700000000064e+02 3.438096600000000080e+01 1.248966774241591509e+02 2.468011766075248659e+01
1.045286559999999980e+02 2.332880600000000015e+01 9.659268075534976106e+01 2.118713993978858312e+01
1.130060650000000066e+02 2.550459999999999994e+01 1.002874923398718607e+02 2.933881990277608054e+01
1.349417400000000100e+02 3.249795499999999748e+01 1.337497426497490665e+02 3.484539630482155559e+01
1.215274660000000040e+02 9.855489999999999640e+00 9.784975647322873726e+01 2.392584426837398226e+01
1.048228900000000010e+02 3.249645600000000201e+01 1.240098578816883332e+02 4.502579773205345193e-01
9.982527000000000328e+01 2.515078700000000111e+01 9.654257477507607632e+01 1.549421988558323360e+00
1.182392499999999984e+02 2.503325500000000048e+01 1.064648939115965476e+02 6.065539378370788270e+00
9.884615999999999758e+01 1.700900999999999996e+01 1.041611267102005058e+02 1.400406388919970802e+01
9.890682999999999936e+01 1.802293200000000084e+01 1.301628044900655254e+02 3.256255603103027596e+01
9.227543000000000006e+01 1.832281700000000058e+01 1.102731852226366982e+02 1.302600556507337082e+01
1.252556299999999965e+02 7.355453999999999937e+00 1.152816537645054353e+02 1.693549256066047803e+01
1.081180899999999951e+02 3.227875000000000227e+01 1.215365224440411112e+02 6.446344347449185719e+00
1.132294200000000046e+02 1.691967400000000055e+01 1.343965637886400373e+02 2.072975836034071762e+00
1.221697539999999975e+02 5.261603000000000030e+00 1.199722604996936042e+02 6.327943526654555839e+00
1.223199099999999930e+02 8.781103999999999132e+00 1.252596987954992187e+02 3.048133299798676532e+01
1.182972699999999975e+02 1.483025899999999986e+01 1.034567815067755845e+02 3.488795887116358241e+00
1.164053499999999985e+02 1.685597999999999885e+01 1.077447575510769155e+02 2.251679260290030982e+01
1.205864299999999929e+02 8.516370000000000218e+00 1.212512082425219262e+02 3.407773474149169601e+01
9.844208500000000583e+01 2.976761600000000030e+01 1.140815838482173206e+02 1.330823665025728886e+01
1.033414700000000011e+02 2.611897300000000044e+01 1.306170476143749966e+02 3.062559818537495104e+01
1.156589100000000059e+02 2.078124199999999888e+01 1.014865186570735887e+02 2.387241887367696336e+01
1.119646900000000045e+02 1.463188599999999973e+01 1.167506093212309111e+02 2.412591954768521418e+01
9.882135999999999854e+01 3.069462800000000158e+01 1.116609803377913011e+02 3.316654633408808195e+01
1.294755900000000111e+02 2.914704899999999910e+01 1.229778549960451528e+02 1.512777323448775846e+01
1.331578700000000026e+02 1.155118900000000082e+01 1.097744931412059657e+02 1.316710793975697236e+00
1.008322600000000051e+02 1.836909500000000151e+01 1.266991556215476180e+02 1.951536651095180730e+01
1.074369499999999960e+02 2.925465799999999916e+01 1.274936188234285197e+02 2.856202993371688947e+01
1.232222500000000025e+02 1.022940900000000042e+01 1.376572164692779268e+02 2.461325236816692197e+01
1.102168700000000001e+02 2.640597199999999845e+01 1.048283974614277412e+02 2.850040872491812749e+01
1.121307599999999951e+02 2.552255800000000008e+01 9.403684643409042110e+01 3.048417196837714727e+01
1.047877660000000049e+02 2.743140400000000056e+01 1.015914230861841361e+02 3.442184100681912184e+01
1.268019900000000035e+02 6.239142000000000188e+00 1.046869690494638405e+02 8.831995327840076015e+00
1.247720099999999945e+02 6.038419999999999899e-01 9.417391326049191491e+01 2.039273840572354501e+01
1.165112840000000034e+02 2.327571899999999872e+01 1.376816267865879411e+02 8.553694167715772068e+00
1.233079199999999958e+02 7.494034000000000084e+00 9.469197128598325719e+01 1.547153668904307544e+01
1.078730850000000032e+02 3.194168000000000163e+01 1.320862108394788379e+02 2.596968240639788483e+00
1.208478199999999987e+02 2.691405000000000047e+00 1.080004755468508222e+02 2.800731810968552082e+01
1.224132840000000044e+02 1.063505699999999976e+01 9.844801683898307942e+01 3.034782417959196010e+01
1.306637699999999995e+02 1.285029600000000016e+01 9.642549493792338922e+01 5.250931660932346645e+00
1.353151900000000012e+02 1.279140499999999925e+01 1.123304467310966857e+02 3.318995397009636861e+01
1.307676400000000001e+02 9.199001000000000872e+00 1.177661130885863940e+02 3.294309633441297080e+01
9.491244500000000528e+01 6.986594000000000193e+00 1.124877464327903311e+02 2.742097915018360155e+01
1.310166999999999859e+02 1.584964599999999990e+01 9.685678154175029420e+01 3.090895637395426832e+01
1.222981000000000051e+02 3.382558000000000220e+01 1.082496938295602433e+02 9.770489853015552839e+00
1.332452999999999861e+02 2.728622999999999799e+00 9.847123251831642676e+01 1.558512719730428486e+01
1.182651900000000040e+02 1.205452299999999966e+01 1.265170431097969583e+02 1.952990121791857447e+01
1.264625999999999948e+02 7.166369999999999685e-01 1.360936683747774509e+02 2.728908563735516779e+01
1.090715200000000067e+02 1.751669499999999857e+01 1.153615263086333869e+02 3.461675117931551426e+01
1.140832999999999942e+02 2.683112699999999862e+01 1.000503953950173894e+02 6.128211122464305438e-01
1.274308900000000051e+02 1.213617600000000074e+01 1.123220767792923738e+02 3.202667755044010534e+01
1.122847440000000034e+02 1.660995300000000086e+01 9.437963220050595226e+01 2.501359529367060475e+01
1.120762000000000000e+02 7.865459999999999674e-01 1.313694413160808949e+02 1.428011765561159407e+01
1.358086700000000064e+02 1.854602399999999918e+01 1.361706404274848694e+02 2.445743583672375010e+01
1.352128999999999905e+02 5.011090000000000266e+00 1.064764937417596258e+02 2.411774929629208231e+01
1.068052100000000024e+02 1.683014100000000113e+01 1.360675234567169127e+02 8.417279982880424782e+00
9.579921000000000220e+01 1.503351199999999999e+01 1.106811194647676757e+02 2.806458706928915348e+01
1.112859399999999965e+02 7.286299999999999999e-01 1.225249984808899910e+02 2.955528668634528699e+01
1.305980999999999881e+02 1.224686600000000070e+01 1.379961958059608094e+02 2.102676883583078649e+01
9.989088999999999885e+01 2.683164999999999978e+01 1.043699334918874655e+02 2.285945428293196358e+01
1.286794999999999902e+02 1.162912799999999969e+01 1.218849704247656689e+02 5.786255031841227137e+00
1.257966299999999933e+02 8.756054999999999922e+00 1.272849668297436949e+02 1.444327604702727719e+01
9.312736999999999910e+01 1.080105299999999957e+01 9.263547572614086789e+01 2.706491949971050204e+01
1.034372900000000044e+02 1.659929699999999997e+01 9.472459506290326203e+01 1.243497241108022955e+01
1.065032039999999967e+02 4.921710000000000251e-01 1.066211591709439546e+02 9.828693332610930256e+00
1.129178600000000046e+02 2.190700100000000106e+01 1.040543787210751532e+02 2.954854989401982834e+01
1.159256900000000030e+02 2.697432299999999827e+01 1.243821703295471650e+02 2.313211453116218408e+01
1.026750949999999989e+02 3.487172699999999992e+01 1.146999519564472934e+02 2.774043382498766874e+01
9.639709999999999468e+01 2.889318000000000097e+01 9.361256160012236194e+01 3.379811390707935459e+01
1.201523200000000031e+02 2.317364500000000049e+01 1.084654993787835053e+02 1.338146731091928388e+01
1.293536799999999971e+02 7.147846000000000366e+00 1.034752460989941056e+02 2.298994017225060205e+01
1.124703750000000042e+02 1.702895499999999984e+01 1.186536952956169984e+02 3.229186480339187426e+01
1.114765500000000031e+02 2.000540499999999966e+01 1.048013993624589943e+02 4.611336066744497586e+00
1.074125099999999975e+02 6.090900000000000425e+00 1.112992034561843582e+02 3.229353973503245712e+00
1.351008600000000115e+02 2.345284300000000144e+01 1.092930967699330722e+02 1.319276389230968149e+01
1.228618239999999986e+02 3.672254999999999825e+00 1.344549899632580150e+02 2.189219041352740547e+01
1.172544599999999946e+02 4.492557999999999829e+00 1.254739056803085759e+02 1.310259271095994649e+01
1.106924300000000017e+02 8.721729999999999761e-01 1.321744638889325358e+02 1.893436156434010087e+01
9.286606600000000356e+01 6.433735999999999677e+00 1.153441989373357615e+02 4.598205737627553136e-01
1.014903900000000050e+02 3.396592700000000065e+01 1.161824163196439486e+02 1.194625011000309023e+01
1.289122600000000034e+02 1.145462200000000053e+01 1.088357188671645162e+02 4.540568712394550843e+00
1.118961000000000041e+02 1.561135900000000021e+01 1.322316350121020037e+02 9.135113590483076251e+00
1.065750199999999950e+02 2.890432200000000051e+01 1.000080645945642317e+02 2.244068685753081738e+01
1.148343050000000005e+02 2.582363300000000095e+01 1.077854891557403647e+02 3.445941410593655263e+01
1.324488800000000026e+02 9.132956999999999326e+00 1.204787168561857555e+02 1.752858010260141697e+01
1.264986999999999995e+02 2.455890000000000128e+01 1.276708187677275106e+02 2.077632759087482484e+01
1.216560750000000013e+02 3.921428999999999832e+00 1.007794597810831192e+02 2.970463939022274857e+01
1.230936200000000014e+02 4.996221000000000245e+00 1.132899674040872497e+02 2.381286708150817333e+01
1.281946399999999926e+02 1.151056699999999999e+01 9.963156156767482230e+01 2.058749723539614607e+01
1.303382699999999943e+02 1.019772700000000043e+01 1.030587232823748138e+02 2.432991993216717930e+01
1.144742360000000048e+02 2.767989000000000033e+01 1.295283408275154500e+02 6.349208986455310288e+00
9.699267600000000300e+01 3.332831000000000188e+01 1.075789371533786181e+02 6.888522654743215234e+00
1.108547200000000004e+02 1.948833799999999883e+01 9.725360284712820658e+01 2.063879610990481339e+01
1.363225999999999942e+02 2.142673699999999926e+01 1.377253343173034636e+02 3.496253097436387947e+01
1.049673540000000003e+02 2.282041399999999953e+01 9.624950252964170261e+01 2.995535252316227215e+01
1.130844799999999992e+02 1.852679300000000140e+01 1.214786497172459860e+02 3.387016929184039071e+00
1.083554599999999937e+02 1.583191200000000087e+01 1.100470584082220853e+02 2.605823406773148321e+01
1.105124739999999974e+02 2.767481799999999836e+01 9.303820352139437944e+01 1.500329459575303614e+00
1.287243799999999965e+02 8.558763000000000787e+00 1.255526643978797097e+02 3.084920487114410292e+01
1.084516140000000064e+02 7.152399999999999869e-01 1.025687093349716150e+02 2.583239262105972145e+01
1.281042500000000075e+02 1.263489599999999946e+01 1.074630426738968509e+02 9.022720581503129722e+00
1.378785100000000057e+02 1.122782400000000003e+01 1.018634894565001616e+02 2.560099905471487602e+01
1.222486099999999993e+02 1.220074699999999979e+01 9.568070209533935611e+01 1.725465734517643313e+01
1.195463639999999970e+02 2.841035700000000119e+01 1.194915409590661000e+02 5.082171678630222011e+00
1.308442000000000007e+02 8.125244999999999607e+00 1.140449455367335645e+02 6.223675353667060151e+00
1.294280699999999911e+02 7.853149000000000157e+00 1.300781089771494692e+02 2.241512352341231562e+01
1.130173300000000012e+02 1.738992299999999958e+01 1.112395211578188565e+02 5.379726156530105996e+00
1.217480850000000032e+02 1.688053000000000026e+00 1.016913001494214086e+02 1.556715363681464837e+01
1.134285899999999998e+02 1.815225999999999829e+01 1.010818390963433870e+02 2.517750891144300240e+01
1.098299099999999981e+02 2.569585199999999858e+01 1.375564190351555567e+02 1.667054343693558494e+01
1.370959000000000003e+02 5.531164999999999665e+00 1.173859453692532924e+02 1.308024311452058086e+01
1.218649499999999932e+02 3.051391999999999882e+01 1.005777785488076006e+02 2.090500896083852567e+01
1.356722699999999975e+02 1.789586800000000011e+01 1.314985066339390869e+02 1.123003556071404674e+01
1.344861300000000028e+02 1.449819800000000036e+01 1.276725621127220478e+02 4.859141762873397496e+00
1.047176599999999951e+02 4.703091999999999828e+00 9.635364896038684890e+01 1.538318809036901058e+01
1.245306700000000006e+02 7.659853000000000023e+00 1.009566827315117479e+02 1.244340541785670773e+01
1.252135240000000067e+02 1.563707699999999967e+01 1.101029757049406328e+02 2.707088738862245947e+01
1.171555249999999972e+02 2.330280700000000138e+01 1.376678547694480130e+02 3.208236134879933310e+00
1.140009500000000031e+02 2.463463799999999893e+01 1.294649585236778080e+02 1.629164059247498386e+01
1.133417740000000009e+02 1.599369000000000085e+01 1.226039302851975918e+02 7.299466350742663145e+00
1.252029399999999981e+02 8.083719000000000321e+00 1.285517585454600180e+02 2.972963570401081057e+01
1.148769499999999937e+02 6.728119999999999656e-01 1.232883032070920422e+02 2.435739767332198369e+01
1.286751700000000085e+02 8.353201000000000320e+00 9.361855140000592712e+01 2.810922831940067113e+01
1.301707000000000107e+02 5.522420000000000107e-01 1.285224891313838498e+02 4.534254093454701540e+00
1.134832399999999950e+02 1.777810300000000154e+01 1.099113921651407964e+02 1.432437293339439321e+01
1.372788199999999961e+02 1.268961700000000015e+01 1.313386859576707479e+02 2.932247777702821878e+01
1.229570539999999994e+02 1.920611999999999986e+00 1.274622976857652361e+02 2.958144563338410649e+01
9.954652400000000512e+01 2.725922600000000173e+01 9.389965454326032557e+01 2.287069466521743522e+01
1.183520900000000040e+02 1.158915299999999959e+01 1.126198508668194194e+02 1.423814852507314832e+01
1.075895799999999980e+02 1.972467400000000026e+01 1.177920233400862315e+02 1.892144303711030773e+01
1.292556600000000060e+02 1.137209400000000059e+01 1.218622272638870072e+02 7.003283811943159520e+00
1.000685000000000002e+02 2.550993300000000019e+01 1.282099752099587704e+02 1.857363164272102241e+00
1.229745099999999951e+02 1.295093400000000017e+01 1.193976779337041307e+02 1.468374482258413138e+01
1.090832599999999957e+02 1.999703000000000008e+00 1.317941443882767771e+02 1.243948408552637552e+01
1.233764199999999960e+02 2.582111199999999940e+01 1.068162819246360584e+02 2.492010579552616534e+01
1.265958100000000002e+02 2.633954999999999913e+01 1.327418786073463934e+02 2.596892928762036945e+01
1.360905899999999917e+02 1.229396599999999928e+01 1.052604030633817871e+02 3.273464156913384926e+01
1.060613900000000029e+02 3.150582100000000096e+01 1.319075204708762783e+02 1.634909613297179831e+01
1.231192999999999955e+02 3.669859999999999900e+00 1.140238676424326627e+02 3.240525769753948993e+01
1.123588600000000071e+02 5.283899999999999708e-02 1.343463792027189925e+02 2.065203434480111611e+01
1.215634399999999999e+02 8.080892999999999660e+00 9.725189375797661739e+01 3.023614436101406966e+01
1.353319700000000125e+02 1.899710500000000124e+01 1.237074126980891862e+02 3.253216488923090566e+01
1.013173800000000000e+02 1.780067999999999984e+01 1.229158102046719421e+02 2.218317524063015966e+01
1.343265800000000070e+02 3.472433000000000192e+01 1.056891262270172689e+02 2.324167763958240318e-01
1.205678249999999991e+02 2.621988100000000088e+01 1.063109033976997893e+02 8.682993408760431464e+00
1.131231460000000055e+02 2.764571000000000112e+00 1.083635292328848720e+02 2.554815673168372925e+01
1.165043500000000023e+02 1.716985000000000028e+01 1.342840690907434293e+02 2.900404942927977459e+01
1.043113299999999981e+02 9.546936000000000533e+00 1.049531177935306516e+02 2.460114418723498275e+01
1.189205999999999932e+02 1.653125000000000000e+01 1.328030319794211778e+02 2.627408845611663324e+01
1.114416300000000035e+02 1.862790100000000137e+01 1.232128125864862369e+02 1.921986516771272413e+00
1.038123300000000029e+02 1.618331999999999837e+01 1.132539104856656706e+02 2.660712579280402323e+01
1.090837899999999934e+02 1.109345000000000026e+00 1.133369549820138786e+02 2.346746414850636242e+01
1.239427000000000021e+02 2.807401000000000035e+00 9.235308770190161454e+01 2.112546133508573121e+01
1.121058799999999991e+02 5.483360000000000456e-01 1.082860614305972149e+02 3.345205016944466259e+00
1.061289500000000032e+02 1.904555099999999968e+01 1.221737612937930351e+02 4.471379402897862620e-01
1.134846040000000045e+02 1.515536099999999919e+01 1.275227502123447039e+02 2.156265298956234844e+01
1.087293999999999983e+02 2.527930000000000010e+00 1.122164604715752034e+02 1.265689631548333161e+01
1.172721250000000026e+02 1.818978299999999848e+01 1.033170461127457287e+02 1.254885330326341908e+01
1.037949100000000016e+02 1.724506999999999834e+01 1.377115723758329011e+02 2.310508834819255242e+01
1.306562800000000095e+02 2.621539999999999981e-01 1.161452047132611654e+02 1.590717845883401615e+01
1.242183150000000040e+02 2.629088000000000136e+01 1.336989925278281532e+02 2.180825606857617416e+01
1.211908499999999975e+02 1.480161999999999978e+01 1.214579915722273569e+02 3.418024641432389643e+01
1.094362699999999933e+02 8.352039999999999464e-01 1.000765956360615405e+02 1.843248730907016864e+01
9.588267000000000451e+01 2.653397000000000006e+01 1.370171227074575313e+02 2.404481885728826995e+01
1.134964499999999958e+02 2.987325299999999828e+01 1.232735719209719321e+02 7.336612691027079691e+00
1.222376000000000005e+02 3.524550000000000183e-01 1.330546932484586478e+02 3.372947694459919177e+01
1.092677800000000019e+02 3.181741999999999848e+00 1.240088965704370025e+02 2.706338947656224292e+01
1.066250150000000048e+02 2.543620000000000214e+00 1.375649239249262337e+02 1.389106846107344495e+01
1.036124999999999972e+02 3.156100700000000003e+01 1.349737064932511998e+02 9.900357418861590375e+00
1.340509999999999877e+02 2.624378400000000156e+01 1.364128508206171659e+02 7.632231799217183976e+00
1.295191499999999962e+02 3.220691300000000012e+01 9.741373179137464433e+01 7.028721069356785200e+00
1.117162550000000039e+02 2.099041700000000077e+01 1.015649771117733593e+02 1.147698424529039762e+01
9.462124000000000024e+01 2.250560199999999966e+01 1.187665675786581687e+02 1.560591433244291082e+01
9.897129999999999939e+01 1.955711399999999855e+01 1.125878052424579892e+02 1.333537655215112672e+01
1.146143200000000064e+02 2.004928200000000160e+01 1.246966762439346184e+02 8.935354590422575072e+00
1.066582599999999985e+02 2.877814700000000059e+01 9.275856775479225291e+01 1.429385985516199753e+01
1.007646940000000058e+02 2.517087599999999981e+01 1.259220879554420662e+02 9.724619710353405111e+00
1.188802900000000022e+02 7.100107000000000390e+00 1.096456286480511721e+02 1.581099473989871562e+01
1.222190400000000068e+02 1.304349299999999978e+01 1.152410665496694406e+02 2.221091542961204368e+01
9.703319000000000472e+01 2.983398400000000095e+01 1.364449456053744143e+02 8.200057196149135308e-01
1.276204900000000038e+02 1.005807899999999933e+01 1.242661209754861176e+02 9.450184683394407870e+00
1.194723599999999948e+02 1.724490399999999823e+01 1.189717085444256668e+02 1.867837578817127531e+00
1.203130950000000041e+02 1.544907599999999981e+01 9.850868404582102755e+01 2.368100669195940000e+01
1.101911099999999948e+02 1.101826999999999934e+01 1.084105181608064612e+02 2.244047147216929261e+01
1.105762799999999970e+02 1.713849599999999995e+01 1.007197103823263546e+02 1.037982868458187014e+01
1.028035200000000060e+02 2.750330200000000147e+01 1.213317926644159570e+02 2.194426509477225196e+01
1.171505300000000034e+02 2.386019699999999943e+01 1.023600006232959601e+02 2.521867873010709360e+01
1.286007500000000050e+02 8.765936999999999202e+00 9.709854709646023707e+01 3.220615453835797126e+01
1.062109700000000032e+02 3.381889000000000145e+00 1.259635181119399618e+02 2.336072132559137415e+01
1.179452600000000047e+02 3.413794299999999993e+01 1.334908845176985608e+02 1.879551584919121332e+00
1.007858499999999964e+02 2.466396100000000047e+01 1.358840497978274300e+02 2.172602448213324067e+01
1.150682749999999999e+02 1.918149599999999921e+01 1.177293621429559352e+02 2.575172425667776821e+01
1.167711800000000011e+02 1.044548600000000071e+01 1.196111851416800675e+02 1.355736119662639183e+01
9.369768000000000541e+01 1.855701600000000084e+01 1.247573186669756069e+02 1.966198722076680783e+00
1.056286400000000043e+02 2.796617300000000128e+01 1.062398304229844541e+02 2.994381665267551185e+01
9.713448999999999955e+01 2.390841500000000153e+01 1.298695946081131467e+02 3.014226246512505014e+01
1.015828300000000013e+02 3.012794999999999845e+01 1.124311360466947036e+02 1.801757188603288640e+01
1.291559399999999869e+02 1.352395500000000084e+01 1.143826066448781091e+02 1.595523815339361562e+01
1.102496799999999979e+02 2.905307200000000023e+01 1.125800966235316594e+02 2.431166289058518970e+01
1.324894099999999924e+02 1.522223000000000104e+00 9.766559561600709571e+01 4.005949237369476279e+00
1.289265900000000045e+02 1.218157399999999946e+01 1.126302960503598598e+02 6.753779506749914674e+00
1.143764000000000038e+02 1.332743100000000069e+01 9.795430316277099791e+01 3.415506211608919074e+01
1.053158899999999960e+02 1.049280700000000088e+01 1.290720766494174256e+02 4.729613137175823212e+00
1.111686299999999932e+02 3.224828000000000117e+01 1.087738513062957679e+02 1.646181965589465790e+01
1.344432400000000030e+02 7.931499999999999773e+00 1.304796193138435569e+02 2.429633726840906505e+01
1.214285699999999935e+02 6.701778000000000013e+00 1.170685150819492435e+02 5.647173444045953339e+00
1.189220300000000066e+02 1.942037399999999892e+01 1.018233659688670940e+02 1.146667594935273371e+01
1.365753499999999860e+02 3.356936300000000273e+01 1.118742038809011206e+02 6.532313023110555505e+00
1.248241299999999967e+02 2.644671599999999856e+01 1.212016548896071839e+02 1.920239431636546090e+00
9.678136000000000649e+01 1.699195500000000081e+01 1.048764509818310700e+02 2.730282888559123933e+01
1.273446660000000037e+02 1.365026600000000023e+01 9.215863147786141951e+01 2.912331000924942614e+01
1.261416849999999954e+02 2.764416500000000099e+01 1.044029833293361804e+02 1.424892313887925077e+01
1.020639400000000023e+02 1.681472199999999972e+01 1.369086919807817821e+02 1.705476728114603802e+01
1.166539499999999947e+02 2.553005200000000130e+01 1.262109908404550822e+02 1.014618695444220897e+00
1.175999999999999943e+02 1.023433799999999927e+01 1.314956617171973789e+02 4.161076139042335420e+00
1.078804999999999978e+02 1.347900000000000098e+00 1.039958836837688523e+02 3.070315654701638763e+01
1.079673540000000003e+02 1.237299100000000074e+01 1.303847514935739866e+02 2.077914804083074785e+01
1.092710799999999978e+02 1.336278599999999983e+01 1.219812342653142991e+02 3.057750650309231233e+01
1.021120999999999981e+02 2.292310000000000159e+01 1.104225272684130630e+02 2.660746920633803114e+01
1.187546099999999996e+02 1.839382399999999862e+01 1.158899662445764704e+02 2.519562783579180021e+01
9.609209400000000301e+01 1.652753299999999825e+01 1.220321520849661283e+02 3.203777313020946593e+01
1.268122939999999943e+02 2.672148999999999930e+01 1.248626018349755213e+02 2.981106785708967521e+01
1.010540500000000037e+02 1.139439199999999985e+01 1.189482812452818621e+02 2.780136487599471451e+01
1.195968249999999955e+02 1.992211299999999952e+01 1.047540604227625920e+02 2.258146965524569083e+01
1.293298800000000028e+02 7.388890000000000180e-01 9.799724348683268715e+01 1.264042992139793498e+01
1.009060400000000044e+02 2.837463199999999830e+01 9.765656423147703435e+01 1.091308076453145226e+01
1.080707699999999960e+02 1.541756700000000002e+01 1.275055527445259713e+02 3.532028147231653037e+00
1.040049199999999985e+02 2.438359600000000071e+01 1.272996273185462712e+02 2.776239963811822165e+01
1.349069200000000137e+02 4.621629999999999905e-01 1.273182025769606014e+02 1.893307741607846850e+01
1.080927049999999952e+02 1.663354700000000008e+01 1.088355695145136224e+02 7.104610429991780940e+00
1.302385099999999909e+02 7.992467999999999684e+00 1.014405878198378304e+02 2.193253835822530462e+01
1.274334099999999950e+02 7.574142000000000152e+00 1.100683844470190991e+02 2.719805479515946534e-02
1.176956899999999990e+02 6.060266000000000375e+00 1.280425452262957435e+02 2.505145192163037748e+01
1.262135240000000067e+02 1.085353699999999932e+01 1.159899555452404343e+02 3.232843392864737098e+01
9.765413999999999817e+01 2.677711499999999845e+01 1.211433726019040478e+02 2.793093873947553618e+01
1.136585500000000053e+02 2.298645199999999988e+01 1.046394275090929540e+02 3.050559949584201647e+01
9.482461499999999432e+01 7.552875000000000227e+00 1.224193936720191545e+02 3.225656204243971814e+01
1.188353800000000007e+02 2.132730300000000057e+01 1.258609306467147633e+02 1.450372700931063719e+01
1.291512099999999919e+02 1.286193699999999929e+01 1.230330029807379617e+02 1.371699748430976484e+01
1.231785699999999935e+02 1.163075599999999987e+01 1.287258306289788266e+02 3.527568419870313887e-01
1.063705499999999944e+02 2.535100999999999871e+01 1.289560128859193355e+02 2.817670084023303900e+01
1.224305650000000014e+02 1.482882700000000042e+01 1.219232734497606430e+02 1.735602140789847425e+01
1.090422400000000067e+02 3.257660000000000000e-01 1.135464332042329545e+02 1.760791784169055418e+01
1.344037299999999959e+02 3.264661399999999958e+01 1.049844255564828472e+02 2.395577971401390727e+00
1.141837539999999933e+02 2.640196200000000104e+01 9.791162934854445155e+01 2.316513110154890143e+01
1.174418639999999954e+02 1.991549499999999995e+01 1.100880267208639793e+02 1.041814032819203639e+01
9.999969000000000108e+01 2.509792300000000154e+01 1.148094467574331929e+02 2.012770284724885173e+00
1.041200560000000053e+02 2.495909899999999837e+01 1.178394746108455564e+02 6.260036532727916381e+00
1.067415100000000052e+02 2.775080900000000028e+01 1.217222496769982598e+02 2.934712878366008937e+01
1.054926999999999992e+02 8.352017999999999276e+00 1.023553263380169085e+02 2.219475058706208515e+01
1.210699099999999930e+02 1.798126600000000153e+01 1.257654159107913898e+02 3.183063694257188914e+01
1.084680560000000042e+02 1.681018399999999957e+01 1.034930944688747445e+02 3.846529225562564935e+00
1.197646199999999936e+02 2.030460199999999915e+01 1.024465212345615441e+02 1.600829996017612800e+01
1.252033899999999988e+02 9.675684000000000395e+00 1.207923257573167461e+02 2.021061936716287022e+01
1.048792499999999990e+02 1.661124399999999923e+01 1.129889740405102287e+02 1.191471851699566287e+01
1.099067840000000018e+02 1.686253999999999920e+01 1.207520702646786646e+02 2.196116498749951162e+01
1.176774800000000027e+02 2.114383099999999871e+01 9.412156835341845351e+01 1.517003651963067057e+01
1.003582999999999998e+02 2.007404500000000169e+01 1.079240949988691796e+02 1.601491724286698215e+01
1.328286300000000040e+02 1.854412800000000061e+01 1.033074421422316220e+02 1.794331035842820299e+01
1.190961999999999961e+02 7.138060000000000516e-01 1.115158919962356805e+02 2.424891255339746010e+01
1.053674550000000067e+02 7.722144000000000119e+00 1.277776512443854813e+02 2.888011227707065487e+01
1.286027200000000050e+02 8.726665000000000560e+00 1.168126047359909165e+02 3.048034974256967189e+01
1.253882700000000057e+02 1.252098200000000006e+01 1.270003452726100477e+02 2.414156360356504294e+01
1.083680499999999967e+02 2.084225800000000106e+01 1.318385429068001145e+02 8.411148085448617806e+00
1.325039999999999907e+02 4.645293999999999812e+00 1.201828900129792714e+02 6.465843094905515898e+00
