1.205876159999999970e+02 1.334072899999999962e+01 9.938420197946770429e+01 2.878995556776010645e+01
1.115640259999999984e+02 1.853575000000000017e+01 1.347120416256731517e+02 3.240270927592781192e+01
1.135055600000000027e+02 1.730492999999999881e+01 1.111808259916152082e+02 8.506450866586325432e+00
1.050813700000000068e+02 4.424735000000000085e+00 1.376666825584900948e+02 1.007618999474534505e+01
1.176738359999999943e+02 1.385884099999999997e+01 1.220285320939854188e+02 1.903369325050565308e+01
1.242736299999999972e+02 6.831006000000000355e+00 9.564542127310041053e+01 2.466242620359618343e+01
1.166653400000000005e+02 4.134577000000000169e+00 1.122369493421466018e+02 1.669124656410551566e+01
1.229570539999999994e+02 1.920611999999999986e+00 1.048980739552456640e+02 2.319206779239954486e+01
1.221295800000000042e+02 8.650660999999999490e+00 1.373790357680727823e+02 1.107420513755746150e+01
1.287243799999999965e+02 8.558763000000000787e+00 1.307454821199680737e+02 6.997540016609857361e+00
9.833840999999999610e+01 3.082450000000000045e+01 1.271810533322668846e+02 6.273347348159567183e+00
1.148470839999999953e+02 1.232656199999999913e+01 1.033377550437705850e+02 1.852176320309603952e+01
1.040978850000000051e+02 1.695514100000000113e+01 1.090485900050252610e+02 2.280719686084835995e+00
1.140755900000000054e+02 8.455011999999999972e+00 1.318922873379151497e+02 2.929982049080827977e+01
9.890682999999999936e+01 1.802293200000000084e+01 1.275495616284351570e+02 2.650606942540205679e+01
1.084516140000000064e+02 7.152399999999999869e-01 1.328852877638885559e+02 2.471759917126925998e+01
1.072773499999999984e+02 2.767564799999999892e+01 1.046178061227393385e+02 2.820870205344889747e+00
1.082274599999999936e+02 2.717001000000000133e+01 1.265093620800094527e+02 3.248041872404753505e+00
1.349317599999999970e+02 1.207422299999999993e+01 9.451666083911504757e+01 3.264681878323472120e+01
1.047877660000000049e+02 2.743140400000000056e+01 1.319333231024755548e+02 2.082477963681967736e+01
1.073891449999999992e+02 2.746964799999999940e+01 1.305511193807565178e+02 6.538652846629574356e+00
1.331978300000000104e+02 1.207540099999999939e+01 1.165675213721653307e+02 2.811146188185765737e+01
1.199054399999999987e+02 1.518948900000000002e+01 9.804009364674573135e+01 1.060983680893109060e+01
1.123588600000000071e+02 5.283899999999999708e-02 1.009090897049942726e+02 1.862875349319182305e+01
1.030357699999999994e+02 2.493956400000000073e+01 1.374942658773222206e+02 2.605978195290194144e+00
1.281656299999999931e+02 6.427754000000000190e+00 1.056838620695557012e+02 3.489861463555863708e+01
1.368218999999999994e+02 9.378269999999999662e-01 1.250889938217603401e+02 3.098617919275750410e+01
1.082674300000000045e+02 2.621295500000000089e+01 1.031675074148829054e+02 9.570634777345745192e+00
9.974796999999999514e+01 3.379717300000000080e+01 1.188375880433442120e+02 3.078425967892724202e+01
1.123576999999999941e+02 3.279659999999999798e-01 1.349202762380230070e+02 1.573867859288340298e+01
1.081589000000000027e+02 1.194670699999999997e+01 9.922136980978831389e+01 2.312818386460962827e+01
9.548212999999999795e+01 1.554973200000000055e+01 1.039714971767213569e+02 9.404178663307082076e+00
1.344861300000000028e+02 1.449819800000000036e+01 1.231023611584523394e+02 3.444275827968057424e-01
9.288236999999999455e+01 2.260556000000000054e+01 1.370578801576539263e+02 6.671337131301623202e+00
1.099410100000000057e+02 2.527390700000000123e+01 1.293498625306397400e+02 2.379853930976319987e+01
1.065750199999999950e+02 2.890432200000000051e+01 1.034105965019918330e+02 3.027650230265662401e+01
1.181643140000000045e+02 2.271122000000000085e+01 1.114028951931878595e+02 3.167761032156535705e+01
1.231192999999999955e+02 3.669859999999999900e+00 9.651661406530281795e+01 3.237856370114826632e+01
1.130060650000000066e+02 2.550459999999999994e+01 1.154960068905563020e+02 2.491891130172498947e+01
9.410971999999999582e+01 1.075564600000000048e+01 1.151047026028078193e+02 2.192847849922992509e+01
9.793104999999999905e+01 2.979559499999999872e+01 9.369366492347458575e+01 1.498229708622714362e+01
1.090832599999999957e+02 1.999703000000000008e+00 1.179211802613651514e+02 3.469039753577752094e+01
1.088684839999999951e+02 1.869618999999999920e+00 1.152244982081833484e+02 3.549613272210724979e+00
1.216805700000000030e+02 2.875600000000000031e-02 1.031880089922162540e+02 3.307944214125457449e+01
1.108547200000000004e+02 1.948833799999999883e+01 1.244788301109122131e+02 1.335378874781438618e+01
1.053509449999999958e+02 9.028912999999999300e+00 1.120463823993419226e+02 2.809946158436371988e+01
1.119646900000000045e+02 1.463188599999999973e+01 1.216643232962150307e+02 2.068139104440625076e+01
1.164053499999999985e+02 1.685597999999999885e+01 1.256993381427900260e+02 3.088373076138682549e+01
1.187546099999999996e+02 1.839382399999999862e+01 9.319077190507421449e+01 1.490527020025189664e+01
1.060799499999999966e+02 9.110470000000000512e-01 1.106861782119746351e+02 3.093946426928031812e+01
1.123958300000000037e+02 1.957101600000000019e+01 1.038413890789590397e+02 7.461033940017091304e+00
1.063184499999999986e+02 2.189414199999999866e+01 1.139549296919010430e+02 3.888308479047271504e+00
1.210716900000000038e+02 6.892971000000000181e+00 1.203320848993154897e+02 1.265115761392201499e+01
1.349924800000000005e+02 2.427803000000000111e+01 1.320241867745175455e+02 3.137390108193425675e+01
1.101911099999999948e+02 1.101826999999999934e+01 1.339615459294070376e+02 3.454296158100603975e+01
1.344405199999999923e+02 3.228481299999999976e+01 1.208192629786534127e+02 2.762973316388964040e+00
1.009060400000000044e+02 2.837463199999999830e+01 1.022171809045416921e+02 2.326206930390779348e+01
1.136618399999999980e+02 2.985846499999999892e+01 1.010507224276494185e+02 9.348288360268435682e+00
1.143764000000000038e+02 1.332743100000000069e+01 1.102799080257453994e+02 2.738894821892950304e+01
9.588267000000000451e+01 2.653397000000000006e+01 1.141195584094556637e+02 2.106427165155997017e+01
1.302385099999999909e+02 7.992467999999999684e+00 1.357138366791855617e+02 2.419786794530511287e+01
1.305737499999999898e+02 2.831986999999999810e+00 1.128781302228032359e+02 3.397621451845522245e+01
1.139231400000000036e+02 3.106367300000000142e+01 1.284086052862797658e+02 1.972318658327607821e+01
1.008899150000000020e+02 2.474351700000000065e+01 1.117019584855606809e+02 7.616444828490585905e+00
1.073838200000000001e+02 2.117361000000000004e+01 9.533434310023889680e+01 7.257166989376107047e+00
1.343265800000000070e+02 3.472433000000000192e+01 1.011941899919093544e+02 1.527376015978175339e+01
1.206234199999999959e+02 2.294290000000000163e+00 1.259388844864152759e+02 1.504308146309464966e+01
9.844208500000000583e+01 2.976761600000000030e+01 1.342471771763823085e+02 1.588980140687178810e+01
1.008322600000000051e+02 1.836909500000000151e+01 1.025673706224251731e+02 7.549891099366528913e+00
1.181860400000000055e+02 2.456443600000000060e+01 1.139458963344872018e+02 1.059100443658803314e+01
1.148769499999999937e+02 6.728119999999999656e-01 1.249101940289829287e+02 2.764983470995718662e+01
9.515203999999999951e+01 1.569428800000000024e+01 9.593032069393018446e+01 2.926916066071269640e+01
1.114765500000000031e+02 2.000540499999999966e+01 1.183171485565553382e+02 2.315848226454495418e+01
1.350492700000000070e+02 1.381308300000000067e+01 1.051553681862208549e+02 5.177790452299146473e+00
1.189205999999999932e+02 1.653125000000000000e+01 1.236331890524998300e+02 2.841249333567986213e+01
1.093217539999999985e+02 1.300310099999999913e+01 1.131058604809365562e+02 4.480404491533036548e+00
1.126715200000000010e+02 1.748623999999999867e+01 9.405135406336633253e+01 1.291995481966293546e+01
1.273446660000000037e+02 1.365026600000000023e+01 1.303675604591898036e+02 1.988475995281974562e+01
1.344432400000000030e+02 7.931499999999999773e+00 1.200413239273795227e+02 2.276113339794320733e+00
1.006493899999999968e+02 1.672829600000000028e+01 1.349187397127154213e+02 2.386043817282348911e+01
1.331578700000000026e+02 1.155118900000000082e+01 1.239829776959873016e+02 7.301368814500956539e+00
1.015857799999999997e+02 1.553561999999999976e+01 1.146276921897619161e+02 3.294861484864775747e+01
1.224132840000000044e+02 1.063505699999999976e+01 1.130348296232334206e+02 3.133709989893548453e+01
1.064823149999999998e+02 3.252676000000000123e+00 1.213121282940893906e+02 1.744980747549915989e+01
1.078804999999999978e+02 1.347900000000000098e+00 1.254345417546772126e+02 9.439200686869407164e+00
1.109355999999999938e+02 1.694945099999999982e+01 1.005429644176695660e+02 2.343446925522712476e+01
1.167711800000000011e+02 1.044548600000000071e+01 1.094588383221587122e+02 1.474303157110766094e+01
1.078898599999999988e+02 1.824183700000000030e+01 9.687564457468130286e+01 2.222875954167244927e+01
1.247720099999999945e+02 6.038419999999999899e-01 1.042657575439276627e+02 1.643017589378350518e+00
1.075842059999999947e+02 1.186463999999999963e+01 1.038922070163019669e+02 6.218457552891243800e+00
1.277506199999999978e+02 9.857113000000000014e+00 9.882536451571925795e+01 5.587804605184929940e+00
1.291559399999999869e+02 1.352395500000000084e+01 9.962631663747262678e+01 1.770811004580367509e+01
1.314515000000000100e+02 1.002607700000000079e+01 1.151186592959780342e+02 1.817676185313407444e+01
9.446862000000000137e+01 4.517010000000000192e-01 1.327962664613777406e+02 3.702755206646379804e+00
1.298188600000000008e+02 9.076064999999999827e+00 1.194879577424690638e+02 2.726443128571910535e+01
1.006795400000000029e+02 2.482919000000000054e+01 9.992446685360826564e+01 2.442580982668180312e+01
9.723202000000000567e+01 2.960429800000000000e+01 1.282521051884671124e+02 3.429490643091332203e+01
9.605414600000000291e+01 3.418947000000000003e+01 1.281216735900619028e+02 7.351095924700932649e+00
1.004917399999999930e+02 3.001473800000000125e+01 1.226199227918039583e+02 1.934462908266069547e+01
1.269099199999999996e+02 8.830450000000000799e+00 1.145395999816365844e+02 1.486201634673499150e+01
1.028035200000000060e+02 2.750330200000000147e+01 1.125217751176065093e+02 1.216491923731093650e+01
9.982527000000000328e+01 2.515078700000000111e+01 1.098559849925548662e+02 1.202033069554719447e+01
1.096788600000000002e+02 1.849008999999999903e+00 9.617355026526263373e+01 1.192245563747392367e+01
1.211230850000000032e+02 1.021513700000000036e+01 1.138233310622180170e+02 3.069634138298606985e+01
1.201523200000000031e+02 2.317364500000000049e+01 1.238194167065570639e+02 4.144193200181269354e+00
1.244601700000000051e+02 2.153512000000000093e+00 1.331238199744796873e+02 1.283675679062924324e+01
9.609209400000000301e+01 1.652753299999999825e+01 9.305424959398936835e+01 2.599965300178441741e-01
1.253882700000000057e+02 1.252098200000000006e+01 1.269579057310336623e+02 2.470171688325124038e+01
1.006064200000000000e+02 2.769523600000000130e+01 1.376396277207866774e+02 1.077091026522285055e+00
9.848784999999999457e+01 2.775841000000000136e+01 1.342919257375046129e+02 2.362748838039417620e+01
1.128090440000000001e+02 2.218561000000000050e+01 1.318432810193775140e+02 1.910136376776716105e+01
1.007823300000000017e+02 2.154664599999999908e+01 1.258680743626180458e+02 2.670565898007457406e+01
1.021120999999999981e+02 2.292310000000000159e+01 1.240646690778493308e+02 3.056989260538571784e+00
1.307908799999999871e+02 1.009277999999999897e+00 1.173372833764126568e+02 7.041152971768701363e+00
1.118345640000000003e+02 2.392749999999999877e-01 1.199067585769093114e+02 1.959518851714918242e+01
1.150682749999999999e+02 1.918149599999999921e+01 1.197724538739678337e+02 2.509754343714846669e+01
1.167593700000000041e+02 2.162810899999999847e+01 1.369078855428321049e+02 2.632566728322296967e+01
1.063705499999999944e+02 2.535100999999999871e+01 9.468606774396978665e+01 1.174870424448881323e+01
9.897588000000000363e+01 1.434022700000000050e+01 9.269766854130789113e+01 1.959567415965997128e+01
1.127789899999999932e+02 1.603903199999999885e+01 1.170630564829309321e+02 7.960766751080777803e-01
1.194070700000000045e+02 1.974189399999999850e+01 9.898953656137209123e+01 2.296262700169303272e+01
1.299299300000000130e+02 1.610754400000000075e+01 1.293491559330144582e+02 2.823304914410174149e+01
1.235973099999999931e+02 1.219101299999999988e+01 1.157324831534112093e+02 1.131505431597286204e+01
1.038327500000000043e+02 1.301466800000000035e+01 1.150509067595363035e+02 2.946520261467828306e+00
1.034781339999999972e+02 1.418773999999999980e+01 1.229410576429849300e+02 4.839489593322964467e+00
1.137061499999999938e+02 2.920176500000000175e+01 1.209775244848974154e+02 1.032972596741876004e+01
1.074369499999999960e+02 2.925465799999999916e+01 1.189072182378736358e+02 7.503883644320802127e+00
1.063896100000000047e+02 3.912881000000000054e+00 1.299980013534820671e+02 4.458380412200960485e+00
1.171882999999999981e+02 2.439474999999999838e+01 1.233913362963026259e+02 2.456724187231917256e+01
9.989088999999999885e+01 2.683164999999999978e+01 1.215220845129877887e+02 2.980315555013676843e+01
1.130644759999999991e+02 5.041568999999999967e+00 9.500280936090588568e+01 2.245404466130626631e+01
1.015794000000000068e+02 7.872015000000000207e+00 9.919560490293075361e+01 3.415701032729994591e+00
1.063444439999999958e+02 3.975452000000000208e+00 1.259653981810618859e+02 1.322857413823434491e+01
1.122994499999999931e+02 1.439847999999999928e+01 1.312548146994157037e+02 3.242140525936541451e+01
1.035757499999999993e+02 1.086949599999999982e+01 9.724634658915871910e+01 3.464818601818353727e+01
1.086714099999999945e+02 1.278264599999999973e+01 9.659548073505715138e+01 1.643206527804886852e+00
1.346454300000000046e+02 1.258279899999999962e+01 1.208565107065762732e+02 1.323817096691690054e+01
1.045286559999999980e+02 2.332880600000000015e+01 1.170820810001029457e+02 1.025529794317379739e+01
9.884615999999999758e+01 1.700900999999999996e+01 1.127944064468201049e+02 2.669711032007545271e+01
1.358888900000000035e+02 4.520160999999999873e+00 1.042834546420851183e+02 2.521838869856315668e+01
1.318405300000000011e+02 1.077468200000000031e+01 1.254312357594768059e+02 6.700755905215379116e+00
1.134846040000000045e+02 1.515536099999999919e+01 9.852768801412329935e+01 2.241594025741033036e+01
1.071924700000000001e+02 1.362108100000000022e+01 1.350105297486149141e+02 2.573241469552433358e+01
1.306561399999999935e+02 2.535673000000000066e+00 1.208937255727501281e+02 2.426117540714725251e+01
1.053674550000000067e+02 7.722144000000000119e+00 1.072056908893260356e+02 1.085855176089153495e+01
1.039862200000000030e+02 2.419322400000000073e+01 1.138394738396301875e+02 5.648363384627915096e+00
1.240121900000000039e+02 1.423227999999999938e+00 1.258247248286985496e+02 2.828358738140436657e+01
1.040049199999999985e+02 2.438359600000000071e+01 9.438539763309412933e+01 3.199824686473813529e+01
1.148329200000000014e+02 2.281423799999999957e+01 1.204697781350143799e+02 2.254408571420460206e+01
1.049673540000000003e+02 2.282041399999999953e+01 1.262301811395401501e+02 1.709959385623092842e+01
1.072066800000000057e+02 2.882234800000000163e+01 1.150218367113994020e+02 3.318879168872671670e+01
1.010747149999999976e+02 1.745857799999999926e+01 1.148581277369054163e+02 2.674631810805616539e+01
1.219990200000000016e+02 5.213186999999999571e+00 1.372172071738076795e+02 7.806818195741407784e+00
1.064715499999999935e+02 3.050993000000000066e+00 1.090356782909428404e+02 2.231028353989138679e+01
1.194439849999999979e+02 3.088717700000000121e+01 9.645813064494321054e+01 2.270317279119229781e+01
1.176956899999999990e+02 6.060266000000000375e+00 1.026216014759326924e+02 2.064951574544161161e+01
9.686450000000000671e+01 3.287660000000000338e+01 9.480729414409093181e+01 1.309458012073382882e+01
1.117162550000000039e+02 2.099041700000000077e+01 1.081700579312753234e+02 2.400144486901169216e+01
1.131231460000000055e+02 2.764571000000000112e+00 1.055714053082208039e+02 1.124997826768555953e+01
1.075895799999999980e+02 1.972467400000000026e+01 1.104489466090281695e+02 2.239455356718683987e+01
1.255835950000000025e+02 1.142485399999999984e+01 1.183013496012431887e+02 2.602559991075553469e+01
1.252033899999999988e+02 9.675684000000000395e+00 1.073634991675830008e+02 2.876846577986598774e+01
1.146143200000000064e+02 2.004928200000000160e+01 1.220037247386758281e+02 2.477682250458162017e+01
1.303218400000000088e+02 8.996290000000000120e-01 1.225507393981732776e+02 1.793219936084226518e+01
1.222981000000000051e+02 3.382558000000000220e+01 1.316929176582849550e+02 2.872826313101370843e+01
1.328286300000000040e+02 1.854412800000000061e+01 1.144994151225960763e+02 2.314141559853832320e+01
1.221146700000000038e+02 7.678874999999999673e+00 1.241980858561212528e+02 2.579556129206903137e+01
1.276204900000000038e+02 1.005807899999999933e+01 1.364158900851728617e+02 3.226973906042314866e+01
1.219884500000000003e+02 2.734084500000000162e+01 1.292381208127696937e+02 2.000382668256356311e+01
1.305158500000000004e+02 8.179097000000000506e+00 1.344933146666006394e+02 2.623148110352747153e+01
1.217082599999999957e+02 1.563973999999999975e+01 1.092898378879575034e+02 2.882274668562630282e+01
1.102496799999999979e+02 2.905307200000000023e+01 1.121609971401875043e+02 9.466382837441237541e+00
1.270486300000000028e+02 1.419520600000000066e+01 1.103997812621811789e+02 3.463674562347624430e+01
1.262176500000000061e+02 1.077972399999999986e+01 1.256502487129905887e+02 2.742246082825272069e+01
1.078554800000000000e+02 1.840535399999999910e+01 1.012671767858419827e+02 3.229421467084797115e+01
1.264986999999999995e+02 2.455890000000000128e+01 1.239708454323379954e+02 2.990134438517277715e+01
1.151012699999999995e+02 2.510251999999999839e+01 1.240959156512168704e+02 3.101178885118866901e+01
1.349417400000000100e+02 3.249795499999999748e+01 9.529882372252360767e+01 3.024681735671468630e+01
1.245306700000000006e+02 7.659853000000000023e+00 1.105397734278801636e+02 1.649668590464007423e+01
1.286794999999999902e+02 1.162912799999999969e+01 9.253027768661812047e+01 2.803633414612934249e+00
1.324894099999999924e+02 1.522223000000000104e+00 1.068438507120311698e+02 1.265878311412287793e+01
1.359555699999999945e+02 2.916656499999999852e+01 1.322282736060560069e+02 2.303055793725456368e+01
1.284304700000000139e+02 1.899298699999999940e+01 1.250242717870606839e+02 2.579478178115182985e+01
1.353685499999999990e+02 1.775348299999999924e+01 1.090427308126304808e+02 1.356622914171092376e+00
1.024364300000000014e+02 2.697588299999999961e+01 1.137667868245611231e+02 2.146986945525415891e+01
1.164321900000000056e+02 1.890602499999999964e+01 1.288505206528296867e+02 3.381847481374017406e+01
1.162218600000000066e+02 1.465482599999999991e+01 9.489182324331265761e+01 3.192611981568181179e+01
1.251748699999999985e+02 2.681115199999999987e+01 1.052895948566681597e+02 2.715360333779482005e+01
1.370245700000000113e+02 1.147566899999999990e+01 1.157607358321760671e+02 2.396029361826307635e+01
1.305980999999999881e+02 1.224686600000000070e+01 1.107594308763920310e+02 7.938286305950665422e+00
1.340509999999999877e+02 2.624378400000000156e+01 1.197397774371126644e+02 2.044442358012026517e+01
1.332452999999999861e+02 2.728622999999999799e+00 1.335902108271315853e+02 9.552585303041841058e+00
1.061328350000000000e+02 2.596210900000000166e+01 9.265267503543898897e+01 2.961457043149525603e+01
1.030200499999999977e+02 2.779550400000000110e+01 9.505185161638516433e+01 1.453016085511948496e+00
1.225821150000000017e+02 6.734340000000000437e+00 1.190917915069028936e+02 1.282581187410947177e+00
1.182392499999999984e+02 2.503325500000000048e+01 1.240539875106048839e+02 1.670351851045428404e+01
1.016832100000000025e+02 1.628771199999999908e+01 9.233294763061435617e+01 2.926526362308525808e+00
1.207063399999999973e+02 1.393922799999999995e+01 1.109945865728230672e+02 2.960982551013998076e+01
1.250700149999999979e+02 1.553383900000000040e+01 1.108653026690559358e+02 1.280606294918274912e+01
1.272875200000000007e+02 3.735890000000000044e-01 1.025233825999430053e+02 1.157061045524767451e+01
1.098809700000000049e+02 2.526983800000000002e+01 1.048356167822934708e+02 1.937211047367559402e+01
1.088749899999999968e+02 2.917879299999999887e+01 1.101396655076063809e+02 2.967801264871639333e+01
1.192039699999999982e+02 8.441069999999999851e+00 1.308516708461991982e+02 5.163302785182916077e-01
1.209411199999999980e+02 1.190699900000000078e+01 1.202043874582031009e+02 1.627548170804682925e+01
1.019195560000000000e+02 2.802453799999999973e+01 1.081467389407535364e+02 2.298339099039349964e+00
1.237617400000000032e+02 2.570814499999999825e+01 1.271529844320049563e+02 1.675410518899894541e+01
1.068959600000000023e+02 4.261408999999999558e+00 1.355711933964925038e+02 9.618167677853012520e+00
1.219842399999999998e+02 1.118587100000000056e+01 1.150229896470248576e+02 1.034798682187791918e+01
1.346648600000000044e+02 1.416948599999999914e+01 1.138551343539895697e+02 2.303005127320405521e+01
9.996817000000000064e+01 2.509249700000000161e+01 9.779504013868606194e+01 7.300416922512794393e+00
1.211047800000000052e+02 2.653878999999999877e+01 1.007699307072827821e+02 2.559659675703165505e+01
1.078730850000000032e+02 3.194168000000000163e+01 1.029596740202848366e+02 1.068259555039492348e+01
1.172729949999999945e+02 2.140795900000000174e+01 1.124190585814319689e+02 3.607791123114428844e-01
1.294916100000000085e+02 2.620026999999999884e+00 1.002010134057108246e+02 3.641026912925344750e+00
9.569082000000000221e+01 2.712815700000000163e+01 1.351103510574253050e+02 7.584602396775599331e+00
1.222376000000000005e+02 3.524550000000000183e-01 1.006394914211524991e+02 7.216702546011771746e-01
1.114416300000000035e+02 1.862790100000000137e+01 1.154715148207180846e+02 1.177668242412515553e+01
9.954652400000000512e+01 2.725922600000000173e+01 1.292580042284030242e+02 2.934921755764836249e+01
9.786359400000000619e+01 2.648629000000000033e+01 1.094392214346239314e+02 1.049159211458985652e+01
1.159619799999999969e+02 3.274969500000000266e+01 1.223763192630027419e+02 2.914234340721367289e+01
9.639709999999999468e+01 2.889318000000000097e+01 1.251303187312836513e+02 1.000327089915636058e+01
1.179488199999999978e+02 1.651808199999999971e+01 1.122302316690753230e+02 2.876181565066876544e+01
1.221725399999999979e+02 1.971065000000000067e+00 1.130781355668322874e+02 2.909929061641187076e+01
1.088499999999999943e+02 2.839095999999999975e+01 1.348151850035283132e+02 1.476477850571291661e+01
1.291512099999999919e+02 1.286193699999999929e+01 1.376327599489526960e+02 1.339688577047517626e+01
1.325039999999999907e+02 4.645293999999999812e+00 1.073010384071433236e+02 2.788360302100700849e-01
1.006839099999999974e+02 4.718844999999999956e+00 1.018035922745545321e+02 2.089994435044162202e+01
1.309361900000000105e+02 8.523167000000000826e+00 1.171236089272843799e+02 9.848069651133242175e+00
1.110126900000000063e+02 2.886413999999999902e+01 1.142172379519204384e+02 1.267708144549260396e+01
1.303266000000000133e+02 5.151488999999999763e+00 1.118475004130438322e+02 2.008841900705030881e+01
1.125423660000000012e+02 2.072739999999999938e+01 1.096116012805344582e+02 5.959512829336612860e+00
1.344037299999999959e+02 3.264661399999999958e+01 1.057980899145624676e+02 3.331039463917061028e+01
1.221287399999999934e+02 7.625099999999999767e+00 1.174165944587134192e+02 1.235582770779217832e+01
1.002797900000000055e+02 2.030880499999999955e+01 1.342045565404558261e+02 1.735917048172563071e+01
1.236907599999999974e+02 2.655348599999999948e+01 1.181890079061823826e+02 2.255096733078456595e+01
1.105762799999999970e+02 1.713849599999999995e+01 9.601679626253975641e+01 1.671304259199332121e+00
1.005264739999999932e+02 1.630819999999999936e+01 1.330325601342998425e+02 1.322561090493087832e+01
9.482461499999999432e+01 7.552875000000000227e+00 1.326382076268323544e+02 3.126546062155023264e+01
1.215120100000000036e+02 3.517780999999999825e+00 1.170195792964313029e+02 2.935669101432994665e+01
9.520380000000000109e+01 2.239091700000000174e+01 9.714081771346737071e+01 2.975733392607381589e+01
1.215634399999999999e+02 8.080892999999999660e+00 1.024393446994466501e+02 1.629758107255717547e+01
1.161196300000000008e+02 2.374014299999999977e+01 1.243835462279727722e+02 2.346619557282214075e+01
1.188353800000000007e+02 2.132730300000000057e+01 1.286259864864461520e+02 8.916814495715634337e+00
1.209112899999999939e+02 7.267337999999999631e+00 1.065768365537769853e+02 3.383031773745742044e+01
1.087034450000000021e+02 1.879413800000000023e+01 9.936818533775799267e+01 4.684596626383358275e-01
1.053158899999999960e+02 1.049280700000000088e+01 1.366177211162130618e+02 3.066799395529183236e+00
1.205367660000000001e+02 1.833390400000000042e+01 1.284886741944810069e+02 3.849393304149633099e+00
9.264901000000000408e+01 2.078608699999999843e+01 1.037184468439061362e+02 5.401473847985554855e+00
1.312442299999999875e+02 1.030026800000000087e+01 9.840272534341170285e+01 6.951203946625708063e+00
1.130037300000000045e+02 2.547221800000000158e+01 1.314730658293637759e+02 3.120528693872675419e+01
1.045020300000000049e+02 3.012155500000000075e+01 1.201018612395763654e+02 2.757400959497215354e+01
1.356580399999999997e+02 1.759958500000000114e+01 1.353387031118955690e+02 2.107047473680468741e+01
1.349519999999999982e+02 1.169487200000000016e+01 1.052165688299216271e+02 2.570666509446777326e+01
9.699267600000000300e+01 3.332831000000000188e+01 9.972501259033145971e+01 3.213483162701987084e+00
1.357005499999999927e+02 1.938025700000000029e+01 1.367641124915101614e+02 1.932853956426534836e+01
1.207382000000000062e+02 1.915753600000000034e+01 1.187234357326452141e+02 2.283296882982412868e+01
1.164659599999999955e+02 1.853562499999999957e+01 1.335540148446834792e+02 2.642241210078091740e+01
1.074125099999999975e+02 6.090900000000000425e+00 1.137400110838008942e+02 2.995491754549444607e+01
1.038123300000000029e+02 1.618331999999999837e+01 1.017192553971018469e+02 2.519237007755264202e+01
1.306562800000000095e+02 2.621539999999999981e-01 1.185892125573488727e+02 2.386075778235962730e+00
1.089955800000000039e+02 1.639875599999999878e+01 1.357605445864773515e+02 6.793272649027924714e+00
1.064971539999999948e+02 2.229241000000000028e+01 1.069538461524856814e+02 2.981433944211537845e+00
1.259232559999999950e+02 4.161654000000000408e+00 1.334125625196119813e+02 3.436961498693514727e+01
9.882135999999999854e+01 3.069462800000000158e+01 1.172800079498440766e+02 6.728497452250457478e+00
1.132784039999999948e+02 2.408719599999999872e+01 1.099633105446056902e+02 1.666516913301961011e+01
1.269610100000000017e+02 1.226305200000000006e+01 1.291003492954233423e+02 2.764879933195462769e+01
1.233474350000000044e+02 2.519231399999999965e+01 9.615317031870687003e+01 2.430836801275744463e+01
1.323020500000000084e+02 3.039486999999999828e+00 9.455945896870215961e+01 3.222076641480089876e+01
1.132667699999999940e+02 2.412417599999999851e+01 1.133919243860841704e+02 2.465315174393400355e+01
1.135468599999999952e+02 1.324376900000000035e+01 1.124993846375393645e+02 1.985654780545394615e+01
1.048228900000000010e+02 3.249645600000000201e+01 1.277435253887181403e+02 5.876104977726697598e+00
1.049325299999999999e+02 2.927804199999999923e+01 1.333848278907293547e+02 3.557857515140530502e+00
1.139202300000000037e+02 1.739189000000000007e+01 1.103432045982482066e+02 2.820780698798130981e+00
1.140832999999999942e+02 2.683112699999999862e+01 1.041619551078373433e+02 3.408310408409330705e+01
1.034284499999999980e+02 2.847408899999999932e+01 9.764945343088776042e+01 2.870604250986695760e+01
1.111686299999999932e+02 3.224828000000000117e+01 1.170348901628689475e+02 2.495011564229719880e+01
1.297366499999999974e+02 1.097087800000000080e+01 9.206520833773623735e+01 1.000180843382867302e+01
1.007646940000000058e+02 2.517087599999999981e+01 1.340006689294276043e+02 3.918886963750041197e+00
1.005045199999999994e+02 2.882197800000000143e+01 1.126303236320224528e+02 3.085934624523195779e+00
1.205819099999999935e+02 1.267323900000000059e+01 1.085956579998772895e+02 2.537161676414433842e+01
1.012301199999999994e+02 1.617340499999999892e+01 1.077459011807433171e+02 2.232151559331533619e+01
1.055970499999999959e+02 6.590237000000000123e+00 1.213824651287163761e+02 5.599125584924588672e+00
1.174418639999999954e+02 1.991549499999999995e+01 1.031941920943583284e+02 1.915262051460123516e+01
1.287118000000000109e+02 8.186422000000000310e+00 1.109776069224964488e+02 2.943202823723758854e+01
1.252770199999999932e+02 1.020389400000000002e+01 1.167669841061921403e+02 9.995393164705690836e+00
1.358911999999999978e+02 3.048414999999999875e+00 1.191616221462642216e+02 1.480881978244405595e+00
1.165043500000000023e+02 1.716985000000000028e+01 1.341896546152433984e+02 2.544169999350365430e+01
1.210841450000000066e+02 2.834050999999999831e+01 9.430038215810425584e+01 2.651028304728941265e+01
1.042143250000000023e+02 3.424630400000000208e+01 1.306082458592493936e+02 2.332380243997960179e+01
1.004711900000000071e+02 2.451955200000000090e+01 1.203963216083991767e+02 1.712082848836711335e+01
1.140009500000000031e+02 2.463463799999999893e+01 1.090732224779684429e+02 1.440709289096693713e+00
1.211908499999999975e+02 1.480161999999999978e+01 9.388763175563481411e+01 3.027187290474835990e+01
1.214991760000000056e+02 1.366147199999999984e+01 1.313033634955395428e+02 3.247811276717384743e+01
1.030680899999999980e+02 2.392125499999999860e+01 1.054667213438825115e+02 2.724289682881587993e+01
1.044074200000000019e+02 1.407581799999999994e+01 1.276153428799440803e+02 5.252217368897388106e+00
1.092677800000000019e+02 3.181741999999999848e+00 1.148561976217439025e+02 2.773547108826550200e+01
1.219563600000000037e+02 4.037063999999999986e+00 1.241373471687306136e+02 3.349176033393541729e+01
1.138388060000000053e+02 1.427283199999999930e+01 1.197392390161983968e+02 1.923459413359550396e+01
1.162961800000000068e+02 2.799809799999999882e+01 9.704071614398820600e+01 2.375047172329843193e+01
1.211260759999999976e+02 1.171536500000000025e+01 1.253776958069666989e+02 3.314516668654269971e+00
9.715987400000000207e+01 1.592667499999999947e+01 1.196575501611237087e+02 1.815957045085185939e+01
1.367545299999999884e+02 1.483705600000000047e+01 1.058598472915504800e+02 1.248688614871931790e+01
1.028629600000000011e+02 1.609947599999999923e+01 1.187924381194064267e+02 1.749676504621082884e+01
1.183520900000000040e+02 1.158915299999999959e+01 1.204784998686281767e+02 1.566086693427330090e+01
1.011475200000000001e+02 2.924591300000000160e+01 1.173157808369203678e+02 4.654944050540695599e+00
9.899518999999999380e+01 3.035501000000000005e+01 1.218124283380982718e+02 7.717777521427549026e+00
1.142837099999999992e+02 1.745475199999999916e+01 1.179562851562077128e+02 2.032283027396389485e+01
1.091274599999999992e+02 2.936315300000000050e+01 1.279746321966428582e+02 5.721730454849021541e+00
1.289122600000000034e+02 1.145462200000000053e+01 1.010192363188770344e+02 9.827246119081081588e+00
1.133417740000000009e+02 1.599369000000000085e+01 1.343222262269139264e+02 1.689163839200696415e+01
1.140301000000000045e+02 2.309675000000000011e+01 1.046556187732044521e+02 2.446622417414825179e+01
1.205864299999999929e+02 8.516370000000000218e+00 1.347923349940691651e+02 3.280062306160911589e+01
1.295191499999999962e+02 3.220691300000000012e+01 1.234499793998961934e+02 1.186191653335071905e+01
1.294016699999999958e+02 5.396980000000000111e-01 9.358153010035333352e+01 3.201612605354994656e+01
1.010540500000000037e+02 1.139439199999999985e+01 1.103968090268859470e+02 1.662139698862542758e+01
1.064764899999999983e+02 2.161875300000000166e+01 1.260244450665150140e+02 7.122260391410748070e+00
1.147472199999999987e+02 3.243150700000000342e+01 1.344633694908984864e+02 3.493380038837960200e+01
1.083680499999999967e+02 2.084225800000000106e+01 1.219654461546588209e+02 2.437879378106766382e+01
1.112859399999999965e+02 7.286299999999999999e-01 9.577747804975815882e+01 7.568228669397282893e+00
1.209513000000000034e+02 1.574554299999999962e+01 1.288822132845036776e+02 2.696074416174706911e+01
1.364280100000000004e+02 4.255118000000000400e+00 1.307926988821176906e+02 1.435246201307983505e+01
1.002892999999999972e+02 2.375831000000000159e+01 1.305750054117143009e+02 2.958319522128795498e+01
1.044894199999999955e+02 3.404343999999999681e+01 9.502996957218438467e+01 2.170854626468101856e+01
1.158584060000000022e+02 1.987986000000000075e+01 1.151269812493532640e+02 7.097349205097316371e+00
1.042165799999999933e+02 2.347071499999999844e+01 1.191992672284462742e+02 2.720651953717721838e+01
1.230936200000000014e+02 4.996221000000000245e+00 9.853032462983912865e+01 2.458621194151307421e+01
1.020971899999999977e+02 2.676877800000000107e+01 1.036323613560645356e+02 1.342343766337026878e+01
1.355842399999999941e+02 3.165399999999999991e+01 1.142732643221394966e+02 1.256995000208473456e+01
9.765413999999999817e+01 2.677711499999999845e+01 9.998713414340865313e+01 1.794939239830133815e+01
9.987552999999999770e+01 8.232086999999999932e+00 1.318265722598590628e+02 3.375670852569632530e+01
9.974071999999999605e+01 1.632757600000000053e+01 9.266939395256389389e+01 2.859769465909601394e+01
1.090422400000000067e+02 3.257660000000000000e-01 1.170354663875835683e+02 1.468134683998957790e+01
1.063328249999999997e+02 1.094751899999999978e+01 1.014556535793359444e+02 2.730471981252054903e+01
1.307676400000000001e+02 9.199001000000000872e+00 1.276485929424128756e+02 1.397134501305256471e+01
1.134008259999999950e+02 2.899073999999999884e+01 1.149672461472308385e+02 1.338271033111327490e+01
1.212147099999999966e+02 1.824274799999999885e+01 1.372069495875029190e+02 3.173117078865899643e+01
1.337603000000000009e+02 1.258384500000000017e+01 1.179877655473455320e+02 3.406891132685164791e+01
1.227775699999999972e+02 3.331928000000000001e+00 1.234595437156216633e+02 2.801202147774784379e+01
1.264625999999999948e+02 7.166369999999999685e-01 1.014326900649156755e+02 1.916824152822350058e+01
1.229745099999999951e+02 1.295093400000000017e+01 1.204280120988299814e+02 5.593683753551360383e+00
1.372788199999999961e+02 1.268961700000000015e+01 1.225399839378795548e+02 2.312541940632116155e+00
1.047176599999999951e+02 4.703091999999999828e+00 1.184351895042871661e+02 9.980629064428658381e+00
1.306637699999999995e+02 1.285029600000000016e+01 1.114384404304511236e+02 1.581253795288473007e+01
1.117835000000000036e+02 4.146894999999999776e+00 9.745485033901573502e+01 1.770839159934245544e+01
1.365897199999999998e+02 8.289113999999999649e+00 1.079891862655835411e+02 1.523440679878590842e+01
1.293298800000000028e+02 7.388890000000000180e-01 9.541934306454872683e+01 2.953611918795331093e+01
1.156589100000000059e+02 2.078124199999999888e+01 1.170671002118110522e+02 2.794224741937830458e+01
1.007028959999999955e+02 2.068726699999999852e+01 9.547200099270737894e+01 3.246340950958762406e+00
1.110863800000000055e+02 2.956343499999999835e+01 1.193298277141319943e+02 1.458327412194061523e+01
1.094431699999999950e+02 2.603854600000000019e+01 1.260778371380135496e+02 1.509549274878386083e+00
1.268311900000000065e+02 1.202138899999999921e+01 1.134452835139726687e+02 2.990028948749841931e+01
1.180108199999999954e+02 1.392753899999999945e+01 1.314415113518719238e+02 2.190914081784367085e+01
1.171555249999999972e+02 2.330280700000000138e+01 1.357852765361152478e+02 5.765759994531761912e+00
1.073470499999999959e+02 1.714681799999999967e+01 1.148944687873779316e+02 3.202639650963799767e+01
1.052273249999999933e+02 1.942294899999999913e+01 1.056922037589564241e+02 5.062236551625517222e+00
1.099067840000000018e+02 1.686253999999999920e+01 1.252869130251053775e+02 1.963510385644445932e+01
1.109553400000000067e+02 1.066729000000000038e+00 1.002016896590862700e+02 2.988109992218959832e+01
1.063787499999999966e+02 2.825092300000000023e+01 1.018803652031515412e+02 2.271146064442920220e+01
1.360862600000000100e+02 1.322449800000000053e+01 1.206817884754344306e+02 2.974128475509876068e+01
1.202229399999999941e+02 1.300534999999999997e+01 1.103009896933170637e+02 3.237558820125968850e+01
1.324488800000000026e+02 9.132956999999999326e+00 1.332383592575964713e+02 1.780239325205664258e+01
1.032657399999999939e+02 2.896160700000000077e+01 9.435345253943228272e+01 5.778850153102284004e+00
1.061745300000000043e+02 2.465655100000000033e+01 1.272363025608059246e+02 2.857719986267364831e+01
1.376394999999999982e+02 1.949024400000000057e+01 1.064511635802567469e+02 1.712959490243352789e+01
1.221657000000000011e+02 3.453664999999999985e+00 1.379487581848068771e+02 5.097797194676065402e+00
1.220304600000000050e+02 5.662862999999999758e+00 1.057015822751221492e+02 2.484386696751975876e+01
1.325118699999999876e+02 7.074665000000000425e+00 1.303740645023638081e+02 3.129401716507652509e+01
9.363790000000000191e+01 1.419008299999999956e+01 1.264904026498676188e+02 3.397167642492096462e+01
1.013219799999999964e+02 1.577685499999999941e+01 9.482427336288500896e+01 1.683025061445481185e+01
1.154087799999999930e+02 2.365899500000000089e+01 1.320930948833774892e+02 1.257292197299089764e+01
9.359354000000000440e+01 1.516930999999999941e+01 1.065163828617657913e+02 2.508592358995863592e+01
1.009766800000000018e+02 1.603761899999999940e+01 1.018761884868757761e+02 2.830177033470198822e+01
1.068052100000000024e+02 1.683014100000000113e+01 9.435987917333424946e+01 9.211331301093631296e+00
1.139247359999999958e+02 2.117171300000000045e+01 9.231037473555434758e+01 2.079475229017639748e+01
1.007858499999999964e+02 2.466396100000000047e+01 1.323056142778433184e+02 1.955535150728882599e+01
1.290050699999999892e+02 1.324962900000000054e+01 1.203268535737691138e+02 1.758200072545281145e+01
9.805646500000000287e+01 1.719266899999999865e+01 1.286877466399269565e+02 5.156294905768072923e+00
1.174997939999999943e+02 1.471192300000000053e+01 1.145316266369295874e+02 2.406691492067826843e+01
1.374745599999999968e+02 3.138292099999999962e+01 1.126428660244432507e+02 7.920906663984147222e+00
1.175621500000000026e+02 1.813804400000000072e+01 1.216009813488873306e+02 6.325722604896347967e+00
1.213953300000000013e+02 5.272655000000000314e+00 1.129660699484553277e+02 4.933195409662866071e-01
1.222112300000000005e+02 1.084067199999999964e+01 1.252732519793717074e+02 2.391970128366762083e+01
1.205464199999999977e+02 1.931105200000000011e+01 1.201359350486297330e+02 2.895971420759721227e+01
1.020575599999999952e+02 3.032312399999999997e+01 1.223958790210022869e+02 1.877163761319864399e+00
9.234408600000000433e+01 1.566721100000000000e+01 1.374241810039251561e+02 3.401904948995505151e+01
1.159256900000000030e+02 2.697432299999999827e+01 1.269356418257711425e+02 5.696832964515667896e+00
1.262777600000000007e+02 1.555640400000000056e+01 1.300426139968849384e+02 1.773539068239450245e+01
1.117577739999999977e+02 2.046753999999999962e+01 1.286855313388829529e+02 9.123440581499304258e+00
1.371154999999999973e+02 4.333319999999999950e-01 1.010008536172621376e+02 9.071570538614714962e+00
1.031737439999999992e+02 5.745917000000000385e+00 1.220656305649435183e+02 3.495712734892159057e-01
1.257966299999999933e+02 8.756054999999999922e+00 1.293010603262153211e+02 6.048928246206869197e+00
1.360886000000000138e+02 1.322069300000000069e+01 1.037258177600321858e+02 2.906841287503797133e+01
1.074241999999999990e+02 2.922848300000000066e+01 1.042514310378922602e+02 1.716162732774676414e+01
9.586464999999999748e+01 3.010379999999999967e+01 1.296673046140698773e+02 2.960694350954398857e+01
1.008948800000000006e+02 1.652329800000000048e+01 9.716067016792119659e+01 9.188611671234266254e+00
9.339405999999999608e+01 1.624022300000000030e+01 1.296807527438282648e+02 1.752225887403615801e+01
1.365753499999999860e+02 3.356936300000000273e+01 1.111998776289620281e+02 1.686075232236218824e+01
1.121058799999999991e+02 5.483360000000000456e-01 1.167677785469072376e+02 1.454046469472439007e+01
1.240100000000000051e+02 1.279410900000000062e+01 1.047053408762342599e+02 4.726052178751858790e+00
1.350546699999999873e+02 1.248166299999999929e+01 9.948395433627449336e+01 2.885427573473468854e+01
1.294755900000000111e+02 2.914704899999999910e+01 9.900405836225358769e+01 1.043650816736225284e+00
1.216335140000000052e+02 1.368565999999999949e+00 1.039737097095760703e+02 7.754570448927805559e-01
1.331729400000000112e+02 1.186766300000000030e+01 1.331921606044036537e+02 2.682925840477701840e+01
1.377720300000000009e+02 1.174125100000000010e+01 1.057707369471432202e+02 1.182063393404916241e+01
1.227206500000000062e+02 2.926232000000000166e+00 1.034999606943991637e+02 7.394653064269035347e+00
1.056316000000000059e+02 1.004083999999999932e+01 9.439186783849768858e+01 4.275094823563582835e+00
1.235097959999999944e+02 2.681490999999999847e+00 1.042215153394266736e+02 9.130174799290785570e-01
1.197646199999999936e+02 2.030460199999999915e+01 1.261130765175091426e+02 2.566080338505147651e+01
1.102168700000000001e+02 2.640597199999999845e+01 9.292529717064977035e+01 2.915228546866720905e+01
9.911983499999999481e+01 3.033258400000000066e+01 1.300113213418150053e+02 1.621419500175227668e+01
