1.240312600000000032e+02 2.613988700000000165e+01 1.269735846789538272e+02 1.033670517046538606e+01
1.358929100000000005e+02 1.341391800000000067e+01 1.159206378154248256e+02 1.903593846646208121e+00
1.070368349999999964e+02 8.183742999999999768e+00 1.355763398009688103e+02 1.475943088607449738e+01
9.846553000000000111e+01 3.440836999999999790e+01 1.126073575285748234e+02 1.188971251037995458e+01
9.374456000000000699e+01 1.572163800000000045e+01 1.258905777510975668e+02 3.290899361130215084e+01
9.944694499999999948e+01 6.810074000000000183e+00 1.193434447924599056e+02 4.311797782829276393e+00
1.227520700000000033e+02 1.170782999999999907e+00 1.378627644042555858e+02 2.172946216895434901e+01
1.130088700000000017e+02 1.599236100000000071e+01 1.305497634273949643e+02 1.522398071524142793e+01
1.052358300000000071e+02 1.306282700000000041e+01 1.126683187904193204e+02 2.488196093333681524e+00
1.236727999999999952e+02 3.342263400000000217e+01 1.283807890538983543e+02 2.689344535496654842e+01
1.261274999999999977e+02 1.186579900000000087e+01 1.199618783138745925e+02 7.034694248562022523e+00
1.373439500000000066e+02 5.370046000000000319e+00 1.353505415634444091e+02 2.931590173413637146e+01
9.961012999999999806e+01 1.594072500000000048e+01 1.066976594482458864e+02 7.616136556491313492e+00
1.096028799999999990e+02 2.265409999999999968e+01 1.068341774693083721e+02 1.149984484317524469e+01
1.170396599999999978e+02 3.272567399999999793e+01 1.304091328960606972e+02 2.671069434279898402e+01
1.074733899999999949e+02 4.910192000000000334e+00 1.315047691845397537e+02 1.348080311283962196e+01
1.026525400000000019e+02 2.417004999999999981e+01 1.296794155701330169e+02 2.165665193615606299e+01
1.197130499999999955e+02 1.544341799999999942e+01 1.188534346892824232e+02 2.756366213367808626e+01
1.199050600000000060e+02 3.175273699999999977e+01 9.960345167148405210e+01 2.868399992574930479e+01
1.055051500000000004e+02 2.869513999999999854e+01 1.207645754606525799e+02 1.302174911623962217e+01
1.138607899999999944e+02 8.368828000000000600e+00 1.238164267721584508e+02 1.948586471279320875e+01
9.385165399999999636e+01 1.539012300000000089e+01 9.501714531182406631e+01 2.555420585717287096e+01
1.227528800000000047e+02 2.265931700000000149e+01 1.018978475749286190e+02 1.585612284423269713e+01
1.060580900000000071e+02 2.194894400000000090e+01 1.360364474331597648e+02 3.145436768490750623e+01
1.218797899999999998e+02 4.313183999999999685e+00 1.254841256032857473e+02 3.306354328120857389e+01
1.223848799999999954e+02 1.058404099999999914e+01 1.168381324166072375e+02 4.115095802499146416e+00
1.175795600000000007e+02 5.611371000000000109e+00 1.340642078008754936e+02 1.323275761815208007e+00
1.220807700000000011e+02 2.383238199999999907e+01 1.116725374993640543e+02 2.670254345636388038e+01
1.097229999999999990e+02 1.689899600000000035e+01 1.187876032261641512e+02 2.535563681508741851e+01
1.126359900000000067e+02 3.018177199999999871e+01 1.347193903155978774e+02 2.441442376429092320e+01
1.170933699999999931e+02 1.631709499999999835e+01 9.576890192300125193e+01 1.424916466550200589e+01
9.567327000000000226e+01 3.478048299999999671e+01 1.172323186352855942e+02 1.116402419933364243e+01
1.003025499999999965e+02 1.609912900000000135e+01 1.063723656222676652e+02 2.692806255280924788e+01
1.079157100000000042e+02 1.776599999999999824e+01 1.204343088963492363e+02 3.171813345946096518e+01
1.303248900000000106e+02 1.212361300000000064e+01 1.314324718850393197e+02 8.725080382904064180e+00
1.051251800000000003e+02 1.633457399999999993e+01 1.091674924984665296e+02 2.280616236973321875e+01
1.266205999999999960e+02 1.394368500000000033e+01 1.138471771435432913e+02 1.613784839592723586e+01
1.172721250000000026e+02 1.818978299999999848e+01 1.268145705968323824e+02 1.345744754811975241e+01
1.117416840000000064e+02 2.507232999999999823e+00 9.860389146156049378e+01 4.994657268110805681e+00
1.176547850000000039e+02 5.769432000000000116e+00 1.001672531263845656e+02 9.415408067293162375e+00
1.286503399999999999e+02 9.222193000000000751e+00 1.173321248460014061e+02 2.121895810727630405e+01
1.142452239999999932e+02 2.486015000000000086e+01 1.321915347748124248e+02 1.255852469542932681e+01
1.039407649999999990e+02 1.002263800000000060e+01 1.129162871687236986e+02 1.737011033765735135e+01
1.181304549999999978e+02 2.097774700000000081e+01 1.166103207274857425e+02 4.063575389232873647e+00
1.301203199999999924e+02 9.073128999999999778e+00 1.164284613503604362e+02 2.444727437979360118e+01
1.007992859999999951e+02 1.987467600000000090e+01 9.957449204923607056e+01 1.258803721534683007e+01
1.090132449999999977e+02 3.312825999999999738e+01 1.346706589107592436e+02 1.907314066324791924e+01
1.359735400000000141e+02 1.186464299999999916e+01 1.111523291637692381e+02 4.889534909039761956e+00
1.035537400000000048e+02 1.997163199999999961e+01 9.950366336373218701e+01 2.170950329955722680e+00
1.216747359999999958e+02 1.185289999999999999e+01 9.344899554254730845e+01 3.215319478258217600e+01
1.004053700000000049e+02 1.563511500000000076e+01 1.135741014967788658e+02 3.255820917718880736e+01
1.050542760000000015e+02 1.750379999999999825e+01 1.107231989718295324e+02 1.345621175603489039e+00
1.226940699999999964e+02 1.173750199999999921e+01 9.923016889723324141e+01 3.333608974999091146e+01
1.170026550000000043e+02 2.277154000000000167e+01 1.013988761093312831e+02 2.700369552351354940e+01
1.004608149999999966e+02 1.180514800000000086e+01 1.346202754237313570e+02 4.303099336465733060e+00
1.378439799999999877e+02 1.340997199999999978e+01 9.299810777191436273e+01 7.491705378703500173e+00
1.237022999999999939e+02 4.375113999999999947e+00 1.035127102375599293e+02 3.296259791477564249e+01
1.216156200000000069e+02 5.050116000000000049e+00 1.190184305086836787e+02 3.642726398949998057e+00
1.212379300000000057e+02 1.366041000000000061e+01 9.265713396036335325e+01 2.752049386097807471e+01
1.238034899999999965e+02 2.526756900000000172e+01 1.180868493715046554e+02 8.585112857227628069e+00
1.182091599999999971e+02 9.419563999999999382e+00 1.363384758439387383e+02 1.182137281749806412e+01
1.130892400000000038e+02 1.941198500000000138e+01 9.718458195083616147e+01 3.291161329221774423e+01
1.007264200000000045e+02 2.864308700000000130e+01 1.140206741537774917e+02 2.914918873541639499e+01
9.593086999999999875e+01 1.661455199999999977e+01 1.105438715945688415e+02 2.392023972267530496e+01
1.100146940000000058e+02 1.474479000000000095e+00 1.086950455584024837e+02 1.316793735515930486e+00
1.104067299999999960e+02 8.316698000000000590e+00 1.332486534130212590e+02 4.383703990391968341e-01
1.078628099999999961e+02 2.795533599999999907e+01 9.994438507130425364e+01 1.632480946486647255e+01
1.329613999999999976e+02 9.990607000000000681e+00 1.287817227438006000e+02 1.595031026059055357e+01
9.866955000000000098e+01 3.971846999999999905e+00 1.170733189665900227e+02 1.917738303730359917e+01
1.372164999999999964e+02 5.458450000000000246e-01 1.088806472805105159e+02 4.097389720978456218e+00
1.018199999999999932e+02 2.202186999999999983e+01 1.055250197932937510e+02 2.810506576660802125e+01
1.106384299999999996e+02 3.058228099999999827e+01 9.482861773802402183e+01 3.558055109232120650e+00
1.249652099999999990e+02 5.272286000000000250e+00 9.643727293647248189e+01 1.583643488530336541e+01
1.318092800000000011e+02 3.159798400000000029e+01 1.238444724297782216e+02 3.316706653033739371e+01
9.290546999999999400e+01 2.146123700000000056e+01 1.302335781536820321e+02 1.989789116957519965e+01
1.046536499999999990e+02 2.301015299999999897e+01 1.289582879047650579e+02 2.311444658511191363e+01
1.115658700000000039e+02 1.922064800000000062e+01 1.039203665365900235e+02 1.169713890868851358e+00
1.288676000000000101e+02 1.269523700000000055e+01 1.297708759362511728e+02 8.072874169200838779e+00
1.011759700000000066e+02 1.566882799999999953e+01 1.103656775715435288e+02 2.463208175543197598e+01
1.074780959999999936e+02 1.836289000000000016e+01 1.017204021114972505e+02 4.786352457685133288e+00
1.245321660000000037e+02 1.227416700000000027e+01 9.640534578756935957e+01 2.601472779293876769e+01
1.201230000000000047e+02 1.890468600000000166e+01 1.235651572451627231e+02 1.944516385656610424e+01
1.208478199999999987e+02 2.691405000000000047e+00 9.839326179853951260e+01 5.283182571665961724e+00
1.149349500000000006e+02 2.219013400000000047e+01 1.007052313475237355e+02 3.276695958361197825e+01
9.975069000000000585e+01 1.543698400000000071e+01 1.178521582852703915e+02 3.131035458316066666e+01
1.066424260000000004e+02 5.355250999999999983e+00 1.179597308699397047e+02 2.249686081272124127e+01
9.976120000000000232e+01 2.114558600000000155e+01 1.085584300287340085e+02 1.944781007066217171e+01
1.100357360000000000e+02 2.855119900000000044e+01 1.033338930897375718e+02 3.325279282667199254e+01
1.137205050000000028e+02 1.575931699999999935e+01 1.307156429337337329e+02 3.184909961143139512e+01
1.221528299999999945e+02 9.546727999999999881e+00 1.109884832753904078e+02 2.154112249065051188e+01
1.247964860000000016e+02 7.292786000000000435e+00 9.356629603151696983e+01 3.290635784686454457e+01
1.377912300000000130e+02 9.822943000000000424e+00 1.361119061298227848e+02 9.784395125673238880e+00
1.333482799999999884e+02 1.179657699999999920e+01 9.675323691494203615e+01 1.095009813826583667e+01
1.318404199999999946e+02 1.245542999999999978e+01 1.357761453574646850e+02 1.740178661322346443e+01
1.038947139999999933e+02 1.195190599999999925e+01 9.979928678909634243e+01 1.965516893103995955e+01
1.244625599999999963e+02 6.002093999999999596e+00 1.072499952013967857e+02 8.111810611476125032e+00
1.202024300000000068e+02 1.971341999999999928e+01 1.180052954538068377e+02 2.006657265946460811e+01
1.229477159999999998e+02 6.256848999999999883e+00 9.761242368888500209e+01 1.452185082565973318e+01
1.321549200000000042e+02 1.124238199999999921e+01 1.331172903844217217e+02 3.190062184450673755e+01
1.217649600000000021e+02 7.139611000000000374e+00 1.155545973808973343e+02 2.540721426182946985e+01
9.403598999999999819e+01 1.528279200000000060e+01 1.318715654879599128e+02 1.602724553166365595e+01
1.027128699999999952e+02 1.385636599999999952e+01 1.090745571912217002e+02 1.863921935998134316e+01
1.114023300000000063e+02 2.508471300000000070e+01 1.084734193861337985e+02 1.714745781776917966e+01
1.069605799999999931e+02 1.799179499999999976e+01 9.350837429567452830e+01 1.221474260391421929e+00
1.222978399999999937e+02 1.473343200000000053e+01 1.147005428486345693e+02 1.956760906976966474e+00
1.263779140000000041e+02 1.207870400000000011e+01 1.259492543889538325e+02 2.371609036006385729e+00
1.138190160000000049e+02 1.354168100000000052e+01 1.211212575203130370e+02 6.360551899995671832e+00
1.276706400000000059e+02 3.117134300000000025e+01 1.376068207493628393e+02 1.049056896553062401e+01
1.044965200000000038e+02 3.073406200000000155e+01 1.148680596315079612e+02 1.171398961503871305e+01
1.259025960000000026e+02 8.412031000000000702e+00 1.221874226088466457e+02 1.831771308643481788e+01
1.275773700000000019e+02 1.055586300000000044e+01 1.086107997909742835e+02 2.149285369387455802e+01
1.371528999999999883e+02 3.096607200000000049e+01 1.137746147022873657e+02 5.289970279236144712e+00
1.055517300000000063e+02 2.252885200000000054e+01 1.367417598028518455e+02 6.583716549312514488e+00
9.655464999999999520e+01 1.214202599999999954e+01 9.434156217113033449e+01 1.022926488625296138e+01
1.352146299999999997e+02 2.184326700000000088e+01 1.296442757789698419e+02 1.624811095908475522e+01
1.075977100000000064e+02 1.440287099999999931e+01 1.257674204783249934e+02 2.355449156540379008e+01
9.785734999999999673e+01 3.070888700000000071e+01 1.181303391923954251e+02 1.343193091813295226e+01
1.242183150000000040e+02 2.629088000000000136e+01 9.519875456267578784e+01 3.598712129870580423e+00
1.191100100000000026e+02 6.580554000000000237e+00 9.805993337891533201e+01 3.318860350710062335e+01
1.142723500000000030e+02 1.447158600000000028e+01 1.075989142939018279e+02 1.229090492428887949e+01
1.230225999999999971e+02 2.613516399999999962e+01 1.203555161651205907e+02 3.306343534979380649e+01
1.244966000000000008e+02 1.083233000000000068e+01 1.152137063232875391e+02 1.260292204254105641e+01
1.036124999999999972e+02 3.156100700000000003e+01 1.339098997404907436e+02 6.935789954766872434e+00
1.269413799999999952e+02 1.102734000000000059e+01 1.136074446995364866e+02 2.589565050082864417e+01
1.287351199999999949e+02 1.839061999999999841e+01 1.216814368090958283e+02 3.095111532731622717e+01
1.330253999999999905e+02 1.143711000000000055e+01 1.224112162816904572e+02 3.430841618113296931e+01
1.261012499999999932e+02 1.188674999999999926e+01 9.212801531071410466e+01 1.547314290563003292e+00
1.077314800000000048e+02 2.793261299999999991e+01 1.209281312966626700e+02 5.650920690165504467e+00
9.694570000000000221e+01 1.687334399999999945e+01 1.272714021781455358e+02 2.379055138817957626e+01
1.072994840000000067e+02 2.050570899999999952e+01 1.276458416747397564e+02 3.195684682089386186e+01
9.633222999999999558e+01 1.708403600000000111e+01 1.290296497571849557e+02 1.532152274096337408e+01
1.045976299999999952e+02 3.483096700000000112e+01 9.472301536634134322e+01 2.885431593759398616e+00
1.289578600000000108e+02 3.400107599999999763e+01 1.361641869420475928e+02 5.634723580263862885e+00
1.004696349999999967e+02 2.828714799999999840e+01 1.034819224402522480e+02 2.850835596898968660e+01
9.685311000000000092e+01 1.546436699999999931e+01 1.164668189443610942e+02 3.154385640106591993e+01
1.112696700000000050e+02 3.022276300000000049e+01 1.184047141317808496e+02 1.211046682961933740e+00
1.272024100000000004e+02 2.799189200000000000e+01 1.042208235445736761e+02 2.880258848070257116e+00
1.054726639999999946e+02 1.292944400000000016e+01 9.222115773912990733e+01 1.938358817608265028e+01
9.272227999999999781e+01 6.011712000000000167e+00 1.299245278219772786e+02 2.413736087406994812e+01
1.169361399999999946e+02 1.271323100000000039e+01 1.014146534343399964e+02 6.320819479518257289e+00
1.241904750000000064e+02 6.973640999999999757e+00 1.142415843952894789e+02 2.103674469000377556e+01
9.665582999999999458e+01 3.197328999999999866e+01 1.357628776777308417e+02 2.835025277195358839e+01
1.367143700000000024e+02 1.723722000000000065e+01 1.111354898115276058e+02 2.832249941998638221e+01
1.321534699999999987e+02 7.309249999999999581e+00 1.015784056703971316e+02 1.771129154160295727e+01
1.225722499999999968e+02 5.850114999999999732e+00 1.235289939025091286e+02 8.205821277290137328e-01
1.087235900000000015e+02 7.716159999999999686e-01 1.215539296583601185e+02 1.442947747249380797e+01
1.091116999999999990e+02 2.845718000000000103e+01 1.050496401482361080e+02 4.783870284716734034e+00
1.249771099999999961e+02 7.792497000000000007e+00 1.158101337076707011e+02 2.235448000763152621e+01
1.242170399999999972e+02 4.273613000000000106e+00 1.041840212007800233e+02 1.998502947908131944e+01
1.057996200000000044e+02 1.256920299999999990e+01 1.118902649651951720e+02 4.025467196391371516e+00
9.978126500000000476e+01 3.308697999999999695e+01 9.261119472226826588e+01 2.050249328504044399e+00
1.007784800000000018e+02 2.343388200000000055e+01 1.283696646750820776e+02 2.657743705485809471e+01
1.304991499999999860e+02 9.764561000000000490e+00 1.189705104637018565e+02 1.676610499904732521e+01
1.069345299999999952e+02 1.615287800000000118e+01 1.004990854206050699e+02 2.024540773692650575e+01
1.083894200000000012e+02 3.210853999999999786e+01 1.079085048026751252e+02 7.993583507103113384e+00
1.056755140000000068e+02 1.161763900000000049e+01 9.360022002052397738e+01 3.165807849721266365e+01
1.045553299999999979e+02 3.314499000000000084e+00 9.269276691925664124e+01 2.059562023205493020e+01
1.205836900000000043e+02 3.392866999999999855e+00 1.127189832269767749e+02 3.360756253776195734e+01
1.056467600000000004e+02 1.364440300000000050e+01 1.226068006443200034e+02 1.903451365666952455e+01
1.029583599999999990e+02 3.454659300000000144e+01 1.183185089320722341e+02 3.296501905821655498e+01
1.297311200000000042e+02 9.038204000000000349e+00 1.001459728012693091e+02 1.721668213290535476e+01
9.389136000000000593e+01 1.855500999999999934e+01 9.519229135972307176e+01 1.908994419238201345e+01
1.207862700000000018e+02 1.120058999999999916e+00 1.336718373388452221e+02 5.384073497105610784e+00
1.051333850000000041e+02 1.624028200000000055e+01 1.081375455422156620e+02 2.324258938073045400e+01
9.267458999999999492e+01 1.157550900000000027e+01 1.227527699548904252e+02 2.965223555648358200e+01
1.199843199999999968e+02 2.231652499999999861e+01 1.360093651642592363e+02 1.517173217195389334e+01
1.146491199999999964e+02 2.055787799999999876e+01 1.015345487348589018e+02 8.097650376593165333e+00
1.093188600000000008e+02 2.959129700000000085e+01 1.153402894396094922e+02 1.144705954876117104e+01
1.254224499999999978e+02 1.036899099999999940e+01 1.291128500291844432e+02 6.564061043358307757e+00
1.226470699999999994e+02 1.207093700000000069e+01 1.301881541163319298e+02 1.413964110536322316e+01
1.287355300000000113e+02 3.222011000000000180e+00 1.218583713345700659e+02 3.228112940115258311e+01
1.364907499999999914e+02 1.286097499999999982e+01 1.244733120878090631e+02 1.461356154005682972e+00
1.057709899999999976e+02 1.195326999999999984e+01 1.259867592888851675e+02 1.567490699958664813e+01
1.052644350000000060e+02 2.553204200000000057e+01 1.264366841756400675e+02 5.273143191095136517e-01
1.377845599999999990e+02 3.240954599999999886e+01 9.681486991271546572e+01 2.314464645374564356e+01
9.877472000000000207e+01 3.896939000000000153e+00 1.292289003228347610e+02 1.142190908929516624e+01
1.154159999999999968e+02 4.583500000000000074e-02 1.245627755606563198e+02 8.395534277276545110e-01
1.072074360000000013e+02 4.486887000000000292e+00 1.321974878164315612e+02 1.968123268886132493e+01
1.102458649999999949e+02 1.858346200000000081e+01 9.421747013967370776e+01 9.990202369269969296e+00
9.678100600000000497e+01 1.625615099999999913e+01 1.185766406423077655e+02 6.545458850953973950e+00
9.448035400000000550e+01 2.713697799999999916e+01 9.885070632131323975e+01 2.562416179032427976e+01
1.256516600000000068e+02 1.016526799999999930e+01 1.261713148231767718e+02 2.085712252263987310e+01
1.352536299999999869e+02 5.221006000000000036e+00 1.167850741364274114e+02 2.536504659160373620e+01
1.214917899999999946e+02 1.038639099999999971e+01 1.342056748231629797e+02 1.903051397110472109e+01
1.313435000000000059e+02 3.084523799999999838e+01 1.228670314649807835e+02 2.017228920925741065e+01
1.031240300000000047e+02 2.424801599999999979e+01 1.235426337371661987e+02 2.619816992900467767e+00
1.126016500000000065e+02 1.711163499999999971e+01 1.099141312803465951e+02 2.752245376418053890e+00
1.273862799999999993e+02 2.576497000000000170e+01 1.030150485555304698e+02 8.471023016660483851e-01
1.001651999999999987e+02 2.054258700000000104e+01 9.829740559812925937e+01 2.973298818430638590e+01
1.337334099999999921e+02 1.174421099999999996e+01 9.482735658771674991e+01 6.693736541285416841e+00
1.190809500000000014e+02 2.224184999999999945e+01 1.204964475843820395e+02 2.641213270983350370e+01
1.297718999999999880e+02 1.096346999999999916e+01 1.350212549779462279e+02 1.632560562166203155e+01
1.031585699999999974e+02 3.076735299999999995e+01 9.628843688614168173e+01 2.979582292877384475e+01
1.125811400000000049e+02 1.467424100000000031e+01 1.189273468612018405e+02 3.443681131631394887e+00
1.050091199999999958e+02 1.068350299999999997e+01 1.232080746188386229e+02 1.273194253252358443e+01
1.074608599999999967e+02 2.068625499999999917e+01 1.207443628425327375e+02 1.931198511973710552e+01
1.293297699999999963e+02 1.432819999999999983e+00 1.076938243014451189e+02 2.179325493510729572e+01
1.287267200000000003e+02 3.320849199999999968e+01 9.707609763365086053e+01 1.499003235283626978e+01
1.158565700000000049e+02 3.633550000000000058e+00 1.319407134615670429e+02 3.199619923897761709e+01
1.090659500000000008e+02 1.601753199999999921e+01 9.235016161918045441e+01 7.139652200474484012e+00
1.196281400000000019e+02 1.788663000000000025e+01 1.025154594942803357e+02 2.360631136423079113e+01
1.066784899999999965e+02 8.027340000000000586e+00 1.151462681691825765e+02 9.630924569580480821e+00
1.095538600000000002e+02 2.565258000000000038e+01 1.122392141718714242e+02 1.341572678774424787e+01
1.200969999999999942e+02 1.983857199999999921e+01 9.214993282743161274e+01 1.151596277679650093e+01
1.374842199999999934e+02 2.968403599999999898e+01 1.154168259339363232e+02 4.551822907206763524e+00
1.230402299999999940e+02 4.911928999999999768e+00 1.009046040315334807e+02 9.659094753433306479e+00
1.324309700000000021e+02 7.640058999999999934e+00 1.295020147456321240e+02 3.413018813597295065e+01
1.025355399999999975e+02 3.082849900000000076e+01 1.096085504611139356e+02 3.439481250063888496e+01
9.524747499999999434e+01 1.497783800000000021e+01 1.189671669394433025e+02 7.250219277094814174e+00
1.355432900000000132e+02 8.343788999999999234e+00 1.190209716365380501e+02 2.303582038510342933e+00
1.083606500000000068e+02 1.503555000000000064e+01 1.332485913957817729e+02 3.429463422735587574e+00
1.173197499999999991e+02 3.356683000000000305e+01 1.272023743136526548e+02 1.288091228329916937e+01
1.097876100000000008e+02 2.045395299999999850e+01 1.282198221058660295e+02 3.203692678878002198e+01
1.106396600000000063e+02 3.104340399999999889e+01 1.350256943418249307e+02 1.125158416754441504e+01
9.770518500000000017e+01 3.484497000000000355e+01 9.887868444662029788e+01 1.558309348482648993e+01
9.496696000000000026e+01 7.789521999999999835e+00 1.111409348528266605e+02 4.441403438714778495e+00
1.357358399999999961e+02 2.665312000000000126e+01 1.066702396412616736e+02 2.057484897588929940e+01
1.265932540000000017e+02 1.222334599999999938e+01 1.368545424952822884e+02 3.481521568798029875e+01
9.956425000000000125e+01 4.140374999999999694e+00 1.163419105175233312e+02 1.839090409026495010e+01
9.352107999999999777e+01 1.506359199999999987e+01 1.253130260304673413e+02 1.936952834834531956e+01
9.430186999999999387e+01 1.769696799999999826e+01 1.208965890638858838e+02 2.080150456230988354e+01
1.197139800000000065e+02 9.997045999999999211e+00 1.018503639324797376e+02 3.220232236084245869e+01
1.247264200000000045e+02 3.881044000000000160e+00 1.211160331370561494e+02 2.661103979325151414e+01
9.821998000000000673e+01 1.675033399999999872e+01 1.167886241649356975e+02 2.056795838935870080e+01
9.988470499999999674e+01 1.740558400000000105e+01 1.130205104204334390e+02 1.328457651676302831e+01
1.368382100000000037e+02 4.011357000000000284e+00 1.175322945016511937e+02 4.963590009533977998e+00
9.928146999999999878e+01 2.569464699999999979e+01 1.190565831034205360e+02 3.525274414854104421e+00
1.327648199999999861e+02 1.235091700000000081e+01 1.108082399867359698e+02 2.312671503572065745e+01
1.101122799999999984e+02 3.367673500000000075e+01 1.267058495145733303e+02 2.331819197757092255e+01
1.165163100000000043e+02 1.731350000000000122e+01 9.836738798977340537e+01 1.394036832742151333e+01
1.304455399999999941e+02 1.530354900000000029e+01 1.244346888810483449e+02 2.506750404277287103e+01
1.052763800000000032e+02 1.409906100000000073e+01 1.124033919621660829e+02 6.634545630303737340e+00
1.003903799999999933e+02 1.687093700000000140e+01 1.263080956826572816e+02 1.880572978636863724e+01
1.176709749999999985e+02 1.542742499999999950e+01 9.996393036628276718e+01 3.594132885440166181e+00
1.346167399999999930e+02 3.521285999999999916e+00 1.173741228684763485e+02 1.597391236827743910e+01
9.427003999999999451e+01 1.449244700000000030e+01 9.452678066407250412e+01 3.437790758910099242e+01
9.622410600000000613e+01 1.496836300000000008e+01 1.038432253067794875e+02 1.506816204929129555e+01
1.324983000000000004e+02 4.275179999999999758e+00 1.197769804806193434e+02 3.001533603329931665e+01
1.145718600000000009e+02 2.732242199999999954e+01 1.018288307939296260e+02 1.578683805312654265e+01
1.189195249999999930e+02 1.440485999999999933e+01 1.028873331329853045e+02 2.777481029519501377e+01
1.050178800000000052e+02 9.921666999999999348e+00 1.267940987684664265e+02 2.565595407615750556e-01
1.199598000000000013e+02 6.656712999999999880e+00 1.102910586295958382e+02 3.337261851866205831e+00
1.281042500000000075e+02 1.263489599999999946e+01 1.286991565856426121e+02 2.931944267064757881e+01
9.375951999999999487e+01 5.335786999999999836e+00 1.116854486358015635e+02 2.131671243245315850e+01
1.354431199999999933e+02 1.396106600000000064e+01 1.019304516246743617e+02 1.168990204554943446e+01
1.186871260000000063e+02 2.867317600000000155e+01 1.253163769233543121e+02 1.424637263566659051e+01
1.247619399999999956e+02 9.340144000000000446e+00 9.733466419731503549e+01 2.565260706883216280e+00
1.265415600000000040e+02 2.948997500000000116e+01 1.369411162983765564e+02 2.646645372522499429e+01
9.395074499999999773e+01 4.193800000000000305e-02 1.112700067877258192e+02 1.500518323687477285e+01
1.052534940000000034e+02 1.293445499999999981e+01 1.372737876125642629e+02 2.164831454720407677e+01
1.308280000000000030e+02 1.675008999999999970e+00 1.012990731206480461e+02 1.195340907851408119e+01
9.265491500000000258e+01 3.317412999999999812e+01 1.150396395904356837e+02 3.143961660546592096e+00
1.218405800000000028e+02 1.414796300000000073e+01 1.081070342603173771e+02 1.052225511304672878e+01
1.117229700000000037e+02 2.507940899999999829e+01 9.503518093996267169e+01 2.987141108851679405e+01
1.157367859999999951e+02 7.041419999999999568e+00 1.174674055643716599e+02 6.716670990738904390e-01
1.361513500000000079e+02 3.663924999999999876e+00 9.413109364823844771e+01 1.322992141298480107e+01
1.162709660000000014e+02 2.045691499999999863e+01 1.302414522078587424e+02 1.664068029517967062e+01
1.152116850000000028e+02 2.269715300000000013e+01 1.227733577775842377e+02 1.865445544335407035e+01
1.325333400000000097e+02 2.368617599999999968e+01 9.683029464644609163e+01 2.547088389214248139e+01
1.270311099999999982e+02 9.210869000000000639e+00 1.275338310999051430e+02 8.951824136115231312e+00
1.312892899999999941e+02 8.332789999999999919e-01 1.136896321975679598e+02 3.223330325569478561e+01
1.330209700000000055e+02 1.146183699999999916e+01 1.333195668792465653e+02 2.265485670560106612e+01
1.059936749999999961e+02 5.508810999999999680e+00 1.239998597049637539e+02 9.336919913962404838e-01
1.186984199999999987e+02 2.059347700000000003e+01 1.097776952841194742e+02 3.138417074907335902e+01
9.710142000000000451e+01 2.796984899999999996e+01 9.622702800497161491e+01 2.243405226996233637e+01
1.210114200000000011e+02 2.978116199999999836e+01 1.000791161924893089e+02 2.758793274096541381e+01
1.273977799999999974e+02 9.259945000000000093e+00 1.198005106835020115e+02 2.731569709102047838e+01
1.157052900000000051e+02 1.591784200000000027e+01 1.031933290954263214e+02 2.389613731097559679e+01
9.910432400000000541e+01 1.760354200000000091e+01 9.526184961438048049e+01 2.926593826442985247e+01
1.323611999999999966e+02 2.658707000000000154e+00 1.200263698334556324e+02 2.081400969995024042e+01
1.056766800000000046e+02 2.239682399999999873e+01 1.075604369543406307e+02 1.305944231119005039e+00
1.316590400000000045e+02 1.172049799999999919e+01 1.097782040213604944e+02 2.167656405691201016e+01
1.205941300000000069e+02 1.647275499999999937e+01 1.253799776390746672e+02 3.277967249416783346e+01
1.274285399999999981e+02 8.921080999999999150e+00 1.292283105467074336e+02 1.603867820020651891e+01
1.033781100000000066e+02 2.963696000000000108e+00 1.153971473149026394e+02 6.164205498529576666e+00
1.224477159999999998e+02 4.622904000000000124e+00 1.014018181647710151e+02 8.504490327128063853e+00
1.006111999999999966e+02 2.106609699999999918e+01 1.298102650043109918e+02 1.931340840786543822e+01
1.367462800000000129e+02 5.495962999999999710e+00 1.216868520310790416e+02 2.574801966165746592e+01
1.373541899999999885e+02 3.759332000000000118e+00 1.311257828758925257e+02 2.822998477332760103e+01
1.232856199999999944e+02 4.256384999999999863e+00 1.230566260603688420e+02 2.487762467912260078e+01
1.050856699999999933e+02 2.285925699999999949e+01 1.162385321254584767e+02 1.768670934993478383e+01
9.395832000000000050e+01 5.743917999999999857e+00 1.247444488951150277e+02 6.136637696807209608e+00
1.224793549999999982e+02 7.707499000000000322e+00 1.332630185328971493e+02 9.529858621793224627e-01
1.340456700000000012e+02 1.916846999999999968e+00 1.172946448989301444e+02 1.322684163077083852e+01
1.128496999999999986e+02 3.391435599999999795e+01 1.018872991229509637e+02 2.848114260323098534e+01
1.058901500000000055e+02 2.541857999999999862e+01 9.287405980701289820e+01 1.692604160607030295e+01
1.216377800000000065e+02 1.520599999999999952e+01 1.364858042720990170e+02 1.181503955010323903e+00
1.208735300000000024e+02 1.530674199999999985e+01 1.086088157920225257e+02 5.591576647159466340e+00
1.125651100000000042e+02 1.389909199999999956e+01 9.647255370180215550e+01 2.370233443563364517e+01
1.229573199999999957e+02 1.725851999999999942e+00 1.254945726390118779e+02 3.399493468175996469e+01
1.159783599999999950e+02 3.295241500000000201e+01 1.039016907356101029e+02 1.055136463544668857e+01
1.297363100000000031e+02 1.177179100000000034e+01 1.054762787051355417e+02 1.655382065296630500e+01
1.059587700000000012e+02 8.478775999999999868e+00 9.516365508154410691e+01 2.584155537953624737e+00
1.223480760000000060e+02 5.778528999999999805e+00 1.208860167015475611e+02 1.438836916365928964e+01
9.814803999999999462e+01 1.987652399999999986e+01 1.037914530349353299e+02 2.984730595040207657e+00
1.318671400000000062e+02 3.457867000000000246e+01 1.141451600572032987e+02 5.775834533506543522e+00
1.205826339999999988e+02 3.969727999999999923e+00 1.377157816686398348e+02 3.040601065992802887e+01
1.082205100000000044e+02 3.116235000000000088e+00 1.019602799535491755e+02 8.388450553108185659e+00
9.231682999999999595e+01 1.464926299999999948e+01 1.333959953165353340e+02 1.899256731216379279e+01
9.487722999999999729e+01 2.761443699999999879e+01 1.377363529316668576e+02 5.754221425128172918e+00
1.125414350000000070e+02 2.176712200000000053e+01 1.013353209080471942e+02 1.930789323421069881e+01
1.148888100000000065e+02 2.258063100000000034e+01 1.246192931884952202e+02 3.321665890942259836e+01
1.137429199999999980e+02 7.580604000000000120e+00 1.036690520567075424e+02 1.541871622316191903e+01
1.310066500000000076e+02 1.763883999999999830e+01 9.202920510321968095e+01 7.670072931151003637e+00
9.674227999999999383e+01 3.480175400000000252e+01 9.372875193877312938e+01 2.506148968144358058e+00
1.098771440000000013e+02 2.681062700000000021e+01 1.043682248967438824e+02 2.994544945194987662e+01
1.245766100000000023e+02 8.309366000000000696e+00 1.121916433704781326e+02 1.445523231182944635e+01
1.051930799999999948e+02 2.965351100000000173e+01 1.156162199817154601e+02 2.830514133592620141e+01
9.503709000000000628e+01 6.982403999999999833e+00 1.365617702554335722e+02 3.422937749391743001e+00
1.202923300000000069e+02 1.427440499999999979e+01 1.162779963774114549e+02 1.087900679057983133e+01
1.370804699999999912e+02 1.232525500000000029e+01 1.358359368394955311e+02 9.137783013934654974e+00
1.080927049999999952e+02 1.663354700000000008e+01 1.042519918458544623e+02 2.793621994605523184e+01
1.138202059999999989e+02 2.715001699999999829e+01 1.205545755304638931e+02 1.696941947281078811e+01
9.236908999999999992e+01 1.675870000000000104e+01 1.003392105040076103e+02 1.630476456038170596e+01
1.121904600000000016e+02 2.918436399999999864e+01 9.234133937377194457e+01 1.422697461333416458e+00
1.146619799999999998e+02 2.485114099999999837e+01 1.355449863306981797e+02 9.581162537645649735e+00
1.263983199999999982e+02 1.125375599999999920e+01 9.947869929134722611e+01 8.080224321496775275e+00
1.038073299999999932e+02 4.714067000000000007e+00 1.190393465446578034e+02 2.872179045072391546e+01
1.025483799999999945e+02 6.030990000000000073e+00 1.080964186914024054e+02 7.103219707277172112e+00
9.321741500000000258e+01 2.734300199999999847e+01 1.175349524809437867e+02 3.000318321957228918e+01
1.174641299999999973e+02 1.372731300000000054e+01 9.389309282249723765e+01 1.535026645605406159e+01
1.278199160000000063e+02 1.181826500000000024e+01 1.017239562087732594e+02 2.058462704671840982e+01
1.358383000000000038e+02 1.360819200000000073e+01 1.010493069463163778e+02 1.582584231716185030e+01
1.066256259999999969e+02 3.074654999999999916e+01 1.254783216598029298e+02 2.381276504480685219e+01
1.177207499999999953e+02 1.377951799999999949e+01 1.011671275722366374e+02 5.361952071525405650e+00
1.032047900000000027e+02 2.712020899999999912e+01 1.092320847772815995e+02 2.012266186130472079e+01
