9.612255000000000393e+01 3.490480999999999767e+01 1.133198117236611751e+02 1.768982746286657459e+01
1.225421139999999980e+02 1.088495900000000027e+01 1.119626659725893774e+02 1.185802485614968038e+00
1.074241999999999990e+02 2.922848300000000066e+01 1.349496456661014747e+02 2.542706162110299672e+01
1.306637699999999995e+02 1.285029600000000016e+01 1.014576043631109883e+02 8.452276049725245599e+00
1.110863800000000055e+02 2.956343499999999835e+01 1.230488403342456536e+02 3.284193569515328193e+01
1.032657399999999939e+02 2.896160700000000077e+01 9.203226040637724736e+01 2.678207493140658091e+00
1.374745599999999968e+02 3.138292099999999962e+01 1.275991647156017734e+02 7.862869662080706590e+00
9.520380000000000109e+01 2.239091700000000174e+01 1.166973968896646880e+02 3.081428702880589654e+01
1.049673540000000003e+02 2.282041399999999953e+01 9.306887330596529750e+01 3.516168452264796684e+00
1.127789899999999932e+02 1.603903199999999885e+01 1.272008656980024170e+02 4.941350413734621583e+00
1.068052100000000024e+02 1.683014100000000113e+01 1.080294702954678172e+02 7.410291084214194690e+00
1.221725399999999979e+02 1.971065000000000067e+00 1.065541559055406964e+02 3.236496195315908864e+01
1.081589000000000027e+02 1.194670699999999997e+01 1.256675843593382638e+02 2.018310960549784028e+01
1.006064200000000000e+02 2.769523600000000130e+01 1.206870878338427957e+02 3.489622192860527861e+01
1.221287399999999934e+02 7.625099999999999767e+00 1.213678454310927322e+02 2.673460166388803572e+00
1.030680899999999980e+02 2.392125499999999860e+01 1.044841512498506120e+02 4.505750565871686319e+00
1.356580399999999997e+02 1.759958500000000114e+01 1.187009076909040886e+02 2.903322203593478434e+01
1.061745300000000043e+02 2.465655100000000033e+01 1.157643250343517707e+02 8.616249346165243850e+00
1.207382000000000062e+02 1.915753600000000034e+01 9.278723446087266780e+01 1.675093393403829722e+01
1.164115599999999944e+02 1.850963399999999837e+01 1.099850781576494398e+02 1.721196822386902969e+00
1.229570539999999994e+02 1.920611999999999986e+00 1.029590368629562391e+02 1.687358136632019168e+01
1.224107740000000035e+02 7.443858999999999781e+00 1.379263940108336897e+02 3.475174052243510392e+00
1.189205999999999932e+02 1.653125000000000000e+01 9.816064476628825730e+01 2.808543910551488665e+01
1.194439849999999979e+02 3.088717700000000121e+01 1.090251063043340594e+02 1.665710810616155513e+01
1.287149499999999875e+02 8.613853000000000648e+00 1.193019035984071792e+02 4.927268015679441504e+00
1.063705499999999944e+02 2.535100999999999871e+01 1.368215662027054407e+02 1.542052963792002185e+00
1.093003099999999961e+02 1.012630000000000058e-01 1.083800136260511238e+02 5.692677101125821260e+00
1.344861300000000028e+02 1.449819800000000036e+01 1.061938333571407611e+02 2.701400488939412270e+01
9.548212999999999795e+01 1.554973200000000055e+01 1.311744793070575668e+02 2.389112887017369502e+01
9.987552999999999770e+01 8.232086999999999932e+00 1.354390525536252312e+02 3.223466100220073116e+01
1.196812299999999993e+02 2.088022600000000040e+01 1.305597208655021859e+02 1.602041522632855575e+01
9.363790000000000191e+01 1.419008299999999956e+01 1.242133638264050717e+02 2.435678523049863031e+01
1.235410839999999979e+02 6.541074000000000055e+00 1.177183235911763290e+02 2.019558473442928204e+01
1.239107999999999947e+02 6.146923000000000137e+00 1.003703878222370065e+02 1.213835068604481471e+01
1.247720099999999945e+02 6.038419999999999899e-01 1.207677611255902690e+02 3.384695822228020745e+01
1.040978850000000051e+02 1.695514100000000113e+01 9.373119457711464975e+01 1.609656948101011764e+01
1.051916099999999972e+02 9.920849000000000473e+00 9.454382592736702406e+01 2.037421793178157969e+01
1.092677800000000019e+02 3.181741999999999848e+00 1.048828940331654564e+02 1.906122756344927183e+01
1.214991760000000056e+02 1.366147199999999984e+01 1.297644362652423524e+02 2.216082513956151523e+00
1.353151900000000012e+02 1.279140499999999925e+01 1.306265534726827582e+02 2.998006314506433156e+01
1.118345640000000003e+02 2.392749999999999877e-01 1.263087076857445936e+02 8.460302565660360319e-01
1.024364300000000014e+02 2.697588299999999961e+01 9.619466393289933137e+01 1.942463486641386439e+01
1.349317599999999970e+02 1.207422299999999993e+01 9.892781665333035335e+01 1.060339399650118786e+01
1.175999999999999943e+02 1.023433799999999927e+01 1.018906824495074943e+02 2.415620297371061298e+01
1.174997939999999943e+02 1.471192300000000053e+01 1.033809684176063541e+02 1.298283544720692717e+01
9.586464999999999748e+01 3.010379999999999967e+01 1.321403622099812765e+02 1.737926684147146261e+01
1.053674550000000067e+02 7.722144000000000119e+00 1.300480000207244586e+02 3.276672068051279751e+00
1.172729949999999945e+02 2.140795900000000174e+01 1.080556506563951871e+02 2.398406515881456258e+01
1.358911999999999978e+02 3.048414999999999875e+00 1.128296834327580882e+02 1.493539428523872914e+01
1.287667099999999891e+02 1.207068300000000072e+01 1.096038476451609256e+02 1.519554489790654905e+01
1.063787499999999966e+02 2.825092300000000023e+01 9.258700079435179475e+01 2.102884288445591210e+01
1.165767299999999977e+02 1.286235699999999937e+01 9.776230111174292858e+01 2.524494934091855924e+01
1.082674300000000045e+02 2.621295500000000089e+01 1.249114484508394014e+02 1.097010579755243675e+01
1.114765500000000031e+02 2.000540499999999966e+01 9.273012687984090974e+01 2.816562633102519442e+01
9.765413999999999817e+01 2.677711499999999845e+01 1.034669718157292095e+02 3.159341716330401795e+01
1.061328350000000000e+02 2.596210900000000166e+01 1.329456813051851043e+02 3.234911824188554164e+01
1.230443949999999944e+02 4.896641999999999939e+00 9.684059869918348795e+01 1.690481479932787323e+01
9.801369499999999846e+01 2.871176499999999976e+01 1.220067560253669399e+02 1.037497752135901896e-01
1.376394999999999982e+02 1.949024400000000057e+01 1.286060069752840036e+02 1.651528704503085265e+01
1.142837099999999992e+02 1.745475199999999916e+01 9.799078032973497443e+01 2.651079386112170866e+01
1.008948800000000006e+02 1.652329800000000048e+01 1.050627370197449864e+02 4.234444614456763567e+00
1.147472199999999987e+02 3.243150700000000342e+01 1.358303502985413047e+02 1.385637989204999343e+01
1.298188600000000008e+02 9.076064999999999827e+00 1.365485024169110488e+02 1.263948920769101214e+01
1.004711900000000071e+02 2.451955200000000090e+01 1.117463102272263598e+02 1.249845790827362890e+01
1.286007500000000050e+02 8.765936999999999202e+00 1.229472381706063260e+02 1.642416787034629522e+01
9.369768000000000541e+01 1.855701600000000084e+01 1.260324396970504495e+02 1.141548822535601637e+01
1.274308900000000051e+02 1.213617600000000074e+01 1.359808225110525086e+02 2.955829644159393865e+01
1.138388060000000053e+02 1.427283199999999930e+01 1.046530926899444864e+02 1.217044224046555634e+01
1.370245700000000113e+02 1.147566899999999990e+01 1.235907261573931635e+02 2.021455949305432043e+01
1.360862600000000100e+02 1.322449800000000053e+01 1.180561655963165180e+02 2.749857412150236602e+00
1.030357699999999994e+02 2.493956400000000073e+01 1.338686443535374053e+02 1.233338585938953536e+01
1.205876159999999970e+02 1.334072899999999962e+01 1.091046298557350696e+02 1.547542024171401209e+01
1.055329299999999932e+02 8.244474999999999554e+00 1.270907627037935299e+02 2.617763564964647927e+01
1.211047800000000052e+02 2.653878999999999877e+01 1.310164862458151731e+02 1.939018075825801191e+01
1.065282440000000008e+02 1.715186000000000099e+00 1.023691405380299386e+02 4.536040772328870041e+00
1.088499999999999943e+02 2.839095999999999975e+01 1.283660541329037414e+02 2.381388694483004187e+01
1.244378499999999974e+02 2.619258100000000056e+01 1.101711980634801620e+02 1.490174535369287945e+01
9.884615999999999758e+01 1.700900999999999996e+01 1.026740573236905902e+02 2.313906280398218485e+01
1.140009500000000031e+02 2.463463799999999893e+01 1.259897535101975734e+02 3.226973698187190376e+00
1.283993499999999983e+02 1.234091600000000000e+01 1.232629923885138510e+02 3.010661259175413207e+01
1.162961800000000068e+02 2.799809799999999882e+01 1.058068732008220962e+02 3.212760083180618409e+01
1.034284499999999980e+02 2.847408899999999932e+01 1.246431257578398686e+02 1.902213128254353691e+01
1.279924850000000021e+02 1.403315199999999940e+01 1.257946144962340327e+02 9.461628717338061989e+00
1.156589100000000059e+02 2.078124199999999888e+01 1.081128980731528770e+02 2.200136088907182241e+01
1.257966299999999933e+02 8.756054999999999922e+00 1.197334803229332323e+02 5.058141127860871222e-01
1.047877660000000049e+02 2.743140400000000056e+01 9.638642029061819017e+01 1.773186064985492294e+01
1.222981000000000051e+02 3.382558000000000220e+01 1.092892834733366811e+02 3.192723280275881237e+01
1.161196300000000008e+02 2.374014299999999977e+01 1.102558602310924840e+02 1.123611060518824800e+01
1.262176500000000061e+02 1.077972399999999986e+01 1.206015170131879302e+02 1.379436148048544020e+01
1.098809700000000049e+02 2.526983800000000002e+01 1.269220690574588701e+02 2.288790689520650545e+01
9.989088999999999885e+01 2.683164999999999978e+01 1.231842432580896087e+02 1.173265886244073286e+01
1.206234199999999959e+02 2.294290000000000163e+00 1.087979819551851079e+02 3.333967295197148673e+01
1.215634399999999999e+02 8.080892999999999660e+00 1.279519743411690058e+02 2.139430657685354475e+01
1.012301199999999994e+02 1.617340499999999892e+01 1.226990367240784394e+02 3.112818059537411841e+01
1.038327500000000043e+02 1.301466800000000035e+01 1.283398964751961557e+02 9.484701377888100637e+00
1.068494100000000060e+02 1.800854100000000102e+01 1.081087609185235721e+02 2.094447769605072196e+01
1.377720300000000009e+02 1.174125100000000010e+01 1.179192924299987340e+02 2.734579853267982585e+01
1.269099199999999996e+02 8.830450000000000799e+00 1.245857032973721346e+02 2.076139694363832788e+01
1.235097959999999944e+02 2.681490999999999847e+00 1.272529947487519166e+02 3.458132330930669696e+01
1.293298800000000028e+02 7.388890000000000180e-01 1.294618669725466873e+02 1.117826635316068185e+01
1.002797900000000055e+02 2.030880499999999955e+01 1.344778846120151456e+02 1.919739405565704260e+01
9.823951999999999884e+01 1.669737599999999844e+01 1.277819944077305934e+02 3.257249913375448358e+01
1.050813700000000068e+02 4.424735000000000085e+00 1.148947619689586475e+02 2.472305089100417241e+00
1.042165799999999933e+02 2.347071499999999844e+01 1.229951291532234876e+02 4.531309896484665423e+00
1.358888900000000035e+02 4.520160999999999873e+00 1.327860593691971758e+02 2.627054029602784269e+01
1.216335140000000052e+02 1.368565999999999949e+00 1.371898493501868757e+02 2.577054606649354440e+01
1.007858499999999964e+02 2.466396100000000047e+01 1.078456844238157970e+02 7.879539808548297053e-01
1.197064500000000038e+02 1.762339400000000111e+01 1.285392988303421760e+02 7.693842589262740006e+00
1.234565599999999961e+02 1.023036199999999951e+01 9.300942882269067979e+01 1.551465970480200518e+01
1.015857799999999997e+02 1.553561999999999976e+01 1.345233943146366187e+02 3.442811383714617790e+01
1.037949100000000016e+02 1.724506999999999834e+01 1.072554062973454734e+02 8.723228259474200996e+00
1.273446660000000037e+02 1.365026600000000023e+01 1.325979023052408650e+02 1.197690298571101231e+01
1.150682749999999999e+02 1.918149599999999921e+01 9.582956760996624723e+01 2.336076610758708227e+01
1.194070700000000045e+02 1.974189399999999850e+01 1.111864188413888428e+02 1.190218341649971556e+01
1.017952350000000052e+02 1.828858599999999868e+01 1.049523095342439660e+02 5.275001962885660589e+00
1.215274660000000040e+02 9.855489999999999640e+00 1.068388900114131985e+02 3.462579731448334996e+01
1.365897199999999998e+02 8.289113999999999649e+00 9.278580503779392075e+01 1.806768536652912616e+01
9.588267000000000451e+01 2.653397000000000006e+01 9.908538917349078190e+01 2.765087435682282191e+01
1.088749899999999968e+02 2.917879299999999887e+01 1.150960727021027168e+02 3.440197599923319416e+01
1.013173800000000000e+02 1.780067999999999984e+01 1.319472639907554594e+02 1.585783861211156243e+01
1.232273500000000013e+02 4.342469000000000356e+00 1.108403207790556451e+02 1.737102912775428365e+01
1.290050699999999892e+02 1.324962900000000054e+01 9.294119788021050965e+01 3.288959785364283306e+01
1.211908499999999975e+02 1.480161999999999978e+01 1.238137071282038164e+02 3.230037100929728666e+01
1.224132840000000044e+02 1.063505699999999976e+01 1.082464020200504251e+02 1.674757444862900257e+01
1.021120999999999981e+02 2.292310000000000159e+01 1.219261134891936393e+02 1.159397234828646317e+00
1.135468599999999952e+02 1.324376900000000035e+01 1.277572937794357699e+02 5.894999180880601486e+00
9.397973000000000354e+01 1.450080900000000028e+01 1.174055618308973408e+02 2.509458811820171320e+01
1.125423660000000012e+02 2.072739999999999938e+01 1.076240776306640896e+02 2.863094075273326666e+01
1.307676400000000001e+02 9.199001000000000872e+00 1.160212261907459919e+02 4.205876654021811767e+00
1.148329200000000014e+02 2.281423799999999957e+01 1.232631349292796585e+02 1.318931869926337486e-01
1.222444500000000005e+02 8.908201999999999288e+00 1.048906742629678206e+02 6.846086329523182634e+00
1.030200499999999977e+02 2.779550400000000110e+01 1.154918961393107537e+02 1.128505498896884518e+01
1.117577739999999977e+02 2.046753999999999962e+01 1.320672432084242587e+02 3.004817293779204590e+01
1.068959600000000023e+02 4.261408999999999558e+00 1.293475758454797528e+02 2.075736209788816922e+01
1.209513000000000034e+02 1.574554299999999962e+01 9.755063627857458641e+01 3.164656800406974568e+01
1.009766800000000018e+02 1.603761899999999940e+01 9.663972246232994223e+01 1.667215022503342325e+01
9.715987400000000207e+01 1.592667499999999947e+01 1.316201224821616051e+02 3.313166521863013259e+01
1.090832599999999957e+02 1.999703000000000008e+00 9.450681709792804952e+01 2.312159632628889838e+01
1.007028959999999955e+02 2.068726699999999852e+01 1.031636160929681125e+02 4.888709951969993028e+00
1.236907599999999974e+02 2.655348599999999948e+01 1.222382184898137183e+02 2.680353877051690503e+01
1.222112300000000005e+02 1.084067199999999964e+01 1.345548374179390692e+02 1.926486233439836582e+01
1.325616899999999987e+02 2.183529300000000006e+01 9.787110992860365855e+01 2.629266671041059489e+00
1.093217539999999985e+02 1.300310099999999913e+01 1.334372598388551410e+02 2.514359764666903629e+01
9.844208500000000583e+01 2.976761600000000030e+01 1.146444121719611502e+02 7.533860644028542275e+00
1.233474350000000044e+02 2.519231399999999965e+01 1.090663712348271304e+02 1.491059408303836165e+01
9.605414600000000291e+01 3.418947000000000003e+01 1.273103830754191677e+02 2.453539460903755298e+00
1.259789300000000054e+02 8.138935999999999282e+00 1.195940133653547406e+02 2.780511540215687205e+01
1.286900599999999883e+02 1.486477799999999938e+01 1.000208689819101835e+02 3.480770176017669826e+01
1.110467699999999951e+02 3.238026399999999683e+01 1.052637061338050444e+02 5.201146070391765797e+00
9.953991000000000611e+01 1.765159200000000084e+01 1.162782907391739542e+02 2.257985266033931993e+01
9.264901000000000408e+01 2.078608699999999843e+01 1.068294841346878172e+02 2.330704101460623434e+01
1.312442299999999875e+02 1.030026800000000087e+01 1.186750415437081756e+02 8.098558144062048214e+00
1.082274599999999936e+02 2.717001000000000133e+01 1.192047957561821221e+02 2.346249255594536454e+00
1.351008600000000115e+02 2.345284300000000144e+01 1.096246046437151875e+02 1.617544204072069292e+01
9.446862000000000137e+01 4.517010000000000192e-01 1.115303908616021147e+02 8.773256995441149897e+00
1.308442000000000007e+02 8.125244999999999607e+00 1.372298131212236854e+02 9.052828418386999587e+00
1.134832399999999950e+02 1.777810300000000154e+01 1.062285797133178562e+02 2.671994077317766525e+01
1.272875200000000007e+02 3.735890000000000044e-01 1.131394588511356858e+02 2.708162612513981315e+01
1.343265800000000070e+02 3.472433000000000192e+01 9.577932323571644702e+01 2.865345877395571961e+01
1.069558300000000060e+02 3.322021000000000157e+01 1.307369239451683711e+02 2.172606070192759375e+01
1.176774800000000027e+02 2.114383099999999871e+01 1.156434611370417258e+02 4.412000124693743253e+00
1.328286300000000040e+02 1.854412800000000061e+01 1.185657309855974972e+02 9.331367297719811438e-01
1.210836500000000058e+02 1.404887100000000011e+01 1.111128675691342949e+02 3.086554160868972474e+01
1.078730850000000032e+02 3.194168000000000163e+01 1.237698059506756465e+02 1.111681587929941450e+01
1.350492700000000070e+02 1.381308300000000067e+01 9.677894535272859855e+01 1.240528754114744459e+01
1.009060400000000044e+02 2.837463199999999830e+01 1.100073218366583916e+02 1.938635674335296244e+01
1.229745099999999951e+02 1.295093400000000017e+01 9.830696621233371957e+01 7.270439005481712513e+00
1.066250150000000048e+02 2.543620000000000214e+00 1.219273018996512263e+02 2.884399101415926836e+01
1.002892999999999972e+02 2.375831000000000159e+01 9.254416639847569570e+01 2.311778845569567054e+01
9.833840999999999610e+01 3.082450000000000045e+01 1.084414520076340693e+02 3.849061154171185439e+00
1.073838200000000001e+02 2.117361000000000004e+01 1.310773870510292340e+02 2.137047712347319717e+01
1.286229600000000062e+02 3.030732499999999874e+01 1.340650988388948974e+02 6.649113273211423092e+00
1.130678500000000071e+02 1.070391300000000001e+01 9.224449856808919890e+01 2.612230966575971181e+01
9.981171000000000504e+01 2.392927600000000155e+01 1.108633204651730892e+02 2.234066609374559143e+00
1.034372900000000044e+02 1.659929699999999997e+01 1.136300685541835378e+02 3.420204760858972293e+01
1.052273249999999933e+02 1.942294899999999913e+01 1.336993490810308742e+02 6.741932148306301720e+00
1.102168700000000001e+02 2.640597199999999845e+01 1.046197448780216348e+02 2.756443691450017397e+01
1.158584060000000022e+02 1.987986000000000075e+01 1.241559084099391441e+02 6.238278929017186947e+00
1.200522399999999976e+02 3.491102000000000061e+01 1.223730916396365132e+02 7.241938634483630288e+00
1.209411199999999980e+02 1.190699900000000078e+01 1.214413232890224350e+02 2.394770758476695605e+01
1.314515000000000100e+02 1.002607700000000079e+01 1.221514757861764764e+02 2.611721270251932481e+01
1.204627899999999983e+02 7.529904000000000153e+00 1.227124198468149672e+02 2.542951901677108140e+01
1.121058799999999991e+02 5.483360000000000456e-01 1.304066534704250557e+02 2.760264685295543075e+01
1.239427000000000021e+02 2.807401000000000035e+00 1.228208455375570907e+02 4.367211219522452836e+00
1.154087799999999930e+02 2.365899500000000089e+01 1.304850781248598821e+02 2.051228763613327288e+01
1.045020300000000049e+02 3.012155500000000075e+01 1.135324377499714217e+02 7.244287976078823910e+00
1.337603000000000009e+02 1.258384500000000017e+01 1.307772151407644401e+02 2.752894819558650141e+01
1.318405300000000011e+02 1.077468200000000031e+01 1.257066673675244033e+02 8.057504577260822032e+00
9.359354000000000440e+01 1.516930999999999941e+01 1.194913998521446956e+02 3.717447659587765241e+00
9.339405999999999608e+01 1.624022300000000030e+01 1.198744024555704328e+02 1.535292903237900752e+01
1.299299300000000130e+02 1.610754400000000075e+01 9.358810857049053311e+01 1.592430801313526167e+01
1.065502599999999944e+02 6.022739999999999760e+00 9.414486637063619412e+01 2.392281798185104691e+01
1.015828300000000013e+02 3.012794999999999845e+01 1.122385388601103102e+02 6.445545664907170735e-01
1.156852599999999995e+02 1.478857400000000055e+01 9.305026369962655508e+01 2.801140502979360036e+01
9.786359400000000619e+01 2.648629000000000033e+01 1.337006487192140014e+02 2.321469759891066076e+01
1.210841450000000066e+02 2.834050999999999831e+01 1.268174840193497914e+02 1.836777339122278363e+01
1.010747149999999976e+02 1.745857799999999926e+01 1.231028003908977837e+02 2.964228969724988971e+01
1.242736299999999972e+02 6.831006000000000355e+00 9.362046947663073126e+01 2.173581577167102097e+01
9.848784999999999457e+01 2.775841000000000136e+01 1.314170098057051632e+02 2.536269916795442469e+01
1.096788600000000002e+02 1.849008999999999903e+00 1.236348756652487282e+02 2.614852099830806242e+00
1.294016699999999958e+02 5.396980000000000111e-01 9.780962360216932439e+01 3.265071423556887709e+01
1.292556600000000060e+02 1.137209400000000059e+01 1.375493544348329920e+02 2.130391915839953043e+01
1.276204900000000038e+02 1.005807899999999933e+01 9.685248568633303989e+01 2.180227988278145546e+01
1.011475200000000001e+02 2.924591300000000160e+01 1.082171335689952656e+02 8.339867587232760116e+00
1.346454300000000046e+02 1.258279899999999962e+01 1.046093626564385062e+02 7.424934972065046601e+00
1.364280100000000004e+02 4.255118000000000400e+00 1.085854952206448587e+02 2.805956203049344566e+01
1.237617400000000032e+02 2.570814499999999825e+01 9.371115575777137963e+01 2.866367724201932532e+01
1.137167199999999951e+02 2.209496700000000047e+01 1.310643832624461425e+02 2.747970532275594380e+01
1.284304700000000139e+02 1.899298699999999940e+01 1.290071347787338141e+02 6.706837263896386903e-01
1.042143250000000023e+02 3.424630400000000208e+01 1.122195327344703202e+02 1.240187383469720217e+01
1.294755900000000111e+02 2.914704899999999910e+01 9.988317326543288743e+01 1.315232266573241304e+01
1.171882999999999981e+02 2.439474999999999838e+01 1.299541691172446747e+02 1.978544186290915263e+01
1.305158500000000004e+02 8.179097000000000506e+00 1.163816594658880632e+02 5.195815664128723199e+00
1.221697539999999975e+02 5.261603000000000030e+00 1.212061452070181815e+02 2.861750458222449112e+01
1.004917399999999930e+02 3.001473800000000125e+01 9.791657128975616331e+01 1.173151216500594884e+01
1.148470839999999953e+02 1.232656199999999913e+01 1.059985306959484745e+02 3.206055226965354166e+01
1.019195560000000000e+02 2.802453799999999973e+01 1.203820288546988877e+02 1.716683011782671464e-01
1.013219799999999964e+02 1.577685499999999941e+01 1.329159099189924973e+02 1.613299990522364880e+01
1.130387039999999956e+02 2.450758000000000081e+01 1.187144274621525852e+02 7.357890747722902525e+00
1.171555249999999972e+02 2.330280700000000138e+01 1.240197320342616649e+02 2.187685081564589851e+01
1.105762799999999970e+02 1.713849599999999995e+01 1.306059731439977725e+02 2.332086034673126473e+00
1.147561599999999942e+02 1.838597100000000140e+01 1.150000088716874274e+02 2.857997130914157324e+01
1.207063399999999973e+02 1.393922799999999995e+01 1.256473266146903001e+02 2.261473887928197612e+01
1.219563600000000037e+02 4.037063999999999986e+00 1.230328277682890104e+02 1.321625046460890651e+01
1.225821150000000017e+02 6.734340000000000437e+00 1.126052272834334218e+02 1.701762737553847771e+01
9.410971999999999582e+01 1.075564600000000048e+01 1.043109868424006663e+02 1.507900285651300010e+01
1.201523200000000031e+02 2.317364500000000049e+01 9.961704478183816036e+01 1.243037206299399067e+01
1.120762000000000000e+02 7.865459999999999674e-01 1.178878483633123011e+02 2.155570736825202260e+01
1.045286559999999980e+02 2.332880600000000015e+01 1.233452473822943602e+02 1.343227306122358478e+01
1.309361900000000105e+02 8.523167000000000826e+00 9.713781184089475573e+01 7.628753930485182577e-01
1.295191499999999962e+02 3.220691300000000012e+01 1.075345149369230597e+02 1.757053380064558468e+01
1.252033899999999988e+02 9.675684000000000395e+00 1.336561821751000991e+02 2.330459241578497931e+00
1.137061499999999938e+02 2.920176500000000175e+01 1.018775174430037964e+02 5.329538138523155055e+00
1.264986999999999995e+02 2.455890000000000128e+01 1.084827226385424552e+02 1.626900438931940585e+01
1.064971539999999948e+02 2.229241000000000028e+01 1.360267464485963274e+02 4.494369557349103594e+00
1.327039000000000044e+02 1.584810399999999930e+01 1.374384921440240532e+02 1.518160703177019322e+01
1.189220300000000066e+02 1.942037399999999892e+01 1.085017351298698287e+02 2.429542210119983636e+01
1.148769499999999937e+02 6.728119999999999656e-01 9.986930686587200512e+01 3.397754586347891603e+01
1.164053499999999985e+02 1.685597999999999885e+01 9.660288175099810815e+01 2.842358843786133349e+01
1.205464199999999977e+02 1.931105200000000011e+01 1.178587888883921124e+02 1.752349266406073625e+01
1.331578700000000026e+02 1.155118900000000082e+01 1.310818731035566884e+02 1.359992732671179150e+00
1.166539499999999947e+02 2.553005200000000130e+01 1.012162088541931411e+02 1.890302959013806827e+01
1.302130600000000129e+02 1.211599499999999985e+01 1.213211134251205863e+02 1.730724357397008006e+01
9.808326999999999884e+01 2.820190200000000047e+01 1.147091989283084956e+02 2.713631863952481638e+01
1.209112899999999939e+02 7.267337999999999631e+00 1.059146207235930603e+02 2.037188597614114371e+01
1.129410900000000026e+02 1.928609799999999908e+01 1.030939922685314798e+02 2.242891488801633315e+01
1.087034450000000021e+02 1.879413800000000023e+01 1.060208651498204091e+02 2.402974684856201293e+01
1.291559399999999869e+02 1.352395500000000084e+01 1.271922151470795512e+02 5.371730871231125803e+00
1.005045199999999994e+02 2.882197800000000143e+01 1.053120448560545270e+02 5.369185466215631308e-01
1.281656299999999931e+02 6.427754000000000190e+00 1.372737677724823868e+02 3.016912514845460080e+01
1.099410100000000057e+02 2.527390700000000123e+01 1.050808407744231232e+02 1.674045804806941362e+01
1.020971899999999977e+02 2.676877800000000107e+01 1.332394733634710349e+02 2.931278939172412379e+01
1.072066800000000057e+02 2.882234800000000163e+01 1.049465759967104361e+02 2.064141780466665921e+01
1.114416300000000035e+02 1.862790100000000137e+01 9.625676547531914196e+01 3.384823234331845754e+01
1.221657000000000011e+02 3.453664999999999985e+00 1.263227172575248147e+02 9.953070627463581843e+00
1.159619799999999969e+02 3.274969500000000266e+01 1.186852621426391181e+02 3.666421133302339985e+00
1.159256900000000030e+02 2.697432299999999827e+01 1.148425815520331668e+02 3.499921776824841402e+01
1.039350500000000039e+02 2.735918399999999906e+01 1.096610880477107912e+02 6.251587555048906175e+00
1.094431699999999950e+02 2.603854600000000019e+01 1.374582113271749506e+02 1.329410068345677232e+01
1.175967899999999986e+02 3.310830700000000348e+01 1.262145990161268401e+02 2.258519718016757238e+01
1.227775699999999972e+02 3.331928000000000001e+00 1.284275712895664583e+02 3.032118053273078928e+01
1.164321900000000056e+02 1.890602499999999964e+01 1.092430732756729981e+02 2.651893678040916313e+01
1.074301300000000055e+02 3.293291500000000127e+01 1.198770658162700045e+02 3.623333402833952110e+00
1.123958300000000037e+02 1.957101600000000019e+01 1.297202223874534184e+02 2.379218369612366146e+01
1.365753499999999860e+02 3.356936300000000273e+01 1.311169435033063451e+02 1.265991334035774152e+01
1.034781339999999972e+02 1.418773999999999980e+01 1.191235301608628561e+02 1.257124284994162267e+01
1.286794999999999902e+02 1.162912799999999969e+01 1.002887369363286751e+02 4.671815767300306455e+00
1.367545299999999884e+02 1.483705600000000047e+01 1.032445347274425558e+02 3.299377224941036957e+01
1.041200560000000053e+02 2.495909899999999837e+01 1.339318004024230788e+02 3.388016574444652207e+01
1.349519999999999982e+02 1.169487200000000016e+01 1.024431319819784534e+02 3.374273733116449137e+01
1.074369499999999960e+02 2.925465799999999916e+01 1.226849416757367806e+02 3.314255489602332716e+01
1.085890660000000025e+02 5.622329999999999828e-01 9.911940866935933059e+01 1.910541512623618488e+00
1.002700300000000055e+02 1.703686300000000031e+01 1.069982281542907288e+02 3.322611120745327185e+01
1.324894099999999924e+02 1.522223000000000104e+00 1.089628853741741352e+02 4.169498690745782277e+00
1.371154999999999973e+02 4.333319999999999950e-01 1.208468792305988160e+02 3.955874451172747719e+00
1.201075060000000008e+02 6.985503999999999714e+00 1.195962954930901958e+02 2.271070926624601860e+00
1.303266000000000133e+02 5.151488999999999763e+00 9.509644535259744202e+01 2.299428958200276440e+01
1.205864299999999929e+02 8.516370000000000218e+00 9.271713063724368453e+01 2.071962691994410122e+01
1.122994499999999931e+02 1.439847999999999928e+01 1.274232185160660151e+02 1.905509766136878724e+01
1.235973099999999931e+02 1.219101299999999988e+01 1.243966451264974751e+02 1.507543192326841819e+01
1.078804999999999978e+02 1.347900000000000098e+00 1.271637242387738240e+02 6.017021993373006694e+00
1.068714449999999943e+02 1.286970200000000020e+01 9.269990522463007210e+01 1.324309637231096204e+01
1.181860400000000055e+02 2.456443600000000060e+01 1.356775386512556736e+02 1.367296889340987853e+01
9.999969000000000108e+01 2.509792300000000154e+01 1.167972338240338672e+02 3.398207498413661654e+01
1.227981199999999973e+02 3.281226699999999852e+01 1.202709916789760172e+02 1.317552733281814703e+01
1.130060650000000066e+02 2.550459999999999994e+01 1.377856443733053311e+02 8.307907963035340515e+00
9.569082000000000221e+01 2.712815700000000163e+01 1.133982401775668336e+02 7.679196412005705241e+00
1.080707699999999960e+02 1.541756700000000002e+01 1.358238869569090923e+02 1.975461597826419435e+01
1.064764899999999983e+02 2.161875300000000166e+01 1.099079953032824335e+02 1.959635828647195055e+01
1.221295800000000042e+02 8.650660999999999490e+00 1.156973928473838100e+02 1.711562272141249963e+01
1.220304600000000050e+02 5.662862999999999758e+00 1.235844130604313591e+02 9.245140843346568715e+00
1.230936200000000014e+02 4.996221000000000245e+00 1.089277749858113822e+02 3.474626876352206040e+01
1.053509449999999958e+02 9.028912999999999300e+00 1.332667564285283959e+02 7.593298640072307037e+00
1.044894199999999955e+02 3.404343999999999681e+01 1.160015365619237002e+02 1.669950590462201490e+01
1.049325299999999999e+02 2.927804199999999923e+01 9.788344008776309124e+01 2.150730695552898553e+01
1.134008259999999950e+02 2.899073999999999884e+01 9.503064586171210237e+01 1.865931225881037392e+01
1.212168499999999938e+02 5.970590000000000064e-01 1.307090655753074202e+02 1.550575662781833763e+01
1.119646900000000045e+02 1.463188599999999973e+01 1.220278826487428034e+02 1.777398850504705408e+01
1.008322600000000051e+02 1.836909500000000151e+01 1.272406144956144090e+02 3.204212948216896706e+01
9.579921000000000220e+01 1.503351199999999999e+01 9.750479277693906965e+01 1.027590050942134070e+01
9.723202000000000567e+01 2.960429800000000000e+01 9.768095337181145510e+01 1.869123682471650483e+01
9.448524500000000614e+01 1.358393900000000087e+01 9.936555737497646135e+01 3.109679984999018743e+01
1.132667699999999940e+02 2.412417599999999851e+01 1.132484829389242691e+02 1.861214400863905993e+01
1.221146700000000038e+02 7.678874999999999673e+00 1.366039770695266782e+02 2.927094518444042137e+01
1.324696399999999983e+02 1.699832699999999974e+01 9.785727372673703428e+01 3.127556691333029804e+01
1.357005499999999927e+02 1.938025700000000029e+01 1.255851434555921173e+02 3.977203524831067760e+00
1.088684839999999951e+02 1.869618999999999920e+00 1.262633067214036657e+02 2.874461508213710204e+01
1.117835000000000036e+02 4.146894999999999776e+00 1.133694480347365641e+02 1.054544994689095816e+01
1.064823149999999998e+02 3.252676000000000123e+00 1.078879381985904899e+02 2.094674389102510403e+01
1.366617899999999963e+02 1.230031400000000019e+01 1.289365012813299245e+02 2.238896691369212988e+01
1.140301000000000045e+02 2.309675000000000011e+01 1.064922221381705612e+02 1.807427464253823146e+01
1.293635400000000004e+02 1.894171000000000049e+00 1.196297190579434186e+02 2.698836379891178527e+00
1.048228900000000010e+02 3.249645600000000201e+01 1.208546995183494914e+02 3.232859629757648889e+01
1.055970499999999959e+02 6.590237000000000123e+00 1.350404453356724161e+02 2.230128181824743550e+01
9.974071999999999605e+01 1.632757600000000053e+01 1.225121597549224788e+02 2.142199339775502054e+01
1.108547200000000004e+02 1.948833799999999883e+01 1.255744646465523715e+02 3.447549769970075673e+00
1.332452999999999861e+02 2.728622999999999799e+00 9.791610232461113128e+01 4.753702203756345668e+00
1.139231400000000036e+02 3.106367300000000142e+01 9.557325321491241255e+01 5.681988763669596487e+00
1.020575599999999952e+02 3.032312399999999997e+01 1.252151400741708187e+02 1.860429695306168796e+01
9.954652400000000512e+01 2.725922600000000173e+01 1.008075780004275828e+02 2.350966169993692034e+01
9.911983499999999481e+01 3.033258400000000066e+01 9.716223128865354397e+01 1.288642144710409809e+01
1.305980999999999881e+02 1.224686600000000070e+01 1.189562299635186946e+02 1.986459500695863412e+01
1.038123300000000029e+02 1.618331999999999837e+01 1.301521162685504578e+02 4.190255140004379264e+00
1.325118699999999876e+02 7.074665000000000425e+00 1.069760216715610994e+02 2.049167128025851170e+01
1.232222500000000025e+02 1.022940900000000042e+01 1.214189472403539298e+02 3.530430941479090201e-01
1.344405199999999923e+02 3.228481299999999976e+01 9.369150242688823482e+01 6.985938202754277349e+00
1.140755900000000054e+02 8.455011999999999972e+00 1.135781666521020270e+02 1.127573830501338037e+01
1.148044000000000011e+02 2.044948799999999878e+01 1.073399218848269214e+02 2.725077201079846745e+01
1.129178600000000046e+02 2.190700100000000106e+01 1.255227766340586157e+02 3.227642013075818284e+01
1.240100000000000051e+02 1.279410900000000062e+01 1.085119622256011667e+02 1.855352573392831772e+01
1.279808500000000038e+02 1.237441800000000036e+01 1.112427620682223335e+02 2.887591443319556106e+01
1.215120100000000036e+02 3.517780999999999825e+00 9.931259103373524511e+01 2.331158379428315186e+01
1.179312000000000040e+02 9.954869000000000412e+00 1.031746668520495973e+02 2.326900241605646258e+01
1.181643140000000045e+02 2.271122000000000085e+01 9.772481733183676056e+01 1.084945183543796787e+01
1.014903900000000050e+02 3.396592700000000065e+01 1.053093962950368478e+02 1.121598234499736080e+01
1.205678249999999991e+02 2.621988100000000088e+01 1.142139608726931783e+02 1.578439608619451029e+01
1.289122600000000034e+02 1.145462200000000053e+01 1.071033945494555866e+02 2.902310447061016419e+01
9.899518999999999380e+01 3.035501000000000005e+01 1.326778785639885427e+02 9.542650524729841877e+00
1.065750199999999950e+02 2.890432200000000051e+01 1.218124670020501128e+02 3.319832652708285092e+00
9.882135999999999854e+01 3.069462800000000158e+01 1.269149131504393466e+02 3.491365768346810228e+01
1.176956899999999990e+02 6.060266000000000375e+00 1.239257075438996765e+02 1.467502120732151738e+01
1.139247359999999958e+02 2.117171300000000045e+01 1.347059816736028210e+02 2.147979520658595121e+01
1.258230060000000066e+02 9.050392999999999688e+00 1.163816867475140242e+02 7.513669833416171784e+00
1.181806899999999985e+02 1.782495300000000071e+01 9.609598046674524596e+01 5.872083730698003379e+00
1.325039999999999907e+02 4.645293999999999812e+00 1.208074313047217032e+02 3.119754105412361156e+01
1.166653400000000005e+02 4.134577000000000169e+00 1.084188274925558346e+02 1.038049104388418620e+01
1.217480850000000032e+02 1.688053000000000026e+00 9.774438256271567127e+01 2.440730276468196180e+01
1.222376000000000005e+02 3.524550000000000183e-01 1.069625816318780664e+02 2.186717286940105609e+01
1.255556260000000037e+02 1.372629099999999980e+01 1.009538752070255327e+02 1.217785060154230514e+01
1.205367660000000001e+02 1.833390400000000042e+01 1.259356661075761963e+02 2.993722392320159997e+01
1.324488800000000026e+02 9.132956999999999326e+00 1.230851365336858692e+02 4.751818184253742139e+00
1.110126900000000063e+02 2.886413999999999902e+01 9.971994919874859420e+01 2.941969781571579645e+01
1.035757499999999993e+02 1.086949599999999982e+01 1.313242436721555464e+02 2.064880235839983147e-01
9.462124000000000024e+01 2.250560199999999966e+01 1.154364478815471671e+02 1.124048155373065150e+01
1.331729400000000112e+02 1.186766300000000030e+01 1.204700934141400808e+02 2.474874775610971156e+01
1.133071060000000045e+02 3.074285100000000170e+01 1.059477768111968743e+02 3.151168421107115147e+00
1.181114039999999932e+02 1.644512699999999938e+01 1.227789773881035558e+02 1.978574497064929005e+01
1.180108199999999954e+02 1.392753899999999945e+01 1.151536133281403664e+02 1.824106163659157787e+01
1.297366499999999974e+02 1.097087800000000080e+01 1.354708925969023596e+02 2.496968457109275619e+01
1.171505300000000034e+02 2.386019699999999943e+01 1.313246936980971498e+02 2.296985391192102810e+01
1.344037299999999959e+02 3.264661399999999958e+01 1.246035880306038166e+02 3.882659735535867185e+00
1.268122939999999943e+02 2.672148999999999930e+01 1.335413645246575811e+02 6.219404301779701605e+00
1.195463639999999970e+02 2.841035700000000119e+01 1.353593332700863812e+02 3.427724149220296823e+01
1.227206500000000062e+02 2.926232000000000166e+00 1.228845960798487340e+02 1.801137376167161186e+00
9.312736999999999910e+01 1.080105299999999957e+01 9.571259943025600592e+01 2.453676112718363100e+01
9.893878999999999735e+01 2.680315399999999926e+01 1.282639106410932470e+02 3.148094579354591005e+01
1.302385099999999909e+02 7.992467999999999684e+00 1.049891361120354247e+02 1.768214193250663158e+01
1.309324000000000012e+02 9.878012000000000015e+00 1.118687830758939867e+02 2.665956495146069116e+01
1.211230850000000032e+02 1.021513700000000036e+01 1.019011317207552452e+02 1.552482612932368866e+01
1.265867599999999982e+02 2.725253899999999874e+01 1.194029155006550269e+02 1.193084201512245457e+01
1.306562800000000095e+02 2.621539999999999981e-01 1.360050328798132284e+02 2.839142302620946268e+01
1.083680499999999967e+02 2.084225800000000106e+01 1.139644110098178231e+02 1.975331863208962702e+01
1.320785700000000134e+02 1.136370800000000081e+01 1.267554096143289115e+02 1.646263644525097902e+01
1.039862200000000030e+02 2.419322400000000073e+01 1.298561442677325317e+02 3.374837475620667249e+01
1.250700149999999979e+02 1.553383900000000040e+01 1.154679865027330266e+02 2.661581623458152634e+01
1.169782000000000011e+02 4.263942000000000121e+00 1.303784291947460190e+02 7.752666885948094944e+00
1.222486099999999993e+02 1.220074699999999979e+01 1.244628028384739480e+02 2.479118037811537612e+00
1.264625999999999948e+02 7.166369999999999685e-01 1.110866784659336588e+02 2.512360485443342029e+01
1.056316000000000059e+02 1.004083999999999932e+01 1.292129391790273019e+02 2.859753821236869609e+00
