6.911889999999999645e+01 5.832240300000000133e+01 5.097831646062457622e+01 4.243450123113642292e+01
5.949662800000000118e+01 4.669303500000000184e+01 6.079560587102241698e+01 6.997783411653304597e+01
6.873533000000000470e+01 4.887007499999999993e+01 4.714171486319083471e+01 6.027374644140171256e+01
8.960774000000000683e+01 6.186290999999999940e+01 5.866137623827552972e+01 6.821738996743340522e+01
5.617108999999999952e+01 4.759675000000000011e+01 4.955895658603921561e+01 4.080087987343754463e+01
6.902875500000000386e+01 6.277906800000000231e+01 7.704164430096187743e+01 5.607331088429234711e+01
8.257743000000000677e+01 5.447470500000000015e+01 7.957759176887304875e+01 5.383943468308068248e+01
5.547292000000000201e+01 6.495580999999999960e+01 7.872797182462878141e+01 5.575303681266900924e+01
5.298197600000000307e+01 4.648367300000000313e+01 8.795158221773638729e+01 4.153654481636448281e+01
5.417961499999999830e+01 6.113273199999999719e+01 7.406880131634555653e+01 4.774336503569618628e+01
8.237553400000000181e+01 4.501564400000000177e+01 5.356852682151740197e+01 5.557652106141816972e+01
7.865519999999999357e+01 6.910388000000000375e+01 8.630524853162773979e+01 5.455801968013096115e+01
7.101136999999999944e+01 6.693971000000000515e+01 6.998029868148128685e+01 6.219949001320523507e+01
8.229990399999999795e+01 5.474062700000000348e+01 6.531489403432647123e+01 4.841902789161356679e+01
7.694118000000000279e+01 5.652296400000000176e+01 6.071317639502487395e+01 5.948747534351252853e+01
5.683258399999999710e+01 5.499086400000000197e+01 5.622816465803860098e+01 4.986978101235927596e+01
7.805073500000000308e+01 3.966586000000000212e+01 7.515958369521162297e+01 6.479003224117695936e+01
6.491016399999999464e+01 4.732101999999999720e+01 5.326294092207680819e+01 5.608599208990065677e+01
5.188493700000000075e+01 4.753965399999999875e+01 5.722458087029763618e+01 4.196182661321338259e+01
8.339513399999999876e+01 4.231258799999999809e+01 8.382685397751153289e+01 4.201851272972913165e+01
6.108338499999999982e+01 5.758835200000000043e+01 7.973279584548069465e+01 6.438870935295216213e+01
8.129475999999999658e+01 5.937181999999999960e+01 8.371106029836940365e+01 5.080951010238266718e+01
5.393571500000000185e+01 4.059293999999999869e+01 6.883883149915959621e+01 4.599837211580504004e+01
4.692849300000000312e+01 4.801626000000000261e+01 5.344875871955264302e+01 5.918783279539646003e+01
7.452837999999999852e+01 6.624998499999999524e+01 8.647446983847956403e+01 6.532244080086012161e+01
7.975074999999999648e+01 5.438783000000000101e+01 8.891946275033724589e+01 6.394897834225645283e+01
9.181110400000000027e+01 6.903073999999999444e+01 7.732639116155860393e+01 4.938138796993295188e+01
8.261870999999999299e+01 4.511242299999999972e+01 7.133930529483376404e+01 5.206596604005406448e+01
8.119432000000000471e+01 4.944589599999999763e+01 6.066185046284767424e+01 6.277740172913974703e+01
7.234291000000000338e+01 4.211569200000000279e+01 5.371779599826297158e+01 4.508034348863004936e+01
6.648987599999999532e+01 5.012389000000000294e+01 8.656647459283408352e+01 3.717028251390841120e+01
4.953506500000000301e+01 6.866750000000000398e+01 8.961311242753103556e+01 3.729496437699706490e+01
7.742682999999999538e+01 5.147619600000000162e+01 8.698129726933598249e+01 4.973844348879315191e+01
9.180492999999999881e+01 3.909210199999999702e+01 7.863538129280539124e+01 4.041235601397342236e+01
8.053535999999999717e+01 4.102387600000000134e+01 7.227429990682776406e+01 3.885326295369829808e+01
7.601631000000000427e+01 5.879610999999999876e+01 9.032765083396438399e+01 5.222994274969813233e+01
5.606012700000000137e+01 6.176651999999999987e+01 5.689188089613866595e+01 6.787134537467906625e+01
8.245086000000000581e+01 6.664668000000000347e+01 5.789055150347422796e+01 6.814402467496839222e+01
8.911266999999999427e+01 3.559724400000000344e+01 7.352484049037116165e+01 5.248230317031251957e+01
7.448241400000000567e+01 4.073825000000000074e+01 6.499929531856551534e+01 3.990477862102024886e+01
8.616225400000000434e+01 4.706413700000000233e+01 8.166484569006300376e+01 5.357949945917381740e+01
8.392289999999999850e+01 3.755658999999999992e+01 5.117600567373905562e+01 4.960533385474690959e+01
8.866602000000000317e+01 4.356154599999999988e+01 9.023111177417551687e+01 5.420570056401513170e+01
6.515664999999999907e+01 6.698082999999999743e+01 7.479631037697126317e+01 5.486354467506637889e+01
8.805428999999999462e+01 4.193184000000000111e+01 6.626223287916207028e+01 5.508181500885946491e+01
6.988349999999999795e+01 6.695171000000000561e+01 7.175320676845070977e+01 6.091251111978705524e+01
5.529585300000000103e+01 6.393406000000000233e+01 6.086592400786750545e+01 4.552356553316205634e+01
8.036246500000000026e+01 3.631266399999999805e+01 7.421792086498679453e+01 5.228965532450501996e+01
8.699783999999999651e+01 5.642598300000000222e+01 8.742128502545966739e+01 5.642118215626159383e+01
6.224268299999999954e+01 6.971738999999999464e+01 6.153435166646514176e+01 4.122511419396775523e+01
8.947265000000000157e+01 6.127715299999999843e+01 6.018529850124920699e+01 4.607029716114058004e+01
7.477476500000000215e+01 4.647027200000000136e+01 7.108325846731274567e+01 6.896417352363710052e+01
8.090542000000000655e+01 3.914576999999999884e+01 5.385757728884411222e+01 4.415463250627909986e+01
5.637327599999999705e+01 4.482493000000000194e+01 5.618873724447042406e+01 4.177581250277125946e+01
7.424074600000000146e+01 6.536294999999999789e+01 8.236617393019344036e+01 5.562176380420754640e+01
7.976536000000000115e+01 5.080854999999999677e+01 5.331919107130751456e+01 5.942644637724494316e+01
8.308375999999999806e+01 4.039259299999999797e+01 5.648371858714561711e+01 6.268657021173643784e+01
8.969423000000000457e+01 5.683828700000000111e+01 7.939875354699947252e+01 4.561653143359359319e+01
5.959134000000000242e+01 3.698727800000000343e+01 8.216896090950804421e+01 4.480319403934706202e+01
8.288072999999999979e+01 6.418386999999999887e+01 8.856423204686902295e+01 4.772107070656130645e+01
5.050788000000000011e+01 4.361310199999999782e+01 8.196847620091105568e+01 5.058485920774487710e+01
5.571114699999999686e+01 4.878627800000000292e+01 8.375539478738562593e+01 6.163902292223388457e+01
6.415135999999999683e+01 3.866250999999999749e+01 5.247783812483457666e+01 3.611470542741331258e+01
4.900074800000000153e+01 4.018791199999999719e+01 7.108406082182037267e+01 6.769959790851103776e+01
6.392242399999999947e+01 4.594959999999999667e+01 4.920309061566615583e+01 3.832961453602417379e+01
5.472995000000000232e+01 4.932964700000000136e+01 8.255446828085064226e+01 3.750964657051915196e+01
8.476547999999999661e+01 4.265150500000000022e+01 9.164221407552653886e+01 4.903190450367755204e+01
5.829816399999999987e+01 3.861316300000000012e+01 6.641276768566666533e+01 4.878961919700992667e+01
7.883097999999999672e+01 6.856002999999999759e+01 7.977929277372535921e+01 4.043891167927204577e+01
6.133990000000000009e+01 6.636275500000000704e+01 7.361721631421232814e+01 4.989783809188327268e+01
7.544069000000000358e+01 5.889127700000000232e+01 9.166267506692264533e+01 3.585798323755056316e+01
6.756074499999999716e+01 5.068755999999999773e+01 6.300238793704885154e+01 6.321820632556941177e+01
4.851305800000000090e+01 6.343142300000000233e+01 6.079890015857012031e+01 4.466591159691895285e+01
8.179510500000000661e+01 5.575972999999999757e+01 5.284692186744701559e+01 6.172442891810418075e+01
6.249450300000000169e+01 4.727958699999999936e+01 4.756766300061453023e+01 5.874868949602321067e+01
7.740076000000000533e+01 5.681025000000000347e+01 7.832548149399967485e+01 6.027488394799924265e+01
8.167567999999999984e+01 6.890968999999999767e+01 7.872160696229555299e+01 5.964013650750943185e+01
5.054207600000000156e+01 5.068763700000000227e+01 5.951219603325498042e+01 5.037568043939887019e+01
5.755702200000000346e+01 6.344722999999999757e+01 4.897451989538073036e+01 6.461329430669682949e+01
7.810264999999999702e+01 4.158295400000000086e+01 7.464098476691231099e+01 4.780183050357078400e+01
7.423702000000000112e+01 4.460083000000000197e+01 5.010359823151043912e+01 4.009786551410524424e+01
8.156637000000000626e+01 6.152586699999999809e+01 6.569741629335135258e+01 6.359922877623016291e+01
8.879673999999999978e+01 5.470548200000000350e+01 4.721419264476672595e+01 4.092726171670379642e+01
8.495932999999999424e+01 5.511924700000000144e+01 7.780112137618959878e+01 5.035896981070772682e+01
8.775104000000000326e+01 5.497316000000000003e+01 9.084239101264354588e+01 4.685945715145489032e+01
7.233626599999999485e+01 4.512044499999999658e+01 7.245012678805892392e+01 4.515945562233029875e+01
6.357945999999999742e+01 5.470088599999999701e+01 7.332125609368418395e+01 6.787940244349829300e+01
6.116707999999999856e+01 6.910000599999999338e+01 5.484737001256400646e+01 4.060106224682762388e+01
5.452053500000000241e+01 4.819859699999999947e+01 6.306614836925730572e+01 3.547830981400183958e+01
8.067771000000000470e+01 6.004244200000000120e+01 8.896853902074013831e+01 3.855299313011181539e+01
8.036185500000000559e+01 6.124999600000000299e+01 7.595071000750591850e+01 5.646847993169816959e+01
5.301115399999999767e+01 4.815188200000000052e+01 4.751805025085919709e+01 4.310128527963610168e+01
9.018569999999999709e+01 3.834128599999999665e+01 7.503513026459296498e+01 4.383090135755446681e+01
5.702402000000000015e+01 6.847169499999999687e+01 5.402798301043073792e+01 5.960474678717114472e+01
5.199167299999999869e+01 4.681398800000000193e+01 7.504761381322738600e+01 6.789075254771395862e+01
7.028585999999999956e+01 6.781667000000000201e+01 5.712868467974147535e+01 5.747265492565144029e+01
5.131306500000000170e+01 4.225136599999999731e+01 7.439431564041676381e+01 6.217796311260111963e+01
6.483964000000000283e+01 6.468658999999999537e+01 7.941953553169511792e+01 6.472074530915843127e+01
8.929375500000000443e+01 4.525433699999999959e+01 6.095027112374820888e+01 4.673627823580770269e+01
8.887125399999999331e+01 4.686672200000000288e+01 8.674747635796514089e+01 5.110128455532999681e+01
7.800654600000000016e+01 6.469402999999999793e+01 8.699315728823050620e+01 4.960017636112562656e+01
5.064583199999999863e+01 3.572258800000000178e+01 6.745440847131757778e+01 5.824439920121481151e+01
6.031989300000000043e+01 6.099613000000000085e+01 7.839851510847779537e+01 4.596330955382531158e+01
5.276127199999999817e+01 6.409749600000000669e+01 5.065941099067276809e+01 5.517630774175734132e+01
4.684532000000000096e+01 4.866077400000000353e+01 7.206585387269986143e+01 4.163980516408908272e+01
8.641444400000000314e+01 6.971240000000000236e+01 7.022403097068978184e+01 6.161786287492718373e+01
7.918278999999999712e+01 5.889139600000000030e+01 6.942352003534963956e+01 5.365335351256385366e+01
8.669604999999999961e+01 4.382106999999999886e+01 4.686357440469794966e+01 5.277701786981657506e+01
6.592067000000000121e+01 6.349421300000000201e+01 5.426554961117712850e+01 4.192212815425119743e+01
5.129099000000000075e+01 6.678874000000000422e+01 8.213921221172013531e+01 6.222500987123385130e+01
7.988885000000000502e+01 4.785991700000000293e+01 6.914048325474364276e+01 4.765994170597068802e+01
9.083462500000000261e+01 4.356326299999999918e+01 7.620947113770131409e+01 4.672761679486679043e+01
5.909548999999999808e+01 5.402338400000000007e+01 7.031443541710670786e+01 5.861606344569168670e+01
4.833791000000000082e+01 4.264510700000000298e+01 8.139269475671569865e+01 5.944770905750037571e+01
8.289714999999999634e+01 6.036416599999999733e+01 6.877754149955829632e+01 5.707974291166548397e+01
7.225992599999999300e+01 5.356168000000000262e+01 7.920421601137073253e+01 6.678921589998770969e+01
6.041376000000000346e+01 4.489095300000000321e+01 4.600658759129203190e+01 4.455194146316650716e+01
7.073739000000000487e+01 6.799375999999999465e+01 5.488224971380294903e+01 6.098357215983286039e+01
6.722942000000000462e+01 5.112736999999999910e+01 8.429855954458849965e+01 5.820040404101583675e+01
6.367138700000000284e+01 6.826762399999999786e+01 5.137936964527221306e+01 6.824761200225566427e+01
8.993613999999999464e+01 3.513676000000000244e+01 8.288234109094712210e+01 3.767152308487349188e+01
5.010618600000000100e+01 6.859990999999999417e+01 8.626376881534808660e+01 6.205291062648657174e+01
8.211767000000000394e+01 4.533730299999999858e+01 5.421107393239822869e+01 6.308807947495560597e+01
6.624788999999999817e+01 5.235919599999999718e+01 7.409330665886076872e+01 6.779982606565147307e+01
8.923962000000000216e+01 4.418288799999999839e+01 8.230391723626314615e+01 5.989572944745526684e+01
4.894039999999999679e+01 3.880748700000000184e+01 4.783285635952545789e+01 6.415293063818545249e+01
7.474639000000000522e+01 4.870817999999999870e+01 6.690611850315914921e+01 4.237963496914213835e+01
7.132538999999999874e+01 6.060013000000000005e+01 7.674294477008382387e+01 4.441254910382733812e+01
8.220032999999999390e+01 5.824492599999999953e+01 8.890292056179161762e+01 5.396922836919671340e+01
9.064222999999999786e+01 5.993853399999999709e+01 8.161932429542150658e+01 4.669048694854599546e+01
5.863204000000000349e+01 5.609206799999999760e+01 7.384676478019554224e+01 4.528134744171380532e+01
5.400504300000000057e+01 5.103547999999999973e+01 6.195817094739562947e+01 4.247253842304242255e+01
6.443040999999999485e+01 4.742150000000000176e+01 5.630915392295882782e+01 6.015532001661706119e+01
8.208905000000000030e+01 5.459096000000000259e+01 6.852286408453299771e+01 3.941216730351789010e+01
4.633458699999999908e+01 3.958970000000000056e+01 4.889863229870154981e+01 4.545176985579691120e+01
9.162057000000000073e+01 6.090203499999999792e+01 5.562544421874538614e+01 5.618121880738603124e+01
8.139999000000000251e+01 4.300163700000000233e+01 8.798988717407902982e+01 5.048932005824071467e+01
5.729351799999999884e+01 4.892940500000000270e+01 8.382456308785432952e+01 3.671832865308378047e+01
5.397158400000000000e+01 5.137336299999999767e+01 7.281012332005117571e+01 4.007461755742881593e+01
5.595009600000000205e+01 4.678098700000000321e+01 6.446800009737489745e+01 6.228498129403600103e+01
5.969371399999999994e+01 5.668194600000000349e+01 7.551402266570970312e+01 5.166094494272060444e+01
5.697344600000000270e+01 3.984711500000000228e+01 5.286008567419754911e+01 3.892244338248579538e+01
7.310254999999999370e+01 4.564732999999999663e+01 7.899951929789148153e+01 3.776099867099105722e+01
5.425672500000000298e+01 6.368536999999999892e+01 4.720335677566872334e+01 3.609951271694709618e+01
7.437347400000000164e+01 5.194907800000000009e+01 6.067411173726980422e+01 3.649020075394808771e+01
7.923879999999999768e+01 3.781366299999999825e+01 9.184756121826555386e+01 4.141090489362033367e+01
5.554220600000000019e+01 6.699183999999999628e+01 5.111670521866810901e+01 4.480930271171833112e+01
7.883656000000000574e+01 5.663347999999999871e+01 7.814794520346694640e+01 4.502793982016481777e+01
8.203902999999999679e+01 6.433517999999999404e+01 7.032693160276012634e+01 4.403732387831397688e+01
4.678752999999999673e+01 6.777492499999999609e+01 6.601833384515161640e+01 4.689172425447651449e+01
6.606099000000000387e+01 4.350003399999999942e+01 8.657558575551684044e+01 6.157145718239296883e+01
7.535725999999999658e+01 4.322923999999999722e+01 7.688469696569598000e+01 4.552262020847904722e+01
5.668768000000000029e+01 4.350654999999999717e+01 8.492044097344205511e+01 4.298699102217378254e+01
6.128555000000000064e+01 4.736186200000000213e+01 5.987287121395705469e+01 6.604536075459517974e+01
6.262497299999999711e+01 5.685670999999999964e+01 6.885169357271634283e+01 5.307882874365594006e+01
4.645823299999999989e+01 3.776133300000000048e+01 8.657386747878352651e+01 4.021049693780587830e+01
7.221509000000000356e+01 6.206002399999999852e+01 5.697297406261649400e+01 3.996636816149003835e+01
8.518143000000000598e+01 4.342419999999999902e+01 5.159965715221264304e+01 3.814567912911875425e+01
8.255282599999999604e+01 6.686929999999999552e+01 5.093323428891523719e+01 5.645758690497696364e+01
7.660222000000000264e+01 6.206278999999999968e+01 6.952800162202794354e+01 6.936148867244696703e+01
6.589730000000000132e+01 6.460302000000000078e+01 8.908682713180660073e+01 4.853281830967102906e+01
4.760900500000000335e+01 4.232330999999999932e+01 6.154707968043517496e+01 3.980256448825757332e+01
7.472102999999999895e+01 6.270782499999999970e+01 8.300308315905056133e+01 6.048593717317822183e+01
6.746998999999999569e+01 6.405567999999999529e+01 8.815200907363751526e+01 4.125221341312261103e+01
8.419633500000000481e+01 4.799000999999999806e+01 7.304453245450176269e+01 3.738271452105892934e+01
8.311369000000000540e+01 5.060820799999999764e+01 6.660940558958843383e+01 5.840812538004591659e+01
8.632489999999999952e+01 4.753690000000000282e+01 9.008234156305752549e+01 5.138185154189795867e+01
5.007740400000000136e+01 4.188174000000000063e+01 9.133736561426424316e+01 6.341627315120860686e+01
5.298324000000000211e+01 4.281869999999999976e+01 6.380514635981707983e+01 4.798145436945114994e+01
8.602304999999999779e+01 3.937561000000000178e+01 6.836564230245689089e+01 6.004979085697118535e+01
8.066752999999999929e+01 5.411301999999999879e+01 6.953838764224549607e+01 3.862797926257654524e+01
7.458025000000000659e+01 6.582546999999999571e+01 5.189033454126163036e+01 6.717054309645858723e+01
5.205100600000000099e+01 5.125588199999999972e+01 7.411459054157204207e+01 4.151955288180847958e+01
6.850310000000000343e+01 4.365895499999999885e+01 5.528566990532553405e+01 6.503820539811519552e+01
5.209935999999999723e+01 4.494187500000000313e+01 9.133082633886394319e+01 5.524966892123855189e+01
7.065998000000000445e+01 6.916065000000000396e+01 7.741724572085253442e+01 6.725603400216334649e+01
7.864897000000000560e+01 4.122921399999999892e+01 8.817059448917947861e+01 6.151773998769085949e+01
6.566962999999999795e+01 6.886417400000000555e+01 7.703219992433146501e+01 4.193484893894572707e+01
9.114771000000000356e+01 3.976465199999999811e+01 4.847324411179176451e+01 6.577706035937585227e+01
7.703516399999999464e+01 6.199305700000000030e+01 5.761823360847763098e+01 5.143990351926535709e+01
5.645900300000000271e+01 4.368110999999999677e+01 8.717095547156773705e+01 6.818297016908755381e+01
6.289335299999999762e+01 4.695132000000000261e+01 4.762748681704350417e+01 3.768466414491894767e+01
7.296240000000000236e+01 6.389338000000000051e+01 6.122754602484767616e+01 6.847098129081298623e+01
8.170256000000000540e+01 5.462260400000000260e+01 7.263935101414548967e+01 6.173724133761143662e+01
7.457501000000000602e+01 5.767531999999999925e+01 8.011500955435295168e+01 6.804664734834858564e+01
4.621151400000000109e+01 5.518148399999999754e+01 5.330020174992962723e+01 5.007151315420673399e+01
6.114913599999999860e+01 6.106067000000000178e+01 8.132888968555883480e+01 5.907703767517398319e+01
7.338394999999999868e+01 3.854839700000000136e+01 6.506751543129898607e+01 5.120682762512200270e+01
8.819536999999999694e+01 4.174999199999999888e+01 8.521798094665959411e+01 3.772996495756274982e+01
8.108444000000000074e+01 4.445203399999999760e+01 8.504190644544817701e+01 5.902542075015483647e+01
8.319031499999999824e+01 5.818393700000000024e+01 6.551419887191627822e+01 6.648643243139923698e+01
6.439665999999999713e+01 4.585780700000000110e+01 8.830200270822774655e+01 4.618942244141695141e+01
8.464704999999999302e+01 4.511399500000000273e+01 6.572296030899229891e+01 6.838425149388424984e+01
5.485762400000000127e+01 4.599224999999999852e+01 5.185523309328952735e+01 6.903702083861253413e+01
6.813283500000000004e+01 6.838725999999999772e+01 5.662625598998481991e+01 5.114192901606221398e+01
5.224995400000000245e+01 6.277704599999999857e+01 9.106931980260702630e+01 4.056401196721093783e+01
5.150826299999999947e+01 4.476541999999999888e+01 7.111005671765340708e+01 4.574274953413925715e+01
5.225403599999999926e+01 4.503530500000000103e+01 7.457205811715844845e+01 5.942973910373383717e+01
6.218373499999999865e+01 3.870343799999999845e+01 8.079126401646198019e+01 5.663415435497358885e+01
6.761967500000000086e+01 4.882377999999999929e+01 8.457370827520939827e+01 3.683516239388274727e+01
9.169925000000000637e+01 4.650760999999999967e+01 6.311374579942766161e+01 6.141776148388974832e+01
4.842029999999999745e+01 6.546775999999999840e+01 6.995625274623829171e+01 5.114399818604486114e+01
6.001084999999999781e+01 4.652972400000000164e+01 9.034352434024178535e+01 6.017147923036336010e+01
8.789081600000000094e+01 4.176456499999999750e+01 7.276461931288710616e+01 3.991161964763077918e+01
6.224154300000000006e+01 5.949328599999999767e+01 8.088222366711821110e+01 5.750636383081551628e+01
8.313058999999999799e+01 6.017743999999999716e+01 5.027750001081479780e+01 4.970728021253091100e+01
4.636013400000000217e+01 6.280100300000000146e+01 7.903396135651075838e+01 6.820288088431526319e+01
9.060072999999999865e+01 4.467931999999999704e+01 6.777252197112433407e+01 6.542013502271625214e+01
5.043824999999999648e+01 5.069359200000000243e+01 5.503771025766278768e+01 6.879875240015263671e+01
8.765910999999999831e+01 5.155474000000000245e+01 8.748451591847546638e+01 3.820493803860915705e+01
7.457938400000000456e+01 6.232511000000000223e+01 7.957910975105625084e+01 5.112576929553661387e+01
8.000445600000000468e+01 4.100339999999999918e+01 4.878294366990788689e+01 4.463841780320616692e+01
5.511965599999999910e+01 5.043534499999999809e+01 5.687604448343194719e+01 4.280427345106139825e+01
5.636882399999999649e+01 5.500675600000000287e+01 4.965099181754730751e+01 4.966293109241153303e+01
6.136536399999999958e+01 6.348536000000000001e+01 7.278360383300662306e+01 4.841517469113605898e+01
5.393661500000000331e+01 3.812972299999999848e+01 5.844278263508253701e+01 5.266938614476244140e+01
8.140867599999999982e+01 4.317082599999999815e+01 6.619284819275114273e+01 3.715080476042730595e+01
5.257681699999999836e+01 6.836191999999999780e+01 6.378524936916569033e+01 5.400061482553893200e+01
8.846680499999999370e+01 4.369680799999999721e+01 5.742578697285492240e+01 4.669565274410906852e+01
5.534429000000000087e+01 4.126287500000000108e+01 6.674901848396278581e+01 5.963507252672365411e+01
6.496792000000000655e+01 4.801457599999999815e+01 6.059860156233795436e+01 3.528938571726713747e+01
8.249222000000000321e+01 6.690501999999999327e+01 6.615032809533983027e+01 5.125338132346549003e+01
7.312372000000000583e+01 6.773954999999999416e+01 7.250758171329866286e+01 5.836295614502888185e+01
4.846276000000000295e+01 5.538419700000000034e+01 4.870166488188617393e+01 6.343578232412679796e+01
5.247487999999999886e+01 5.883624999999999972e+01 6.568196896129367701e+01 5.787246202395018457e+01
6.537806999999999391e+01 6.286923999999999779e+01 8.148898550098506632e+01 5.154000387148174411e+01
8.562643400000000327e+01 4.843126000000000175e+01 8.127303810266505479e+01 5.289948240628882559e+01
8.042343999999999937e+01 6.034931600000000174e+01 5.725648123433403924e+01 6.159735651981208804e+01
5.436368000000000222e+01 4.775901799999999753e+01 5.122374929265576071e+01 5.428980332083219196e+01
8.167454499999999484e+01 5.283109699999999975e+01 6.603396493847910165e+01 5.004930022737255513e+01
7.062833999999999435e+01 5.668460000000000321e+01 8.491534804313505447e+01 4.524576292033830782e+01
8.299345399999999984e+01 5.597496000000000294e+01 5.999816707368725588e+01 5.136723899825594231e+01
5.473843800000000215e+01 5.927079799999999921e+01 8.678218874907905445e+01 5.176346622452773971e+01
6.131213400000000036e+01 6.516871999999999332e+01 5.981745131793119441e+01 4.118973523214312138e+01
7.789664999999999395e+01 3.829120300000000299e+01 9.138412997340466859e+01 5.300879736394648489e+01
5.974121999999999844e+01 5.573130400000000151e+01 7.090280525787726162e+01 5.470001936970689371e+01
7.561651999999999418e+01 5.645756999999999692e+01 6.814036055850546347e+01 4.738577817795166425e+01
5.315865300000000104e+01 6.761862999999999602e+01 7.884908801814889046e+01 4.168892227965640274e+01
8.015433000000000163e+01 5.450035499999999900e+01 5.487296008682291415e+01 5.769630664987690238e+01
9.108239000000000374e+01 5.807952999999999832e+01 8.645975077053769553e+01 4.370258492184843391e+01
6.438805000000000689e+01 4.613273600000000130e+01 7.733656345037394431e+01 6.890177219229022398e+01
5.920958999999999861e+01 3.601075000000000159e+01 6.415014753593905539e+01 3.655306550670402999e+01
6.446322999999999581e+01 6.257473800000000352e+01 6.660932538671610814e+01 3.809084397769274943e+01
4.747186700000000315e+01 5.477770999999999901e+01 8.863428116649083677e+01 3.744805406357290423e+01
7.109643599999999708e+01 4.223808700000000016e+01 4.872999435060059170e+01 6.345016698598341520e+01
4.675751999999999953e+01 3.515232999999999919e+01 8.178627494603287573e+01 4.948518916319529382e+01
8.284991499999999576e+01 6.565794999999999959e+01 4.870140738631434374e+01 6.032683834613968088e+01
5.314585000000000292e+01 5.025801500000000033e+01 8.580006926911593723e+01 5.698776044337898838e+01
7.604640000000000555e+01 3.786066000000000287e+01 4.730106254965491530e+01 5.858167825321999800e+01
5.996896000000000271e+01 5.331902300000000139e+01 6.011817673557764152e+01 6.353252206106366629e+01
4.604717600000000033e+01 5.046526000000000067e+01 5.682248167319054488e+01 5.541552974423095179e+01
6.326630000000000109e+01 6.010965999999999809e+01 6.480037793285346481e+01 3.816204183951400353e+01
