1.147561599999999942e+02 1.838597100000000140e+01 1.304324573563258411e+02 3.198536435011824608e+01
1.370245700000000113e+02 1.147566899999999990e+01 1.081466216833319720e+02 1.013810357719107280e+01
1.132784039999999948e+02 2.408719599999999872e+01 1.044447404241132915e+02 1.013617658604401583e+01
1.239107999999999947e+02 6.146923000000000137e+00 1.188772154904618645e+02 2.001178075165024595e+01
1.132667699999999940e+02 2.412417599999999851e+01 1.123191524922063991e+02 2.306700805760348416e+01
1.303382699999999943e+02 1.019772700000000043e+01 9.448240442715048459e+01 1.111747657549355139e+01
1.167593700000000041e+02 2.162810899999999847e+01 1.330761474392244850e+02 3.356384868321201509e+01
9.911983499999999481e+01 3.033258400000000066e+01 1.312104955424074433e+02 2.366190678091072641e+01
1.092677800000000019e+02 3.181741999999999848e+00 9.870609982368696933e+01 2.117985506355138270e+01
9.579921000000000220e+01 1.503351199999999999e+01 1.238603202364717077e+02 1.781084555407444014e+01
1.262176500000000061e+02 1.077972399999999986e+01 1.088537568682379231e+02 4.325272085816073364e+00
1.078898599999999988e+02 1.824183700000000030e+01 1.295595080421957448e+02 2.629195184065730473e+01
1.174418639999999954e+02 1.991549499999999995e+01 1.068824434343718650e+02 1.265754368872549840e+01
1.255556260000000037e+02 1.372629099999999980e+01 9.409372110707437287e+01 2.983611255389479577e+00
1.365897199999999998e+02 8.289113999999999649e+00 9.844537666404082188e+01 2.443462409896986642e+01
1.182392499999999984e+02 2.503325500000000048e+01 1.071262061506392769e+02 3.329834845264031884e+01
1.287118000000000109e+02 8.186422000000000310e+00 1.196627558922588861e+02 1.822863660412170628e+00
1.174997939999999943e+02 1.471192300000000053e+01 1.208852945105887642e+02 1.373522554265768569e+01
1.102168700000000001e+02 2.640597199999999845e+01 1.272038128058621567e+02 3.162865266625029648e+01
1.328286300000000040e+02 1.854412800000000061e+01 1.130476988679423584e+02 8.223038413907987731e+00
1.258230060000000066e+02 9.050392999999999688e+00 1.232252557865750617e+02 1.577372894029019923e+00
1.006227399999999932e+02 1.954385600000000167e+01 9.324002236537506860e+01 4.365636195512768047e+00
1.044074200000000019e+02 1.407581799999999994e+01 1.039292442216195411e+02 1.270275250343169660e+01
1.346454300000000046e+02 1.258279899999999962e+01 9.276290086407929891e+01 2.719614393916950590e+01
1.158584060000000022e+02 1.987986000000000075e+01 9.496859657009694899e+01 1.147345336629165935e+01
1.140009500000000031e+02 2.463463799999999893e+01 1.156209847838322275e+02 2.484855343165461150e+01
1.065032039999999967e+02 4.921710000000000251e-01 1.322051168141964013e+02 7.478715055163968728e+00
1.360862600000000100e+02 1.322449800000000053e+01 9.267858262966599625e+01 1.135410543934516348e+01
1.331978300000000104e+02 1.207540099999999939e+01 1.019098683538937138e+02 2.051063664871094261e+01
1.128090440000000001e+02 2.218561000000000050e+01 1.102653014774063251e+02 1.198930433658913586e+01
1.230443949999999944e+02 4.896641999999999939e+00 1.036837346036450356e+02 2.563670558102266384e+01
9.515203999999999951e+01 1.569428800000000024e+01 1.311605404265784216e+02 2.173970975740968825e+01
1.283993499999999983e+02 1.234091600000000000e+01 1.356358852789640537e+02 3.231996064893006348e+01
1.235973099999999931e+02 1.219101299999999988e+01 1.218626287285248111e+02 2.824919818057539445e+01
1.038327500000000043e+02 1.301466800000000035e+01 1.130361985907060642e+02 1.728794476784096901e+01
1.181806899999999985e+02 1.782495300000000071e+01 1.119873128411719847e+02 3.197956933522546308e+01
1.194439849999999979e+02 3.088717700000000121e+01 1.373705797145617851e+02 2.262324363138554784e+00
1.111686299999999932e+02 3.224828000000000117e+01 1.217582826744924205e+02 3.162700614004360844e+01
1.131231460000000055e+02 2.764571000000000112e+00 1.015293312125398870e+02 2.491008091702132532e+01
1.088499999999999943e+02 2.839095999999999975e+01 1.063595667762120911e+02 9.467307921725238273e+00
1.020575599999999952e+02 3.032312399999999997e+01 1.057714465590609620e+02 2.274458167815150489e+01
9.823951999999999884e+01 1.669737599999999844e+01 1.071546490477852842e+02 1.988937722011830544e+01
9.448524500000000614e+01 1.358393900000000087e+01 1.288844597455704672e+02 2.220054875543826611e+01
1.171505300000000034e+02 2.386019699999999943e+01 1.368333243294501926e+02 2.117651660983276329e+01
1.323020500000000084e+02 3.039486999999999828e+00 1.176851160917219943e+02 8.261856626419199046e+00
1.232273500000000013e+02 4.342469000000000356e+00 1.052327224670599861e+02 1.787684244533507183e+01
1.205678249999999991e+02 2.621988100000000088e+01 1.308465288457303473e+02 3.046585671050992428e+00
1.279676800000000014e+02 9.560188000000000130e+00 1.222531891117637173e+02 5.663936501069167129e+00
1.305158500000000004e+02 8.179097000000000506e+00 1.017687998715066300e+02 2.213610093859164607e+01
1.205464199999999977e+02 1.931105200000000011e+01 9.376413013630602222e+01 1.274567573231579587e+01
1.358888900000000035e+02 4.520160999999999873e+00 1.319004714981190887e+02 2.155314058141280142e+01
1.229745099999999951e+02 1.295093400000000017e+01 1.280045081235588214e+02 2.165052442884648087e+01
9.586464999999999748e+01 3.010379999999999967e+01 1.049386206511358637e+02 2.437380752959776586e+01
1.015857799999999997e+02 1.553561999999999976e+01 1.138085645550354172e+02 1.084488280717209996e+01
1.050813700000000068e+02 4.424735000000000085e+00 1.233290805419522655e+02 6.869500442717503930e+00
1.010747149999999976e+02 1.745857799999999926e+01 9.347934599943421574e+01 1.528564118808073413e-01
1.269610100000000017e+02 1.226305200000000006e+01 1.298318248240316848e+02 1.094503623396075476e+01
1.002797900000000055e+02 2.030880499999999955e+01 1.068174303940329253e+02 1.972480996263108466e+01
9.974071999999999605e+01 1.632757600000000053e+01 1.053056546686140678e+02 3.442902250226826766e+01
1.138388060000000053e+02 1.427283199999999930e+01 1.057845224782836340e+02 3.107527352649901076e+01
1.175999999999999943e+02 1.023433799999999927e+01 1.327672872789472081e+02 2.459074810512940346e+01
1.052273249999999933e+02 1.942294899999999913e+01 1.180420525549531447e+02 1.689298640851954403e+01
1.332452999999999861e+02 2.728622999999999799e+00 9.706026857291151089e+01 2.449994768101630882e+01
1.159256900000000030e+02 2.697432299999999827e+01 1.052119218576821567e+02 3.400325828956809460e+01
1.327039000000000044e+02 1.584810399999999930e+01 1.063352199530775835e+02 1.299868572796259336e+00
1.222486099999999993e+02 1.220074699999999979e+01 1.031417725787311781e+02 1.188625582455445873e+01
1.164053499999999985e+02 1.685597999999999885e+01 1.216896957388592142e+02 1.499966439302154875e+01
1.301707000000000107e+02 5.522420000000000107e-01 1.252355059403965925e+02 1.210092291448916768e+01
1.337603000000000009e+02 1.258384500000000017e+01 1.258743975191040363e+02 4.987751222820554275e+00
1.366617899999999963e+02 1.230031400000000019e+01 1.233971864424331955e+02 1.774450346237764009e+01
9.989088999999999885e+01 2.683164999999999978e+01 9.502298589537680584e+01 2.037229318082163232e+01
1.125423660000000012e+02 2.072739999999999938e+01 1.248571313925962301e+02 2.022697372126280158e+01
9.234408600000000433e+01 1.566721100000000000e+01 1.060028042200109581e+02 1.689275539054575503e+01
1.078554800000000000e+02 1.840535399999999910e+01 1.219152288632469094e+02 3.029890706527180200e+01
1.221697539999999975e+02 5.261603000000000030e+00 1.130551301447073911e+02 8.181616209234322312e+00
1.373412800000000118e+02 7.320990000000000553e-01 1.360262988803087865e+02 3.049304927531320786e+01
1.034284499999999980e+02 2.847408899999999932e+01 9.977329909396371477e+01 1.216868043419839829e+01
1.031737439999999992e+02 5.745917000000000385e+00 1.344193263481015208e+02 3.010516485703890055e+01
1.130844799999999992e+02 1.852679300000000140e+01 1.091416376139325877e+02 1.424545807626335225e+01
1.197646199999999936e+02 2.030460199999999915e+01 1.136466238781198683e+02 2.122127105396966940e+01
1.088749899999999968e+02 2.917879299999999887e+01 1.172002169381254220e+02 7.394354376564598930e+00
1.227775699999999972e+02 3.331928000000000001e+00 1.164283148897402071e+02 6.135931382431553116e-01
1.221725399999999979e+02 1.971065000000000067e+00 1.015848871216529119e+02 2.699528252357755775e+01
1.026750949999999989e+02 3.487172699999999992e+01 9.605492591383125500e+01 6.752821161067322109e+00
1.219842399999999998e+02 1.118587100000000056e+01 1.001483608335746567e+02 3.399026657780384930e+00
1.035757499999999993e+02 1.086949599999999982e+01 1.314040236696216652e+02 2.529954832101646645e+01
1.224107740000000035e+02 7.443858999999999781e+00 1.108199358654007369e+02 3.381044366872878015e+00
1.364280100000000004e+02 4.255118000000000400e+00 1.085163119056797001e+02 3.885056006091855973e+00
1.085890660000000025e+02 5.622329999999999828e-01 1.049344345600297856e+02 2.149507054306447174e+00
1.344861300000000028e+02 1.449819800000000036e+01 1.018137650929239868e+02 3.194101930878623463e+01
1.123588600000000071e+02 5.283899999999999708e-02 1.290373047370651989e+02 2.576530788994393362e+00
9.848784999999999457e+01 2.775841000000000136e+01 1.280046295103786065e+02 2.078601116011905603e+01
1.214991760000000056e+02 1.366147199999999984e+01 1.147353352321297848e+02 9.912410641656975940e+00
1.211260759999999976e+02 1.171536500000000025e+01 1.228623623119738681e+02 9.511821735866403671e+00
1.140301000000000045e+02 2.309675000000000011e+01 1.067557989999160100e+02 2.108052662549183331e+00
1.363643999999999892e+02 1.274971000000000032e+01 1.205746198172757317e+02 3.978345814871133257e+00
1.325616899999999987e+02 2.183529300000000006e+01 1.039922050161916331e+02 6.939136127499560658e+00
1.064764899999999983e+02 2.161875300000000166e+01 1.077060457202125008e+02 2.271133080309276764e+01
1.004917399999999930e+02 3.001473800000000125e+01 1.103445584525173473e+02 2.618395876063434713e+01
1.286587700000000041e+02 1.192577099999999923e+01 9.467952326505735527e+01 4.246139549690064463e-01
1.286794999999999902e+02 1.162912799999999969e+01 1.179559110138435898e+02 3.226850381350429586e+01
1.353151900000000012e+02 1.279140499999999925e+01 9.622834022579667135e+01 5.611176775121244020e+00
1.094431699999999950e+02 2.603854600000000019e+01 9.630146864662697226e+01 2.712981039820946805e+01
1.268122939999999943e+02 2.672148999999999930e+01 1.056088884521824127e+02 2.425873139708653170e+01
1.240121900000000039e+02 1.423227999999999938e+00 1.162705233577693065e+02 3.118671660427301617e+01
1.234565599999999961e+02 1.023036199999999951e+01 1.182270001206145480e+02 5.376122176506586747e+00
1.221146700000000038e+02 7.678874999999999673e+00 1.352836676313776820e+02 5.469046230794655239e-01
1.078730850000000032e+02 3.194168000000000163e+01 1.310353731257031598e+02 1.883519956850078225e+00
1.117162550000000039e+02 2.099041700000000077e+01 1.342049042204041882e+02 1.720451301368458275e+01
1.122994499999999931e+02 1.439847999999999928e+01 1.174486473791011178e+02 2.211303243324924495e+01
1.056316000000000059e+02 1.004083999999999932e+01 1.334548873856679734e+02 1.592030703196542696e+01
1.308442000000000007e+02 8.125244999999999607e+00 9.517878937152400454e+01 2.079569869702210916e+00
1.022638800000000003e+02 3.262707999999999942e+01 9.464237059126138263e+01 1.945692126655445975e+01
1.014903900000000050e+02 3.396592700000000065e+01 1.289521553960216806e+02 5.471049554731229669e+00
1.221657000000000011e+02 3.453664999999999985e+00 1.074354360685657213e+02 2.787407792464365208e+00
1.349519999999999982e+02 1.169487200000000016e+01 1.298557732506557159e+02 6.177724326584041137e+00
9.987552999999999770e+01 8.232086999999999932e+00 1.317588525413194986e+02 1.918326626584581085e+00
1.073123599999999982e+02 2.557497199999999893e+01 1.149397738915589002e+02 2.345499883671085684e+01
1.099410100000000057e+02 2.527390700000000123e+01 1.037488048652278962e+02 1.639149449731372954e+01
1.289122600000000034e+02 1.145462200000000053e+01 1.098990731576272566e+02 3.128071260842414603e+01
1.015794000000000068e+02 7.872015000000000207e+00 1.151951086501409947e+02 3.115330393404222065e+01
9.954652400000000512e+01 2.725922600000000173e+01 1.230328334230619873e+02 2.390633983720052314e+00
1.087185099999999949e+02 1.082315200000000033e+01 1.190449590746661812e+02 1.109399633220113124e+01
1.371154999999999973e+02 4.333319999999999950e-01 9.901668045136213436e+01 2.612754772110544010e+01
1.047877660000000049e+02 2.743140400000000056e+01 1.321351109411929770e+02 3.194705922774075546e+01
1.222981000000000051e+02 3.382558000000000220e+01 1.222613424468282233e+02 3.478323669624978010e+01
1.369361299999999915e+02 1.332057299999999955e+01 1.177472779165706527e+02 1.528815633201788593e+01
1.148769499999999937e+02 6.728119999999999656e-01 9.967449344291615887e+01 1.259601561713933648e+01
1.148329200000000014e+02 2.281423799999999957e+01 1.153024278728548921e+02 2.783971594792212301e+01
1.215274660000000040e+02 9.855489999999999640e+00 9.242322895838455565e+01 9.463303745497963604e+00
9.363790000000000191e+01 1.419008299999999956e+01 1.235769146344344449e+02 1.652421690150809752e+01
1.349317599999999970e+02 1.207422299999999993e+01 1.222341600665729260e+02 2.995534897234778882e+01
1.164115599999999944e+02 1.850963399999999837e+01 1.366780946934995598e+02 1.876688904805016378e+01
1.210841450000000066e+02 2.834050999999999831e+01 1.074956731396565459e+02 3.481189740370902541e+01
1.209112899999999939e+02 7.267337999999999631e+00 1.272735523386431851e+02 3.640066408241697360e+00
1.171555249999999972e+02 2.330280700000000138e+01 1.129761231618133763e+02 2.959537231142182279e+01
1.030357699999999994e+02 2.493956400000000073e+01 9.745968972532388364e+01 2.188675267584675765e+01
1.137167199999999951e+02 2.209496700000000047e+01 9.824199154644269072e+01 1.447063638478782721e+01
1.211047800000000052e+02 2.653878999999999877e+01 1.347938753585486324e+02 3.839324831065105581e+00
1.015828300000000013e+02 3.012794999999999845e+01 1.012246362704377844e+02 1.104824409555035736e+01
9.910477000000000203e+01 2.538836900000000085e+01 1.238242295460328393e+02 7.092160809894346940e+00
1.040049199999999985e+02 2.438359600000000071e+01 1.099717841343638725e+02 3.062254419624217405e+01
1.194070700000000045e+02 1.974189399999999850e+01 1.285181158178421867e+02 2.202924713372901877e+01
1.129410900000000026e+02 1.928609799999999908e+01 9.292214164825892908e+01 8.217269835258111943e-01
1.130644759999999991e+02 5.041568999999999967e+00 1.275343297744167330e+02 3.361681113902002238e+01
1.343265800000000070e+02 3.472433000000000192e+01 1.352427304936299493e+02 6.532828912520688647e+00
1.105762799999999970e+02 1.713849599999999995e+01 1.071401450471348511e+02 2.071304824276332113e+01
9.339405999999999608e+01 1.624022300000000030e+01 1.122794648068143886e+02 2.966780105716489757e+01
1.197064500000000038e+02 1.762339400000000111e+01 1.034086593511909768e+02 2.757518660977600788e+01
1.121128999999999962e+02 1.959123999999999910e+01 1.322720114749704976e+02 3.247288255844752314e+01
1.053158899999999960e+02 1.049280700000000088e+01 1.174864150300645065e+02 2.717990452639218901e+01
1.279808500000000038e+02 1.237441800000000036e+01 1.193418078173394434e+02 2.740958749686495821e+01
1.042165799999999933e+02 2.347071499999999844e+01 1.206206302736749620e+02 9.973828809135625306e+00
1.377720300000000009e+02 1.174125100000000010e+01 1.184085511493176739e+02 2.667760781130571601e+01
1.272875200000000007e+02 3.735890000000000044e-01 1.343350765563283176e+02 2.433615575011006626e+01
1.156589100000000059e+02 2.078124199999999888e+01 1.072242394975845059e+02 1.471657103891477725e+01
1.073838200000000001e+02 2.117361000000000004e+01 1.200045878143987892e+02 2.236729560934865191e+01
1.068494100000000060e+02 1.800854100000000102e+01 1.061199204731171619e+02 3.461726121813963886e+01
1.292556600000000060e+02 1.137209400000000059e+01 1.314933779278447901e+02 1.401293341639327750e+01
1.324894099999999924e+02 1.522223000000000104e+00 1.001700098737439220e+02 2.914122599232756272e+01
9.713448999999999955e+01 2.390841500000000153e+01 1.361959210563128977e+02 2.889286037495488557e+01
1.063831100000000021e+02 8.929643999999999693e+00 1.141906051756588028e+02 2.530895565810962466e+01
1.166653400000000005e+02 4.134577000000000169e+00 1.160297813792166579e+02 1.967166605709529037e+01
1.269099199999999996e+02 8.830450000000000799e+00 1.239509275905279253e+02 1.339405684372083449e+01
1.023049299999999988e+02 2.800608000000000075e+01 1.357474089314989669e+02 2.414760773548533024e+01
1.237617400000000032e+02 2.570814499999999825e+01 1.079730355924605476e+02 1.342711529186449759e+01
1.287667099999999891e+02 1.207068300000000072e+01 1.003247019981471198e+02 1.407257326885573612e+01
1.209513000000000034e+02 1.574554299999999962e+01 1.351320464788712457e+02 7.215128822199716296e+00
1.005045199999999994e+02 2.882197800000000143e+01 1.205623894313280999e+02 2.088298176808582340e+01
1.061328350000000000e+02 2.596210900000000166e+01 1.361793584540939719e+02 3.625187955942892337e+00
1.123958300000000037e+02 1.957101600000000019e+01 1.330161731024399785e+02 1.367119732503570262e+01
9.686450000000000671e+01 3.287660000000000338e+01 1.187564039600468391e+02 1.913414491020698494e+00
1.356722699999999975e+02 1.789586800000000011e+01 1.003839232337449516e+02 1.888789719346833351e+01
1.312442299999999875e+02 1.030026800000000087e+01 1.108962845025136232e+02 2.964700014999314792e+00
1.005264739999999932e+02 1.630819999999999936e+01 1.109442231915652712e+02 3.908775868649418506e+00
1.374745599999999968e+02 3.138292099999999962e+01 9.962923427689034384e+01 2.999707924036306395e+01
1.161196300000000008e+02 2.374014299999999977e+01 9.237345747772442905e+01 9.085716777028612912e-01
1.314515000000000100e+02 1.002607700000000079e+01 1.130681205350767584e+02 2.374668311638835405e+01
1.139247359999999958e+02 2.117171300000000045e+01 1.121009114484222238e+02 3.615450526927877384e+00
1.153614500000000049e+02 1.834740400000000093e+01 1.267595685133931909e+02 2.715779820343420070e+01
1.325039999999999907e+02 4.645293999999999812e+00 9.980911811601136208e+01 1.201465679844639389e+01
1.171882999999999981e+02 2.439474999999999838e+01 1.319708263018413845e+02 1.463948670745232938e+01
1.257966299999999933e+02 8.756054999999999922e+00 1.066759501109299748e+02 1.371971347642607642e+00
1.216335140000000052e+02 1.368565999999999949e+00 1.110131515730826095e+02 8.671372065680523988e+00
1.221295800000000042e+02 8.650660999999999490e+00 1.215861540708297497e+02 3.253045121947431539e+01
1.265867599999999982e+02 2.725253899999999874e+01 1.234610025925566958e+02 1.206372639729337770e+01
1.175967899999999986e+02 3.310830700000000348e+01 1.015607215354428945e+02 9.270207801128657721e+00
9.996817000000000064e+01 2.509249700000000161e+01 9.946521123397319286e+01 1.681962229014424537e+01
1.009060400000000044e+02 2.837463199999999830e+01 1.328827094825024062e+02 6.687125113358834305e+00
1.114416300000000035e+02 1.862790100000000137e+01 1.268099793422553887e+02 3.413022666356004464e+01
1.376394999999999982e+02 1.949024400000000057e+01 1.207490581630422355e+02 9.344231775612255042e-01
9.423632999999999527e+01 1.031035299999999921e+01 1.122121541280080947e+02 2.835640617022945875e+01
1.233091349999999977e+02 7.443515999999999799e+00 1.144058267504732953e+02 6.410450450004082867e+00
1.008948800000000006e+02 1.652329800000000048e+01 1.353120434196607675e+02 7.561686808698721229e+00
1.121058799999999991e+02 5.483360000000000456e-01 1.323506729530533050e+02 1.224379197015111886e+00
1.224132840000000044e+02 1.063505699999999976e+01 1.186117505454544414e+02 5.203796175234077559e+00
1.093217539999999985e+02 1.300310099999999913e+01 9.699057826724903464e+01 2.374912238882135185e+01
1.180108199999999954e+02 1.392753899999999945e+01 1.167615435889480011e+02 1.076523476094512599e+00
9.808326999999999884e+01 2.820190200000000047e+01 1.054263838780138514e+02 1.260797517103346266e+01
1.235097959999999944e+02 2.681490999999999847e+00 1.058800061909788894e+02 2.952066345689528504e+01
1.298188600000000008e+02 9.076064999999999827e+00 1.040045317515395595e+02 3.148112362305712963e+01
1.008899150000000020e+02 2.474351700000000065e+01 1.369059025373224472e+02 1.033120989679927604e+01
1.305737499999999898e+02 2.831986999999999810e+00 9.868238039538917405e+01 2.944750382162705904e+00
1.199054399999999987e+02 1.518948900000000002e+01 1.171633039673748726e+02 1.175516242072612094e+01
1.167711800000000011e+02 1.044548600000000071e+01 1.134464887325175937e+02 3.059053442825110736e+01
1.134008259999999950e+02 2.899073999999999884e+01 1.271445176706355795e+02 1.861480992899721443e+01
1.063705499999999944e+02 2.535100999999999871e+01 1.226305198801273946e+02 1.494910348825717250e+01
1.071924700000000001e+02 1.362108100000000022e+01 9.647922453092623130e+01 3.917551723462049829e+00
1.055329299999999932e+02 8.244474999999999554e+00 1.089217955760829142e+02 2.444297491367562003e+01
9.639709999999999468e+01 2.889318000000000097e+01 1.064269125508594414e+02 2.145454905384339028e+01
1.120615540000000010e+02 2.049053999999999931e+01 9.649856280768703698e+01 1.711382345400930660e+01
1.148044000000000011e+02 2.044948799999999878e+01 1.267475650578612232e+02 7.511865259408712081e-01
1.367545299999999884e+02 1.483705600000000047e+01 9.900840906949437681e+01 2.932081618538897771e+01
1.165112840000000034e+02 2.327571899999999872e+01 9.932734560003174806e+01 2.595711620642062201e+01
9.981171000000000504e+01 2.392927600000000155e+01 1.349587541812622931e+02 6.792534889323158076e+00
1.137061499999999938e+02 2.920176500000000175e+01 1.199095341902051075e+02 1.165198712626921207e+01
9.942723999999999762e+01 2.273704499999999840e+01 1.297883417532427757e+02 1.708556990265926601e+01
1.064715499999999935e+02 3.050993000000000066e+00 9.679593141684010504e+01 3.451359861449005706e+01
1.264986999999999995e+02 2.455890000000000128e+01 9.926442079941003271e+01 1.182683634286996011e+01
1.006064200000000000e+02 2.769523600000000130e+01 1.276606572475496648e+02 2.453004394386138998e+01
1.064903999999999940e+02 1.390643999999999991e+00 1.167637500424218331e+02 3.567188496321703095e+00
1.320785700000000134e+02 1.136370800000000081e+01 1.056368432657802572e+02 1.565136420121901040e+01
1.017952350000000052e+02 1.828858599999999868e+01 9.675032256051096624e+01 8.277716640402173809e+00
1.222444500000000005e+02 8.908201999999999288e+00 1.140036873242584221e+02 2.843180762598165501e+01
1.264625999999999948e+02 7.166369999999999685e-01 1.253734740695278305e+02 1.013191912003425088e+01
1.028629600000000011e+02 1.609947599999999923e+01 1.157193574299544565e+02 2.239657215884666641e+01
1.236907599999999974e+02 2.655348599999999948e+01 1.070915439118003434e+02 3.396377797165469303e+01
1.165767299999999977e+02 1.286235699999999937e+01 1.130947430269100380e+02 2.317444439085027241e+01
1.147472199999999987e+02 3.243150700000000342e+01 1.293508064098710122e+02 3.432939421746332442e+01
1.370959000000000003e+02 5.531164999999999665e+00 1.023549114408300511e+02 3.109762754740677870e+00
1.063328249999999997e+02 1.094751899999999978e+01 1.309798705720176031e+02 1.972178614446186984e+01
1.112859399999999965e+02 7.286299999999999999e-01 1.322829254140591502e+02 3.306849876787529396e+00
1.327581000000000131e+02 3.298633999999999844e+00 1.267255519340513246e+02 3.426102266446037703e+01
1.229570539999999994e+02 1.920611999999999986e+00 1.103462585966518219e+02 9.502681048206932601e+00
1.222112300000000005e+02 1.084067199999999964e+01 1.151375527117538127e+02 2.023828991371291153e+01
1.176774800000000027e+02 2.114383099999999871e+01 1.269880562669718671e+02 3.008727014944076217e+01
9.369768000000000541e+01 1.855701600000000084e+01 9.936516934744905427e+01 1.022936348965722608e+01
1.086714099999999945e+02 1.278264599999999973e+01 1.150418930608522032e+02 1.543773557857654843e+01
1.115640259999999984e+02 1.853575000000000017e+01 9.760505219433052559e+01 2.035508287206348044e+01
1.089955800000000039e+02 1.639875599999999878e+01 1.166411008610092068e+02 2.988027223390263742e+01
1.355842399999999941e+02 3.165399999999999991e+01 1.226585337473377706e+02 8.353714046100476409e+00
1.045020300000000049e+02 3.012155500000000075e+01 1.028774591790837860e+02 2.451127382556022027e+01
1.262777600000000007e+02 1.555640400000000056e+01 9.804839076963040156e+01 1.503881885819011544e+01
1.009766800000000018e+02 1.603761899999999940e+01 1.087082282761734717e+02 1.127846131529175366e+01
1.181860400000000055e+02 2.456443600000000060e+01 1.184952072890604171e+02 1.478330325756669872e+01
1.293298800000000028e+02 7.388890000000000180e-01 9.286572468022403370e+01 4.192421755300313357e+00
9.893878999999999735e+01 2.680315399999999926e+01 9.753160762749919854e+01 1.055553469870471694e+01
1.130678500000000071e+02 1.070391300000000001e+01 1.258840930997142209e+02 6.515485183639528444e+00
1.286900599999999883e+02 1.486477799999999938e+01 1.248293132172500890e+02 1.580868969591301187e+01
1.276204900000000038e+02 1.005807899999999933e+01 9.509609405482724753e+01 1.146861868491054359e+01
1.259232559999999950e+02 4.161654000000000408e+00 1.235128419960456227e+02 3.012981129356349541e+01
1.099067840000000018e+02 1.686253999999999920e+01 1.377297374215207242e+02 1.323374545699955362e+01
9.977344999999999686e+01 2.670044899999999899e+01 1.040592669056285615e+02 2.671851274883172067e+01
1.109553400000000067e+02 1.066729000000000038e+00 1.076240992421973033e+02 2.286749976598205336e+01
1.130060650000000066e+02 2.550459999999999994e+01 1.334738552603550374e+02 4.964766778481798148e+00
9.312736999999999910e+01 1.080105299999999957e+01 1.332464593907356800e+02 2.540539812202872128e+01
1.169782000000000011e+02 4.263942000000000121e+00 1.235961726375665819e+02 6.056999303203564056e-01
1.181643140000000045e+02 2.271122000000000085e+01 1.117848009870900228e+02 5.722914306503365189e+00
1.074125099999999975e+02 6.090900000000000425e+00 1.361749019557406086e+02 3.418283315187997573e+01
1.090422400000000067e+02 3.257660000000000000e-01 1.251482765219619608e+02 6.068854491606529677e+00
1.029471499999999935e+02 1.203110299999999988e+01 1.274303351828519055e+02 4.825220694278326006e-01
1.078804999999999978e+02 1.347900000000000098e+00 1.186975557375678250e+02 2.074710455055582514e+01
1.072773499999999984e+02 2.767564799999999892e+01 1.245397720469471494e+02 2.733718222616733229e+01
1.117835000000000036e+02 4.146894999999999776e+00 1.099006483212702392e+02 7.267789484221293117e-01
1.065502599999999944e+02 6.022739999999999760e+00 9.439385444684482707e+01 2.373008051288346465e+00
9.884615999999999758e+01 1.700900999999999996e+01 1.174706121815002433e+02 1.549642498838558424e+01
1.189205999999999932e+02 1.653125000000000000e+01 1.013588436008878944e+02 3.256754990123380367e+01
1.365753499999999860e+02 3.356936300000000273e+01 9.328339047228817549e+01 2.636663237431144680e+01
1.030200499999999977e+02 2.779550400000000110e+01 9.460042636187725407e+01 3.852706837744888091e+00
1.068714449999999943e+02 1.286970200000000020e+01 9.777277427191000925e+01 1.080979175902518996e+01
1.307676400000000001e+02 9.199001000000000872e+00 1.056484818315888532e+02 2.386119067604822064e+01
1.219884500000000003e+02 2.734084500000000162e+01 1.049231940969478671e+02 2.522935631431529302e+01
1.344432400000000030e+02 7.931499999999999773e+00 1.161122051652473885e+02 7.148543844767616839e+00
1.049673540000000003e+02 2.282041399999999953e+01 1.023582523328856269e+02 1.319076773372615641e+01
1.205367660000000001e+02 1.833390400000000042e+01 1.041201226184064694e+02 2.014700791257401846e+01
9.288236999999999455e+01 2.260556000000000054e+01 1.243576739246163356e+02 3.035594857358883303e+01
1.252033899999999988e+02 9.675684000000000395e+00 1.357871324887731816e+02 7.877732544973642170e+00
1.242736299999999972e+02 6.831006000000000355e+00 1.204943679538623087e+02 3.018953182030634252e+01
1.004048300000000040e+02 2.599754000000000076e+01 1.125819994124858425e+02 9.497594697432774069e+00
1.207063399999999973e+02 1.393922799999999995e+01 1.127917849009321287e+02 1.837475704256341658e+01
1.165043500000000023e+02 1.716985000000000028e+01 1.133166887062537853e+02 1.504901956790836159e+01
1.034781339999999972e+02 1.418773999999999980e+01 1.225553620723538302e+02 2.665310039624357330e+01
1.013219799999999964e+02 1.577685499999999941e+01 1.198390409731127590e+02 1.460009338381923349e+01
1.293635400000000004e+02 1.894171000000000049e+00 1.023984090252114356e+02 2.883487011650377241e+00
1.201075060000000008e+02 6.985503999999999714e+00 1.221292462934919456e+02 2.193468419805502378e+01
1.194723599999999948e+02 1.724490399999999823e+01 9.431765515477552242e+01 2.218849627935406232e+01
1.110467699999999951e+02 3.238026399999999683e+01 1.150163614585529643e+02 6.517551747090600145e+00
1.081589000000000027e+02 1.194670699999999997e+01 9.390941197832596288e+01 2.092383093228577451e+01
1.213953300000000013e+02 5.272655000000000314e+00 1.289657800240801464e+02 1.622601034133868136e+00
1.135468599999999952e+02 1.324376900000000035e+01 1.310504857095899638e+02 2.351448707338272115e+01
1.148343050000000005e+02 2.582363300000000095e+01 9.369629484647403217e+01 3.291573268282505182e+01
1.207382000000000062e+02 1.915753600000000034e+01 9.999293006295394548e+01 1.678424274904178048e+01
1.082378199999999993e+02 1.562821500000000086e+01 1.232970806423317356e+02 1.359508965760675636e+01
1.040978850000000051e+02 1.695514100000000113e+01 9.819213796460779520e+01 6.506392110835728992e+00
1.340509999999999877e+02 2.624378400000000156e+01 1.051045465767788301e+02 3.285031168018447190e+00
1.295191499999999962e+02 3.220691300000000012e+01 1.373301566511146348e+02 2.814936303108766680e+01
9.801369499999999846e+01 2.871176499999999976e+01 1.020655781560141406e+02 4.238188048971124999e+00
1.067997500000000031e+02 2.827483199999999997e+01 1.346459794781527535e+02 1.493873153490612538e+01
9.482461499999999432e+01 7.552875000000000227e+00 1.062103613471525136e+02 2.710913234353122903e+01
1.159619799999999969e+02 3.274969500000000266e+01 1.266679480698104499e+02 3.486340027969231414e+01
1.091274599999999992e+02 2.936315300000000050e+01 9.422403401343758844e+01 3.548212560064908594e+00
9.715987400000000207e+01 1.592667499999999947e+01 9.319961348752264030e+01 2.860104376374964730e+01
1.172729949999999945e+02 2.140795900000000174e+01 1.129231837447400721e+02 3.314143374425513144e+01
9.723202000000000567e+01 2.960429800000000000e+01 1.291649966594507930e+02 2.440802662413349466e+01
1.205864299999999929e+02 8.516370000000000218e+00 1.017500170131746415e+02 2.749880746960674216e+01
1.331729400000000112e+02 1.186766300000000030e+01 9.548697304828071708e+01 2.042915817179202786e-01
9.786359400000000619e+01 2.648629000000000033e+01 1.180612485754544281e+02 3.149026669021636593e+01
1.082274599999999936e+02 2.717001000000000133e+01 9.543120778224724177e+01 2.897364189509887211e+01
9.999969000000000108e+01 2.509792300000000154e+01 1.176418810190560293e+02 1.714751295765714190e+01
1.051916099999999972e+02 9.920849000000000473e+00 1.091640789462102958e+02 2.562067274109272930e+01
1.063184499999999986e+02 2.189414199999999866e+01 1.113705753179287115e+02 3.482087586654014189e+01
1.067377000000000038e+02 2.727607499999999874e+01 1.286760092765857451e+02 2.286847158989378315e+01
9.548212999999999795e+01 1.554973200000000055e+01 1.233175455085047929e+02 2.265057260951587281e+01
1.217480850000000032e+02 1.688053000000000026e+00 1.233431263702686067e+02 1.613568074308279776e+01
1.318405300000000011e+02 1.077468200000000031e+01 1.221200280759426562e+02 2.858616608147671911e+01
1.140755900000000054e+02 8.455011999999999972e+00 9.428041487739125159e+01 1.982968786764615743e+01
1.055970499999999959e+02 6.590237000000000123e+00 9.939314572377003287e+01 2.973301407269909546e+01
1.007646940000000058e+02 2.517087599999999981e+01 1.329149411107621859e+02 2.456407099618567003e+01
9.793104999999999905e+01 2.979559499999999872e+01 1.296673339567221319e+02 2.388139693232963268e+01
1.179312000000000040e+02 9.954869000000000412e+00 1.047408356533567257e+02 1.915952305005713541e+01
9.462124000000000024e+01 2.250560199999999966e+01 1.006700158033092833e+02 1.184204643641875521e+01
1.162961800000000068e+02 2.799809799999999882e+01 1.206161998436092659e+02 2.557182837818499621e+01
1.179488199999999978e+02 1.651808199999999971e+01 9.316282379577059203e+01 3.226855027721474034e+00
1.358911999999999978e+02 3.048414999999999875e+00 1.085738364759754404e+02 6.084785419707551490e+00
1.060799499999999966e+02 9.110470000000000512e-01 1.096363851016572966e+02 2.021584749533828074e+01
1.065282440000000008e+02 1.715186000000000099e+00 1.273635822158255309e+02 3.918681646383057160e+00
1.139231400000000036e+02 3.106367300000000142e+01 9.700320543636900084e+01 3.353975061962464110e+01
1.074369499999999960e+02 2.925465799999999916e+01 1.348185094265133728e+02 5.375670118493076188e+00
1.225821150000000017e+02 6.734340000000000437e+00 1.225497626002053266e+02 1.597116970366130850e+01
1.231192999999999955e+02 3.669859999999999900e+00 1.213316850304752279e+02 3.123735748864970319e+01
1.114765500000000031e+02 2.000540499999999966e+01 1.214524607625308192e+02 1.752339436529322114e+01
1.173357539999999943e+02 2.219921099999999825e+01 1.324311858570476090e+02 6.382355678301011359e+00
9.890682999999999936e+01 1.802293200000000084e+01 1.213841770837938867e+02 1.497865560954607922e+01
9.765413999999999817e+01 2.677711499999999845e+01 1.277864578667070532e+02 3.165247468077045312e+01
1.289265900000000045e+02 1.218157399999999946e+01 1.359123227002654914e+02 3.473519640840128098e-01
1.188353800000000007e+02 2.132730300000000057e+01 1.184877511097580793e+02 1.162098313104084113e+01
9.605414600000000291e+01 3.418947000000000003e+01 9.592920804962427894e+01 3.491440635446320329e+01
1.219990200000000016e+02 5.213186999999999571e+00 9.722548074661433759e+01 3.010392046503773145e+01
1.252770199999999932e+02 1.020389400000000002e+01 1.266497404207638624e+02 3.086057600242339660e+01
1.200522399999999976e+02 3.491102000000000061e+01 1.033495457369996018e+02 3.342283717512348762e+00
1.287149499999999875e+02 8.613853000000000648e+00 1.205887676752510060e+02 2.183236566978779436e+01
1.019195560000000000e+02 2.802453799999999973e+01 1.178201464363685886e+02 3.144918539118898693e+01
1.198241399999999999e+02 4.847177000000000291e+00 1.331958169576793409e+02 5.112948251753871354e+00
1.083680499999999967e+02 2.084225800000000106e+01 1.175087363163775933e+02 2.305130685663941037e+01
1.281656299999999931e+02 6.427754000000000190e+00 1.296163901995130061e+02 1.920385451646805519e-01
1.356580399999999997e+02 1.759958500000000114e+01 1.247457058501588847e+02 2.479284361948723969e+01
1.204627899999999983e+02 7.529904000000000153e+00 1.342987609507739535e+02 1.870432661040883904e+00
1.277506199999999978e+02 9.857113000000000014e+00 9.347516841004957655e+01 3.126595731407086021e+00
9.446862000000000137e+01 4.517010000000000192e-01 1.223318578782244970e+02 7.042304589473459941e+00
1.230936200000000014e+02 4.996221000000000245e+00 1.026894010598836644e+02 1.135027508576646582e+01
1.073470499999999959e+02 1.714681799999999967e+01 1.056446773440504643e+02 2.479777436791687251e+01
1.119646900000000045e+02 1.463188599999999973e+01 1.207353936080686765e+02 2.402647643789506660e+01
1.231785699999999935e+02 1.163075599999999987e+01 1.066480794616212506e+02 1.772102398464434359e+01
1.140832999999999942e+02 2.683112699999999862e+01 1.349838471191294502e+02 2.606748223227479855e+01
