1.015828300000000013e+02 3.012794999999999845e+01 1.151418678493102732e+02 5.497799704997856196e+00
1.221287399999999934e+02 7.625099999999999767e+00 1.146975213181173388e+02 2.634445798047121201e+01
1.214991760000000056e+02 1.366147199999999984e+01 1.162930750876594175e+02 1.601646921902291609e+01
1.007823300000000017e+02 2.154664599999999908e+01 1.053197725496546013e+02 2.245855742699302837e+01
1.356580399999999997e+02 1.759958500000000114e+01 9.205428420575555037e+01 3.636724088971682978e+00
9.588267000000000451e+01 2.653397000000000006e+01 1.148336858482228564e+02 2.470197780675012567e+01
1.213342499999999973e+02 2.617049000000000181e+00 1.207907516929900993e+02 3.288782606705720468e+01
1.378785100000000057e+02 1.122782400000000003e+01 1.377503568595710703e+02 5.438312403719663735e+00
1.085241099999999932e+02 2.678840999999999894e+01 1.243072525692284955e+02 1.156859310071326696e+01
1.141837539999999933e+02 2.640196200000000104e+01 1.206543292516971775e+02 1.592741255157809066e-01
1.183520900000000040e+02 1.158915299999999959e+01 1.120376490317077582e+02 3.284757884200959488e+00
1.013173800000000000e+02 1.780067999999999984e+01 1.001192730278083332e+02 2.715218962299352157e+01
1.303382699999999943e+02 1.019772700000000043e+01 1.276387233735878652e+02 3.921136630738125017e+00
1.211231700000000018e+02 5.250886000000000386e+00 1.114781198067792047e+02 2.341501270675131252e+01
1.172729949999999945e+02 2.140795900000000174e+01 1.241172725852736107e+02 3.386029706751074286e+01
1.010540500000000037e+02 1.139439199999999985e+01 1.368940488761302277e+02 2.580082119123249385e+01
1.235097959999999944e+02 2.681490999999999847e+00 1.110799113721969889e+02 2.862691914858817199e+01
1.234837399999999974e+02 2.555160000000000209e-01 9.253877473440984147e+01 2.179377121799845085e+01
1.074125099999999975e+02 6.090900000000000425e+00 1.305348691197295636e+02 4.512444137230958496e+00
1.247720099999999945e+02 6.038419999999999899e-01 1.335938823804772255e+02 3.173712492719713296e+01
1.084516140000000064e+02 7.152399999999999869e-01 1.293244055885729153e+02 1.456689031742526197e+01
1.140009500000000031e+02 2.463463799999999893e+01 1.080007895343505737e+02 2.008008636416670001e+01
1.221146700000000038e+02 7.678874999999999673e+00 1.255254807690569976e+02 5.588192896727331771e+00
1.189220300000000066e+02 1.942037399999999892e+01 1.273192889825745340e+02 1.664783116492445458e+01
1.225421139999999980e+02 1.088495900000000027e+01 9.387601544570804890e+01 1.402706899078824954e+01
1.200522399999999976e+02 3.491102000000000061e+01 1.241846995610458748e+02 7.050006248806748310e+00
1.066743699999999961e+02 3.105507700000000071e+01 9.731854766583245464e+01 5.074099426419166114e+00
1.367237700000000018e+02 5.390139999999999931e-01 1.101704276850468602e+02 2.595494089584731867e+01
1.012301199999999994e+02 1.617340499999999892e+01 9.440149955230749867e+01 3.134039959603759229e+01
1.349519999999999982e+02 1.169487200000000016e+01 1.305057674753921901e+02 4.078549692405192495e+00
1.172721250000000026e+02 1.818978299999999848e+01 1.075691664393186784e+02 6.700387368655421838e+00
1.217343299999999999e+02 1.486597700000000088e+01 1.152473038305159321e+02 2.086643853648103075e+01
1.203130950000000041e+02 1.544907599999999981e+01 1.244162844003490704e+02 1.053807320574769157e+01
1.306637699999999995e+02 1.285029600000000016e+01 1.134569960802671176e+02 1.827654070744836901e+01
1.194070700000000045e+02 1.974189399999999850e+01 1.052974798857975145e+02 2.459497932718171143e+01
9.877991500000000258e+01 1.703118500000000068e+01 1.049322439200727928e+02 3.413185421068903480e+01
1.193820400000000035e+02 7.351111999999999647e+00 1.150440052528257695e+02 2.629217153145177832e+01
1.274613300000000038e+02 8.821358999999999284e+00 1.225031064040389452e+02 2.587989453308818000e+01
9.462124000000000024e+01 2.250560199999999966e+01 1.045864360945623872e+02 5.855542043006628283e+00
1.052273249999999933e+02 1.942294899999999913e+01 1.017638577692956972e+02 7.373032681093103946e+00
1.255835950000000025e+02 1.142485399999999984e+01 1.280548744962918590e+02 1.561490320427372325e+01
1.051916099999999972e+02 9.920849000000000473e+00 1.024203788489643898e+02 1.152256580687228116e+01
1.224107740000000035e+02 7.443858999999999781e+00 9.850295126187073436e+01 2.395964993624738426e+01
1.092677800000000019e+02 3.181741999999999848e+00 1.223933328218015220e+02 4.558348884272217738e+00
1.054926999999999992e+02 8.352017999999999276e+00 9.946904093228825161e+01 8.032553923846755595e+00
1.215274660000000040e+02 9.855489999999999640e+00 9.894194771143423850e+01 1.873160820401173154e+01
1.174997939999999943e+02 1.471192300000000053e+01 1.246432501480777688e+02 1.866208220977039645e+01
1.345495300000000043e+02 6.859785999999999717e+00 1.068941179742277683e+02 2.898293166776203833e+01
1.148329200000000014e+02 2.281423799999999957e+01 1.308878220810273092e+02 2.761093338972824540e+01
1.376394999999999982e+02 1.949024400000000057e+01 1.081252905965861686e+02 1.715468262578041703e+01
1.078109199999999959e+02 3.159997999999999863e+01 1.201427934085559741e+02 3.486921811093691304e+01
1.147561599999999942e+02 1.838597100000000140e+01 1.201868385085506503e+02 1.311337920867744522e+01
1.164659599999999955e+02 1.853562499999999957e+01 1.370112737844161188e+02 2.588601074436289551e+01
1.194439849999999979e+02 3.088717700000000121e+01 1.251128265950507625e+02 3.394560797907389826e+01
1.048228900000000010e+02 3.249645600000000201e+01 1.224769269487605357e+02 1.177276604517626168e+01
1.101968499999999977e+02 2.375801699999999883e+01 1.283833626833129813e+02 1.305379178802537865e+01
1.082274599999999936e+02 2.717001000000000133e+01 1.239029149827234590e+02 1.534952807731315794e+01
1.007646940000000058e+02 2.517087599999999981e+01 1.076425727792410072e+02 1.825246995470336842e+01
1.153614500000000049e+02 1.834740400000000093e+01 1.148184316500514797e+02 1.300766761702487706e+01
9.491244500000000528e+01 6.986594000000000193e+00 1.114638920332864416e+02 3.296019307381612862e+00
9.482461499999999432e+01 7.552875000000000227e+00 1.018917474843839699e+02 3.196778980532181791e+01
9.312736999999999910e+01 1.080105299999999957e+01 1.277353500871802083e+02 2.450978226690266482e+01
1.287667099999999891e+02 1.207068300000000072e+01 9.662091017166451934e+01 7.457468004951527618e+00
1.250190400000000039e+02 1.223044999999999938e+01 1.280978938091393786e+02 1.053192889817989375e+01
9.996817000000000064e+01 2.509249700000000161e+01 1.015270974108954505e+02 6.631679410405658892e+00
1.331978300000000104e+02 1.207540099999999939e+01 1.110598780251775111e+02 1.108351646610429775e+01
1.073470499999999959e+02 1.714681799999999967e+01 1.122859579426317111e+02 1.785828278752287801e+01
1.209411199999999980e+02 1.190699900000000078e+01 1.072659990248888136e+02 2.376890242676267206e+01
1.124703750000000042e+02 1.702895499999999984e+01 1.091185387422629276e+02 3.160341827250297086e+01
9.974071999999999605e+01 1.632757600000000053e+01 1.192419747905370428e+02 1.883901140888932346e+01
1.037949100000000016e+02 1.724506999999999834e+01 1.156545671037657144e+02 1.999085582213420764e+01
1.153960299999999961e+02 3.187136999999999887e+01 9.784759919657699356e+01 1.095083742082107925e+01
1.028493699999999933e+02 2.885465800000000058e+01 1.107299167334390688e+02 9.379535304575327359e+00
1.128090440000000001e+02 2.218561000000000050e+01 1.072082250548480573e+02 2.422655832674320564e+01
1.265958100000000002e+02 2.633954999999999913e+01 9.701509027970466548e+01 2.969011133015150605e+01
1.016832100000000025e+02 1.628771199999999908e+01 1.043438703995925323e+02 2.687950545277703895e+01
1.231192999999999955e+02 3.669859999999999900e+00 1.339997535932726578e+02 3.233266785000722621e+01
1.061328350000000000e+02 2.596210900000000166e+01 1.040202794419371344e+02 3.283594618588715974e+01
1.086584299999999956e+02 1.116496899999999926e+01 9.219817835216827007e+01 8.857633381815464446e+00
1.324488800000000026e+02 9.132956999999999326e+00 1.378578375913015748e+02 1.800319081216919415e+01
1.230443949999999944e+02 4.896641999999999939e+00 1.352951631536267882e+02 1.248382889359426073e+01
1.277506199999999978e+02 9.857113000000000014e+00 1.146923048224409740e+02 2.338498405835988692e+01
1.320423000000000116e+02 1.426623200000000047e+01 1.147456860379357408e+02 3.004904072874936816e+01
1.044074200000000019e+02 1.407581799999999994e+01 1.027738017049784105e+02 2.155864829750342082e+01
9.882135999999999854e+01 3.069462800000000158e+01 9.286560291283562663e+01 1.774037183927140404e+01
1.130844799999999992e+02 1.852679300000000140e+01 1.062134742732086181e+02 7.979276478162234731e+00
1.344432400000000030e+02 7.931499999999999773e+00 1.197408421495357800e+02 4.264039332484338196e+00
1.179488199999999978e+02 1.651808199999999971e+01 1.228410316544926815e+02 1.600127537003891121e+01
1.110863800000000055e+02 2.956343499999999835e+01 1.167251153962184276e+02 2.372799849208396239e+01
1.363225999999999942e+02 2.142673699999999926e+01 1.235912655678425267e+02 2.176805373910516650e+01
1.056316000000000059e+02 1.004083999999999932e+01 1.341853189891598106e+02 1.301552744176449039e+01
1.244601700000000051e+02 2.153512000000000093e+00 1.358666215072797741e+02 1.234664818820826859e+01
1.133417740000000009e+02 1.599369000000000085e+01 9.945065888638858098e+01 5.333874048100145870e+00
1.015794000000000068e+02 7.872015000000000207e+00 1.241774371855277650e+02 2.956786559830220540e+01
1.004048300000000040e+02 2.599754000000000076e+01 1.134172638412117777e+02 1.068319906540646436e+01
1.209112899999999939e+02 7.267337999999999631e+00 1.005050329843485883e+02 2.585182006469606009e+01
9.897588000000000363e+01 1.434022700000000050e+01 1.212370487481127270e+02 1.448350519249668977e+01
1.079673540000000003e+02 1.237299100000000074e+01 1.309568477282363119e+02 3.411308583585810084e+01
1.118345640000000003e+02 2.392749999999999877e-01 1.123529369406842022e+02 2.680281288606785850e+01
9.612255000000000393e+01 3.490480999999999767e+01 1.216007671673294226e+02 3.158618735325303817e+01
1.365897199999999998e+02 8.289113999999999649e+00 9.850694050139586011e+01 7.103354094593680834e+00
1.007858499999999964e+02 2.466396100000000047e+01 1.146531677825873885e+02 2.313891264678195014e+01
1.065728000000000009e+02 5.804099999999999815e-01 1.186846522658488112e+02 2.109031341656143610e+01
1.004969799999999935e+02 2.176606200000000158e+01 1.006428822596564032e+02 2.167269830428168831e+01
1.228618239999999986e+02 3.672254999999999825e+00 1.017540322620135242e+02 2.608213582964152621e+00
1.257966299999999933e+02 8.756054999999999922e+00 1.212588908130207557e+02 3.495660677237115266e+00
1.020943999999999932e+02 1.659711000000000070e+01 1.216783903350775518e+02 2.883924059718091826e+01
1.106722100000000069e+02 2.715277999999999992e+01 1.237823128143866427e+02 1.810832344305802621e+01
1.167711800000000011e+02 1.044548600000000071e+01 1.020427439246836911e+02 1.929384371636722761e+01
1.164053499999999985e+02 1.685597999999999885e+01 9.730744970219166134e+01 1.493246243052536926e+01
1.050813700000000068e+02 4.424735000000000085e+00 9.534936708750575463e+01 2.502803871242396383e+01
1.071924700000000001e+02 1.362108100000000022e+01 1.254161154602655870e+02 1.868548013526907070e+01
9.639709999999999468e+01 2.889318000000000097e+01 1.309134125641674586e+02 2.966157991399424532e+01
9.890682999999999936e+01 1.802293200000000084e+01 1.048568745784086929e+02 2.841113154999062829e+01
1.151012699999999995e+02 2.510251999999999839e+01 1.160398336378621451e+02 6.934873768446095710e+00
1.318405300000000011e+02 1.077468200000000031e+01 1.135371054290959876e+02 3.317134078553615950e+01
1.233091349999999977e+02 7.443515999999999799e+00 1.253948321416980747e+02 1.016803912944164878e+01
1.090832599999999957e+02 1.999703000000000008e+00 1.292283014670672401e+02 7.105107836322738457e+00
1.353151900000000012e+02 1.279140499999999925e+01 1.269908350209910850e+02 1.512089064236765523e+01
1.068052100000000024e+02 1.683014100000000113e+01 1.072341661196543470e+02 6.201566610245466293e+00
1.090837899999999934e+02 1.109345000000000026e+00 1.057241216580988379e+02 1.160252489760272532e+01
1.040049199999999985e+02 2.438359600000000071e+01 1.082340080172222230e+02 2.655249486491071309e+01
1.262135240000000067e+02 1.085353699999999932e+01 1.263741697363904137e+02 2.485817391931135489e+01
1.207063399999999973e+02 1.393922799999999995e+01 1.074833946742866999e+02 1.440420302278859133e+01
1.213336639999999989e+02 1.455452499999999993e+01 9.353479658658501705e+01 2.480174918009685925e+01
1.285522300000000087e+02 3.419751999999999903e+00 1.087400322578429552e+02 1.961664288487232355e+01
1.133071060000000045e+02 3.074285100000000170e+01 1.163599730979977664e+02 3.273742065385368960e+01
1.140832999999999942e+02 2.683112699999999862e+01 1.023383589536735627e+02 1.854833750166537953e+01
9.977344999999999686e+01 2.670044899999999899e+01 9.917278553021893117e+01 2.707167988472049558e+01
1.268019900000000035e+02 6.239142000000000188e+00 9.461730310510752417e+01 2.115085452118424314e+01
1.081180899999999951e+02 3.227875000000000227e+01 1.029917815219474875e+02 3.466074576064293922e+01
1.118961000000000041e+02 1.561135900000000021e+01 1.110380332227949651e+02 2.552165280629099442e+01
1.065032039999999967e+02 4.921710000000000251e-01 1.288999707746295087e+02 2.674854262506041280e+01
9.786359400000000619e+01 2.648629000000000033e+01 1.351661773401079643e+02 1.802274070542284790e+01
1.291601900000000001e+02 1.209166300000000049e+01 1.283901898563161410e+02 2.607002514419738048e+01
1.156852599999999995e+02 1.478857400000000055e+01 1.060480573516822744e+02 3.025321076817259325e+01
1.358911999999999978e+02 3.048414999999999875e+00 9.569699376289075587e+01 2.877895285364722611e+01
1.030680899999999980e+02 2.392125499999999860e+01 1.119006198380064063e+02 3.395962898944479491e+01
1.205864299999999929e+02 8.516370000000000218e+00 1.347892063151793423e+02 2.078498294760025544e+01
1.194723599999999948e+02 1.724490399999999823e+01 1.242516371649458762e+02 6.810644042911212281e+00
1.305723099999999874e+02 3.448748799999999903e+01 1.119776484851838774e+02 1.775491314017669353e+01
1.227981199999999973e+02 3.281226699999999852e+01 9.342687439856287313e+01 2.121439633037083894e+01
1.042165799999999933e+02 2.347071499999999844e+01 1.343686916564269040e+02 1.484744570615580272e+01
1.146143200000000064e+02 2.004928200000000160e+01 1.040944425389981376e+02 1.372189206748387313e+01
1.229570539999999994e+02 1.920611999999999986e+00 1.300054742865846436e+02 3.076301561656486427e+01
9.833840999999999610e+01 3.082450000000000045e+01 1.086504223370856437e+02 7.662541620108594742e+00
1.349317599999999970e+02 1.207422299999999993e+01 9.777166388370319794e+01 2.778979391006624944e+00
1.098299099999999981e+02 2.569585199999999858e+01 1.342944219865884747e+02 1.559253587832250965e+01
1.270234300000000047e+02 5.967240000000000322e+00 1.017767412695632601e+02 1.602069552128149255e+01
1.130387039999999956e+02 2.450758000000000081e+01 1.298936420862742125e+02 2.745424587928712512e+01
9.844208500000000583e+01 2.976761600000000030e+01 1.177800169621811222e+02 9.507249761587436510e+00
1.078603300000000047e+02 3.205924000000000262e+01 9.567785945735637654e+01 3.018239878923990815e+01
1.002700300000000055e+02 1.703686300000000031e+01 1.180463566702031670e+02 7.097968198652069738e+00
1.117577739999999977e+02 2.046753999999999962e+01 1.079104301569264805e+02 5.617777612657215869e+00
1.165767299999999977e+02 1.286235699999999937e+01 1.226841091384152946e+02 1.645428206183404995e+01
1.235973099999999931e+02 1.219101299999999988e+01 1.343785814757986259e+02 2.135091874652493971e+01
1.167593700000000041e+02 2.162810899999999847e+01 1.349727577774864926e+02 2.945305273091109299e+01
1.142837099999999992e+02 1.745475199999999916e+01 1.244300439740230786e+02 1.538801714815239308e+01
1.262777600000000007e+02 1.555640400000000056e+01 1.188288875022854683e+02 2.960152000233944136e+01
1.114765500000000031e+02 2.000540499999999966e+01 1.321376758015976520e+02 2.763007734012086658e+01
1.069558300000000060e+02 3.322021000000000157e+01 1.225353515243642022e+02 1.449888274888219142e+00
1.223199099999999930e+02 8.781103999999999132e+00 1.164292098237175139e+02 3.181460109581124129e+01
1.320785700000000134e+02 1.136370800000000081e+01 1.047225447764353419e+02 2.891053204828538625e+01
1.033886799999999937e+02 2.024487500000000040e+01 9.447023109670676888e+01 1.440111745775347174e+01
1.135725199999999973e+02 1.487359700000000018e+01 9.980124241844092126e+01 2.985923662936554202e+00
1.085890660000000025e+02 5.622329999999999828e-01 1.300838634714687601e+02 2.036490307496018914e+01
1.187546099999999996e+02 1.839382399999999862e+01 1.166821986963937974e+02 3.063261513194435182e+01
1.073891449999999992e+02 2.746964799999999940e+01 9.379229320304148132e+01 7.850049587845159493e+00
1.234977099999999979e+02 1.764413300000000007e+01 1.156402980218791186e+02 2.683089001450474242e+01
1.127789899999999932e+02 1.603903199999999885e+01 9.381001264123365502e+01 1.180683541331117148e+01
1.367545299999999884e+02 1.483705600000000047e+01 1.222546127382370855e+02 5.766270846982805232e+00
1.171505300000000034e+02 2.386019699999999943e+01 1.039943349034352309e+02 1.183895206547539480e+01
1.216711800000000068e+02 9.723228000000000648e+00 1.169827590905331078e+02 1.003215884917537615e+01
1.215120100000000036e+02 3.517780999999999825e+00 1.002462399742121306e+02 2.828532959844678984e+01
9.492020999999999731e+01 2.098355700000000112e+01 1.056181187150501017e+02 8.261749121446959609e-01
1.279676800000000014e+02 9.560188000000000130e+00 1.173684215413407941e+02 1.755019523743481002e+01
1.286662800000000004e+02 5.189660000000000384e-01 9.257980225924123374e+01 2.407676686918197717e+01
1.179312000000000040e+02 9.954869000000000412e+00 1.069242099229468437e+02 2.525914570153326011e+01
1.008322600000000051e+02 1.836909500000000151e+01 1.349070881667324215e+02 2.086279072644582300e+01
1.331451700000000073e+02 1.564029200000000053e+01 1.232728242404093919e+02 2.114507710280149055e+01
1.159619799999999969e+02 3.274969500000000266e+01 1.053593053690060799e+02 1.285055316599852482e+01
1.130060650000000066e+02 2.550459999999999994e+01 1.050417507074281218e+02 3.032419124086275275e+01
1.120615540000000010e+02 2.049053999999999931e+01 1.241990469473742280e+02 1.952583578030352429e+00
9.319089999999999918e+01 1.835962900000000175e+01 9.286018146021547182e+01 1.780458612678442520e+01
1.227775699999999972e+02 3.331928000000000001e+00 1.057210971358444027e+02 2.735499816320515976e+01
1.065502599999999944e+02 6.022739999999999760e+00 1.126894606017302465e+02 1.314478263582092943e+01
1.014491600000000062e+02 2.277094299999999905e+01 1.255704614080101180e+02 1.551240686691126580e+00
1.211908499999999975e+02 1.480161999999999978e+01 1.026249711701288874e+02 2.884872628437323838e-01
1.274334099999999950e+02 7.574142000000000152e+00 1.116857875460609222e+02 2.272412634404868292e+00
1.264625999999999948e+02 7.166369999999999685e-01 1.375028056141787545e+02 2.573384059993550466e+01
1.026750949999999989e+02 3.487172699999999992e+01 1.299607546286323156e+02 3.064074139278836739e+01
1.244378499999999974e+02 2.619258100000000056e+01 1.015819846786359051e+02 2.488858504226300283e+01
1.140755900000000054e+02 8.455011999999999972e+00 1.040732178094402229e+02 2.431579221953816017e+01
1.233474350000000044e+02 2.519231399999999965e+01 1.018089594427009388e+02 2.737138124715055909e+01
1.008948800000000006e+02 1.652329800000000048e+01 1.029555096030404968e+02 1.069652145796660747e+01
1.121128999999999962e+02 1.959123999999999910e+01 9.215426267449826980e+01 1.453409949393416412e+01
1.063444439999999958e+02 3.975452000000000208e+00 1.076734789917190653e+02 1.150232117698713274e+01
1.314515000000000100e+02 1.002607700000000079e+01 1.131929471319806737e+02 3.011692242430743960e+00
9.686450000000000671e+01 3.287660000000000338e+01 1.011032484642605880e+02 4.866634670132513607e-01
1.225343299999999971e+02 4.270537000000000027e+00 9.232639601643325022e+01 3.065829182068736003e+00
9.954317000000000348e+01 2.821960599999999886e+01 1.122584234444195488e+02 1.131906194326774262e+01
1.302385099999999909e+02 7.992467999999999684e+00 1.099749312284811396e+02 8.102033208169261869e+00
1.273195599999999956e+02 1.021326400000000056e+01 1.282837974832283976e+02 2.000064221928795405e+01
9.410971999999999582e+01 1.075564600000000048e+01 9.739549221860445982e+01 2.111868670951096760e+01
1.079864000000000033e+02 3.225813699999999784e+01 1.289181308669205919e+02 2.402788817113366804e+01
1.305616899999999987e+02 5.040212999999999610e+00 1.339585556754744005e+02 3.086931861563762425e+01
1.008899150000000020e+02 2.474351700000000065e+01 1.339889682582594332e+02 1.774685343743968602e+01
1.189017699999999991e+02 2.030833000000000155e+01 1.154570757345645688e+02 2.100894499331507070e+00
1.108547200000000004e+02 1.948833799999999883e+01 1.122128023917084647e+02 3.325089572610748689e+01
1.148044000000000011e+02 2.044948799999999878e+01 9.409118385233983872e+01 2.429662696955841383e+01
9.805646500000000287e+01 1.719266899999999865e+01 1.233911190152985569e+02 2.001117044642933962e+01
1.205819099999999935e+02 1.267323900000000059e+01 1.186279104605131494e+02 6.156766005625334159e+00
1.009878700000000009e+02 1.558966700000000039e+01 1.236265713198084200e+02 2.920932367038775013e+00
1.290050699999999892e+02 1.324962900000000054e+01 1.282857078849658592e+02 1.169535723493652135e+01
9.942723999999999762e+01 2.273704499999999840e+01 1.092896340916655760e+02 3.779057733185737789e+00
1.189205999999999932e+02 1.653125000000000000e+01 9.663837701697889315e+01 2.695139806783383918e+01
1.205678249999999991e+02 2.621988100000000088e+01 9.883665658826527078e+01 2.086999849271840546e+01
1.287615499999999997e+02 1.689361399999999946e+01 1.116214763410773685e+02 8.225790101452368219e+00
1.212168499999999938e+02 5.970590000000000064e-01 1.332034579800698566e+02 1.179235039103283000e+01
1.217082599999999957e+02 1.563973999999999975e+01 1.133091740956785856e+02 3.503752766330303636e+00
1.290645299999999907e+02 1.239838499999999932e+01 1.184129688720672391e+02 1.257313253874005721e+00
1.253882700000000057e+02 1.252098200000000006e+01 9.943307651720643037e+01 2.894347856107235017e+01
1.067997500000000031e+02 2.827483199999999997e+01 1.127680050143831210e+02 5.712946097385370514e+00
1.201075060000000008e+02 6.985503999999999714e+00 1.213885212783237648e+02 2.758709017022826160e+01
9.586464999999999748e+01 3.010379999999999967e+01 1.278850786395190511e+02 8.654544292351898704e+00
1.261416849999999954e+02 2.764416500000000099e+01 9.890084490213929769e+01 2.939393263018008540e+01
1.063184499999999986e+02 2.189414199999999866e+01 9.635483785077346397e+01 6.135254084094533766e+00
1.002797900000000055e+02 2.030880499999999955e+01 9.292591719041317333e+01 1.091349575203032529e+01
1.176738359999999943e+02 1.385884099999999997e+01 1.177419635971761949e+02 2.027658638209733688e+00
1.017952350000000052e+02 1.828858599999999868e+01 9.639978479134879308e+01 1.455739646462724934e+01
1.328286300000000040e+02 1.854412800000000061e+01 9.930443650166584746e+01 1.057084758379449418e+01
1.064764899999999983e+02 2.161875300000000166e+01 9.746253551875474841e+01 4.834262753975523630e+00
1.216805700000000030e+02 2.875600000000000031e-02 1.283514005376105729e+02 1.635659548379664763e+00
1.294755900000000111e+02 2.914704899999999910e+01 1.299048669451788385e+02 2.186036438824986305e+01
1.213953300000000013e+02 5.272655000000000314e+00 1.266607699695660472e+02 2.097555745219222700e+01
9.286606600000000356e+01 6.433735999999999677e+00 1.163620430153500394e+02 1.781880368741568788e+01
9.908189000000000135e+01 3.429287999999999670e+01 9.535609970841568384e+01 1.825838741644681962e+00
1.356722699999999975e+02 1.789586800000000011e+01 9.894766976921403057e+01 3.191664022162488124e+01
1.221295800000000042e+02 8.650660999999999490e+00 1.081190335625484522e+02 2.908418995197714452e+01
1.112859399999999965e+02 7.286299999999999999e-01 9.771190997223945374e+01 2.328484007508427212e+01
1.287149499999999875e+02 8.613853000000000648e+00 1.145729169251260373e+02 1.168822384144705850e+01
1.036124999999999972e+02 3.156100700000000003e+01 1.087999937593097712e+02 1.773088144706591862e+01
1.344861300000000028e+02 1.449819800000000036e+01 9.951781722913995054e+01 1.429559352218757873e+01
1.006493899999999968e+02 1.672829600000000028e+01 1.304822976209410115e+02 1.425244566778052047e+01
1.055944099999999963e+02 1.730002199999999846e+01 1.294831337980845092e+02 2.975002348066446700e+01
1.044894199999999955e+02 3.404343999999999681e+01 1.032731411341713113e+02 3.295095408679319604e+01
1.121058799999999991e+02 5.483360000000000456e-01 1.061443674400041886e+02 1.862914424917736511e+01
1.327039000000000044e+02 1.584810399999999930e+01 1.256905759820410964e+02 2.477871645605329931e+01
1.178697700000000026e+02 2.086379200000000012e+01 1.055837691443880431e+02 1.972652427885351401e+01
1.231007100000000065e+02 2.744201500000000138e+01 1.007185031703027107e+02 1.001476940577121333e+01
1.091388699999999972e+02 1.284375499999999981e+01 1.337912304061598547e+02 1.106088469079663206e+01
1.048792499999999990e+02 1.661124399999999923e+01 1.336887159268495679e+02 1.348252809099739657e+00
1.206880299999999977e+02 9.057698999999999501e+00 1.112393979443230450e+02 2.544853691995486145e+01
1.239107999999999947e+02 6.146923000000000137e+00 1.299268755771367410e+02 7.646207952827942300e+00
1.245306700000000006e+02 7.659853000000000023e+00 1.114659217377366929e+02 2.672590292073011753e+01
1.161196300000000008e+02 2.374014299999999977e+01 1.019806466234969520e+02 3.128755452044087448e+01
1.276148699999999963e+02 1.206080700000000050e+01 1.197352196890394964e+02 9.846785293833841379e+00
1.074241999999999990e+02 2.922848300000000066e+01 1.144794550342080299e+02 2.783075657276305570e+00
1.087185099999999949e+02 1.082315200000000033e+01 1.068720802144637503e+02 2.735032416548274625e+01
1.058240600000000029e+02 1.711543800000000104e+01 1.336713289226630650e+02 1.525181243144590226e+01
9.448524500000000614e+01 1.358393900000000087e+01 1.165933633413819308e+02 1.929215031931720503e+01
1.236492400000000060e+02 8.307256999999999891e+00 9.443167638442500333e+01 1.042421367382614505e+01
1.034781339999999972e+02 1.418773999999999980e+01 1.250532623889216950e+02 5.009136154503796234e+00
1.219884500000000003e+02 2.734084500000000162e+01 9.935040136982894410e+01 4.691126650320460278e+00
1.006978600000000057e+02 1.544444200000000045e+01 1.060820788065898768e+02 1.722963450829558241e+01
1.003582999999999998e+02 2.007404500000000169e+01 1.142904545619954320e+02 1.313898992160320311e+01
1.343265800000000070e+02 3.472433000000000192e+01 1.043962508864854470e+02 3.365140253837915907e+01
1.061745300000000043e+02 2.465655100000000033e+01 1.342029574959965146e+02 2.572537770050486117e+01
1.031737439999999992e+02 5.745917000000000385e+00 1.288726810450792186e+02 3.135396103467362394e+01
9.713448999999999955e+01 2.390841500000000153e+01 1.126849086460113938e+02 3.387284667277709360e+01
1.262585600000000028e+02 1.632781999999999956e+00 1.086046803615602698e+02 1.608199522966330264e+01
1.021120999999999981e+02 2.292310000000000159e+01 1.035706450586967122e+02 8.564028751781046722e+00
1.360862600000000100e+02 1.322449800000000053e+01 1.309734479035934953e+02 3.130302378502987892e+01
1.222486099999999993e+02 1.220074699999999979e+01 1.150915460402085415e+02 3.167213111866222874e+01
9.897129999999999939e+01 1.955711399999999855e+01 1.252208118211724468e+02 1.969064126979956253e+00
1.063328249999999997e+02 1.094751899999999978e+01 1.233282524997873679e+02 1.895587518835662522e+01
1.262176500000000061e+02 1.077972399999999986e+01 1.049916201469599457e+02 1.368328558914386051e+01
1.198547059999999931e+02 7.232410999999999923e+00 9.617378335443194715e+01 2.157524097854236800e+01
1.063831100000000021e+02 8.929643999999999693e+00 1.365123318291467740e+02 6.553592560949438095e+00
9.808326999999999884e+01 2.820190200000000047e+01 1.124157345654935511e+02 3.268561916281905066e+00
1.087034450000000021e+02 1.879413800000000023e+01 1.147720741477483983e+02 5.717459192649251953e+00
1.218254000000000019e+02 4.371687999999999796e+00 1.002646933291296136e+02 2.114106999971578560e+01
1.355842399999999941e+02 3.165399999999999991e+01 1.167178865125598861e+02 3.932049905914782428e+00
1.093217539999999985e+02 1.300310099999999913e+01 9.709143882072825704e+01 1.696666247743430844e+01
1.207382000000000062e+02 1.915753600000000034e+01 9.569170581305053247e+01 2.263725790384445702e+01
1.090422400000000067e+02 3.257660000000000000e-01 1.309440044568073915e+02 2.315608429821989844e+01
1.259789300000000054e+02 8.138935999999999282e+00 1.218180185835443154e+02 1.085775207799125575e+01
1.216335140000000052e+02 1.368565999999999949e+00 1.230608137330910097e+02 1.019231427827942049e+01
1.067377000000000038e+02 2.727607499999999874e+01 1.103422461301990438e+02 1.075442489922412115e+01
1.179452600000000047e+02 3.413794299999999993e+01 9.566400939369438561e+01 1.612557087706008474e+01
1.279808500000000038e+02 1.237441800000000036e+01 1.379269959851180545e+02 6.056102971575161309e-02
1.010747149999999976e+02 1.745857799999999926e+01 9.508344889176866843e+01 2.486453683634742173e+00
1.068714449999999943e+02 1.286970200000000020e+01 9.387584602497508968e+01 1.792203075209035390e+01
1.302130600000000129e+02 1.211599499999999985e+01 1.081051774944456270e+02 2.358528664700321897e+01
9.793104999999999905e+01 2.979559499999999872e+01 9.850083009657267041e+01 1.277525110236023131e+01
1.188353800000000007e+02 2.132730300000000057e+01 1.341940352201361293e+02 8.450477374267421737e+00
1.117835000000000036e+02 4.146894999999999776e+00 1.239817047457639632e+02 2.042480240544850645e+01
1.165112840000000034e+02 2.327571899999999872e+01 9.820884594339820239e+01 1.150314581139508441e+01
1.350546699999999873e+02 1.248166299999999929e+01 9.858000562183597992e+01 1.649419386973877266e+01
1.340509999999999877e+02 2.624378400000000156e+01 1.360145145720186406e+02 2.912339465655156800e+01
1.279924850000000021e+02 1.403315199999999940e+01 1.321675693696538474e+02 2.769197037209290002e+01
1.365753499999999860e+02 3.356936300000000273e+01 9.998321862080919686e+01 2.173586382809379458e+01
1.252556299999999965e+02 7.355453999999999937e+00 9.657527768219622999e+01 6.633410637710209556e+00
9.520380000000000109e+01 2.239091700000000174e+01 9.843158567693903649e+01 1.773106252541335337e+01
1.265867599999999982e+02 2.725253899999999874e+01 1.211521247584622785e+02 3.391698527766206439e+01
1.259232559999999950e+02 4.161654000000000408e+00 1.283761700605626004e+02 1.100950908371973647e+01
1.370245700000000113e+02 1.147566899999999990e+01 9.828211956947532713e+01 2.058342075656406323e+01
1.135468599999999952e+02 1.324376900000000035e+01 9.533099664866026046e+01 1.173028613069867099e+01
1.130484199999999930e+02 2.044042800000000071e+01 1.160257598848859573e+02 2.773300338337955395e+01
1.053158899999999960e+02 1.049280700000000088e+01 1.346992572764150680e+02 6.946957191637196161e+00
1.144742360000000048e+02 2.767989000000000033e+01 1.168584584910634021e+02 1.921335783445100631e+01
1.114416300000000035e+02 1.862790100000000137e+01 1.289201574886698722e+02 5.372396516422951684e+00
1.225821150000000017e+02 6.734340000000000437e+00 1.236584827549913825e+02 2.959817439294461749e+01
1.366617899999999963e+02 1.230031400000000019e+01 1.307782748538905651e+02 5.353089654708204082e-01
1.205367660000000001e+02 1.833390400000000042e+01 9.970618729856873586e+01 3.561895950030309344e+00
1.083133540000000039e+02 2.792756299999999925e+01 1.032159094954312906e+02 6.540338252263876662e+00
1.210716900000000038e+02 6.892971000000000181e+00 9.298882860832296160e+01 2.311481056242653409e+01
1.084680560000000042e+02 1.681018399999999957e+01 1.195512887609400536e+02 1.707072112313592172e+01
1.078554800000000000e+02 1.840535399999999910e+01 1.141119485939298244e+02 3.195889433318987116e+01
1.217480850000000032e+02 1.688053000000000026e+00 1.077629485241440364e+02 5.271203476916924702e-01
1.264986999999999995e+02 2.455890000000000128e+01 1.159973734565821104e+02 5.591034209944096389e+00
1.182972699999999975e+02 1.483025899999999986e+01 1.063967749311456146e+02 1.870478862531156139e+01
1.162218600000000066e+02 1.465482599999999991e+01 1.126967820405891132e+02 1.361426198315753489e+01
1.102496799999999979e+02 2.905307200000000023e+01 1.337821821897485961e+02 2.902406771799754637e+01
1.346454300000000046e+02 1.258279899999999962e+01 1.198318346864727175e+02 1.951399876309430681e+01
1.075523299999999978e+02 1.898231499999999983e+01 1.329596871800885651e+02 3.479649742497892362e+01
1.134364199999999983e+02 3.037878600000000162e+01 1.191628643495444067e+02 3.273269269947166293e+01
9.723202000000000567e+01 2.960429800000000000e+01 9.289709389330951694e+01 2.787635191204817176e+01
1.325039999999999907e+02 4.645293999999999812e+00 9.480553632028221500e+01 1.202236370899040097e+01
1.148805399999999963e+02 1.808004999999999995e+01 1.121714528385032281e+02 2.214449931056473631e+01
1.222376000000000005e+02 3.524550000000000183e-01 1.042305572088094010e+02 2.542619901206294486e+01
1.231785699999999935e+02 1.163075599999999987e+01 1.096775819954049211e+02 2.340311185974111297e+01
1.227206500000000062e+02 2.926232000000000166e+00 1.069666164071915944e+02 9.200676763606963071e-01
1.134964499999999958e+02 2.987325299999999828e+01 1.054791851354111714e+02 3.436760932082628983e+01
1.232222500000000025e+02 1.022940900000000042e+01 1.017951383149993489e+02 2.202930127693880635e+01
1.162961800000000068e+02 2.799809799999999882e+01 1.045901858673034326e+02 9.501784685292419042e+00
1.166653400000000005e+02 4.134577000000000169e+00 1.347276809008973544e+02 1.020410519984120157e+01
1.274308900000000051e+02 1.213617600000000074e+01 1.122538655721232885e+02 1.828527042203552710e+01
1.324894099999999924e+02 1.522223000000000104e+00 1.254416971529060731e+02 2.683416823478524549e+01
1.359555699999999945e+02 2.916656499999999852e+01 1.266263549482207225e+02 2.352004486103957959e+00
1.349924800000000005e+02 2.427803000000000111e+01 9.339960097608965839e+01 1.344127959421118845e+01
1.132784039999999948e+02 2.408719599999999872e+01 9.376522012071235679e+01 1.972252371139014571e+01
1.032809749999999980e+02 1.728598600000000118e+01 1.235631334625713009e+02 2.986502700332497540e+01
9.699267600000000300e+01 3.332831000000000188e+01 1.081070487615963316e+02 2.220852677176948475e+01
1.222981000000000051e+02 3.382558000000000220e+01 1.338472802835531184e+02 2.117271297119602824e+00
1.233079199999999958e+02 7.494034000000000084e+00 1.083462355769727594e+02 4.451666283581850792e+00
1.368218999999999994e+02 9.378269999999999662e-01 1.371690614208145291e+02 1.004237228836677431e+00
1.072066800000000057e+02 2.882234800000000163e+01 1.155890988671792741e+02 1.176545499155908203e+01
1.222444500000000005e+02 8.908201999999999288e+00 1.263254660339511872e+02 2.629039598882900464e+01
1.053674550000000067e+02 7.722144000000000119e+00 1.203274238649500347e+02 1.028127285303562122e+00
1.268311900000000065e+02 1.202138899999999921e+01 9.791601048925473094e+01 2.436662293207238150e+01
1.180998459999999994e+02 1.284827399999999997e+01 1.016619055637977169e+02 1.731574376241590940e+01
1.212147099999999966e+02 1.824274799999999885e+01 9.284420288934832399e+01 2.669725282438509595e+01
1.211230850000000032e+02 1.021513700000000036e+01 1.153161687295509523e+02 7.890966507248476702e+00
1.222112300000000005e+02 1.084067199999999964e+01 9.522946673189207445e+01 2.758462918763062888e+01
1.100269849999999963e+02 1.782430499999999896e+01 1.096194603978297692e+02 2.188231823442619373e+01
1.038123300000000029e+02 1.618331999999999837e+01 1.303010083396721654e+02 5.299022656760827843e+00
9.999969000000000108e+01 2.509792300000000154e+01 1.061183443303686715e+02 2.255818374133150783e+00
1.110126900000000063e+02 2.886413999999999902e+01 1.309838723264659563e+02 2.773283586548405211e+01
1.182392499999999984e+02 2.503325500000000048e+01 1.320657101592000799e+02 1.320353380187703429e+01
1.094431699999999950e+02 2.603854600000000019e+01 1.035636682901343022e+02 1.330993150458981233e+01
1.040978850000000051e+02 1.695514100000000113e+01 1.258224408589371563e+02 2.427773900928079343e+01
1.063787499999999966e+02 2.825092300000000023e+01 1.031757921361475212e+02 1.765456287114789413e+00
1.137061499999999938e+02 2.920176500000000175e+01 1.006164715038446786e+02 1.559838175980590691e+01
1.138526399999999938e+02 2.842907299999999893e+01 9.257937863316735161e+01 7.018823584418807826e+00
1.305158500000000004e+02 8.179097000000000506e+00 1.304501856449737431e+02 1.338519082460616616e+01
1.066970400000000012e+02 2.854751200000000111e+01 1.007615549843435332e+02 3.106123727014422187e+01
9.963335999999999615e+01 3.011660600000000088e+01 1.022058181659698732e+02 1.640906953532047652e+01
1.283993499999999983e+02 1.234091600000000000e+01 1.369511956128666554e+02 4.323853504255225744e+00
1.370396700000000010e+02 1.252472000000000030e+00 1.066967974716599485e+02 1.133875118021173201e+01
1.147472199999999987e+02 3.243150700000000342e+01 1.145636913602914433e+02 2.239587297257324394e+01
1.352699100000000101e+02 1.797872999999999877e+01 1.205114342334080675e+02 3.948845261436493725e+00
1.034372900000000044e+02 1.659929699999999997e+01 1.119642874434745181e+02 8.516964949057381773e+00
1.083680499999999967e+02 2.084225800000000106e+01 1.040312540123164524e+02 2.784886062361794146e+01
1.171882999999999981e+02 2.439474999999999838e+01 1.237171648398752950e+02 1.361892624382498873e+01
9.954652400000000512e+01 2.725922600000000173e+01 1.152330450213255517e+02 2.732714717083036149e+01
1.210841450000000066e+02 2.834050999999999831e+01 1.005963335703548580e+02 1.400068955969198470e+01
1.312442299999999875e+02 1.030026800000000087e+01 1.344999746698525485e+02 2.228549750120032158e+01
1.357005499999999927e+02 1.938025700000000029e+01 1.362502898120615100e+02 6.114087805809259590e-01
9.911983499999999481e+01 3.033258400000000066e+01 9.548836125633222593e+01 8.921780438068262598e+00
