4.705675000000000097e+01 4.889192599999999800e+01 8.155078558800119026e+01 4.077419562925323504e+01
8.970620999999999867e+01 3.568977000000000288e+01 8.154775719446206494e+01 6.494168885080411258e+01
8.070108000000000459e+01 5.145862600000000242e+01 7.691264117968194114e+01 6.953716207680463413e+01
5.076695000000000135e+01 5.451497299999999768e+01 8.620721528388379795e+01 5.892830835922882926e+01
7.279229999999999734e+01 3.718387200000000092e+01 6.448610158955484906e+01 3.884126096188632005e+01
7.526021000000000072e+01 6.275057000000000329e+01 4.946550972179044692e+01 5.600917646398777094e+01
7.009472999999999843e+01 6.222802000000000078e+01 5.373399442650519120e+01 5.811728625341274324e+01
5.739283999999999963e+01 5.092857000000000056e+01 6.306683348289220703e+01 4.517690352025487499e+01
6.178132000000000090e+01 4.392349999999999710e+01 5.544838513677181169e+01 3.626506799602106668e+01
5.189291999999999661e+01 4.783659999999999712e+01 7.134409901858658998e+01 6.925950644853021743e+01
9.085814000000000590e+01 4.623494699999999824e+01 7.666929202806032606e+01 6.466254666807955687e+01
7.585509000000000412e+01 4.657610999999999990e+01 6.933913437860108786e+01 6.541208202643329628e+01
6.455310000000000059e+01 4.459967999999999932e+01 6.442267982176350927e+01 4.013116298176416308e+01
8.479536400000000640e+01 5.329719999999999658e+01 8.974173428469083547e+01 6.100092499454957817e+01
5.149356000000000222e+01 5.724681000000000353e+01 5.859796984426184707e+01 6.264240697469649888e+01
6.792364499999999339e+01 5.292115400000000136e+01 8.424073958920810412e+01 6.713941610076925315e+01
4.639938999999999680e+01 5.456745500000000249e+01 5.851270237627920068e+01 6.278330651327480183e+01
5.137774699999999939e+01 3.696650000000000347e+01 8.870617487747296082e+01 6.047336276189562909e+01
7.320753499999999292e+01 6.789552999999999372e+01 8.772167278739624408e+01 5.774540981025545250e+01
8.312604000000000326e+01 4.748839999999999861e+01 8.610432532077884105e+01 4.178933568338683102e+01
6.013470999999999833e+01 6.194715500000000219e+01 9.045379135306558283e+01 3.808175756064458994e+01
5.182235000000000014e+01 5.265465999999999980e+01 5.176566106398011868e+01 5.610345889786617590e+01
4.903706999999999994e+01 4.788514299999999935e+01 5.015701990007154620e+01 3.557986463932531507e+01
5.809143000000000256e+01 4.611546299999999832e+01 8.705062899042485469e+01 4.259376413594579702e+01
5.912769999999999726e+01 6.032540999999999798e+01 6.282947346486254503e+01 5.904175224980280490e+01
4.930181999999999931e+01 4.514226500000000186e+01 5.714315423948290373e+01 6.991346633888444728e+01
6.561271000000000697e+01 5.444020499999999885e+01 7.645123465163833032e+01 5.431169019141313470e+01
6.135287999999999897e+01 5.438815999999999917e+01 5.984900169379637447e+01 5.748404783583826827e+01
6.191360000000000241e+01 5.060701799999999650e+01 8.387296840040202994e+01 6.943807851012030596e+01
7.662926000000000215e+01 5.864343999999999824e+01 6.749286987213564259e+01 3.915605172599836692e+01
7.392625400000000013e+01 4.910097999999999985e+01 8.766800968258345961e+01 3.714764970984001735e+01
7.765654999999999575e+01 4.628692999999999813e+01 6.308303542175491430e+01 5.730528249236319738e+01
8.484910600000000613e+01 6.459439999999999316e+01 8.953319368338624429e+01 3.592001795475930237e+01
4.931898999999999944e+01 6.210411500000000018e+01 6.301213508301155741e+01 5.787638376110581362e+01
4.661720700000000051e+01 4.941123199999999827e+01 7.559298638332438713e+01 3.584467026494437647e+01
5.753410699999999878e+01 6.117568200000000189e+01 5.146783419941507987e+01 4.550243660038776028e+01
7.425484500000000310e+01 6.315915700000000044e+01 8.530948836366948740e+01 4.053784173141969660e+01
9.169121599999999717e+01 4.750572999999999979e+01 6.110065137940598845e+01 3.547637453538655450e+01
6.697535999999999490e+01 6.922397599999999329e+01 7.614424311895791675e+01 5.085725374448583835e+01
6.638827499999999304e+01 5.328854400000000169e+01 6.351131286847885349e+01 3.568663019604215947e+01
7.197422000000000253e+01 5.532365000000000066e+01 5.703297027056829904e+01 6.316354836208819989e+01
8.816930000000000689e+01 3.579807000000000272e+01 6.609465296486125396e+01 6.986368175353945276e+01
7.508929999999999438e+01 5.509823999999999700e+01 6.662655244396114540e+01 3.778323075051632429e+01
8.713568999999999676e+01 4.826576599999999928e+01 5.445750724274451215e+01 3.886137440527740239e+01
7.364663000000000181e+01 5.485079600000000255e+01 5.371191514428389979e+01 3.520339464616330361e+01
6.792529000000000394e+01 6.462401599999999746e+01 8.186903811645329654e+01 6.022609913551501393e+01
6.849882999999999811e+01 5.074562000000000239e+01 7.086705956315455524e+01 6.016762933163791160e+01
7.873811999999999500e+01 4.425542399999999787e+01 7.835890296894092444e+01 5.621601431999626186e+01
8.175880999999999688e+01 5.262841999999999842e+01 9.192203587617146354e+01 6.127511181271771079e+01
6.051704800000000262e+01 5.615606700000000018e+01 8.532761219751466797e+01 6.516494295136985215e+01
4.821660599999999874e+01 4.754361999999999711e+01 6.307000633533439782e+01 4.829012852663232991e+01
8.598796000000000106e+01 6.875800999999999874e+01 6.723069793866048371e+01 4.928990068396178259e+01
8.732456000000000529e+01 3.527145800000000264e+01 7.969249214445707707e+01 4.835633570765438094e+01
5.549220300000000350e+01 5.516659500000000094e+01 5.404879310118053581e+01 6.285471067986762250e+01
6.211388800000000288e+01 5.753751400000000160e+01 6.090595892926028654e+01 5.704912270575518818e+01
5.838838200000000001e+01 3.607659999999999911e+01 9.078651332577209132e+01 6.641481067568275876e+01
8.038043999999999301e+01 6.714364999999999384e+01 5.716676206410577521e+01 6.691331252186478196e+01
8.184078999999999837e+01 4.815879400000000032e+01 9.192675855161799348e+01 4.151751611016989330e+01
8.605257000000000289e+01 4.617657499999999970e+01 6.362183696566865621e+01 4.107852897482430876e+01
5.638801000000000130e+01 4.402345700000000051e+01 8.134858286551892093e+01 4.129346323878777270e+01
8.134596999999999412e+01 5.514847000000000321e+01 8.205368505932096923e+01 6.158237458148633436e+01
7.688331999999999766e+01 5.232898699999999792e+01 5.297828778222334023e+01 6.197296301710920829e+01
9.157024400000000242e+01 5.601523199999999747e+01 7.719407731658147043e+01 5.538564214713042588e+01
8.591553000000000395e+01 5.346094000000000079e+01 8.402633001727875239e+01 5.586109043432416854e+01
8.131239999999999668e+01 4.633098600000000289e+01 9.036333254180340191e+01 6.170994881058703641e+01
8.021056000000000097e+01 5.445707000000000164e+01 6.561737553919560639e+01 4.407983270616819027e+01
5.917211999999999961e+01 5.665921000000000163e+01 6.117684338015402545e+01 6.233883809956903121e+01
6.686356000000000677e+01 4.817567999999999984e+01 5.358724560443963014e+01 6.095700350067531303e+01
5.187380999999999887e+01 5.347641800000000245e+01 8.936834818310298090e+01 4.029726802270134556e+01
6.306130199999999775e+01 4.729231000000000051e+01 5.712768431233363486e+01 4.472046138720266839e+01
6.937743000000000393e+01 6.220120599999999911e+01 4.622488977427463652e+01 4.787388736892763319e+01
8.264422600000000330e+01 4.752185999999999666e+01 7.529728816938239788e+01 4.222750362620882925e+01
7.955441999999999325e+01 3.933534199999999714e+01 8.841026385566750889e+01 6.312990136471194091e+01
8.925545999999999935e+01 5.505763600000000224e+01 5.114472414121625832e+01 5.456741713011568606e+01
8.294782999999999618e+01 5.205798300000000012e+01 6.319821060009353175e+01 5.889080859851986105e+01
8.566745000000000232e+01 3.919830300000000278e+01 6.975658508706476368e+01 5.179063330170649238e+01
7.117007399999999961e+01 5.754771399999999915e+01 6.511091681977427470e+01 4.190743324509283241e+01
7.414822999999999809e+01 5.399640999999999735e+01 4.900997453319326524e+01 6.501316890654783265e+01
8.727204999999999302e+01 4.582592999999999961e+01 7.625106972788844928e+01 6.759350704453227365e+01
5.036927000000000021e+01 4.309617999999999682e+01 8.963414801606928961e+01 4.123089035416184345e+01
5.856295800000000185e+01 5.032897599999999727e+01 7.164542362958910360e+01 5.463930902045424176e+01
6.547648999999999830e+01 5.381193999999999988e+01 5.113945597089960415e+01 6.942913026660539799e+01
8.419041400000000408e+01 4.989468999999999710e+01 8.199295483953763153e+01 3.550375048290497659e+01
7.117350000000000421e+01 6.853942000000000689e+01 9.005967570025273972e+01 6.577456608537815441e+01
6.501632999999999640e+01 6.709943400000000224e+01 8.485039343399975564e+01 3.527351760922360313e+01
7.691083999999999321e+01 6.451894000000000062e+01 7.267826195140531809e+01 6.663121509819245603e+01
5.528000300000000067e+01 4.775746500000000339e+01 7.475513346196375153e+01 6.755421210616958660e+01
5.721746399999999966e+01 4.597019600000000139e+01 6.115577613811842639e+01 5.805154674849597285e+01
8.356830999999999676e+01 6.643170999999999538e+01 6.672028047129531103e+01 6.256412840819550780e+01
7.679140999999999906e+01 5.655142000000000024e+01 6.655109881981934450e+01 3.833805365599231862e+01
8.144522999999999513e+01 4.438541000000000025e+01 7.073197873238879652e+01 5.161267467742810311e+01
5.955537799999999748e+01 6.289262999999999693e+01 8.488706355544883309e+01 5.354943757085086986e+01
6.803041000000000338e+01 4.542292400000000185e+01 7.901782097907906177e+01 4.442731300106855485e+01
8.622651000000000465e+01 4.615575400000000172e+01 7.994082182820770299e+01 6.536173913618614506e+01
8.797317499999999768e+01 3.778687000000000040e+01 5.252309301608102743e+01 5.253814879047786235e+01
5.906763500000000278e+01 3.689249999999999829e+01 8.187047063523945667e+01 6.976013767231999907e+01
8.989384499999999889e+01 3.726073499999999683e+01 6.384306963507373922e+01 6.585252261951319497e+01
8.498050999999999533e+01 4.669040999999999997e+01 6.794136682791702242e+01 5.597136936191633083e+01
8.303042999999999552e+01 5.145228600000000085e+01 6.306855655007282024e+01 6.996492309683658561e+01
4.825592400000000026e+01 5.014630499999999813e+01 8.416395512002449664e+01 6.571837019591660578e+01
8.934846500000000447e+01 3.745134999999999792e+01 6.920968554620849034e+01 3.557243270358174669e+01
5.070831700000000097e+01 3.840941200000000322e+01 5.900281669932248718e+01 5.693482361697807903e+01
5.450730999999999682e+01 3.529058500000000009e+01 8.438932356889029052e+01 4.665378122849384823e+01
7.631790999999999769e+01 3.961659000000000219e+01 8.137460687622308342e+01 4.774941311228550944e+01
7.521860999999999819e+01 3.898195599999999672e+01 6.245010023309637148e+01 5.372552735206966901e+01
8.250449999999999307e+01 6.962704499999999541e+01 4.760491811915549221e+01 5.659874636472326159e+01
5.496697199999999839e+01 3.658432799999999929e+01 4.852186425663972358e+01 5.689884349908486172e+01
5.198836000000000013e+01 5.830735800000000069e+01 5.257688962421763534e+01 4.231043943820999687e+01
6.636167000000000371e+01 5.365017300000000233e+01 7.395109406550636777e+01 6.644155335239413773e+01
6.586028000000000304e+01 5.163116000000000128e+01 6.842675840153574995e+01 4.633718243949969917e+01
9.070058400000000631e+01 6.642718499999999437e+01 6.371471914527529634e+01 5.309450487544935982e+01
8.953702499999999986e+01 4.542854299999999768e+01 5.619869946248853410e+01 4.848086653896807974e+01
5.507215000000000060e+01 3.718399399999999844e+01 7.852669028085804825e+01 3.915499633619567987e+01
4.765477400000000330e+01 4.704724499999999665e+01 5.574465598527199006e+01 6.745726153860550767e+01
6.613873999999999853e+01 3.686851999999999663e+01 8.020671829296679789e+01 6.902204463868287121e+01
5.322638299999999845e+01 6.180381799999999970e+01 6.746345334672025729e+01 4.961561120996823604e+01
8.054379000000000133e+01 6.824706000000000472e+01 8.053397350474672578e+01 4.005504967844279918e+01
7.778821000000000652e+01 6.106759300000000223e+01 7.624125454738309315e+01 5.865875538307432180e+01
5.324425500000000255e+01 4.967506800000000311e+01 9.095379948375142476e+01 6.416987181618674185e+01
6.549724600000000407e+01 5.010513699999999915e+01 8.041916160119390611e+01 4.945676463274184442e+01
8.651894000000000062e+01 4.645947600000000222e+01 4.960102214371032403e+01 5.070127963162831009e+01
4.814629999999999654e+01 4.820965999999999951e+01 5.637244225354826455e+01 5.473558081992607072e+01
7.277925000000000466e+01 3.779214999999999947e+01 5.372562123981172988e+01 3.504974224849286202e+01
5.112833799999999940e+01 5.136664600000000291e+01 7.011233358623047707e+01 6.571452461613262130e+01
6.503932000000000357e+01 5.499595599999999962e+01 6.274952999563656419e+01 6.683347797142450020e+01
6.531167000000000655e+01 4.882398599999999789e+01 5.749310392522620106e+01 5.873074628318539681e+01
6.255550999999999817e+01 5.503535999999999717e+01 8.290890102699418662e+01 3.954791311317994484e+01
8.087591999999999359e+01 5.529622299999999768e+01 6.554050356796611254e+01 6.748169828028912320e+01
8.812180999999999642e+01 4.241441999999999979e+01 8.487632650807087487e+01 3.769179595480958511e+01
7.923369599999999480e+01 5.611977799999999661e+01 5.944004464534394572e+01 6.112624422500527999e+01
7.920038999999999874e+01 5.493555500000000080e+01 8.484558421436884146e+01 6.905652790358479365e+01
7.456422399999999584e+01 4.178605300000000256e+01 7.092103462193404084e+01 5.944771532062236474e+01
6.436455499999999574e+01 6.101473000000000013e+01 5.129120081469494608e+01 5.115748021119592437e+01
5.133358799999999889e+01 4.998110199999999992e+01 4.780956556282060887e+01 5.363333796690329791e+01
6.547351000000000454e+01 4.871835999999999700e+01 7.974625264391153223e+01 4.544976801377425346e+01
6.133038700000000176e+01 6.658709000000000344e+01 6.326815997235111411e+01 4.932998807021579069e+01
8.433446499999999446e+01 4.715006600000000248e+01 4.624797249086839201e+01 5.306937136085976192e+01
6.996568000000000609e+01 5.522879799999999761e+01 5.788519135357469736e+01 5.944990164323010617e+01
4.629036700000000337e+01 3.879925500000000227e+01 6.489138006082133359e+01 5.154942237397866478e+01
8.782634000000000185e+01 6.919105500000000575e+01 7.837605655956429018e+01 4.128841878085662387e+01
6.806695000000000562e+01 6.382922700000000304e+01 6.965000429364606305e+01 5.286737027346440243e+01
4.989374000000000109e+01 5.161422300000000263e+01 6.158544956875822862e+01 4.392984121761235627e+01
7.840416999999999348e+01 6.375536000000000314e+01 8.950558418838211594e+01 3.894035856606095081e+01
8.367423999999999751e+01 3.757970999999999862e+01 8.527578224668701523e+01 4.719466372001365784e+01
6.948366000000000042e+01 5.859557699999999869e+01 5.043879429043789742e+01 6.917114034828392732e+01
5.764349700000000354e+01 5.666116300000000194e+01 9.047897679988570019e+01 3.924420546334226856e+01
7.866594000000000619e+01 6.330966999999999700e+01 7.526340569169798300e+01 3.832516313738155844e+01
7.793328999999999951e+01 4.620729999999999649e+01 6.923939240249040949e+01 5.307068322665055149e+01
8.460322999999999638e+01 4.707439399999999807e+01 4.956874227710037673e+01 5.016664066649973108e+01
8.636114499999999339e+01 5.598597999999999786e+01 5.154490830917457345e+01 3.885449903980714481e+01
7.119659000000000049e+01 6.755151999999999646e+01 8.633298330127044551e+01 6.682660479599088887e+01
6.160553399999999868e+01 4.064756799999999970e+01 5.097572180143293252e+01 5.645794729872258699e+01
8.158118000000000336e+01 4.537104000000000070e+01 4.987044302742123136e+01 4.399793894845631570e+01
4.783639500000000311e+01 4.706979799999999869e+01 7.544940652571689554e+01 3.999552196411576688e+01
5.650281499999999824e+01 5.494033000000000300e+01 8.558364296744761646e+01 3.888763216425705593e+01
7.527721400000000074e+01 6.234985400000000055e+01 5.222293131458154392e+01 4.029025763576549224e+01
6.740388500000000249e+01 6.788053999999999633e+01 6.898405712968121861e+01 6.770847025425598531e+01
7.223666400000000465e+01 6.412923399999999674e+01 7.352781166492037812e+01 5.744930252704240559e+01
8.350627000000000066e+01 3.562819300000000311e+01 9.045821422459010819e+01 4.041129693389680710e+01
7.941397000000000617e+01 4.252147999999999683e+01 8.988595732015454587e+01 5.212654806141939900e+01
8.838833599999999535e+01 4.156282399999999910e+01 7.962602036756177881e+01 4.439258309602675467e+01
9.080634000000000583e+01 3.718498999999999910e+01 5.503017789345642541e+01 6.500950014282918232e+01
6.583236999999999739e+01 4.944800599999999946e+01 8.986345077471318632e+01 5.406819223734230206e+01
9.018449400000000082e+01 5.716975000000000051e+01 6.845882598201032465e+01 5.444239617382085328e+01
5.339472599999999858e+01 4.843246500000000054e+01 6.396930934357094856e+01 5.162414699140036589e+01
8.054166999999999632e+01 5.842430499999999682e+01 7.708400003981307691e+01 4.297923730244612983e+01
7.207832000000000505e+01 4.792690999999999946e+01 5.185801163401180958e+01 6.180190154137054037e+01
6.854156999999999300e+01 6.479751600000000167e+01 6.148258427743380139e+01 4.889988351141533229e+01
6.127224300000000312e+01 6.553884999999999650e+01 9.088081486217721761e+01 5.496754833405393015e+01
5.167667999999999751e+01 4.295528000000000191e+01 6.768204113401459665e+01 5.972343561157184411e+01
8.121348600000000317e+01 5.630411500000000302e+01 7.698494422720867192e+01 6.629788372945287733e+01
6.277852599999999939e+01 6.579652400000000512e+01 7.087145750330201111e+01 6.113820158728783838e+01
9.196247999999999934e+01 6.509338999999999942e+01 4.656308008242160668e+01 6.859659091980623202e+01
7.477090499999999906e+01 5.242497300000000138e+01 5.735972575251745553e+01 6.456705126804422434e+01
7.136731000000000336e+01 6.774591999999999814e+01 5.569359528432310924e+01 5.908961319628379272e+01
4.998027400000000142e+01 4.749081000000000330e+01 7.272374600301067460e+01 3.888845132957215611e+01
5.942141999999999769e+01 5.834763300000000186e+01 6.006665902519097244e+01 4.378032701259699877e+01
5.118329200000000156e+01 4.431676000000000215e+01 5.106049129840310741e+01 3.652770767531271900e+01
4.642362200000000172e+01 4.364381000000000199e+01 8.315799325327125757e+01 4.156380308976306281e+01
6.904313000000000500e+01 6.182660299999999864e+01 6.147997539915246534e+01 4.505181959103265399e+01
8.418653999999999371e+01 6.239584399999999675e+01 7.371524826884122206e+01 3.921003922005061071e+01
4.713656600000000196e+01 5.222250700000000023e+01 5.989497785196976309e+01 6.494056311375430823e+01
7.974106600000000356e+01 6.679397600000000068e+01 6.237537471178175252e+01 6.642558836239015818e+01
5.139050999999999902e+01 4.148894500000000107e+01 5.150789386244777290e+01 4.966932207414767930e+01
5.304635600000000295e+01 5.632189600000000240e+01 5.742188679970062992e+01 4.806860801743392386e+01
8.285776500000000055e+01 5.525711400000000140e+01 5.330627772865648950e+01 6.011799440887789103e+01
6.679166999999999632e+01 4.552518500000000046e+01 7.627576869688577688e+01 6.446112155301183577e+01
5.634499000000000279e+01 4.023205999999999705e+01 7.946263634390118114e+01 4.316752545570139432e+01
7.029137400000000468e+01 6.285878000000000299e+01 6.937829053338072072e+01 4.262494748746633633e+01
6.864203999999999439e+01 5.971938999999999709e+01 8.572627740409943442e+01 5.090927971136332530e+01
6.908459999999999468e+01 6.558459999999999468e+01 4.778222166214282396e+01 3.830520618787452491e+01
4.804456700000000069e+01 6.173043400000000247e+01 8.013277149118137288e+01 4.140318584252950984e+01
5.437736999999999910e+01 4.770761999999999858e+01 4.805853641660075937e+01 4.828843530526454941e+01
7.654936999999999614e+01 3.927301800000000043e+01 7.453295282488763007e+01 5.643010060469033107e+01
7.984506000000000370e+01 6.344749000000000194e+01 8.737217625655075892e+01 6.371328816504548342e+01
4.720137400000000127e+01 5.830328800000000200e+01 9.040896217339314944e+01 3.600210315460834209e+01
4.707642400000000293e+01 5.592219000000000051e+01 9.057535506552346760e+01 4.493462036065780296e+01
7.655490000000000350e+01 4.631730699999999956e+01 8.961122936535693384e+01 4.453080632383621662e+01
8.723791500000000099e+01 5.184914799999999957e+01 5.559747342718047491e+01 5.358268405007969193e+01
8.461827999999999861e+01 6.237893300000000352e+01 4.855099539005403386e+01 5.306109350796143076e+01
8.124493999999999971e+01 4.895342999999999734e+01 7.117411876563849660e+01 5.610737788953528593e+01
5.562387999999999977e+01 6.866582499999999811e+01 6.181097854220322318e+01 4.406238746405097828e+01
6.345376999999999867e+01 3.912910500000000269e+01 7.190841174042503781e+01 4.543365520862214169e+01
6.661320000000000618e+01 4.013583799999999968e+01 4.751733597054957414e+01 6.237156365044621964e+01
8.775043499999999597e+01 3.627820599999999729e+01 5.022780051674908464e+01 4.576283575022846861e+01
7.503003999999999962e+01 5.135125699999999682e+01 5.611188455808694897e+01 6.223593073044340684e+01
8.660894999999999300e+01 5.374872200000000078e+01 5.833041766223886526e+01 4.352579195014272528e+01
7.551533000000000584e+01 3.895154000000000138e+01 6.397055326888618509e+01 6.231796752483280954e+01
6.154539499999999919e+01 5.452419299999999680e+01 9.166149938199748703e+01 5.249874775397168492e+01
5.001832199999999773e+01 4.331076399999999893e+01 8.362518970194579992e+01 5.213111517772064474e+01
5.873996000000000350e+01 6.775861000000000445e+01 4.705594777625220360e+01 4.228329405748095837e+01
7.866755000000000564e+01 4.863276299999999708e+01 7.887423564056629743e+01 6.818646913733829251e+01
5.229579999999999984e+01 4.070341499999999968e+01 7.895915156164329574e+01 5.982687784059932312e+01
9.184480000000000643e+01 5.585113499999999931e+01 5.662491255330579065e+01 3.577840476618550980e+01
7.909267400000000237e+01 4.625860999999999734e+01 6.106567730980630415e+01 6.635053833947917212e+01
5.373610000000000042e+01 6.432905599999999424e+01 8.076734446708763926e+01 6.699456204452619090e+01
4.940913400000000166e+01 3.974633399999999739e+01 6.524541253595270973e+01 5.222726180213268066e+01
8.859117999999999427e+01 3.785624299999999920e+01 9.175896739799550517e+01 6.623026413323549377e+01
8.050518999999999892e+01 6.047599799999999703e+01 4.885869753428959683e+01 6.419173819993999075e+01
6.420875499999999647e+01 4.960495000000000232e+01 6.261673460644425404e+01 3.660768429245390365e+01
7.857786600000000021e+01 5.557450500000000204e+01 7.243414632471504433e+01 4.112361204489980082e+01
6.823550000000000182e+01 6.549249000000000365e+01 6.114829576408024536e+01 3.568557738325689854e+01
8.170098000000000127e+01 6.091732999999999976e+01 5.828022785994657085e+01 5.127119149047238977e+01
6.447547000000000139e+01 5.116217999999999932e+01 5.938851873537047510e+01 4.563195069073967147e+01
5.523184599999999733e+01 3.610280999999999807e+01 8.903003829818644022e+01 5.633257243008139881e+01
5.491128499999999946e+01 4.579075199999999768e+01 6.953029690258873075e+01 6.472627052406934922e+01
8.285496000000000549e+01 4.522690000000000055e+01 7.318947393955774317e+01 5.627267704047485353e+01
8.331664999999999566e+01 5.856189299999999776e+01 4.954632078387904670e+01 4.004338187124542969e+01
7.582670000000000243e+01 6.747114000000000544e+01 5.206342461759556528e+01 4.938331779243830510e+01
5.411697000000000202e+01 4.540603999999999729e+01 4.660978719251395574e+01 4.196041537525643861e+01
6.163974799999999732e+01 5.633095999999999748e+01 5.885293648032408242e+01 5.719870662026526276e+01
4.777246999999999844e+01 5.839175800000000294e+01 8.062823888093680580e+01 5.219745837102227881e+01
6.385522000000000276e+01 4.603732699999999767e+01 8.168221390995768161e+01 6.017591082720402085e+01
8.053059000000000367e+01 5.825861700000000098e+01 6.308815935110814621e+01 6.966006220489299494e+01
8.303979999999999961e+01 6.111826299999999890e+01 8.344728796919460478e+01 6.006368269149153605e+01
8.823077399999999670e+01 6.064816299999999671e+01 5.252181347475591622e+01 5.408134567842527929e+01
7.923452000000000339e+01 3.948125499999999732e+01 8.628533640843220098e+01 5.865049703848943352e+01
8.270176999999999623e+01 4.540622299999999711e+01 9.148748727951317505e+01 5.030992357141457916e+01
7.413129399999999691e+01 4.422429000000000343e+01 6.125233442124861227e+01 3.690573944720394906e+01
9.051793999999999585e+01 3.883509999999999707e+01 8.026899607474615550e+01 6.323384348433023661e+01
9.126617400000000657e+01 4.836307999999999652e+01 7.941163924688589759e+01 6.371630756056882205e+01
7.286201499999999953e+01 4.605237000000000336e+01 4.842243328684870107e+01 5.701401451476514382e+01
6.685438499999999351e+01 5.639614999999999867e+01 6.758815186905808048e+01 5.077757008295964880e+01
4.874184999999999945e+01 6.001634599999999864e+01 8.554062037052966616e+01 6.003846649611874398e+01
6.396105000000000018e+01 6.913397999999999399e+01 8.928273824299250805e+01 4.279862173325851415e+01
6.896733000000000402e+01 6.110683000000000220e+01 8.458269489977843136e+01 4.293339392369051666e+01
6.193122000000000327e+01 5.880618299999999721e+01 7.137215368427834505e+01 6.889926496727116501e+01
4.925378800000000012e+01 4.487882599999999655e+01 7.199310493123800825e+01 4.512193092175465381e+01
6.138013500000000278e+01 4.547245399999999904e+01 8.081150233560732943e+01 5.412964163858892164e+01
8.972822600000000648e+01 4.621936999999999784e+01 5.434878446209381764e+01 6.878743567218941735e+01
6.033975999999999829e+01 4.098235300000000336e+01 6.119628027679083715e+01 6.260312166141986978e+01
8.103185999999999467e+01 6.295127500000000254e+01 6.091768708080691397e+01 6.596475955804079661e+01
8.119513999999999498e+01 5.242212700000000325e+01 8.697223378835134611e+01 5.975290466280780777e+01
5.458291200000000032e+01 4.651758999999999844e+01 6.792379105437740350e+01 5.107514970663096676e+01
8.557980999999999483e+01 4.390374400000000321e+01 7.726532209675377771e+01 3.588499011290038965e+01
8.747091000000000349e+01 5.645033000000000101e+01 7.007081257915179151e+01 6.426046790535323794e+01
7.313843500000000120e+01 5.904482300000000095e+01 8.888130447310530258e+01 3.827512716305054141e+01
9.056817999999999813e+01 4.489627000000000123e+01 7.468781422910274159e+01 4.701360110529181924e+01
4.806152000000000157e+01 4.901875700000000080e+01 6.429511358594221804e+01 4.002636482699429621e+01
7.499594999999999345e+01 6.683678000000000452e+01 8.306213031377097877e+01 6.292970355352751710e+01
4.698412700000000086e+01 5.438173299999999699e+01 9.131180778567238576e+01 6.892749497122254354e+01
9.017243999999999460e+01 5.170759199999999822e+01 6.756036751409223484e+01 3.816338585963840302e+01
5.119310000000000116e+01 3.919285599999999903e+01 8.293641492727351761e+01 4.971602834566265017e+01
6.639500400000000013e+01 6.144256000000000029e+01 6.336022887496417866e+01 5.094728920052921950e+01
6.184803399999999840e+01 6.153417000000000314e+01 8.806564026999097905e+01 5.114267740667190054e+01
7.796600999999999715e+01 5.655156300000000158e+01 7.715764062108267751e+01 6.594540159852040517e+01
7.215792000000000428e+01 5.133852000000000260e+01 6.993859371752913034e+01 5.998532030471767484e+01
6.313300699999999921e+01 6.163922000000000168e+01 8.430678732010362353e+01 6.313521214084208566e+01
7.748720000000000141e+01 4.631557500000000260e+01 5.536361734823884717e+01 4.258739742036431153e+01
8.672520400000000507e+01 5.284666399999999697e+01 5.781604004867813273e+01 5.688607876762984006e+01
4.804833200000000204e+01 4.426471699999999743e+01 4.885492965774426466e+01 6.346483738644936068e+01
9.002331999999999823e+01 5.441521999999999792e+01 5.660363509844375329e+01 4.309423275327576874e+01
9.160120000000000573e+01 4.089896399999999943e+01 5.091261036066055112e+01 4.935848981899408727e+01
6.029579499999999825e+01 6.565413999999999817e+01 7.281787341768730926e+01 3.593821223908612694e+01
6.466612999999999545e+01 3.902980000000000160e+01 7.282486526014578487e+01 6.139393353416603816e+01
6.613475999999999999e+01 6.264407299999999879e+01 7.898566640055480548e+01 4.782296529041981614e+01
7.636599999999999966e+01 4.566083499999999873e+01 6.989851033321174612e+01 3.533217681145645628e+01
7.706990000000000407e+01 6.710917999999999495e+01 8.391914585846322439e+01 6.611772520577429191e+01
5.322385799999999989e+01 4.337675500000000284e+01 8.898959727084135807e+01 6.627392298954939065e+01
5.209461199999999792e+01 5.117084499999999991e+01 6.314496205077944069e+01 6.698756721925585111e+01
5.821264599999999945e+01 6.691978500000000452e+01 6.839236028068278017e+01 4.093425818602370470e+01
5.334275000000000233e+01 5.248333000000000226e+01 5.312945616885718181e+01 5.659088078707853242e+01
6.927911000000000286e+01 3.839639300000000333e+01 8.888309649058903972e+01 4.377640305085390082e+01
8.609228500000000395e+01 6.796366000000000440e+01 6.027259899025450807e+01 5.033784504067697441e+01
6.225874699999999962e+01 4.808446500000000157e+01 8.723148257549354412e+01 5.331565394021266258e+01
8.956260000000000332e+01 5.535901599999999689e+01 8.524811331591601515e+01 4.190987392646466247e+01
7.523945999999999401e+01 5.396249399999999952e+01 5.823015185140009464e+01 5.097431094322781320e+01
7.050776999999999362e+01 6.556503999999999621e+01 7.300969415559345066e+01 6.882905808977608331e+01
7.398699000000000581e+01 6.325536300000000267e+01 4.754840010759522784e+01 6.119316946747069608e+01
6.563097399999999482e+01 4.508709999999999951e+01 6.189071446551972855e+01 6.065438323411250110e+01
8.782403999999999655e+01 4.772092399999999657e+01 5.422082807335620203e+01 4.979130495153218305e+01
