3.236693999999999960e+00 6.044221000000000288e+01 1.825052780390779716e+01 6.380366085062479442e+01
9.912905999999999551e+00 6.386164500000000288e+01 1.987566855697094681e+01 5.152496803517333746e+01
1.895891599999999855e+01 6.384127800000000263e+01 3.369973156555113292e+01 6.345844841882214382e+01
2.333429100000000034e+01 6.337782700000000347e+01 3.764280141206565133e+01 4.838779007058956694e+01
4.398696999999999946e+01 4.142481999999999687e+01 1.093823491876749721e+01 4.410083590770736350e+01
1.873960299999999890e+01 3.671161699999999684e+01 2.786923615987059932e+01 6.833794382292143155e+01
2.389761000000000024e+00 5.166255000000000308e+01 2.499615546247438402e+01 6.003605976449324544e+01
2.780376000000000047e+01 5.933233599999999797e+01 3.259449883503186385e+01 6.311529395836041800e+01
3.382928000000000157e+00 6.029896000000000100e+01 3.509037319296369617e+01 4.576181322529861006e+01
1.484744199999999914e+01 5.254046999999999912e+01 4.342298357587005597e+01 3.715423387517517995e+01
1.468800399999999939e+01 5.225485599999999664e+01 3.815859580406515050e+01 5.908658213072475007e+01
1.543729100000000010e+01 4.334400999999999726e+01 9.901971286107414727e+00 5.750497644711056466e+01
2.015500000000000114e+01 6.507629400000000430e+01 5.173895866130291843e+00 5.662941673421786959e+01
2.190253600000000134e+01 6.066709500000000332e+01 3.520023576027490719e+01 3.812922150593598047e+01
4.818947999999999787e+00 4.983796300000000201e+01 2.924113981570175724e+01 5.205450352048336526e+01
3.755053000000000196e+01 4.706860999999999962e+01 2.483387091181061024e+01 6.207830074502082596e+01
3.416704000000000008e+01 3.998250999999999777e+01 4.039054780348932638e+01 5.113737764213013293e+01
1.257836999999999961e+01 4.189283799999999758e+01 8.206884602192134892e+00 5.739397380336546917e+01
3.937140999999999735e+01 5.414872400000000141e+01 4.871491933489574322e+00 3.761696176300500127e+01
4.111417000000000144e+01 4.007924299999999818e+01 3.148101554887208664e+01 3.626198960341086064e+01
2.223412000000000166e+00 6.158464399999999728e+01 1.355125598141026089e+01 4.544540775470510141e+01
2.344557199999999852e+01 6.032480000000000331e+01 1.296014870290902721e+01 6.642368062015778207e+01
1.579499799999999965e+01 4.497953400000000101e+01 2.924843569420471923e+01 4.383129108585180234e+01
2.110351999999999961e+01 5.057375700000000052e+01 3.832156775478569699e+01 6.678896999919719235e+01
4.376234999999999786e+01 5.776993999999999829e+01 3.677331316442617037e+01 3.717873615284693045e+01
4.233505000000000074e+00 5.025841499999999940e+01 9.342454377474627591e+00 6.266423074538052163e+01
1.853736999999999924e+01 5.868032000000000181e+01 7.424236710448828269e+00 5.332950175940248272e+01
4.389004500000000064e+01 4.925619999999999976e+01 4.069269072341552373e+01 4.280533533787196632e+01
6.009555999999999898e+00 6.410734999999999673e+01 1.197297952663829435e+01 5.166388040804437765e+01
2.591426799999999986e+01 4.905017500000000297e+01 3.506764963716729255e+01 6.298011085688090560e+01
6.818109999999999893e+00 5.640887000000000029e+01 2.964805487811578644e+01 6.255885428547810534e+01
1.171394199999999941e+01 3.860256600000000304e+01 2.150464657487818698e+01 6.338134423925024663e+01
2.595387000000000111e+00 5.622023800000000193e+01 2.166714365752895333e+01 6.189498625628364437e+01
2.082353000000000165e+01 5.152611999999999881e+01 3.545176541232297751e+01 5.638939030397652630e+01
4.043019000000000318e+01 4.261147700000000071e+01 5.478406208966106306e+00 4.684198856745759798e+01
3.849247700000000094e+01 5.520327000000000339e+01 4.243249331685524339e+01 4.267596029708827388e+01
1.107895899999999934e+01 6.609166999999999348e+01 4.383782633472371515e+01 6.742475625401527850e+01
4.430118999999999829e+01 5.715690599999999932e+01 2.763460625695452677e+01 5.939800946402820614e+01
4.850017000000000245e+00 4.850082799999999850e+01 1.949975854222454430e+01 4.618713454634541904e+01
4.907337000000000060e+00 4.799457600000000213e+01 2.116973393426821204e+01 6.199882589155976120e+01
1.544176500000000019e+01 4.732140700000000066e+01 3.215321713770807666e+00 5.912050132879948450e+01
2.465796299999999874e+01 5.367492699999999672e+01 1.496075667031734335e+00 5.911274839656221047e+01
3.743424999999999780e+00 4.566570999999999714e+01 2.642885114075408381e+01 5.093167461093899817e+01
3.146999200000000130e+01 5.395680999999999727e+01 5.524206243522558069e+00 6.138175376110102377e+01
3.537763600000000253e+01 3.669556399999999741e+01 2.382643010772865821e+01 6.425944193345895883e+01
8.650494999999999379e+00 5.168935400000000158e+01 3.484348115034028126e+01 6.089060489072302573e+01
1.867393900000000073e+01 6.097509000000000157e+01 5.411380192504131159e+00 5.326032763089034461e+01
4.930530000000000190e-01 6.244571700000000192e+01 5.726461328425868302e+00 5.757858200393307868e+01
3.730768199999999979e+01 5.231282999999999817e+01 4.076455357987126860e+01 6.735801679652354323e+01
2.846706999999999965e+01 4.178999000000000308e+01 1.480908600219584059e+01 6.317427196049636962e+01
2.224507699999999843e+01 5.435337400000000230e+01 9.813220070865822819e+00 6.599072746219381713e+01
1.840980499999999864e+01 6.314235999999999649e+01 4.148426475556632198e+01 4.153446642437960890e+01
1.041146900000000031e+01 6.011702300000000321e+01 2.073091114627156983e+01 3.668492740415508280e+01
4.071802999999999884e+01 4.807249999999999801e+01 3.836367541782729518e+01 4.502670124700067333e+01
1.747127000000000052e+01 4.760023000000000337e+01 3.537496551716275661e+01 5.886871416560556725e+01
1.547219800000000056e+01 6.034700000000000131e+01 3.555193984387761219e+01 4.720037396307060362e+01
3.953311000000000064e+01 6.140073399999999992e+01 3.551835384190476930e+01 6.033208281193563494e+01
8.520414000000000598e+00 5.457184199999999663e+01 1.540263601246271641e+01 5.645464437284263681e+01
1.164176100000000069e+01 3.569854000000000127e+01 2.842108806964704826e+01 5.787226846178361939e+01
8.107670999999999850e+00 6.089752000000000010e+01 1.685229968265312461e+00 4.981881180902490769e+01
2.694678000000000129e+00 5.632972699999999833e+01 2.751459114170451059e+01 4.796100723743027316e+01
2.378617999999999899e+00 5.918628300000000309e+01 2.386392924866030185e+01 4.220102849825027391e+01
1.619154199999999832e+01 5.066434000000000282e+01 4.041300767418456275e+01 5.825424287853157068e+01
8.277164000000000854e+00 3.667758599999999802e+01 2.638414852978690561e+01 4.974438424082826771e+01
3.123456200000000038e+01 6.854565999999999804e+01 5.715577780987387335e+00 4.634176253282775804e+01
1.590143699999999960e+01 5.918668399999999963e+01 3.756272287678783073e+01 3.675614157713893349e+01
1.886508399999999952e+01 5.834556599999999804e+01 2.351101464252245066e+01 5.327985148164411555e+01
2.036801300000000126e+01 6.939857499999999391e+01 2.017732151815382835e+01 4.833481062519111049e+01
9.670422999999999547e+00 5.976294299999999993e+01 2.178901317268909921e+01 6.509883101657723614e+01
2.205181100000000072e+01 3.523134999999999906e+01 9.308893171335013150e+00 4.646530491798487361e+01
3.868943000000000154e+01 6.783937000000000239e+01 1.740589202567756644e+01 5.250414171851966927e+01
3.761818000000000239e+01 4.655321500000000157e+01 4.155380421361889631e+01 4.753555718244250272e+01
3.649032199999999904e+01 5.640850999999999971e+01 5.013289272820385278e+00 4.554009837285865814e+01
1.550612500000000082e+01 4.782681699999999836e+01 2.782207411618296788e+01 6.576693030735650325e+01
2.260014699999999976e+01 6.234815199999999891e+01 1.076676950720429105e+01 4.114427192224163576e+01
2.536109700000000089e+01 5.736187400000000025e+01 4.463859787933394330e+01 5.825944583638543861e+01
3.538345000000000340e+01 3.926977000000000118e+01 3.253044463048487245e+01 3.781522637269267051e+01
1.992976000000000170e+01 5.954831699999999728e+01 4.081103002819766346e+01 3.966058251908002319e+01
3.318348699999999951e+01 5.610168000000000177e+01 1.825726616590096896e+01 4.829474804561551338e+01
4.529326999999999970e+01 4.384725999999999857e+01 9.545463488970042931e-01 3.648704769508469781e+01
4.092120400000000302e+01 6.417640000000000100e+01 8.094204830406841467e+00 6.465275240565209458e+01
4.612967000000000262e+00 6.207938399999999746e+01 2.257242425601804570e+01 4.084403853404728579e+01
1.374759300000000017e+01 4.440596399999999733e+01 2.984168627603838431e+01 4.232278891985777847e+01
3.761019499999999738e+01 4.242291000000000167e+01 2.133947652114166260e+01 4.766146457018208338e+01
1.397349600000000081e+01 3.581828000000000145e+01 2.616345876525538738e-01 3.564866552194297356e+01
3.325391799999999876e+01 6.939197500000000218e+01 4.583475890528820429e+01 4.987813313470140031e+01
3.557878999999999792e+00 4.535975299999999777e+01 1.418517805275572563e+01 5.666616395439175591e+01
1.542130099999999970e+01 4.807432000000000016e+01 3.625599952472173726e+01 3.526131415799147106e+01
8.690578000000000358e+00 4.903162999999999982e+01 4.409645836710110700e+01 5.692918982711013598e+01
2.488541199999999876e+01 5.467808000000000135e+01 2.135539489739320018e+01 5.473882547647558283e+01
3.764814799999999906e+01 4.617269499999999738e+01 4.536576387076266315e+01 3.860348630167271722e+01
3.988503000000000043e+01 5.418994500000000158e+01 5.370544143270601367e+00 4.460220428234768519e+01
2.043900500000000164e+01 4.086438799999999816e+01 1.328939810802580546e+01 3.984710411143671394e+01
2.364203300000000141e+01 5.437124599999999930e+01 1.671890228768833708e+01 4.700017661267632008e+01
2.412726800000000082e+01 6.435965000000000202e+01 2.847816434883708681e+01 4.296676213229652319e+01
3.177699499999999944e+01 5.335653299999999888e+01 3.922807436266642611e+01 4.883404765431996708e+01
3.667203500000000105e+01 5.253309000000000140e+01 4.308135960540319331e+01 3.904924189026309023e+01
9.223309000000000424e+00 3.603684200000000004e+01 3.574375296305936445e+01 4.845966078850013048e+01
1.685684200000000033e+01 3.720931999999999817e+01 1.561839799224415870e+01 3.516163399194911676e+01
1.675374599999999958e+01 3.796326400000000234e+01 2.470325614854565188e+01 4.927114707129507565e+01
3.218836999999999904e+01 6.940578999999999610e+01 2.715652892360372306e+01 4.449429436719117348e+01
2.166530799999999957e+01 4.966210999999999842e+01 2.479076256897159780e+01 5.390820458857955089e+01
3.769088399999999695e+01 5.436887000000000114e+01 4.389496493123241549e+01 4.018473319266637844e+01
2.721157999999999966e+00 5.875473000000000212e+01 1.038068899994348726e+01 5.097168733077730707e+01
2.377868700000000146e+01 4.735770999999999731e+01 2.453577088985532484e+01 6.382776084128064298e+01
2.896644000000000219e+00 3.639158599999999666e+01 1.441311698613207781e+01 4.982706565083545769e+01
4.427252200000000215e+01 4.034404800000000080e+01 3.119342295599919979e+01 5.722489260427033742e+01
2.493043099999999868e+01 5.921664400000000228e+01 8.248001635736919468e+00 6.110795138454845699e+01
4.223771299999999940e+01 4.053162999999999982e+01 4.415237450620677961e+00 3.695963591551875282e+01
1.417296200000000006e+01 5.039940299999999951e+01 1.125733315986221683e+01 6.359346415812019870e+01
7.978301000000000087e+00 6.734000000000000341e+01 4.076954317070764233e+01 5.781456742999631615e+01
2.390652999999999917e+00 5.167964599999999820e+01 3.390540835531999875e+01 5.575606042537469165e+01
2.030260000000000176e+01 4.154736700000000127e+01 7.664008981505530116e+00 6.669676122953865161e+01
1.374290700000000065e+01 3.531032600000000343e+01 3.296740667872370523e+01 6.400006787502010752e+01
3.736971299999999729e+01 5.806794699999999665e+01 4.984263922742906416e+00 6.122916195883049539e+01
2.085089999999999932e+01 3.981597500000000167e+01 1.088289076151860435e+01 6.524142317650907330e+01
1.755703000000000102e+01 5.899888200000000182e+01 2.172990821655726634e+01 6.618506048529037855e+01
2.756007800000000074e+01 4.835898999999999859e+01 3.480447389485132703e+01 4.813576490458744672e+01
1.023534300000000030e+01 5.935090300000000241e+01 6.285913796861716918e+00 5.168371480105680149e+01
2.394099999999999895e+01 4.252644699999999744e+01 2.019392750525028291e+01 6.087563285185353834e+01
3.194447900000000118e+01 6.281984700000000288e+01 3.313952942256320711e+01 5.223108871316831880e+01
9.063480999999999455e+00 5.233923000000000059e+01 3.580120845600884394e+01 6.135074771131426274e+01
2.100891299999999973e+01 5.862799499999999853e+01 7.497990636863642422e+00 5.618998184658858719e+01
4.572634500000000202e+01 4.375131999999999977e+01 4.302585782412235460e+01 3.865014350077333916e+01
1.256385700000000050e+01 4.179339199999999721e+01 3.401968959963583927e+01 6.274122702216749303e+01
2.761657699999999949e+01 4.687226499999999874e+01 3.602481529051578946e+01 3.537143770237748441e+01
1.703760099999999866e+01 4.841577999999999804e+01 1.328923977144802482e-01 4.087306267490720302e+01
2.434148599999999973e+01 5.538674999999999926e+01 9.739841357595604876e+00 6.743452806271007205e+01
2.892726000000000042e+01 5.450605399999999889e+01 2.127368187926345300e+01 6.756959955242892590e+01
1.792446500000000142e+01 3.647230499999999864e+01 2.836866854581171182e+01 6.862848948981491048e+01
2.408968499999999935e+01 5.437648399999999782e+01 7.939263013488317977e-01 4.349872792113376363e+01
3.971639999999999837e+00 4.969277199999999794e+01 3.172957208140790897e+01 6.109632424539189088e+01
8.402846999999999511e+00 5.412539999999999907e+01 3.095494520703112329e+01 3.637622397024222920e+01
9.191095000000000681e+00 6.151413699999999807e+01 3.380137168622858468e+01 3.788753639753992530e+01
1.504237799999999936e+01 6.410210399999999709e+01 3.169852269875018180e+01 6.139193984352006339e+01
4.167210399999999737e+01 4.766912500000000108e+01 2.656366651521083710e+01 6.967403683279610505e+01
3.829247699999999810e+01 4.202132999999999896e+01 1.150699567251253264e+01 6.109474806372820410e+01
3.005353399999999908e+01 5.361134700000000208e+01 3.087633826503564549e+01 5.641973203766765721e+01
2.165502499999999841e+01 4.811627200000000215e+01 2.262184510478537902e+01 6.381235099808698408e+01
4.010786999999999836e+01 4.826076499999999925e+01 9.165160355102663914e+00 6.002754746850552436e+01
8.962469000000000463e+00 5.220652400000000171e+01 2.356169848287054691e+01 3.887852074779536338e+01
3.902677500000000066e+01 4.973195599999999672e+01 2.232887416456615526e+01 4.511196487023558177e+01
2.629823700000000031e+01 4.970231600000000327e+01 2.103919593462692461e+01 5.097819720138856781e+01
2.601584199999999925e+01 5.164471999999999952e+01 2.065441775348498510e+01 6.063114172773613575e+01
1.382407100000000000e+01 5.819731500000000324e+01 6.060622347446356528e+00 4.477741206654098249e+01
4.243479500000000115e+01 5.994040999999999997e+01 4.198541447760522516e+01 3.613298340657305374e+01
1.370985899999999980e+01 5.395781999999999812e+01 1.143166078034855460e+01 4.146410358475552016e+01
3.886488299999999896e+01 4.924759000000000242e+01 3.223960683295206131e+00 4.720773638355790069e+01
1.182230099999999950e+01 5.460882600000000053e+01 8.475230686852688322e+00 3.650291917677449050e+01
8.138958999999999833e+00 5.887785300000000177e+01 4.246803106026187180e+01 5.926694564613973171e+01
3.767678999999999689e+01 3.562928800000000251e+01 2.437538158529107690e+01 5.175331764471974338e+01
1.368329400000000007e+01 5.763781399999999877e+01 3.339099471895897864e+01 5.245022958591247431e+01
1.728762400000000099e+01 5.463022200000000339e+01 3.786121487498992622e+01 4.590615600821711695e+01
3.818887000000000143e+01 4.866307400000000172e+01 4.345500142771851415e+01 5.528653863259972923e+01
3.880069999999999908e+01 3.652320999999999884e+01 1.850848954057503448e+01 5.589619205284260062e+01
1.329279400000000066e+01 4.524612799999999879e+01 4.017704250944875355e+01 6.101094815650432679e+01
1.518427600000000055e+01 3.650966300000000331e+01 3.115441069279739406e+00 6.811804212903695088e+01
6.800587000000000160e+00 4.302304500000000331e+01 1.826617443033042321e+01 4.980413355102658102e+01
2.437430799999999920e+01 4.264974999999999739e+01 3.680517502913609462e+01 3.834582159342641461e+01
1.952476499999999859e+01 3.918932000000000215e+01 4.291918650276465996e+01 4.766425514520634010e+01
2.565642400000000123e+01 5.707083500000000242e+01 2.380345479195488423e+01 5.213624233613704462e+01
4.084637500000000188e+01 5.786637499999999790e+01 2.249510005553983660e+01 6.077302729257777969e+01
1.358955100000000016e+01 4.937272300000000058e+01 4.150858507455735946e+01 4.927173533777490633e+01
1.688383899999999826e+01 6.872863999999999862e+01 1.352301129871521290e+01 4.353136550763856860e+01
2.839045499999999933e+01 5.611057999999999879e+01 1.071383454313073136e+00 5.543756092932142820e+01
2.805744999999999933e+00 6.466279600000000016e+01 3.968397513075822047e+01 6.535910293271734872e+01
3.324862999999999857e+01 5.542543400000000275e+01 1.281252600812585918e+01 4.301833775885602762e+01
2.887831299999999857e+01 5.495512999999999693e+01 2.907976362101153711e+01 5.986446494915070105e+01
2.093201300000000131e+01 4.171021700000000010e+01 1.997551818155568526e+01 6.108973782671871788e+01
1.382319799999999965e+01 4.889654999999999774e+01 1.939468580342899884e+01 4.832904290909021228e+01
4.435824999999999818e+01 6.275203700000000140e+01 1.493044420058460808e+01 6.195030755743907491e+01
5.472330000000000361e+00 5.335338600000000042e+01 8.908391755424641900e+00 3.671413055205155729e+01
4.928863999999999912e+00 3.607365800000000178e+01 1.833376259934667729e+01 4.070879035083555664e+01
3.869263999999999726e+01 3.850408999999999793e+01 2.875641677075814329e+01 6.768723063454370958e+01
3.455795700000000181e+01 4.592020399999999825e+01 1.516063238027070526e+01 4.366770058552658895e+01
3.799163399999999768e+01 5.446101000000000170e+01 1.996468153098651044e+01 4.743132896491400174e+01
2.386990499999999926e+01 6.952246999999999844e+01 2.416428812714852548e+00 6.737417834808772454e+01
4.108551400000000342e+01 4.542605199999999854e+01 1.643928836512502434e+00 5.607312934968616247e+01
1.728610799999999870e+01 6.920991999999999678e+01 1.544519688201166296e+01 6.271607757178600195e+01
2.083869999999999933e+01 5.874726499999999874e+01 4.258837950970905695e+01 5.822340409629443059e+01
1.538504900000000042e+01 5.986376599999999826e+01 4.020102706920052782e+01 3.979330231231273984e+01
4.928542000000000201e+00 4.824641799999999847e+01 3.593460745083584840e+01 4.616486256635702290e+01
1.755419699999999850e+01 4.278993200000000030e+01 1.429957657839926810e+01 4.225307032717941524e+01
4.138396500000000344e+01 5.604575299999999771e+01 3.167167500893575038e+01 4.872246536904589220e+01
2.376799199999999956e+01 6.478347999999999729e+01 1.450954591565255036e+01 4.739711701472156591e+01
4.024333599999999933e+01 3.662460999999999700e+01 2.529641976661759273e+00 4.092718008824393650e+01
3.905662000000000234e+01 5.662503399999999942e+01 9.646574512298768056e+00 3.587873153043147312e+01
1.502367899999999956e+01 4.765071999999999974e+01 2.617585364782417301e+01 6.034814458842598839e+01
9.384755000000000180e+00 5.910114999999999696e+01 3.057148428043202770e+01 5.199183102692643388e+01
2.411451699999999931e+01 3.941257499999999681e+01 2.651185414411938268e+01 6.879236404247119196e+01
1.644122099999999875e+01 4.968412000000000006e+01 2.291365200283349779e+01 5.821092064874270022e+01
3.171725999999999956e+01 3.737540400000000318e+01 1.494588149040894898e+01 4.496281344094280996e+01
2.720608299999999957e+01 6.321461000000000041e+01 4.318288010828964296e+00 6.377509669363810474e+01
3.475337600000000293e+01 6.024270599999999831e+01 4.169865630218125574e+01 5.308651068083573676e+01
7.936509000000000036e+00 6.272310600000000136e+01 2.657235506875397490e+01 3.926206025423162771e+01
1.427999800000000086e+01 6.355681599999999776e+01 3.699586989862985575e+01 5.581004035648564354e+01
4.050164399999999887e+01 6.437727999999999895e+01 4.120274257372027904e+00 4.964691508298651001e+01
6.241300000000000320e-02 6.681692499999999768e+01 3.361522211188122355e+01 4.763494203045708275e+01
1.062628600000000034e+01 4.931256499999999932e+01 2.844208285105722922e+01 4.362172903344271901e+01
3.117937299999999823e+01 4.084062999999999732e+01 1.221453389358791419e+01 6.306330484142273463e+01
4.432352399999999903e+01 4.655745999999999896e+01 2.451934613349894576e+01 6.702394956342271826e+01
2.435888900000000135e+01 4.030353499999999656e+01 1.878747490466021119e+01 3.891304100093892515e+01
1.948550399999999883e+01 6.497793599999999969e+01 4.347812798711115079e+01 5.854728326548622874e+01
3.803257800000000088e+01 4.126751300000000100e+01 3.703562189051255160e+01 6.492386094032902122e+01
2.630622999999999934e+01 5.429846200000000067e+01 3.499529101529395803e+01 5.090114192742382215e+01
1.912055399999999850e+01 5.767318699999999865e+01 3.989612894013648514e+01 3.680047651666327369e+01
2.157373600000000025e+01 6.523790999999999940e+01 9.179593076222687387e+00 6.923664350634695097e+01
1.017572999999999972e+01 4.832332999999999856e+01 4.052084596874152567e+01 5.299019751959195901e+01
2.640548899999999932e+01 5.451465000000000316e+01 1.537605843890808721e+01 4.183781768879934759e+01
1.969234700000000160e+01 5.636274300000000181e+01 1.418482163776660698e+01 6.404555001099387823e+01
4.425141500000000150e+01 4.896997499999999803e+01 2.963351307193024908e+01 4.598659563011748475e+01
1.577243900000000032e+01 4.070953800000000200e+01 2.520452584576714372e+01 5.028281623134917311e+01
7.587387999999999799e+00 5.985011699999999735e+01 4.492028472360000535e+01 4.646501822572448503e+01
6.375562000000000396e+00 4.790955999999999904e+01 5.649710487392756164e+00 5.139148671374661603e+01
4.423760200000000253e+01 4.108593799999999874e+01 8.524912165343318193e+00 6.158865934271568676e+01
2.292712999999999823e+01 6.559244499999999789e+01 4.599849024612469606e+01 4.391911883409828476e+01
2.200808100000000067e+01 4.218635600000000352e+01 2.662883323013794268e+01 4.741408638017028920e+01
3.980574800000000124e+01 3.505393000000000114e+01 2.193187521516717453e+01 6.500194165321468631e+01
4.286601600000000190e+01 5.100443599999999833e+01 3.573871655182887253e+01 3.839427992860681371e+01
1.340849900000000083e+01 4.567194400000000343e+01 3.124121887932285446e+01 4.304371651833715617e+01
2.823313500000000076e+01 3.510986700000000127e+01 9.735957695375249799e+00 6.521817084486744420e+01
9.768584999999999852e+00 4.877152300000000196e+01 1.992347467284815821e+01 6.248827763189370899e+01
1.591037299999999988e+01 6.378378000000000014e+01 3.009700164670744194e+00 5.058139487993671679e+01
4.451698999999999984e+01 4.236858000000000146e+01 3.964103048651827610e+00 3.620266786761371947e+01
1.351284500000000044e+01 4.419599500000000347e+01 1.682267401022285824e+01 6.808260189816394359e+01
1.459369500000000031e+01 5.050591000000000008e+01 3.497816490254608368e+01 5.863431519731413033e+01
9.782237999999999545e+00 5.453354999999999819e+01 1.184373811429229129e+01 5.182339461022888827e+01
1.636617000000000033e+01 5.181973599999999891e+01 8.439296882526983623e+00 6.889319690484629177e+01
2.539324399999999926e+01 6.024038999999999788e+01 5.054093398472389254e+00 4.780697103372339285e+01
2.941046700000000058e+01 5.441519999999999868e+01 4.098454634504197713e+01 4.445653694148253976e+01
1.667413000000000167e+01 4.867561700000000258e+01 3.858009383071664899e+01 5.784880874266910666e+01
1.873617399999999833e+01 4.071938000000000102e+01 3.073575857257078070e+01 5.922887341156251750e+01
3.644939999999999714e+01 6.608012999999999693e+01 1.021871995827754276e+01 4.489434132512725029e+01
3.811621499999999685e+01 5.702847700000000231e+01 3.252880523096417420e+01 3.674008241464972713e+01
2.676995799999999903e+01 5.814197999999999666e+01 1.089106541727102062e+01 4.736961590427898017e+01
1.467177799999999976e+01 5.773542799999999886e+01 2.147608858580169411e+01 5.715553703231404370e+01
2.350442500000000123e+01 4.156365000000000265e+01 8.703908386326297375e+00 4.395646886696027877e+01
1.843470800000000054e+01 3.713052400000000119e+01 1.057919471570452608e+01 6.799730698441156562e+01
3.242994300000000152e+01 4.064135999999999882e+01 7.134724961866520943e+00 3.945657627899561248e+01
3.150669900000000112e+01 5.339257400000000331e+01 1.113315463234516933e+01 6.053890800110387005e+01
3.573833499999999930e+01 5.216803999999999775e+01 2.126350040876088698e+01 4.443331061213368116e+01
1.793926799999999844e+01 5.304739800000000116e+01 2.814177777868270525e+01 6.446988235882901108e+01
1.399274899999999988e+01 3.622932399999999831e+01 1.118034349348989487e+01 4.016348397069291565e+01
4.388095999999999997e+00 6.141528999999999883e+01 3.488112582064854195e+01 5.903293243773677546e+01
1.851201400000000064e+01 4.394585800000000120e+01 9.515637906909821808e+00 3.980845451139882130e+01
2.405202699999999894e+01 6.427312999999999477e+01 2.807143067598252983e+01 5.461802307262786371e+01
3.799981700000000018e+01 4.890085599999999744e+01 1.891714575041306290e+01 5.548383869619955533e+01
1.739525400000000133e+01 4.918818999999999875e+01 5.558933744135836186e+00 5.326174814173567995e+01
3.117463700000000060e+01 5.064058699999999646e+01 3.130972064146282108e+01 4.607606510564244218e+01
2.913737499999999869e+01 6.986656000000000688e+01 2.132292652552536527e+00 4.511796047266534515e+01
4.538752999999999815e+01 4.442799399999999821e+01 2.080306854117791104e+01 4.752387240937957102e+01
2.727367999999999881e+01 5.382822999999999780e+01 4.206269126676180470e+00 6.473920986584280968e+01
5.971942000000000306e+00 6.326541499999999729e+01 1.226262328232121890e+00 6.451600287680740564e+01
3.818302000000000085e+00 5.819378300000000337e+01 7.660619435763502239e+00 4.514981161984032099e+01
1.268288300000000035e+01 5.779910000000000281e+01 4.006824014307863280e+01 5.934931278239286456e+01
1.402747199999999950e+01 5.472702400000000011e+01 1.357315229116048982e+01 4.236620199023385425e+01
3.191590000000000149e+00 5.882735399999999970e+01 5.778003844044356185e+00 4.507966664218283626e+01
1.187956299999999921e+01 4.880324600000000146e+01 3.576034822154266379e+01 4.492469810416013587e+01
4.264042299999999841e+01 6.011877400000000193e+01 9.372175145806373564e+00 4.868869014379400539e+01
3.707959699999999970e+01 5.148483000000000231e+01 2.682131107127972314e+01 5.724217276569982715e+01
8.913596000000000075e+00 6.494965999999999440e+01 2.185333463689144295e+01 4.477728028639506874e+01
2.653495399999999904e+01 5.132546599999999870e+01 4.554842546919989132e+01 5.044802150131714313e+01
1.577910699999999977e+01 4.904657000000000266e+01 3.488399782947073646e+01 6.456109542224707809e+01
2.644106899999999882e+01 4.648964300000000094e+01 3.976027728376060821e+01 5.527681732576177609e+01
1.926878999999999920e+01 4.468504300000000029e+01 2.789379951013170356e+01 6.923885647962336520e+01
2.159208900000000142e+01 6.456528500000000292e+01 3.197932303650110697e+01 5.601596495962227351e+01
2.707938800000000157e+01 3.643202999999999747e+01 1.652848216932406089e+01 5.140850450630364321e+01
3.903699999999999903e+01 4.582964700000000136e+01 3.686877138639047757e+00 6.207412372353058316e+01
3.055974799999999902e+01 5.830293700000000001e+01 1.280265006086981749e+01 4.366253200073721530e+01
8.302600999999999232e+00 5.731612400000000207e+01 7.932672866410906742e+00 4.531255514344758950e+01
5.299887000000000015e+00 3.922136299999999665e+01 3.738859111675077429e+01 6.451682691857554630e+01
1.603790000000000049e+01 5.111860300000000024e+01 3.635701175739269786e+01 5.998202508498106766e+01
1.643572400000000044e+01 6.402669000000000210e+01 2.267856171567207113e+01 4.939112687520029255e+01
1.027025300000000030e+01 3.694420000000000215e+01 3.517194146145893541e+01 6.988272666552916235e+01
4.472981300000000005e+01 4.115422000000000224e+01 4.378322877026590021e+01 6.162789446963355999e+01
3.606507500000000022e+01 4.464204399999999850e+01 1.559736360036114178e+01 6.833219673274382444e+01
4.500731300000000346e+01 4.218724999999999881e+01 3.055365363116112221e+01 6.103746892877432373e+01
1.098808900000000044e+01 6.037163000000000324e+01 3.580702453579930733e+01 6.211126642815953858e+01
