8.798460000000000036e+01 4.186227000000000231e+01 4.632241358822765420e+01 3.963133504379440808e+01
7.551157999999999504e+01 5.821988999999999947e+01 7.609258143125249774e+01 5.961040289275642579e+01
4.879545999999999850e+01 5.105848300000000251e+01 8.272307712409511282e+01 6.196819156297605957e+01
4.771408000000000271e+01 5.153596000000000288e+01 7.357110862776428917e+01 6.682788293382675704e+01
7.263534500000000094e+01 6.591482000000000596e+01 5.946892212879657791e+01 6.807011857092228979e+01
4.889168500000000250e+01 4.221019400000000132e+01 5.099773807744595899e+01 3.967713470450054558e+01
5.142871000000000237e+01 5.303815000000000168e+01 8.171871528541311136e+01 5.937641970174252037e+01
8.194589999999999463e+01 6.922138999999999953e+01 8.334272328272260211e+01 6.029639040118818372e+01
8.906516999999999484e+01 5.928731499999999954e+01 6.381844332343651160e+01 5.443005307846213014e+01
8.316547400000000323e+01 4.493868299999999749e+01 4.713852184165732950e+01 3.646614008816853669e+01
7.581678999999999746e+01 4.425414700000000323e+01 5.282001810113081319e+01 4.891078582400194819e+01
5.694366000000000128e+01 5.793184000000000111e+01 7.371943527237988292e+01 5.599611101416708436e+01
7.592615499999999429e+01 6.331535300000000177e+01 7.801829570171635453e+01 6.645633165953096011e+01
8.818219000000000563e+01 5.422068800000000266e+01 5.801334751059638251e+01 4.333359166827767694e+01
8.173636999999999375e+01 6.784996999999999900e+01 7.320541178909019209e+01 5.885465868360385144e+01
6.524366000000000554e+01 5.117226399999999842e+01 7.302016026546129979e+01 6.130831873812967814e+01
6.973756400000000610e+01 5.127409999999999712e+01 7.852928397265111471e+01 3.795216587841456857e+01
7.618917999999999324e+01 6.078967999999999705e+01 6.000627717840644948e+01 3.672381798752895321e+01
5.400197599999999909e+01 4.162597999999999843e+01 9.151408891678434543e+01 3.675714272744972533e+01
8.252343000000000472e+01 6.853699000000000296e+01 8.881726568387340137e+01 4.092255389073714156e+01
5.192596000000000345e+01 5.007043999999999784e+01 8.327309696765418323e+01 3.672375219599410201e+01
7.401948000000000150e+01 4.625668699999999944e+01 7.204139446205894615e+01 3.761734248923546886e+01
8.599926999999999566e+01 4.632305999999999813e+01 5.419990548780161532e+01 3.852662636477638358e+01
8.813982000000000028e+01 3.677411299999999983e+01 8.988606940592413252e+01 4.230597225220459734e+01
7.768798999999999921e+01 6.146608700000000169e+01 4.755101842550260471e+01 4.895287845218479106e+01
5.502276599999999718e+01 5.547113000000000227e+01 4.619469212754247422e+01 3.641412410794694665e+01
7.637121000000000492e+01 6.265274000000000143e+01 7.804241996677987458e+01 4.353149871618423106e+01
6.249164600000000291e+01 4.798640400000000028e+01 7.815457559205458438e+01 6.448719255273931594e+01
6.202784299999999718e+01 4.203117799999999704e+01 8.710757937542419427e+01 4.546954089459780590e+01
5.167446499999999787e+01 5.289345600000000047e+01 6.212960584613193049e+01 5.611112957210495722e+01
4.674738299999999924e+01 6.254206500000000091e+01 7.665559700064373772e+01 3.979836834276372315e+01
8.765320599999999729e+01 4.874345000000000283e+01 4.860898019903883949e+01 5.199020831557953670e+01
4.623810000000000286e+01 4.962389000000000294e+01 7.663805003029219165e+01 5.303463178598708794e+01
6.119691000000000258e+01 6.887991999999999848e+01 8.504975116016055381e+01 6.471954888669091588e+01
8.553109999999999502e+01 4.418075999999999937e+01 7.870474922085895741e+01 3.583219807975409310e+01
5.448244499999999846e+01 4.496688000000000329e+01 4.986542282338604792e+01 6.840317380516017920e+01
8.653725400000000434e+01 3.957806800000000180e+01 9.143525587065585114e+01 5.368383629592260320e+01
7.686008499999999799e+01 6.092645000000000266e+01 5.668655156783097482e+01 6.797667326803068022e+01
7.856969999999999743e+01 5.500180000000000291e+01 8.373678483124862737e+01 3.698971024099770943e+01
6.703991999999999507e+01 6.934390000000000498e+01 6.296374835825293559e+01 4.753292602978375925e+01
6.559235999999999933e+01 4.950753399999999971e+01 5.306728695684486752e+01 6.864209645416656258e+01
6.139316600000000079e+01 4.326026499999999686e+01 9.075437270673629087e+01 3.601274487943980063e+01
8.476594500000000210e+01 4.658230199999999854e+01 8.038035658425715724e+01 5.861314953703435293e+01
5.285132200000000324e+01 4.104751000000000261e+01 7.743033565668750384e+01 5.336829820451669093e+01
4.743988000000000227e+01 6.731000000000000227e+01 9.101636833272485205e+01 5.668665849271249613e+01
8.133104000000000156e+01 4.018990699999999805e+01 4.915124698085798371e+01 5.847692438893588474e+01
8.554076000000000590e+01 4.526500699999999711e+01 7.689566807396406034e+01 6.838845865924520240e+01
4.934065600000000273e+01 6.204409400000000119e+01 5.087525695735157427e+01 5.212475155907989688e+01
8.175209999999999866e+01 6.964215000000000089e+01 8.083779146497920465e+01 6.721648076593956489e+01
8.370969399999999894e+01 6.831954000000000349e+01 5.452320071554613179e+01 3.968591893242734869e+01
6.766622999999999877e+01 4.396661000000000286e+01 8.565527192673604873e+01 5.194441791166880762e+01
6.783283000000000129e+01 6.381229799999999841e+01 7.924530805061110073e+01 6.974046752569296359e+01
5.782506000000000057e+01 5.586100400000000121e+01 8.067850032021860329e+01 4.222502820793624068e+01
8.573838999999999544e+01 6.890942400000000134e+01 7.666332518439492105e+01 6.481463146506942508e+01
6.049557500000000232e+01 4.449865299999999735e+01 8.109601597091813119e+01 5.204579985761969851e+01
7.569961000000000695e+01 4.516561000000000092e+01 5.509762675616109107e+01 3.909900859916166382e+01
5.748829700000000287e+01 5.595329300000000217e+01 6.248371217767451924e+01 4.329241198012940828e+01
6.652666499999999417e+01 4.933856000000000108e+01 4.634311384655907062e+01 3.947428390572689239e+01
8.185470999999999719e+01 4.928301600000000349e+01 7.463326968556489760e+01 4.900274586596286497e+01
6.404304500000000644e+01 6.398645400000000194e+01 6.754974080898601585e+01 4.639308440655966592e+01
5.273010299999999972e+01 5.304892000000000252e+01 7.420744769948733222e+01 6.394980892267479078e+01
6.245627999999999957e+01 5.118715300000000212e+01 8.367098173929889526e+01 6.156753623694868338e+01
5.350283400000000000e+01 5.982513800000000259e+01 8.780953668726451156e+01 5.272761259530165034e+01
7.865295999999999310e+01 6.845534499999999412e+01 4.835278233611880694e+01 6.048526480374719938e+01
8.947153000000000134e+01 3.561955300000000335e+01 7.636941740638297915e+01 4.710937905656231095e+01
8.897745500000000618e+01 3.735638000000000147e+01 8.202469616353630499e+01 5.949903842900739903e+01
8.205965000000000487e+01 6.468255000000000621e+01 7.326855497761319214e+01 3.540521209450608353e+01
6.389004500000000064e+01 5.658246199999999959e+01 7.884105024892457436e+01 4.961022567364192781e+01
8.220014000000000465e+01 6.470933499999999583e+01 6.732596437036433201e+01 6.234275629375467531e+01
5.653450999999999738e+01 6.000314000000000192e+01 9.052814135424218023e+01 5.427393706834288878e+01
5.768971599999999711e+01 5.626144399999999735e+01 6.411323519775024238e+01 6.594978368446106742e+01
7.274587999999999965e+01 4.280996999999999986e+01 8.937513583372684423e+01 5.855432228928687977e+01
4.679430399999999679e+01 4.216695399999999694e+01 6.794582806556847743e+01 5.420887943973173861e+01
7.093855000000000643e+01 6.686619000000000312e+01 5.076271031397667599e+01 5.326069807453212235e+01
8.947969999999999402e+01 4.378523299999999807e+01 8.384454691179814745e+01 4.308829306866255848e+01
8.133320000000000505e+01 5.627924000000000149e+01 6.379758965887978661e+01 5.711208937384023443e+01
7.490227500000000305e+01 5.633149999999999835e+01 5.163014084435789641e+01 4.102126341549978861e+01
6.369165999999999883e+01 6.144879499999999695e+01 6.470158491773710807e+01 6.734474761733085302e+01
7.081449000000000638e+01 6.198342999999999847e+01 8.003214897465025501e+01 6.041963292176092182e+01
4.735890200000000050e+01 6.803895599999999888e+01 7.344951265821954678e+01 4.627019903908959719e+01
8.064327000000000112e+01 6.800568400000000224e+01 7.350439180880073309e+01 5.109919770346598966e+01
7.100942999999999472e+01 5.171623000000000303e+01 7.583247266584358215e+01 4.264832619657241253e+01
9.178313400000000399e+01 5.558882499999999993e+01 5.266348275677383839e+01 6.232772967189532665e+01
7.359251000000000431e+01 6.916764000000000578e+01 8.879900890894637655e+01 3.892097117562305897e+01
7.405304999999999893e+01 4.455815499999999929e+01 6.993816330235017631e+01 5.579547288488551260e+01
7.108266399999999408e+01 6.466113000000000000e+01 6.982456227159309492e+01 4.976285893893322054e+01
8.946413400000000138e+01 4.115662400000000076e+01 5.490698159425051017e+01 6.742707213790509968e+01
5.233660499999999871e+01 4.819270000000000209e+01 8.776749451208573305e+01 3.971509881573965828e+01
8.186721000000000004e+01 5.200480300000000256e+01 8.336630410688653114e+01 4.192790295387511890e+01
9.114764399999999966e+01 4.278615599999999830e+01 7.638476694342377016e+01 4.257522585140152671e+01
6.660232499999999334e+01 4.947623999999999711e+01 5.893044208439005160e+01 4.955346757332442564e+01
8.543957000000000335e+01 4.605922300000000291e+01 8.329119529890942886e+01 4.597536223696504010e+01
4.669586999999999932e+01 6.332151799999999753e+01 5.863323916775996736e+01 6.064493390242711257e+01
7.517798600000000420e+01 5.425798000000000343e+01 9.087949481483707359e+01 4.346115365479771242e+01
8.994052000000000646e+01 3.632224699999999729e+01 7.434586713203603381e+01 6.364557891211567409e+01
7.502486000000000388e+01 3.932047299999999979e+01 4.665191107238740642e+01 4.244065080439444415e+01
4.726866499999999860e+01 4.850952999999999804e+01 8.718453093187434888e+01 6.019943449337323216e+01
4.864685999999999666e+01 3.584906800000000260e+01 8.405521908550448984e+01 3.537914811554023231e+01
4.682751499999999822e+01 6.578252000000000521e+01 8.291468053407713512e+01 3.920437302805687807e+01
6.518153999999999826e+01 6.714570000000000505e+01 6.060757463336786799e+01 4.461289762105236889e+01
6.282410000000000139e+01 4.469498399999999805e+01 6.602090831657841363e+01 4.389242972947779009e+01
4.858368300000000062e+01 4.659875000000000256e+01 6.707491120164601739e+01 5.721660148132242085e+01
5.200366600000000261e+01 5.103144000000000347e+01 5.317326225604535495e+01 5.045597209460062516e+01
7.273438000000000159e+01 5.694560599999999795e+01 4.741486205578367930e+01 5.831498618979563986e+01
6.485940600000000700e+01 4.863174399999999764e+01 5.506152159289240444e+01 5.018533891937623537e+01
5.364372600000000091e+01 4.968298699999999712e+01 6.964163195298337428e+01 6.730632714070848976e+01
6.467489000000000487e+01 4.754215200000000152e+01 7.959030391714838970e+01 6.023842596979835662e+01
5.340449999999999875e+01 4.895134699999999839e+01 7.399180001915553362e+01 5.789691808305461507e+01
6.079118700000000075e+01 4.683894999999999698e+01 7.767265379695571426e+01 5.473508964846278246e+01
4.902411000000000030e+01 6.334384500000000173e+01 7.434361323948714073e+01 5.346455248380656400e+01
4.728166199999999719e+01 3.971976999999999691e+01 9.181867778074781938e+01 4.304370229064703324e+01
5.458595300000000350e+01 6.085752999999999702e+01 4.900076456129419711e+01 3.641435706523879645e+01
8.810926999999999509e+01 6.234055699999999689e+01 8.771363475460034920e+01 4.557546188839779688e+01
5.972766500000000178e+01 4.440487300000000204e+01 5.170451934317062381e+01 4.185183253921541535e+01
4.666504299999999716e+01 4.539951700000000301e+01 5.039974877081212412e+01 6.868298673272801125e+01
6.880440500000000270e+01 5.972476000000000340e+01 9.087045022197085586e+01 5.855842367249618263e+01
5.309535600000000244e+01 4.823342000000000240e+01 6.741033735026036311e+01 5.370133696750352215e+01
7.332840000000000202e+01 4.723649600000000248e+01 6.434716321969966657e+01 3.948444046632697280e+01
6.500728999999999758e+01 4.928378000000000014e+01 7.719293542454879287e+01 6.655895759916471377e+01
7.891028000000000020e+01 6.298868000000000222e+01 4.660587957300236894e+01 6.590992528723178623e+01
4.954738600000000304e+01 3.824540700000000015e+01 8.390545371414097531e+01 6.405256268692853894e+01
8.672419999999999618e+01 3.870578400000000130e+01 5.630978096336383487e+01 5.216500098049742462e+01
6.795614999999999384e+01 4.871293000000000006e+01 5.981500552158905748e+01 6.446654765426715983e+01
5.070465999999999696e+01 5.043927800000000161e+01 4.698326968852128971e+01 5.523114814814573492e+01
9.039490999999999588e+01 4.384239000000000175e+01 6.005904972190900537e+01 4.425593919078212224e+01
7.592802399999999352e+01 5.213128999999999991e+01 6.948770339358404158e+01 6.249324073724064021e+01
5.561010000000000275e+01 5.018833999999999662e+01 5.618811273422106467e+01 4.280287612878007053e+01
5.339562000000000097e+01 4.819332500000000152e+01 8.183037648209231918e+01 5.229551079242064304e+01
7.865703600000000506e+01 4.475950199999999768e+01 8.792666302894492958e+01 6.901521423926746479e+01
8.979491400000000567e+01 4.388490699999999833e+01 9.017128478446181816e+01 5.912689726883493080e+01
5.915223999999999904e+01 4.518876300000000157e+01 5.293514436311888716e+01 6.634235843237743779e+01
5.031473499999999888e+01 4.109745999999999810e+01 7.749928608640942684e+01 4.743477850019505837e+01
8.975776000000000465e+01 4.615767999999999915e+01 7.906575037046314947e+01 3.842430760414907809e+01
7.745943499999999915e+01 5.897106600000000043e+01 7.375534869089055690e+01 5.090668255447498325e+01
8.859553999999999974e+01 4.171603000000000350e+01 8.647346051591122773e+01 6.395553637049053464e+01
8.953078999999999610e+01 5.023995000000000033e+01 5.261950748847579007e+01 6.449445230552889541e+01
6.234524499999999847e+01 6.152044999999999675e+01 5.959920426026933171e+01 5.863510292541239721e+01
6.372266799999999876e+01 4.694447999999999865e+01 7.597663510871120707e+01 6.392222688707667544e+01
4.628251999999999811e+01 4.061646700000000010e+01 8.507600782401786432e+01 6.065306612962390886e+01
8.201357000000000141e+01 5.219725799999999793e+01 7.224863804002065137e+01 4.423687609333860848e+01
5.933621000000000123e+01 6.236477299999999957e+01 5.166409147818744430e+01 4.666893109396571759e+01
6.651388000000000034e+01 5.359824799999999811e+01 8.498342156859663987e+01 4.809174345915542403e+01
8.081632000000000460e+01 4.031611000000000189e+01 6.828264922941698956e+01 3.875862880002352995e+01
5.788687999999999789e+01 4.786507000000000289e+01 8.722159062898222714e+01 5.792335410646768423e+01
6.137015999999999849e+01 5.204327399999999670e+01 6.414511621865347024e+01 4.129591658603786897e+01
8.152298999999999296e+01 5.028269199999999728e+01 5.737715343657053779e+01 4.178040059837069720e+01
8.367212000000000671e+01 3.556015800000000127e+01 8.805219341455364201e+01 4.493718989353791926e+01
5.408313400000000115e+01 6.638416999999999746e+01 8.930660880112185396e+01 4.802974179190316306e+01
6.627116999999999791e+01 6.753251000000000204e+01 7.110896356578817290e+01 4.071693065970833203e+01
6.322707700000000131e+01 6.364811999999999870e+01 8.312123297029970104e+01 6.025990184640289726e+01
5.120772999999999797e+01 6.827964000000000055e+01 8.413328627599202036e+01 3.758189399330820635e+01
7.907899999999999352e+01 5.651028000000000162e+01 7.201836081494134589e+01 4.170724712299547576e+01
8.083945500000000095e+01 4.573467300000000080e+01 8.577721111194588843e+01 6.239831316709540943e+01
8.069112400000000207e+01 4.634583700000000306e+01 5.342387312862151560e+01 5.012447882278429745e+01
8.020283499999999322e+01 4.713145999999999702e+01 9.136431653072432368e+01 6.878623702071757862e+01
7.031310000000000571e+01 5.214257400000000331e+01 5.049592736967575490e+01 4.551192405588211898e+01
5.855407699999999949e+01 6.542522999999999911e+01 8.372236732147749194e+01 5.719748951769250311e+01
8.227116399999999885e+01 4.311747700000000094e+01 5.500161102383849254e+01 4.925705802675215494e+01
8.317892999999999404e+01 5.511390999999999707e+01 5.219247610872118059e+01 6.548366189862257158e+01
6.160479399999999828e+01 6.652562000000000353e+01 8.357759410109036935e+01 3.835219279925675551e+01
5.413719999999999999e+01 6.657320400000000404e+01 8.772360727814668735e+01 6.336422147939558158e+01
4.839303000000000310e+01 3.723705300000000307e+01 8.210504715875555348e+01 5.135343374250818727e+01
5.953911999999999694e+01 6.584754999999999825e+01 8.572364991376932153e+01 6.264036779091327389e+01
7.108955400000000679e+01 6.209620699999999971e+01 6.217503135967228900e+01 5.279506688759684607e+01
5.224584000000000117e+01 4.974059700000000106e+01 8.018220135619347388e+01 6.705812622059121964e+01
7.492061599999999544e+01 4.819925299999999879e+01 8.316756307433328743e+01 4.777839322964047142e+01
8.275775000000000148e+01 5.044425600000000287e+01 7.599083996605907032e+01 5.575616382352552591e+01
6.575290999999999997e+01 6.138542999999999950e+01 6.310781249993399911e+01 6.767989208545600377e+01
7.285206999999999766e+01 5.866376499999999794e+01 7.093600373926645375e+01 3.954375946637094330e+01
7.047728999999999644e+01 4.958598299999999881e+01 6.585843756080851108e+01 6.456820037343344154e+01
6.120548000000000144e+01 5.721061999999999870e+01 8.085014192339062333e+01 6.935947159402576290e+01
6.023380300000000176e+01 5.545163999999999760e+01 7.982168664477052289e+01 5.113071251785336102e+01
8.088697000000000514e+01 4.190297300000000291e+01 8.560486427814200283e+01 5.246335172588392481e+01
5.994120800000000315e+01 4.072339000000000198e+01 5.334663300288592325e+01 4.156121130898173988e+01
5.442630400000000179e+01 4.484588000000000108e+01 4.940295794195350254e+01 4.300606767561865240e+01
7.306785000000000707e+01 6.972611000000000558e+01 7.087884708951641244e+01 6.252162469136376899e+01
4.676407600000000286e+01 6.213021499999999975e+01 7.047499694341489374e+01 5.790699149170329463e+01
6.587040000000000362e+01 5.346339400000000097e+01 5.551898743372953504e+01 5.809016147221873183e+01
8.219473999999999592e+01 3.586197700000000310e+01 9.031237162271494867e+01 6.348071957103712748e+01
4.935990499999999770e+01 5.605839499999999731e+01 5.354165572359933378e+01 4.425229326946852382e+01
8.363159000000000276e+01 5.257257500000000050e+01 4.984862278475836916e+01 5.341365729047470268e+01
4.641415400000000346e+01 6.996437000000000239e+01 6.477354824331621330e+01 3.676126756487042968e+01
5.363974799999999732e+01 5.208994299999999811e+01 7.882301472517247021e+01 4.849769097715800825e+01
6.552775599999999656e+01 4.716747000000000156e+01 8.976284483612802489e+01 6.017451840679068198e+01
6.632052000000000191e+01 5.220823299999999989e+01 9.082495958789344570e+01 3.629542465465328149e+01
6.397558599999999984e+01 5.005058700000000016e+01 6.885211380891944088e+01 5.941743706222571575e+01
7.324244000000000199e+01 5.344908499999999663e+01 6.987370808902224439e+01 5.816101134752599933e+01
7.694122000000000128e+01 4.568415999999999855e+01 6.125714308854247037e+01 3.901252500785312805e+01
6.629274999999999807e+01 6.353835699999999775e+01 5.662881318460549096e+01 5.554551575451149859e+01
7.354685000000000628e+01 6.983608999999999867e+01 7.169222981785674165e+01 6.562299453860029530e+01
7.946792999999999552e+01 6.259113700000000335e+01 5.752673474565042255e+01 6.614210203476102379e+01
6.051880299999999835e+01 5.581974400000000003e+01 4.890658850639264443e+01 4.353111564425476843e+01
6.612072999999999467e+01 4.901629599999999698e+01 8.363228652266695917e+01 4.058724048273415974e+01
5.076733399999999818e+01 3.719605599999999868e+01 7.813697192773503275e+01 4.219805341617009020e+01
7.797402999999999906e+01 3.943486000000000047e+01 8.436301498028495871e+01 6.110715883382353297e+01
9.061199999999999477e+01 3.714775999999999812e+01 5.200017553962920402e+01 6.301939601604866681e+01
8.535965000000000202e+01 4.491523699999999764e+01 8.722141340925085728e+01 6.257350373172971558e+01
6.935303999999999292e+01 5.420073699999999661e+01 7.648942816777844200e+01 6.729273801334730365e+01
4.938875600000000077e+01 4.991961299999999824e+01 7.619883549168969239e+01 6.027077869182922143e+01
5.291655699999999740e+01 4.646614999999999895e+01 6.522831681493615008e+01 3.650124599494995437e+01
8.491411999999999694e+01 3.998633600000000143e+01 6.235671940214956521e+01 3.991347175658465574e+01
8.982984000000000435e+01 5.302496299999999962e+01 7.873287297128263162e+01 6.232824084955333177e+01
7.224148599999999476e+01 6.894777000000000555e+01 7.389969064676986932e+01 6.920506534609850746e+01
4.807733000000000345e+01 3.790756999999999977e+01 6.935422398501120256e+01 5.983393103234111265e+01
5.082811699999999888e+01 4.560262699999999825e+01 7.897625581266856898e+01 6.994163335933821202e+01
6.478409600000000523e+01 6.453046000000000504e+01 7.339632014591647646e+01 6.662569293183929631e+01
8.275954000000000121e+01 4.590746699999999691e+01 7.730362393034559432e+01 5.421875550668703170e+01
7.188934999999999320e+01 4.769791399999999726e+01 7.211030369297907328e+01 5.095011290208366717e+01
7.331856999999999402e+01 6.896445500000000095e+01 8.577149006874672921e+01 4.702853363431228217e+01
7.586669000000000551e+01 4.302570699999999704e+01 7.799692929428123023e+01 6.038314289409791513e+01
8.874196999999999491e+01 3.592298000000000258e+01 8.350766366587745893e+01 6.168143784838450472e+01
5.063385799999999648e+01 5.065268999999999977e+01 7.412866416273075743e+01 6.761502355789733087e+01
8.912183000000000277e+01 4.570837800000000328e+01 8.407748452818762530e+01 5.798618049228529969e+01
6.230940600000000273e+01 6.209315000000000140e+01 6.031380564158272506e+01 3.550358881849055592e+01
8.042634999999999934e+01 5.621003699999999981e+01 8.357895478400736522e+01 5.883972840752802824e+01
9.019459500000000673e+01 4.780194000000000187e+01 7.744628286427160901e+01 3.936043947095431150e+01
8.597660999999999376e+01 3.954017300000000290e+01 7.271188500211556516e+01 5.464048639399879903e+01
4.811440699999999993e+01 5.367403999999999797e+01 7.110128943372882304e+01 5.936541623354231234e+01
4.713255699999999848e+01 6.185589600000000132e+01 8.112263748856889833e+01 6.555692076063080265e+01
7.858410000000000650e+01 6.354278599999999955e+01 7.428993631658305219e+01 5.512536004210249985e+01
7.885416999999999632e+01 3.529026000000000352e+01 7.768623723978561202e+01 6.700637509428649707e+01
8.815488399999999558e+01 3.751191299999999984e+01 8.971606673394580866e+01 5.681537169017384770e+01
5.874136699999999678e+01 5.923510999999999882e+01 8.196316073696308990e+01 6.984466781448341521e+01
6.048337599999999981e+01 6.151382399999999961e+01 9.150785064379317646e+01 6.934929733694778520e+01
5.561845799999999684e+01 4.872465499999999849e+01 7.152173373485177876e+01 6.020776396141224041e+01
4.898817999999999984e+01 5.657592999999999961e+01 5.578764739830278785e+01 6.724867491964543831e+01
5.107068600000000202e+01 4.920833600000000274e+01 6.089486977106626142e+01 5.107903710786324325e+01
4.775346400000000102e+01 6.766009499999999832e+01 6.586690196847044376e+01 5.775475207436475955e+01
5.548542400000000185e+01 5.831977499999999992e+01 6.817536671445044760e+01 6.497172902473764111e+01
7.110353000000000634e+01 6.590098000000000411e+01 7.407581020815383965e+01 6.257027333770146527e+01
5.566822400000000215e+01 5.443486999999999654e+01 8.332088483351520836e+01 4.630381369443949779e+01
4.857573000000000008e+01 5.240184800000000109e+01 8.512141610775425704e+01 4.908720098451215108e+01
4.803302999999999656e+01 5.820590200000000181e+01 6.574485838170022589e+01 6.934385626156080207e+01
4.865258000000000038e+01 4.363104200000000077e+01 7.065122237844650499e+01 3.781549144525943973e+01
7.584841000000000122e+01 6.374232500000000101e+01 7.238631031755380718e+01 6.637155036460670487e+01
5.513156000000000034e+01 6.075578000000000145e+01 6.506687203167655298e+01 5.908203908301476304e+01
5.339393199999999950e+01 4.658201600000000298e+01 6.260638567678267918e+01 3.628965760910901395e+01
9.116658999999999935e+01 5.114815000000000111e+01 5.714510416574734109e+01 3.674432520231675880e+01
7.686307499999999493e+01 4.832139999999999702e+01 6.493840859709482061e+01 4.559921532863900495e+01
7.007984999999999332e+01 6.672763000000000488e+01 7.103218888857747970e+01 6.016619048015719073e+01
8.094684999999999775e+01 6.799660000000000082e+01 5.843882416615620912e+01 3.538779284284174764e+01
7.389059399999999300e+01 5.916354400000000169e+01 8.529801138924504755e+01 6.610431314015879423e+01
4.898288300000000106e+01 4.479030199999999695e+01 8.564019040707569275e+01 6.899752317000238122e+01
6.715666000000000224e+01 5.248243999999999687e+01 6.716864719250527571e+01 4.011115757004889559e+01
6.489614000000000260e+01 5.228864000000000090e+01 7.310257103190062367e+01 6.214475948097901892e+01
7.871864999999999668e+01 4.122878299999999996e+01 5.479717442604738409e+01 5.666251995127910845e+01
5.363667999999999836e+01 4.819988599999999934e+01 8.911447009066134228e+01 6.984095560684491488e+01
5.392490999999999701e+01 4.820326200000000227e+01 8.369882957713059568e+01 5.529230654227947639e+01
5.177651600000000087e+01 4.928925000000000267e+01 6.193543560396327052e+01 5.670892076790386227e+01
8.804195400000000404e+01 4.674388499999999880e+01 8.657301418320248843e+01 4.015727021701336952e+01
8.813251499999999794e+01 3.577533999999999992e+01 9.157319873804124200e+01 5.454552946559930149e+01
7.229880500000000154e+01 6.385471299999999673e+01 6.356495571862547678e+01 3.966854220414347054e+01
7.875444000000000244e+01 6.542055000000000575e+01 6.493201744698552602e+01 5.845455197893117827e+01
4.983039500000000288e+01 5.025559599999999705e+01 5.538007399044148826e+01 6.965962148379340135e+01
8.406037000000000603e+01 5.806646299999999883e+01 7.190485584123598528e+01 6.773199630524990766e+01
5.508444200000000279e+01 4.897662400000000105e+01 8.134968218230650905e+01 6.808139362488483926e+01
5.039290199999999942e+01 6.866956999999999312e+01 8.514247496647408298e+01 6.937449423370034651e+01
6.398436699999999888e+01 4.588177999999999912e+01 6.562142112061059152e+01 3.757999005061797249e+01
5.510685699999999798e+01 5.117942399999999736e+01 6.464583927066017566e+01 6.137939243994222238e+01
7.866431400000000451e+01 4.014864000000000033e+01 9.089805053879587149e+01 3.674524062670671043e+01
7.879751600000000167e+01 5.959208999999999889e+01 7.948464708261529665e+01 6.241868929656573073e+01
8.153354000000000212e+01 5.439672000000000196e+01 7.360727586849223769e+01 4.679002721215825034e+01
4.735408000000000328e+01 3.813629000000000246e+01 6.605424624074598228e+01 5.811724513529949121e+01
6.133109999999999928e+01 6.446867000000000303e+01 6.741783192584566109e+01 5.987347888485363967e+01
5.408330999999999733e+01 6.939442400000000077e+01 8.004950292978219295e+01 6.935071560820145464e+01
5.968653499999999923e+01 5.329252199999999817e+01 6.980706552208413029e+01 5.745561192025806463e+01
5.844738999999999862e+01 6.888080999999999676e+01 7.434067751117706280e+01 5.293016704214014112e+01
6.837843999999999767e+01 4.865468200000000110e+01 5.166836565095708522e+01 6.717264568302596217e+01
5.267781399999999792e+01 4.952029799999999682e+01 5.809763949816776574e+01 4.056910874852874116e+01
7.071802499999999725e+01 6.659735000000000582e+01 7.197708006182622853e+01 4.786482428318380045e+01
5.336617300000000341e+01 4.647099299999999999e+01 4.666564292132343894e+01 6.556082350321588592e+01
6.599164000000000385e+01 6.924809000000000481e+01 7.539762382365108806e+01 5.392213228200895259e+01
8.226090999999999553e+01 4.668988999999999834e+01 8.780411298381103791e+01 4.053039272705472484e+01
7.834730500000000575e+01 5.851109999999999900e+01 7.520351221047435786e+01 5.831637134189713123e+01
5.333182500000000203e+01 6.591305499999999995e+01 9.169535707650709355e+01 6.717597801573995753e+01
8.202487999999999602e+01 4.714908599999999694e+01 5.836972668597177716e+01 4.732304677653943514e+01
7.233463000000000420e+01 4.200035499999999900e+01 5.311411275072688909e+01 4.449465640772792341e+01
7.989584000000000685e+01 3.905698000000000292e+01 5.245729341453710504e+01 4.254372784810180974e+01
8.032432000000000016e+01 4.159523800000000193e+01 8.228104670298897361e+01 5.187363684936249797e+01
8.582438999999999396e+01 4.352882000000000318e+01 8.193518776139330839e+01 5.016725377074197212e+01
