1.031240300000000047e+02 2.424801599999999979e+01 9.765172513663651443e+01 6.043907269283949724e+00
1.290050699999999892e+02 1.324962900000000054e+01 9.537407803686664920e+01 1.165267599100319629e+01
1.171555249999999972e+02 2.330280700000000138e+01 1.130247525568309044e+02 3.352542106475317496e+01
1.084516140000000064e+02 7.152399999999999869e-01 1.344912302687013437e+02 2.256553539341603809e+01
1.067997500000000031e+02 2.827483199999999997e+01 1.306568523756855598e+02 4.896711239880133348e+00
1.197646199999999936e+02 2.030460199999999915e+01 1.049221052338759961e+02 3.448286079470550192e+01
1.219349399999999974e+02 1.171463199999999993e+01 1.125035847452310804e+02 3.346442706549031954e+01
1.205678249999999991e+02 2.621988100000000088e+01 9.657664387514989812e+01 4.511398292765849583e+00
1.212147099999999966e+02 1.824274799999999885e+01 1.265705539731374216e+02 1.749956937828993375e+01
1.262135240000000067e+02 1.085353699999999932e+01 1.350822787883162164e+02 5.859772067711491950e+00
1.037949100000000016e+02 1.724506999999999834e+01 1.325356641810147380e+02 2.892262816832948502e+01
9.755183399999999949e+01 3.184772999999999854e+01 1.274997831401703081e+02 3.670263608430373470e+00
1.358911999999999978e+02 3.048414999999999875e+00 9.370478688993257776e+01 2.804157435922983765e+01
1.197189560000000057e+02 1.547260600000000075e+01 1.231480642043565439e+02 1.711002421618335489e+01
1.022638800000000003e+02 3.262707999999999942e+01 9.904204559316576706e+01 7.130228511462389562e+00
1.236907599999999974e+02 2.655348599999999948e+01 1.278480342389222244e+02 1.321455671954768718e+01
1.277506199999999978e+02 9.857113000000000014e+00 1.198313753066652936e+02 2.272736305745329943e+01
1.235097959999999944e+02 2.681490999999999847e+00 1.224058115174652244e+02 2.604298359884857206e+01
1.167711800000000011e+02 1.044548600000000071e+01 1.059515901701971785e+02 5.740974383134707537e+00
1.092677800000000019e+02 3.181741999999999848e+00 9.543590169977744608e+01 2.882729677069725938e+01
1.033886799999999937e+02 2.024487500000000040e+01 1.329640480004098322e+02 5.966685434588398174e+00
1.305158500000000004e+02 8.179097000000000506e+00 1.126993733121022672e+02 2.055134857125683112e+00
1.117162550000000039e+02 2.099041700000000077e+01 1.180571719713617398e+02 3.498582418567685437e+01
1.139202300000000037e+02 1.739189000000000007e+01 9.290748917477165492e+01 8.415609799482403730e+00
1.009766800000000018e+02 1.603761899999999940e+01 1.377595684820571478e+02 1.820278455818466412e+01
1.225421139999999980e+02 1.088495900000000027e+01 1.377964069903981965e+02 1.090647173638651957e+01
1.286587700000000041e+02 1.192577099999999923e+01 1.119624054232583887e+02 1.246919237538608982e+01
1.164115599999999944e+02 1.850963399999999837e+01 9.969423155938342518e+01 2.154686433067302787e+01
1.195463639999999970e+02 2.841035700000000119e+01 1.261929883732141775e+02 1.061800982990698117e+01
1.344405199999999923e+02 3.228481299999999976e+01 1.092428625415753061e+02 2.476914541289518112e+01
1.132294200000000046e+02 1.691967400000000055e+01 1.081616253468300641e+02 2.953837716560021320e+01
1.005045199999999994e+02 2.882197800000000143e+01 9.506266921351178212e+01 6.555203151094674219e+00
1.161196300000000008e+02 2.374014299999999977e+01 1.087192467387010169e+02 2.009868492603316525e+01
1.207063399999999973e+02 1.393922799999999995e+01 1.339073368997381692e+02 1.306950157865231610e+01
1.183520900000000040e+02 1.158915299999999959e+01 1.362173100935071375e+02 6.455543633527385694e+00
1.360862600000000100e+02 1.322449800000000053e+01 1.038539809340050937e+02 1.779329997273135433e+01
1.084680560000000042e+02 1.681018399999999957e+01 1.359075838955125164e+02 7.343253712347089568e+00
9.639709999999999468e+01 2.889318000000000097e+01 1.007521682601469166e+02 2.813049571823344053e+01
1.172544599999999946e+02 4.492557999999999829e+00 1.027116661287008981e+02 1.201622952136773925e+01
1.233079199999999958e+02 7.494034000000000084e+00 1.230884041502997803e+02 3.473105271299375296e+00
1.215120100000000036e+02 3.517780999999999825e+00 9.860659338241318039e+01 6.178352419105887172e+00
1.181643140000000045e+02 2.271122000000000085e+01 1.204060487268823891e+02 3.010026590488819664e+01
9.339405999999999608e+01 1.624022300000000030e+01 9.674218235056351034e+01 2.585556522944515834e+01
1.364772499999999980e+02 2.120343999999999784e+00 1.217410300860525609e+02 1.700985191288253517e+01
1.117770399999999995e+02 2.602037199999999828e+01 1.113030998807468421e+02 2.333075833265176158e+01
9.579921000000000220e+01 1.503351199999999999e+01 1.152024701546159662e+02 1.164186060141143031e+01
1.331578700000000026e+02 1.155118900000000082e+01 1.061494534618107224e+02 9.634172252401626224e+00
1.360886000000000138e+02 1.322069300000000069e+01 1.096108109297851172e+02 1.634000092418037653e+01
1.292556600000000060e+02 1.137209400000000059e+01 1.095890808034516368e+02 6.656784653537661356e+00
1.299641100000000051e+02 1.389185499999999962e+01 1.091655876643780232e+02 1.675870581671233950e+01
1.151012699999999995e+02 2.510251999999999839e+01 1.238247965832212003e+02 2.048978399238898263e+01
1.363225999999999942e+02 2.142673699999999926e+01 1.223833423591481449e+02 8.171310515142931052e+00
1.083554599999999937e+02 1.583191200000000087e+01 1.282642013291877845e+02 2.348103443121373601e+01
1.182972699999999975e+02 1.483025899999999986e+01 9.942414393705747955e+01 1.757422022823050156e+01
1.061289500000000032e+02 1.904555099999999968e+01 1.164946523989340363e+02 1.423697152634064444e+01
1.251748699999999985e+02 2.681115199999999987e+01 1.314557325151331497e+02 1.956362195700358342e+01
1.165043500000000023e+02 1.716985000000000028e+01 1.306734411664057518e+02 2.568534626925209352e+01
9.963335999999999615e+01 3.011660600000000088e+01 1.056614201785411780e+02 8.411740623271040107e+00
1.291559399999999869e+02 1.352395500000000084e+01 1.176853539983706440e+02 8.925292248376520687e-01
1.200522399999999976e+02 3.491102000000000061e+01 1.183052559773482244e+02 2.624043361288566345e+01
1.146143200000000064e+02 2.004928200000000160e+01 9.671295437191736255e+01 2.193342308053266621e+01
1.073470499999999959e+02 1.714681799999999967e+01 9.712296187777950252e+01 2.146378402900026217e+01
1.047877660000000049e+02 2.743140400000000056e+01 1.276370713712493909e+02 1.886504942016845021e+01
1.193644560000000041e+02 2.596516599999999997e+01 1.197070523866719185e+02 8.887367626984833180e+00
1.355842399999999941e+02 3.165399999999999991e+01 1.115112401413570922e+02 2.861081178337538944e+01
1.281656299999999931e+02 6.427754000000000190e+00 9.675751504732532737e+01 7.536655963159395455e+00
1.289265900000000045e+02 1.218157399999999946e+01 1.035676604102921772e+02 6.454489217101311738e+00
9.999969000000000108e+01 2.509792300000000154e+01 1.196408006946012677e+02 2.598823007983147093e+01
1.028629600000000011e+02 1.609947599999999923e+01 9.688117946537030889e+01 1.018883486138182981e+01
1.203130950000000041e+02 1.544907599999999981e+01 1.310249868628406205e+02 2.742569736584171380e+01
1.138526399999999938e+02 2.842907299999999893e+01 1.312934176980088523e+02 9.159617735821151685e-01
1.092710799999999978e+02 1.336278599999999983e+01 9.870558100944481339e+01 2.697252878064933412e+01
1.091388699999999972e+02 1.284375499999999981e+01 1.246640107348970332e+02 1.773343171041607036e+01
9.715987400000000207e+01 1.592667499999999947e+01 1.260510140522537483e+02 2.690580867785312336e+01
1.129178600000000046e+02 2.190700100000000106e+01 1.186610898670004843e+02 2.231091936037661583e+01
9.822338000000000591e+01 1.748736399999999946e+01 1.307758768187416081e+02 2.429942442256137269e+01
9.723202000000000567e+01 2.960429800000000000e+01 1.117538295257350001e+02 1.206191165384055886e+01
1.115640259999999984e+02 1.853575000000000017e+01 9.870717524469286275e+01 1.213080398868615717e+01
1.134832399999999950e+02 1.777810300000000154e+01 1.011500439172217511e+02 1.012109313535148214e+00
1.134964499999999958e+02 2.987325299999999828e+01 1.302776664221524925e+02 2.875558020723280350e+01
1.352128999999999905e+02 5.011090000000000266e+00 1.331757271218038170e+02 2.622961626895988729e+01
1.320423000000000116e+02 1.426623200000000047e+01 1.342855951164914359e+02 2.431469722681126200e+01
1.130678500000000071e+02 1.070391300000000001e+01 9.614995537827310557e+01 2.406611467450175468e+01
1.331191900000000032e+02 8.421360999999999208e+00 1.171261170535567118e+02 3.268630020456115659e+01
9.699267600000000300e+01 3.332831000000000188e+01 9.648388428695137975e+01 1.389969739972423746e+01
9.786359400000000619e+01 2.648629000000000033e+01 1.079426811322894935e+02 2.230076438334555178e+01
1.373412800000000118e+02 7.320990000000000553e-01 1.262034375624196940e+02 3.212312791486542096e+01
1.211231700000000018e+02 5.250886000000000386e+00 1.108205985106661728e+02 2.928903780188904094e+01
1.049325299999999999e+02 2.927804199999999923e+01 9.875072770091584573e+01 8.278586265330339700e+00
1.289122600000000034e+02 1.145462200000000053e+01 9.988895018318113728e+01 2.390318969365710799e+01
1.123588600000000071e+02 5.283899999999999708e-02 1.167349737890357062e+02 1.686296909497151120e+01
1.033414700000000011e+02 2.611897300000000044e+01 1.190531314178706168e+02 3.446693358085465064e+01
1.034372900000000044e+02 1.659929699999999997e+01 1.124662458717715623e+02 1.066534815151532456e+01
1.025437900000000013e+02 1.587430299999999939e+01 1.198760967198975322e+02 2.999475483099214657e+01
1.214285699999999935e+02 6.701778000000000013e+00 1.327493015816122863e+02 1.639100526060008889e+01
1.140832999999999942e+02 2.683112699999999862e+01 1.301333666421191708e+02 1.229022377877116234e+01
1.158468500000000034e+02 2.654724699999999871e+01 1.095655919898123614e+02 2.309854990756641868e+01
1.286027200000000050e+02 8.726665000000000560e+00 1.044518968092188089e+02 3.094887278521360585e+01
1.353319700000000125e+02 1.899710500000000124e+01 1.106934715218785641e+02 1.305747262385718166e+01
1.073838200000000001e+02 2.117361000000000004e+01 1.006638832207126910e+02 1.472511303589956277e+01
1.078109199999999959e+02 3.159997999999999863e+01 1.003774167623174094e+02 1.934645535148777284e+01
9.982527000000000328e+01 2.515078700000000111e+01 1.130112662600877513e+02 5.259295529318642082e+00
9.264901000000000408e+01 2.078608699999999843e+01 1.132269631764517612e+02 2.493992251628320034e+01
1.042165799999999933e+02 2.347071499999999844e+01 1.231281073305432301e+02 4.813617998274038356e+00
1.079673540000000003e+02 1.237299100000000074e+01 1.364948970743580219e+02 1.506159645018833970e+01
1.131622399999999971e+02 1.624390599999999907e+01 1.320943958891490411e+02 1.776692127641486607e+01
1.009878700000000009e+02 1.558966700000000039e+01 1.045911327442513539e+02 2.313139270512625600e+01
1.072066800000000057e+02 2.882234800000000163e+01 1.159320137985190229e+02 1.355569778880526499e+01
1.162218600000000066e+02 1.465482599999999991e+01 1.125902019057028554e+02 1.980707693460816898e+01
1.061328350000000000e+02 2.596210900000000166e+01 1.222514491111934660e+02 1.888138470271058011e+01
1.307676400000000001e+02 9.199001000000000872e+00 9.628727627030770009e+01 4.300081468422294328e+00
1.042143250000000023e+02 3.424630400000000208e+01 1.036679052472077842e+02 2.302264798878483276e+01
1.218254000000000019e+02 4.371687999999999796e+00 1.151739130802435369e+02 1.248863543841399171e+01
1.346454300000000046e+02 1.258279899999999962e+01 1.026932654895834105e+02 9.733615079496731326e+00
1.324696399999999983e+02 1.699832699999999974e+01 1.215690731047952653e+02 2.470679473952895222e+01
1.288786599999999964e+02 1.183304700000000054e+01 1.273657885163050025e+02 4.803682034298802250e+00
1.205464199999999977e+02 1.931105200000000011e+01 1.161427986283101177e+02 3.391334790346046901e+01
1.153614500000000049e+02 1.834740400000000093e+01 1.194941944646689507e+02 1.176607325168591700e+01
1.130060650000000066e+02 2.550459999999999994e+01 1.263719398796918227e+02 1.384833887048705314e+01
1.270486300000000028e+02 1.419520600000000066e+01 9.409200986296411884e+01 2.317106040675980694e+01
1.204627899999999983e+02 7.529904000000000153e+00 1.313965293400327141e+02 1.733411542608380529e+01
1.020639400000000023e+02 1.681472199999999972e+01 1.300018635905945814e+02 2.206874195725987065e+01
1.007028959999999955e+02 2.068726699999999852e+01 9.271546599718217863e+01 9.590836228944075614e+00
1.246537699999999944e+02 1.549389700000000047e+01 1.189325984531252089e+02 3.621384186266596306e-01
9.286606600000000356e+01 6.433735999999999677e+00 1.030970753845023609e+02 1.152513897529943776e+01
1.044894199999999955e+02 3.404343999999999681e+01 9.452791474268400407e+01 2.442183705811721239e+01
1.270634600000000063e+02 1.166692100000000032e+01 9.360928374017353804e+01 3.062077732487342274e+00
1.040049199999999985e+02 2.438359600000000071e+01 1.036138997899613656e+02 2.719842387271761197e+01
1.003582999999999998e+02 2.007404500000000169e+01 1.140081237935838345e+02 1.366881929996305445e+01
1.231007100000000065e+02 2.744201500000000138e+01 1.085314033644810223e+02 4.934009249219800664e-01
1.040978850000000051e+02 1.695514100000000113e+01 9.495193844183023657e+01 2.047001120219334780e+01
1.060613900000000029e+02 3.150582100000000096e+01 1.299564972045025968e+02 3.439483285723469663e+01
1.020971899999999977e+02 2.676877800000000107e+01 1.312001642430213337e+02 4.844535888653171085e+00
1.063787499999999966e+02 2.825092300000000023e+01 9.727797211601259164e+01 1.498885365447176987e+01
1.294016699999999958e+02 5.396980000000000111e-01 1.168615713888491570e+02 2.321920767787147710e+01
1.036124999999999972e+02 3.156100700000000003e+01 1.262353074948540410e+02 2.366267860833713854e+01
1.222444500000000005e+02 8.908201999999999288e+00 1.192549259225909850e+02 4.640828540570439031e+00
1.130173300000000012e+02 1.738992299999999958e+01 9.212921403104363094e+01 2.849610841893615998e+01
1.061745300000000043e+02 2.465655100000000033e+01 1.010065267349696256e+02 7.720851535716588998e+00
1.285522300000000087e+02 3.419751999999999903e+00 9.668431588291220180e+01 2.175330901465875044e+01
1.325616899999999987e+02 2.183529300000000006e+01 1.001254175096149481e+02 2.986223878911868468e+01
1.324894099999999924e+02 1.522223000000000104e+00 1.264582709426284737e+02 1.698653444255106848e+01
1.269099199999999996e+02 8.830450000000000799e+00 9.631319321781533915e+01 2.273699844019505178e+01
1.215274660000000040e+02 9.855489999999999640e+00 1.127258984200423697e+02 3.394253218076748624e+01
1.139247359999999958e+02 2.117171300000000045e+01 1.000861285281842470e+02 3.084533727794095270e+01
1.181806899999999985e+02 1.782495300000000071e+01 1.316345056416806756e+02 3.143419790052428198e+01
1.286662800000000004e+02 5.189660000000000384e-01 9.480408427485249945e+01 1.722378891357646324e+01
1.130484199999999930e+02 2.044042800000000071e+01 1.153552059483369447e+02 2.161753557015539950e+00
1.088499999999999943e+02 2.839095999999999975e+01 9.719213753229391273e+01 2.501704123782659650e+01
1.159256900000000030e+02 2.697432299999999827e+01 9.297887788948008847e+01 1.698552834091033148e+01
1.364280100000000004e+02 4.255118000000000400e+00 1.127672719396821179e+02 2.307278013790443794e+01
1.327581000000000131e+02 3.298633999999999844e+00 1.107870016940660065e+02 3.297585332983863537e+01
1.065282440000000008e+02 1.715186000000000099e+00 9.704968487413327694e+01 1.269991491080125989e+01
1.365753499999999860e+02 3.356936300000000273e+01 9.509201352853125400e+01 2.011858389637071198e+01
1.058196200000000005e+02 1.893849399999999861e+01 1.209463164366851942e+02 1.954394827086186126e+01
1.213958800000000053e+02 1.269575000000000031e+01 1.200602164939745649e+02 2.072926065139598251e+01
1.068714449999999943e+02 1.286970200000000020e+01 1.203553988187056092e+02 3.103019830918656297e+01
1.019945450000000022e+02 1.624662599999999912e+01 1.353448569024333779e+02 2.139015526174248194e+01
1.293635400000000004e+02 1.894171000000000049e+00 1.345018303869370584e+02 2.995751794190519135e+01
1.265958100000000002e+02 2.633954999999999913e+01 1.098050886742326497e+02 1.550750813108110027e+00
1.137061499999999938e+02 2.920176500000000175e+01 1.319047626433920755e+02 1.503966750059743873e+01
1.337603000000000009e+02 1.258384500000000017e+01 1.247234433409983438e+02 3.329982374745518836e+00
1.096788600000000002e+02 1.849008999999999903e+00 1.106835038627209116e+02 2.908084241986072627e+00
1.236492400000000060e+02 8.307256999999999891e+00 1.153339981882354124e+02 2.767823768457918732e+01
1.064715499999999935e+02 3.050993000000000066e+00 1.115724874493551937e+02 1.850954912533344299e+01
1.350546699999999873e+02 1.248166299999999929e+01 1.095764129665864601e+02 2.198353836054346644e+01
1.368218999999999994e+02 9.378269999999999662e-01 1.027536098484992522e+02 2.780086251944391051e+01
1.294755900000000111e+02 2.914704899999999910e+01 1.149699956615518772e+02 2.813038759471058015e+01
1.202229399999999941e+02 1.300534999999999997e+01 9.920366830831535765e+01 2.412869623454258061e+01
1.264986999999999995e+02 2.455890000000000128e+01 1.303638381187686548e+02 3.479685209776994270e+01
1.121058799999999991e+02 5.483360000000000456e-01 1.120178550407179614e+02 2.094242771837075878e+01
1.148343050000000005e+02 2.582363300000000095e+01 1.371012729431684818e+02 5.136693413494862526e+00
1.221146700000000038e+02 7.678874999999999673e+00 1.115784165512811796e+02 1.851516765131741238e+01
1.219842399999999998e+02 1.118587100000000056e+01 9.823192487586584321e+01 1.618697277746116825e+01
1.208729550000000046e+02 1.335633900000000018e+01 1.341908537008435758e+02 6.075867079593352038e+00
1.004711900000000071e+02 2.451955200000000090e+01 1.017695267112345618e+02 1.614801468366929171e+01
1.063184499999999986e+02 2.189414199999999866e+01 1.269429240147909326e+02 1.103346319916148488e+01
9.954652400000000512e+01 2.725922600000000173e+01 9.620553720731842873e+01 2.111984105226403230e+01
1.065502599999999944e+02 6.022739999999999760e+00 1.141647445076633147e+02 1.822942518823998936e+00
1.204545700000000039e+02 7.107947000000000237e+00 1.272418928859478058e+02 6.641484334162376157e+00
1.193820400000000035e+02 7.351111999999999647e+00 1.374154176613574236e+02 8.937088048940456275e+00
1.063831100000000021e+02 8.929643999999999693e+00 9.250026847749600734e+01 2.253311574756091673e+01
1.314515000000000100e+02 1.002607700000000079e+01 9.653263420935016370e+01 3.209349031175127465e+01
1.173357539999999943e+02 2.219921099999999825e+01 9.962933838351358418e+01 3.944126110456417145e+00
1.240174260000000004e+02 8.090493999999999630e+00 1.057674879702679220e+02 5.922261808820553419e+00
1.188353800000000007e+02 2.132730300000000057e+01 1.246265467045523962e+02 1.487548923831306347e+01
1.064903999999999940e+02 1.390643999999999991e+00 1.342905374057231143e+02 1.213730997690767843e+01
1.219884500000000003e+02 2.734084500000000162e+01 1.259594753912349177e+02 5.224098917635575212e+00
9.359354000000000440e+01 1.516930999999999941e+01 1.171513444367506622e+02 3.401889764112256387e+01
1.199054399999999987e+02 1.518948900000000002e+01 9.365884090034106180e+01 2.565856598337895633e+01
1.166539499999999947e+02 2.553005200000000130e+01 1.091554012419063042e+02 1.288505381298671537e+01
1.017952350000000052e+02 1.828858599999999868e+01 1.148200166068425716e+02 2.049514785012789631e+01
1.101968499999999977e+02 2.375801699999999883e+01 9.554556235033547296e+01 6.514505328836992959e+00
1.007858499999999964e+02 2.466396100000000047e+01 1.047640392877846551e+02 3.181473508993458310e+01
1.164053499999999985e+02 1.685597999999999885e+01 1.173909392207354188e+02 2.199960197665561168e+01
1.065750199999999950e+02 2.890432200000000051e+01 1.053941430798478081e+02 8.927023704107572843e-01
1.365897199999999998e+02 8.289113999999999649e+00 1.198412941066778501e+02 3.474236436125902117e+01
1.156852599999999995e+02 1.478857400000000055e+01 1.363684124313797668e+02 1.475322683711811322e+01
1.198241399999999999e+02 4.847177000000000291e+00 1.210158329111086175e+02 2.151942242200626509e+01
1.222486099999999993e+02 1.220074699999999979e+01 1.304578853576458926e+02 1.040824309833667805e+01
1.130844799999999992e+02 1.852679300000000140e+01 1.023340685847420133e+02 1.839902376030128295e+01
1.162961800000000068e+02 2.799809799999999882e+01 9.411837447582112759e+01 2.715847758365792686e+01
1.210716900000000038e+02 6.892971000000000181e+00 1.255199320568317063e+02 1.208050194214063922e+01
1.180998459999999994e+02 1.284827399999999997e+01 9.383798524481436232e+01 2.876402766210891926e+01
1.287667099999999891e+02 1.207068300000000072e+01 9.321680652171943393e+01 3.262263111028761386e+01
1.253882700000000057e+02 1.252098200000000006e+01 1.296367019569402999e+02 2.156814738661738673e+01
1.066250150000000048e+02 2.543620000000000214e+00 1.045902110548922224e+02 6.956713267121069855e+00
1.006795400000000029e+02 2.482919000000000054e+01 9.365998031896711495e+01 1.523491408082779763e+01
1.073891449999999992e+02 2.746964799999999940e+01 1.082109046246810493e+02 2.077275266436934054e+00
1.087293999999999983e+02 2.527930000000000010e+00 1.012871864142722842e+02 2.395436948086387474e+01
1.102168700000000001e+02 2.640597199999999845e+01 1.378058918405815803e+02 3.435328195106162497e+01
1.026750949999999989e+02 3.487172699999999992e+01 1.245231236222628866e+02 2.588639529242582427e+01
9.605414600000000291e+01 3.418947000000000003e+01 1.013305152610882089e+02 3.319201229920751928e+01
1.295191499999999962e+02 3.220691300000000012e+01 1.308388756842186638e+02 2.602838850050963515e+01
1.181860400000000055e+02 2.456443600000000060e+01 1.001869801494571846e+02 2.022821455496721654e+01
1.064823149999999998e+02 3.252676000000000123e+00 9.767604770090794375e+01 2.404943118412998970e+01
1.129410900000000026e+02 1.928609799999999908e+01 1.252722929424600125e+02 2.417385110345819044e+00
1.196812299999999993e+02 2.088022600000000040e+01 1.297038744155465224e+02 2.279441778672425656e+01
1.049337600000000066e+02 3.191469599999999929e+01 1.277874576139531371e+02 3.405328809269405355e+01
1.213336639999999989e+02 1.455452499999999993e+01 1.226885841148361322e+02 1.224229185508152540e+01
1.147472199999999987e+02 3.243150700000000342e+01 1.363019516720941624e+02 1.390879668477229547e-02
1.305723099999999874e+02 3.448748799999999903e+01 1.100835831090598589e+02 1.076161586261888736e+01
1.123576999999999941e+02 3.279659999999999798e-01 9.948992384041564208e+01 3.128718769275059941e+01
1.135725199999999973e+02 1.487359700000000018e+01 1.306060188971580658e+02 8.076426815180198560e+00
1.201523200000000031e+02 2.317364500000000049e+01 9.951696565175450360e+01 2.376982338974215025e+01
1.044074200000000019e+02 1.407581799999999994e+01 1.207152152035147878e+02 3.107797596959877495e+01
9.981167000000000655e+01 2.547162799999999905e+01 1.228620039831564981e+02 3.344961478117977549e+01
9.363790000000000191e+01 1.419008299999999956e+01 1.258356154210039222e+02 2.783177604788550852e+01
1.009060400000000044e+02 2.837463199999999830e+01 1.071789602687138938e+02 6.308704310378035807e+00
1.233764199999999960e+02 2.582111199999999940e+01 1.202349667306938983e+02 2.143052146789787926e+01
1.356329700000000003e+02 5.475532000000000288e+00 1.308361144742001727e+02 2.645361622213181363e+01
1.148329200000000014e+02 2.281423799999999957e+01 1.339140515768516195e+02 2.721736898389352888e+01
1.303218400000000088e+02 8.996290000000000120e-01 1.336410255619589975e+02 1.094134912661854031e+01
1.345495300000000043e+02 6.859785999999999717e+00 1.097536134537602379e+02 1.223949141277435260e+01
1.006978600000000057e+02 1.544444200000000045e+01 1.287427314747598359e+02 6.682626831320448435e-01
1.344432400000000030e+02 7.931499999999999773e+00 1.314058116001936014e+02 1.538394933583249902e+01
1.179629500000000064e+02 1.794520599999999888e+01 1.189660479541675357e+02 3.385940907245174714e+01
9.703319000000000472e+01 2.983398400000000095e+01 1.358980308161000039e+02 6.831063795386630666e+00
9.954317000000000348e+01 2.821960599999999886e+01 1.312616636509314958e+02 7.642906505931875039e+00
1.082674300000000045e+02 2.621295500000000089e+01 1.280885825077506581e+02 1.426433907230082987e+01
1.032657399999999939e+02 2.896160700000000077e+01 1.135964591984888585e+02 1.844311482272888725e+01
1.053158899999999960e+02 1.049280700000000088e+01 9.824493077947877850e+01 1.599495238342583647e+01
1.208341900000000066e+02 1.204352800000000023e+01 1.379202551432616133e+02 2.907646574056240496e+01
1.234977099999999979e+02 1.764413300000000007e+01 1.027318709881305523e+02 2.741340971945924210e+01
1.303266000000000133e+02 5.151488999999999763e+00 1.024010474274087130e+02 5.292235885046840060e+00
1.293009299999999939e+02 1.654629999999999990e-01 1.219037050215003148e+02 2.409210596892716794e+01
1.210836500000000058e+02 1.404887100000000011e+01 1.054161875795238359e+02 5.529549269447153748e+00
1.086714099999999945e+02 1.278264599999999973e+01 1.321351066990707182e+02 1.662253154137217237e+01
1.349519999999999982e+02 1.169487200000000016e+01 1.100667145776185833e+02 3.143393712956860497e+01
1.090715200000000067e+02 1.751669499999999857e+01 1.116071245531704506e+02 2.023318564374507034e+01
1.123958300000000037e+02 1.957101600000000019e+01 1.115781844187275027e+02 1.127398578457639111e+01
1.357005499999999927e+02 1.938025700000000029e+01 9.584701798493155422e+01 7.201947582984009166e+00
1.002700300000000055e+02 1.703686300000000031e+01 1.219781660995368924e+02 1.090746080410405305e+01
1.058240600000000029e+02 1.711543800000000104e+01 1.360495270912774117e+02 3.227371802301340864e+01
1.344940300000000093e+02 7.012902999999999665e+00 1.225126445893695717e+02 1.850153098336128110e+01
1.281042500000000075e+02 1.263489599999999946e+01 1.038558480142354767e+02 2.483047228291604469e+01
1.211908499999999975e+02 1.480161999999999978e+01 1.219145760829414513e+02 7.952370361178282998e+00
1.055329299999999932e+02 8.244474999999999554e+00 9.492501234042919123e+01 5.724769687365474979e+00
1.188802900000000022e+02 7.100107000000000390e+00 9.367266676196743447e+01 4.593257517329845108e+00
1.176570099999999996e+02 2.176196300000000150e+01 1.053729249858544250e+02 2.105710948508845348e+01
1.231785699999999935e+02 1.163075599999999987e+01 1.026443107314352687e+02 2.309064533628950144e+01
1.294916100000000085e+02 2.620026999999999884e+00 1.217167571765913010e+02 2.376648991603252981e+01
1.209513000000000034e+02 1.574554299999999962e+01 9.539940494698913653e+01 2.442239307553607830e+01
1.020575599999999952e+02 3.032312399999999997e+01 1.353901307507468630e+02 1.337148901686287417e+01
1.106722100000000069e+02 2.715277999999999992e+01 1.238600139770046837e+02 8.928407271759356334e+00
9.609209400000000301e+01 1.652753299999999825e+01 1.021802663186769422e+02 2.159499874102019490e+01
1.109355999999999938e+02 1.694945099999999982e+01 1.176159888924464809e+02 1.542735671040089329e+01
1.078603300000000047e+02 3.205924000000000262e+01 9.900438106899643742e+01 1.378424311654708312e+01
1.062109700000000032e+02 3.381889000000000145e+00 1.017824696305658136e+02 3.412502383081950796e+01
1.252556299999999965e+02 7.355453999999999937e+00 1.143189151800725369e+02 3.720746840207858508e+00
1.187915799999999962e+02 1.987776600000000116e+01 1.120847900804394186e+02 1.348993650818114531e+01
1.268311900000000065e+02 1.202138899999999921e+01 1.308570124892034983e+02 3.095443240681029806e+01
1.209112899999999939e+02 7.267337999999999631e+00 1.274600966248509621e+02 2.801976330580675523e+01
1.127789899999999932e+02 1.603903199999999885e+01 1.020077151066306129e+02 3.376069818420762658e+01
1.205876159999999970e+02 1.334072899999999962e+01 1.088677803689578241e+02 2.932754771892630430e+01
1.082274599999999936e+02 2.717001000000000133e+01 1.338223362469057633e+02 7.067608294423965098e+00
1.189220300000000066e+02 1.942037399999999892e+01 1.329149443130590100e+02 3.004321990275625964e+01
1.049673540000000003e+02 2.282041399999999953e+01 1.256584056531673923e+02 2.041696236869383441e+01
1.240121900000000039e+02 1.423227999999999938e+00 1.296022983556471786e+02 6.255291852107503381e+00
1.309361900000000105e+02 8.523167000000000826e+00 9.426575103172822878e+01 2.571680900723025331e+01
1.045020300000000049e+02 3.012155500000000075e+01 1.318504531059191436e+02 2.829852502096591138e+01
1.090422400000000067e+02 3.257660000000000000e-01 1.002912868390240533e+02 1.982009102765560016e+01
1.171882999999999981e+02 2.439474999999999838e+01 1.279040106019646146e+02 3.188237853527767385e+01
1.320785700000000134e+02 1.136370800000000081e+01 1.235163427848585087e+02 2.425552376903818441e+01
1.075895799999999980e+02 1.972467400000000026e+01 1.220064849199628156e+02 1.611594866057430764e+01
9.462124000000000024e+01 2.250560199999999966e+01 1.312975909398736292e+02 1.605447501362106122e+00
1.179452600000000047e+02 3.413794299999999993e+01 9.435855535378786385e+01 2.007202647442298371e+01
1.198547059999999931e+02 7.232410999999999923e+00 1.237996152828212928e+02 1.735654066094926051e+01
1.110863800000000055e+02 2.956343499999999835e+01 1.170899995634303821e+02 1.992949040369015279e+01
9.678136000000000649e+01 1.699195500000000081e+01 1.339621089750290821e+02 5.421601966317317611e+00
1.143764000000000038e+02 1.332743100000000069e+01 1.054090125277244709e+02 4.217846935046789980e+00
1.239107999999999947e+02 6.146923000000000137e+00 1.000172085191605902e+02 9.311002806429801382e+00
1.205367660000000001e+02 1.833390400000000042e+01 1.360043945008062281e+02 9.878914673309134642e+00
9.893878999999999735e+01 2.680315399999999926e+01 1.259378430200333980e+02 1.868745877514882281e+01
1.053297349999999994e+02 2.381371899999999897e+01 9.362893063091371459e+01 2.027610911841473040e+01
1.331729400000000112e+02 1.186766300000000030e+01 1.168272498408226596e+02 3.102846582971256595e+01
1.015828300000000013e+02 3.012794999999999845e+01 9.621810705624896798e+01 3.164313258876148538e+01
1.082378199999999993e+02 1.562821500000000086e+01 1.004956575883972789e+02 1.742997403148496272e+00
1.132784039999999948e+02 2.408719599999999872e+01 1.014722016010750565e+02 2.738201419724199681e+01
9.890682999999999936e+01 1.802293200000000084e+01 1.022423363157743097e+02 2.200546460175164043e+01
1.281946399999999926e+02 1.151056699999999999e+01 1.212538007003502258e+02 2.441672337055619479e+01
9.234408600000000433e+01 1.566721100000000000e+01 1.312686037522668130e+02 7.395559860015027409e-01
1.105762799999999970e+02 1.713849599999999995e+01 1.330358808300123314e+02 5.799207005628659317e+00
1.255556260000000037e+02 1.372629099999999980e+01 1.332400368213232014e+02 2.030945686575561382e+01
1.148470839999999953e+02 1.232656199999999913e+01 1.168221466479422190e+02 1.788030178349642796e+01
1.098299099999999981e+02 2.569585199999999858e+01 1.316908401087186462e+02 1.730915081249255039e+01
1.227206500000000062e+02 2.926232000000000166e+00 1.300141199578720261e+02 3.741026286787309196e+00
9.515203999999999951e+01 1.569428800000000024e+01 1.197272226785946430e+02 9.328713944768521671e+00
1.207382000000000062e+02 1.915753600000000034e+01 9.653293116859093459e+01 2.691665033381629613e+01
1.118345640000000003e+02 2.392749999999999877e-01 1.044518665720843131e+02 2.973479307554884876e+00
1.006227399999999932e+02 1.954385600000000167e+01 1.219050336430391752e+02 1.835935902261721964e+01
1.218649499999999932e+02 3.051391999999999882e+01 9.893521793776491791e+01 9.417189948269685473e+00
1.284304700000000139e+02 1.899298699999999940e+01 1.183157383165261223e+02 3.055581140218733793e+01
9.689548999999999523e+01 3.139643900000000087e+01 1.056110921698531371e+02 1.945855206754042044e+01
1.297366499999999974e+02 1.097087800000000080e+01 1.202384575944359142e+02 1.825713522322714866e+01
1.119646900000000045e+02 1.463188599999999973e+01 1.338762361424498124e+02 2.848580127441989518e+01
9.911983499999999481e+01 3.033258400000000066e+01 1.049532858568687743e+02 3.271215042085471225e+01
9.884615999999999758e+01 1.700900999999999996e+01 9.853478897202776920e+01 3.263645383869187810e+01
9.877991500000000258e+01 1.703118500000000068e+01 9.383862243784854229e+01 1.016969274121009370e+01
9.910477000000000203e+01 2.538836900000000085e+01 1.332604974514676428e+02 1.791794836800503887e+01
1.007823300000000017e+02 2.154664599999999908e+01 9.736052339573285508e+01 2.449306662583874683e+01
1.014491600000000062e+02 2.277094299999999905e+01 1.030116859646820444e+02 2.244816205653211227e+01
9.848784999999999457e+01 2.775841000000000136e+01 1.281790984896049395e+02 1.636181664464388774e+01
1.351008600000000115e+02 2.345284300000000144e+01 1.224619084631085570e+02 2.904312016717517153e+00
1.072773499999999984e+02 2.767564799999999892e+01 1.149179494999841893e+02 3.455421413745269632e+01
1.000685000000000002e+02 2.550993300000000019e+01 9.337476113318464854e+01 2.504551087200569270e+01
1.117835000000000036e+02 4.146894999999999776e+00 1.262231012220374566e+02 1.174864913117240128e+01
1.231192999999999955e+02 3.669859999999999900e+00 1.193689022063308585e+02 1.631972566808913783e+01
1.138388060000000053e+02 1.427283199999999930e+01 1.003624442069158675e+02 1.309998621771103977e+01
1.175999999999999943e+02 1.023433799999999927e+01 1.089344839185007032e+02 2.851638807542759579e+01
9.922207000000000221e+01 4.366456999999999589e+00 1.030082437741353658e+02 4.542456130215153820e+00
1.175621500000000026e+02 1.813804400000000072e+01 9.946448203649605091e+01 1.943716069474520936e+01
1.255835950000000025e+02 1.142485399999999984e+01 1.220075582965737908e+02 2.450223280452553354e+01
1.099067840000000018e+02 1.686253999999999920e+01 1.177531167064351081e+02 3.213007688588722033e+01
1.237547799999999967e+02 1.402938000000000018e+00 1.134652441082940868e+02 1.387017848042919788e+01
1.004048300000000040e+02 2.599754000000000076e+01 1.303892590248803742e+02 1.020918061414461064e+01
1.154087799999999930e+02 2.365899500000000089e+01 1.007751932962689239e+02 4.287894102123062545e+00
1.100269849999999963e+02 1.782430499999999896e+01 1.358924447674209830e+02 1.094436222718464613e+01
9.801369499999999846e+01 2.871176499999999976e+01 1.215779780836822681e+02 5.027063751758110044e+00
9.844208500000000583e+01 2.976761600000000030e+01 1.330299837310005842e+02 2.203698414254958848e+01
1.222981000000000051e+02 3.382558000000000220e+01 9.901141311457874394e+01 2.044967154335527582e+01
1.262585600000000028e+02 1.632781999999999956e+00 9.855495777929264989e+01 1.965996139777078966e+01
1.195968249999999955e+02 1.992211299999999952e+01 1.268458712827854526e+02 2.864912371745746356e+01
1.305737499999999898e+02 2.831986999999999810e+00 1.067705426431518703e+02 2.721848262084201409e+01
9.987552999999999770e+01 8.232086999999999932e+00 1.287642188519863566e+02 3.595721483251732575e+00
1.021120999999999981e+02 2.292310000000000159e+01 9.469189606450851215e+01 5.650921172748692989e+00
1.350492700000000070e+02 1.381308300000000067e+01 1.076075314747393321e+02 2.115008568213811557e+00
9.882135999999999854e+01 3.069462800000000158e+01 1.325132498024603933e+02 2.586135700521257164e+01
1.221657000000000011e+02 3.453664999999999985e+00 1.105704958704554457e+02 3.072175617745236309e+01
1.262176500000000061e+02 1.077972399999999986e+01 1.284758414445854555e+02 2.294048448347095714e+01
1.032809749999999980e+02 1.728598600000000118e+01 1.077219900021060965e+02 2.330499718642526119e+01
1.056316000000000059e+02 1.004083999999999932e+01 1.240842898745618470e+02 2.726309507269281340e+01
1.206234199999999959e+02 2.294290000000000163e+00 1.190666720917018040e+02 1.069462795527076260e+01
1.179488199999999978e+02 1.651808199999999971e+01 1.306943526495458627e+02 2.414723234815890685e+00
1.215111540000000048e+02 9.026956999999999454e+00 1.142985837792457744e+02 2.225464884794285325e+01
1.190581049999999976e+02 2.063319200000000109e+01 9.567926028127168081e+01 9.250635016113996301e+00
1.201075060000000008e+02 6.985503999999999714e+00 1.057576831201449039e+02 1.894104430737414901e+01
1.078804999999999978e+02 1.347900000000000098e+00 1.095308215615687999e+02 1.617703933877523426e+01
1.068052100000000024e+02 1.683014100000000113e+01 1.232157051275718516e+02 2.238136168228727385e+01
1.156589100000000059e+02 2.078124199999999888e+01 1.015757668439091788e+02 2.330687760464203961e+01
1.178697700000000026e+02 2.086379200000000012e+01 1.359674770392461483e+02 1.255646954933391513e+01
1.346648600000000044e+02 1.416948599999999914e+01 1.114460409796900819e+02 7.498416394987792444e+00
1.019195560000000000e+02 2.802453799999999973e+01 1.373129874379745559e+02 3.316240856377928736e+01
1.134008259999999950e+02 2.899073999999999884e+01 9.618833812359157776e+01 7.404054716906120603e+00
1.216335140000000052e+02 1.368565999999999949e+00 1.218002865004526143e+02 1.568515114174736169e+01
1.252033899999999988e+02 9.675684000000000395e+00 1.285290192354366638e+02 3.222549591896112986e+01
1.372788199999999961e+02 1.268961700000000015e+01 9.797881812657728062e+01 1.361140558088153707e+00
1.086584299999999956e+02 1.116496899999999926e+01 1.217062514062581329e+02 2.796449769078328096e+00
1.068494100000000060e+02 1.800854100000000102e+01 9.706470856443507955e+01 2.094744191603354011e+01
9.423632999999999527e+01 1.031035299999999921e+01 1.258340641457795073e+02 1.001201795746995593e+01
1.015857799999999997e+02 1.553561999999999976e+01 9.558746445646451662e+01 1.177855961596248235e+01
1.053509449999999958e+02 9.028912999999999300e+00 1.219292751266109178e+02 1.676447034357738275e+01
1.039862200000000030e+02 2.419322400000000073e+01 1.134949808573771861e+02 3.248136958546916730e+01
1.079174000000000007e+02 2.103756999999999877e+01 1.149432783209729791e+02 1.665553926134902341e+01
1.120615540000000010e+02 2.049053999999999931e+01 1.259077645771389768e+02 3.841314610359130910e+00
1.232273500000000013e+02 4.342469000000000356e+00 1.207846983461374037e+02 2.927174815061708557e+01
9.918323499999999626e+01 1.574674699999999916e+01 1.037567566636985958e+02 2.105369557304348049e+01
1.244378499999999974e+02 2.619258100000000056e+01 1.052697699378637424e+02 1.247022205483299651e+01
1.349069200000000137e+02 4.621629999999999905e-01 1.335044916412635132e+02 1.906653710027284987e+01
1.370245700000000113e+02 1.147566899999999990e+01 9.241019594549031524e+01 2.978701329776232587e+00
1.076719200000000001e+02 1.886546900000000093e+01 9.510517168855224668e+01 3.053513528224697282e+01
1.050813700000000068e+02 4.424735000000000085e+00 1.274924733530263268e+02 2.123069758277136287e+01
1.252029399999999981e+02 8.083719000000000321e+00 1.245601956277975830e+02 2.559255760311586414e+01
1.298188600000000008e+02 9.076064999999999827e+00 1.314193744635400662e+02 1.338091869970653747e+01
1.239427000000000021e+02 2.807401000000000035e+00 1.174731063790397911e+02 2.636938865680875566e+01
1.289106299999999976e+02 7.094847999999999821e+00 1.060408745773067096e+02 1.838585033036180150e+01
1.030357699999999994e+02 2.493956400000000073e+01 1.359607724892794636e+02 1.124237602315445983e+01
1.324488800000000026e+02 9.132956999999999326e+00 1.126393563933559392e+02 3.066590715049996518e+01
1.150682749999999999e+02 1.918149599999999921e+01 1.019350271159827770e+02 3.018338164059470330e+01
1.071924700000000001e+02 1.362108100000000022e+01 1.004116972187566716e+02 1.312351692009736936e+01
1.030680899999999980e+02 2.392125499999999860e+01 1.035063132854662058e+02 2.591200219249401826e+01
1.122847440000000034e+02 1.660995300000000086e+01 1.055931710534330819e+02 1.370035507052651447e+01
1.131231460000000055e+02 2.764571000000000112e+00 1.200492536776737609e+02 8.973695335435505349e-01
1.356722699999999975e+02 1.789586800000000011e+01 9.967499318703202960e+01 1.280495264050685122e+01
1.259750059999999934e+02 8.296856999999999260e+00 1.243369551308776835e+02 2.540578668146492092e+01
1.090970899999999943e+02 2.084872599999999920e+01 1.120535208684200228e+02 1.241733670074735940e+01
1.022247540000000043e+02 1.159689299999999967e+01 1.347286393555791619e+02 2.939055086802284933e+01
1.222233659999999986e+02 2.248752000000000084e+00 1.355755315100577150e+02 7.866321940978763472e+00
1.069558300000000060e+02 3.322021000000000157e+01 1.091509443018672414e+02 2.570127561305702102e+01
1.181114039999999932e+02 1.644512699999999938e+01 1.093792037452663237e+02 2.201383432970071041e+01
9.520380000000000109e+01 2.239091700000000174e+01 1.164176696806598557e+02 1.178766350966050247e+01
1.006493899999999968e+02 1.672829600000000028e+01 1.161835341266784809e+02 1.238782429715163147e+01
1.306561399999999935e+02 2.535673000000000066e+00 1.270577703461561612e+02 3.495656171962146885e+01
