1.148437040000000025e+02 1.286086000000000062e+00 1.360303673707269070e+02 2.437899465543032917e+01
1.035432399999999973e+02 2.423743999999999943e+01 1.185233562923184110e+02 7.655976558410828581e+00
1.349553200000000004e+02 1.906885099999999866e+01 1.367873106263517400e+02 3.375207256471352224e+01
1.310145699999999920e+02 1.227133000000000074e+01 1.229576922789040339e+02 6.768357372556931928e+00
1.376953399999999874e+02 1.219486999999999988e+01 1.057567766664655977e+02 2.847811127267328146e+01
1.286689599999999984e+02 1.164122899999999916e+01 1.279252012883067948e+02 1.252528381187756779e+01
1.005045199999999994e+02 2.882197800000000143e+01 1.143259657204014843e+02 2.300512436648309844e+01
1.002797900000000055e+02 2.030880499999999955e+01 1.168349416803543335e+02 1.550286089392528233e+01
1.005264739999999932e+02 1.630819999999999936e+01 1.026316340865195400e+02 2.743317197436779509e+01
9.672302000000000533e+01 1.161534400000000034e+01 9.616023943336780633e+01 3.446697046677675402e+00
1.069558300000000060e+02 3.322021000000000157e+01 1.135996341708323030e+02 2.387683503138825003e+01
1.146770099999999957e+02 2.561444699999999841e+01 1.315165562014823593e+02 2.285045834369391926e+01
1.072066800000000057e+02 2.882234800000000163e+01 1.100206666430647999e+02 1.866332434207069113e+01
1.238157300000000021e+02 2.394317000000000029e+00 9.472125639993524260e+01 2.563435513750166450e+01
1.349069200000000137e+02 4.621629999999999905e-01 1.012982480431657564e+02 4.534587589167974109e+00
1.128938299999999941e+02 1.716561099999999840e+01 1.344223291050191165e+02 6.231530979799509318e+00
1.092710799999999978e+02 1.336278599999999983e+01 1.173576384167975419e+02 2.657948651807421925e+01
1.074296650000000000e+02 4.943573999999999913e+00 1.305545412260877640e+02 3.217050574431877408e+01
1.098299099999999981e+02 2.569585199999999858e+01 1.132522048205549225e+02 3.201327810031977972e+00
1.286751700000000085e+02 8.353201000000000320e+00 1.377770554978922632e+02 7.805425586394670212e+00
1.118623300000000000e+02 1.493086300000000044e+01 1.086313682496760151e+02 3.300574434048127159e+01
1.180868300000000062e+02 8.296312000000000353e+00 1.224631636149751870e+02 1.938812368471293013e+01
1.260793199999999956e+02 1.507600200000000079e+01 9.993534931415992162e+01 5.578807157453539389e+00
1.376394999999999982e+02 1.949024400000000057e+01 9.532446049422496515e+01 3.453775907214943430e+01
1.234273799999999994e+02 2.926879100000000022e+01 1.156351808192915769e+02 3.436891386590029640e+01
1.069824140000000057e+02 2.790228499999999912e+01 1.350210367022384048e+02 2.307028797061079217e+01
1.283577600000000132e+02 3.503263000000000016e+00 1.002856153290068448e+02 1.683077583584669057e+01
1.176774800000000027e+02 2.114383099999999871e+01 9.714719032610858562e+01 3.405434055873543642e+00
1.090715200000000067e+02 1.751669499999999857e+01 1.144646728305477268e+02 2.544461780674351914e+01
1.271800499999999943e+02 1.194703699999999991e+01 1.058168651575181798e+02 1.174825448457365518e+01
9.479399999999999693e+01 2.222920399999999930e+01 9.409291704928189404e+01 2.633851447601680995e+00
1.216318360000000069e+02 6.971199999999999619e+00 1.102772788751544510e+02 5.608652217218466518e+00
1.129650599999999940e+02 1.078936599999999935e+01 1.109724633720778684e+02 2.579893136197767944e+01
1.344861300000000028e+02 1.449819800000000036e+01 9.696132228381814855e+01 3.435328078245586170e+01
1.105670700000000011e+02 1.976796200000000070e+01 1.117650729477711877e+02 2.630550536402727246e+01
1.340509999999999877e+02 2.624378400000000156e+01 1.066801922376704823e+02 9.973946886636154474e+00
1.019195560000000000e+02 2.802453799999999973e+01 1.279963546610394758e+02 1.632510028394191082e+01
1.173642499999999984e+02 1.925955000000000084e+01 1.097301280362216573e+02 1.626026241303344122e+01
1.254233859999999936e+02 2.886179999999999968e+00 1.312094846187920609e+02 3.009429537900173202e+01
9.478686999999999330e+01 2.184519600000000139e+01 9.338332310565225214e+01 3.431580216416480056e+01
1.020639400000000023e+02 1.681472199999999972e+01 1.164170480624501636e+02 2.048593324817424133e+01
1.004663800000000009e+02 2.924779099999999943e+01 1.243535470268273855e+02 2.144184125136149532e+01
1.361513500000000079e+02 3.663924999999999876e+00 1.197776124055859839e+02 9.668204013980027156e+00
9.343214000000000397e+01 1.265039200000000008e+01 1.029220948482093263e+02 3.245918566467777566e+01
1.324789299999999912e+02 1.566821200000000047e+01 1.182335796151608065e+02 3.132258272052894554e+01
1.118421859999999981e+02 1.936338999999999899e+01 1.047103554952950191e+02 8.823592643653439538e+00
1.019604800000000040e+02 2.698521799999999971e+01 1.205646760392889831e+02 1.270095647481344159e+01
1.294755900000000111e+02 2.914704899999999910e+01 9.993763083258571100e+01 6.916397388176487304e-01
1.012475900000000024e+02 3.300020200000000159e+01 1.173867911916914863e+02 2.495897300271439079e+01
1.034781339999999972e+02 1.418773999999999980e+01 1.024133587819258082e+02 2.640921344156119233e+01
1.268339900000000000e+02 8.518722999999999601e+00 1.015624368268838111e+02 9.792261274550474681e+00
1.228186299999999989e+02 2.599601699999999838e+01 1.043460670742037308e+02 2.230863859870040855e+01
1.369836099999999988e+02 2.763330999999999982e+00 1.167662335161362961e+02 1.785115385288274936e+01
1.197064500000000038e+02 1.762339400000000111e+01 1.022763518122020798e+02 3.007297159489522542e+01
9.755183399999999949e+01 3.184772999999999854e+01 1.078037533847557086e+02 1.840345642887573518e+01
1.355338099999999883e+02 1.610411799999999971e+01 9.689336686048658009e+01 2.956978985878756916e+01
1.287118000000000109e+02 8.186422000000000310e+00 1.052913959720485337e+02 1.344595820074080450e+01
1.234977099999999979e+02 1.764413300000000007e+01 1.365227634672934300e+02 2.353095693615988360e+00
1.339961700000000064e+02 3.438096600000000080e+01 1.088777093103246330e+02 2.712551685167250071e+01
1.204627899999999983e+02 7.529904000000000153e+00 1.066470876599519784e+02 1.474524936546116116e+01
1.130678500000000071e+02 1.070391300000000001e+01 1.368418527566489615e+02 2.255210295784307917e+01
1.184589500000000015e+02 2.161511399999999838e+01 1.096509232857622465e+02 5.396377264442707933e+00
1.086714099999999945e+02 1.278264599999999973e+01 1.261519379364998201e+02 1.899590619633082156e+01
1.109616900000000044e+02 1.647451399999999921e+01 1.022682471466062140e+02 1.982051025137945643e+01
1.305737499999999898e+02 2.831986999999999810e+00 1.127502318619768573e+02 1.107136894008319272e+00
1.205941300000000069e+02 1.647275499999999937e+01 1.209818760238405275e+02 2.112037004218977287e+01
1.068714449999999943e+02 1.286970200000000020e+01 1.276332655492322772e+02 2.349787092935436306e+01
1.130844799999999992e+02 1.852679300000000140e+01 1.025466688921063252e+02 7.154836028249671465e+00
1.026750949999999989e+02 3.487172699999999992e+01 1.254920974143136334e+02 1.879184807941954460e+01
1.052273249999999933e+02 1.942294899999999913e+01 1.177587734386493992e+02 3.394456572885809464e+01
1.078730850000000032e+02 3.194168000000000163e+01 1.140380475432017988e+02 2.516405526686866878e+01
1.020150399999999991e+02 1.459681100000000065e+01 1.044818064175955357e+02 7.521653234380508479e+00
1.096028799999999990e+02 2.265409999999999968e+01 1.244393935225006942e+02 1.528201383728220186e+01
1.074369499999999960e+02 2.925465799999999916e+01 1.348174259891256384e+02 1.906093250178528820e+01
1.060830399999999969e+02 5.075204000000000271e+00 1.337312417691827591e+02 9.238677083076634489e+00
1.356722699999999975e+02 1.789586800000000011e+01 1.228878788768833772e+02 6.833726184829732375e+00
9.297975999999999885e+01 2.366921800000000076e+01 1.169740629356634400e+02 5.453592735231937993e+00
1.201075060000000008e+02 6.985503999999999714e+00 1.281160190773569525e+02 3.295210137177731013e+01
9.482461499999999432e+01 7.552875000000000227e+00 1.098179040279823084e+02 3.013462493114841578e+01
1.065728000000000009e+02 5.804099999999999815e-01 1.105236045359061734e+02 1.973438320008501279e+01
9.774904999999999688e+01 2.897119999999999962e+01 9.525942762871926561e+01 2.932189192730919203e+01
1.346167399999999930e+02 3.521285999999999916e+00 1.361052435496924318e+02 2.324900837371335882e+01
1.182392499999999984e+02 2.503325500000000048e+01 1.256632281575500940e+02 3.265268692515018500e+01
1.301707000000000107e+02 5.522420000000000107e-01 1.334783657791337248e+02 1.793994048292357313e+00
1.093217539999999985e+02 1.300310099999999913e+01 1.036556677485696127e+02 5.651999683549138176e+00
1.231597299999999962e+02 7.689467999999999748e+00 1.055981312155399365e+02 1.041305069216553392e+01
9.430186999999999387e+01 1.769696799999999826e+01 1.026645387455020426e+02 2.759105360405366270e+01
1.227914099999999991e+02 2.626429399999999958e+01 1.272670655140119891e+02 1.850330452069630383e+01
1.038327500000000043e+02 1.301466800000000035e+01 1.199756931429503481e+02 1.712608662272009141e+01
1.068336939999999942e+02 1.901988000000000056e+01 1.265416768881591025e+02 2.402627139661050748e+01
9.639709999999999468e+01 2.889318000000000097e+01 9.606083216114730305e+01 2.776079183629229163e+01
1.030200499999999977e+02 2.779550400000000110e+01 1.124974963542297104e+02 3.075215063370437463e+01
1.067997500000000031e+02 2.827483199999999997e+01 9.994770798896328756e+01 3.007943114235982307e+01
1.310166999999999859e+02 1.584964599999999990e+01 1.006634187099972166e+02 2.537496252222144477e+01
1.028629600000000011e+02 1.609947599999999923e+01 1.147356832338796693e+02 1.729434287227183376e+01
1.108996999999999957e+02 3.483259000000000327e+01 9.779119371247951165e+01 4.704209633222189879e+00
1.066686859999999939e+02 3.609456000000000220e+00 1.279953082273880511e+02 1.552380930873921194e+01
1.167996100000000013e+02 2.692645800000000023e+01 1.277379775442124696e+02 3.844508283941808990e+00
9.981171000000000504e+01 2.392927600000000155e+01 1.011760145420198427e+02 3.159706369373443380e+01
1.087744299999999953e+02 9.552899999999999725e-01 9.289769848379521022e+01 2.029168141802676217e+01
1.110863800000000055e+02 2.956343499999999835e+01 1.082377382473187737e+02 1.079001240373565018e+01
1.324894099999999924e+02 1.522223000000000104e+00 1.037369004393234917e+02 2.561846078457913123e+00
1.134364199999999983e+02 3.037878600000000162e+01 1.035032190377945653e+02 1.732202320555329411e+00
1.104307500000000033e+02 1.658255600000000030e+01 1.108690789538055554e+02 2.356155588409005475e+01
1.331451700000000073e+02 1.564029200000000053e+01 1.335758916178624531e+02 2.472105731228867498e+01
1.152771500000000060e+02 4.479098999999999720e+00 1.248339689876105041e+02 3.873173811416877221e+00
1.228618239999999986e+02 3.672254999999999825e+00 1.178687113521352359e+02 1.113061317404814332e+01
1.209731299999999976e+02 2.012263300000000044e+01 1.028767530317713010e+02 1.754413165591166290e+01
1.166539499999999947e+02 2.553005200000000130e+01 1.120200245534956878e+02 1.677534495997876007e+01
1.292956100000000106e+02 2.781921200000000027e+01 1.377981584007565914e+02 1.359074964781359007e+01
1.148805399999999963e+02 1.808004999999999995e+01 1.134452551642287546e+02 5.330626311879156809e+00
1.353151900000000012e+02 1.279140499999999925e+01 1.354433607466746707e+02 9.678847210013895364e+00
1.230443949999999944e+02 4.896641999999999939e+00 1.229093946800728503e+02 2.675262421578031891e+01
1.100269849999999963e+02 1.782430499999999896e+01 1.246182265573446699e+02 1.400483890879971405e+01
1.080707699999999960e+02 1.541756700000000002e+01 1.199501480757117946e+02 2.048166973645284727e+01
1.121307599999999951e+02 2.552255800000000008e+01 1.234593132486560307e+02 2.928556526950806216e+01
1.037949100000000016e+02 1.724506999999999834e+01 1.249419970534215167e+02 2.060131865369823956e+01
1.239288300000000049e+02 7.131028999999999840e+00 1.213671742427413989e+02 1.898599210738161602e+01
1.264625999999999948e+02 7.166369999999999685e-01 1.349130643471674773e+02 4.100991578433927032e+00
1.231007100000000065e+02 2.744201500000000138e+01 1.184916937159417216e+02 3.240871691534530896e+01
1.362089100000000030e+02 1.452587000000000073e+00 9.723218841740629159e+01 8.242616176177271825e+00
1.105124739999999974e+02 2.767481799999999836e+01 1.163608300686583732e+02 5.829549586281485674e+00
1.125423660000000012e+02 2.072739999999999938e+01 1.164615904996945233e+02 1.822235972062005160e+01
1.230936200000000014e+02 4.996221000000000245e+00 1.099042064940155257e+02 1.450535377116594482e+01
1.216506349999999941e+02 9.985416000000000736e+00 1.337794622859685205e+02 1.661420190522772122e-01
1.215047200000000061e+02 7.737731000000000137e+00 1.024713400913769306e+02 5.202941866692800232e+00
1.215895900000000012e+02 2.809661000000000186e+00 1.314693577884509637e+02 2.264275322281254077e+01
1.029471499999999935e+02 1.203110299999999988e+01 9.289132217562722360e+01 3.000497574646314725e+00
1.215028099999999966e+02 3.537071000000000076e+00 9.505372771654899111e+01 2.810281298008374407e+01
1.262176500000000061e+02 1.077972399999999986e+01 1.239587775604971114e+02 3.172281837853311259e+01
9.987552999999999770e+01 8.232086999999999932e+00 1.101115737535856027e+02 2.422828591438064549e+01
1.042143250000000023e+02 3.424630400000000208e+01 1.050290938306712150e+02 2.656208766340616734e+01
1.190581049999999976e+02 2.063319200000000109e+01 1.352652268176248356e+02 2.116282062059048741e+01
1.091882499999999965e+02 1.309954999999999981e+00 1.011032903672848562e+02 2.168195419914288991e+01
1.073292849999999987e+02 3.159566099999999977e+01 1.050939624963091603e+02 2.953040706406315863e+01
1.142837099999999992e+02 1.745475199999999916e+01 9.221926733160279355e+01 2.058278122620134987e+00
1.115443949999999944e+02 1.032299199999999928e+01 1.091060703287351856e+02 2.256259760424284622e+01
1.252029399999999981e+02 8.083719000000000321e+00 9.841510191880665559e+01 1.376623890679913131e+01
1.299641100000000051e+02 1.389185499999999962e+01 9.332708058470193180e+01 2.600678742651893316e+01
1.265958100000000002e+02 2.633954999999999913e+01 1.377414170325264706e+02 1.861061481318971644e+01
1.245430300000000017e+02 2.024064000000000085e+00 1.060917128943001728e+02 2.271544003791741417e+01
1.100357360000000000e+02 2.855119900000000044e+01 1.130828791649122422e+02 2.166126117114928107e+01
1.191021599999999978e+02 1.562066500000000069e+01 9.544805327921031335e+01 2.497398675308887928e+00
1.003601900000000029e+02 6.202410999999999675e+00 9.583787214216096118e+01 3.440188518230538506e+00
1.027374400000000065e+02 1.609719000000000122e+01 1.291064270159655507e+02 3.133732167275600489e+01
1.223199099999999930e+02 8.781103999999999132e+00 9.394827130610988775e+01 2.608027254209983603e+00
1.275640800000000041e+02 1.488677000000000028e+01 1.044596999200473135e+02 2.597726339548829699e+01
1.151589299999999980e+02 1.951465999999999923e+01 1.122433168701275292e+02 1.875711976610366705e+01
1.146491199999999964e+02 2.055787799999999876e+01 1.266202183388567164e+02 3.466050079248728366e+01
1.274613300000000038e+02 8.821358999999999284e+00 9.723194211531259157e+01 2.920432555631097316e+01
1.357156699999999887e+02 3.125895300000000177e+01 1.316644458514875851e+02 1.191311086009103981e+01
9.760130999999999801e+01 1.960865599999999986e+01 1.096890080038104145e+02 1.548481058185424253e+00
1.229570539999999994e+02 1.920611999999999986e+00 1.058622878388800927e+02 1.486667308452287450e+01
1.218649499999999932e+02 3.051391999999999882e+01 1.045914193389715052e+02 1.606123720339331840e+01
1.063444439999999958e+02 3.975452000000000208e+00 1.351297350657069956e+02 1.273849064529717801e+00
1.042165799999999933e+02 2.347071499999999844e+01 1.250767778635996450e+02 1.523420183665550987e+00
1.106924300000000017e+02 8.721729999999999761e-01 1.182762194227609598e+02 2.416626800510406170e+01
1.203130950000000041e+02 1.544907599999999981e+01 1.232462495729941594e+02 9.880525663755111765e+00
1.060215299999999985e+02 3.060406000000000049e+01 1.225467783014424725e+02 2.800015586743125340e+00
1.283254399999999862e+02 1.265509899999999988e+01 1.280806290864178720e+02 1.343776729285574589e+01
9.837326000000000192e+01 3.410959199999999925e+01 1.085983280061596474e+02 2.298651257705104811e+01
1.054755250000000046e+02 9.531067999999999429e+00 1.138061354819124347e+02 3.554968729615565870e+00
1.167593700000000041e+02 2.162810899999999847e+01 1.244730447031384699e+02 1.447051917582685832e+01
1.048792499999999990e+02 1.661124399999999923e+01 9.598655754877601964e+01 1.856931918217863409e+00
1.202836599999999976e+02 1.236480500000000049e+01 9.527752029556239677e+01 3.186050972674608417e+01
1.378613000000000000e+02 1.162365699999999968e+01 1.002788617362345036e+02 2.313041582473219293e+01
1.301094799999999907e+02 1.724228499999999897e+01 1.238416523722401195e+02 6.660268736932306588e+00
1.129410900000000026e+02 1.928609799999999908e+01 1.140263189142420970e+02 3.163447952147194542e+01
1.109553400000000067e+02 1.066729000000000038e+00 1.199112171499573236e+02 1.477872477654148575e+01
1.377912300000000130e+02 9.822943000000000424e+00 1.242066624999183944e+02 2.746838160170770138e+01
1.281042500000000075e+02 1.263489599999999946e+01 9.342076918172639921e+01 3.029801172923774999e+01
1.335680000000000121e+02 1.057251199999999969e+01 1.161594962345606348e+02 3.460885661245647071e+01
1.032809749999999980e+02 1.728598600000000118e+01 1.034207755242078122e+02 1.433120917379604720e+01
1.188353800000000007e+02 2.132730300000000057e+01 9.846006122437975705e+01 8.179193903926190501e+00
1.248270700000000062e+02 4.432827999999999768e+00 1.196698652170731094e+02 2.112779355166658846e+01
1.131231460000000055e+02 2.764571000000000112e+00 1.066871068890374374e+02 9.396450038645284053e+00
9.797517999999999461e+01 2.656917599999999879e+01 1.179165822470669411e+02 1.640321913045270108e+01
1.039746800000000064e+02 2.082602500000000134e+01 1.214769581987854679e+02 2.768888173739783198e+01
1.051010700000000071e+02 8.262510999999999939e+00 1.194670026186351350e+02 3.094360317276515460e+01
1.373412800000000118e+02 7.320990000000000553e-01 1.200303461325224532e+02 3.620626207824921394e+00
1.164053499999999985e+02 1.685597999999999885e+01 1.373604031628399298e+02 1.946277714015291949e+01
1.332452999999999861e+02 2.728622999999999799e+00 1.340085553921813357e+02 2.553310897158757697e+01
1.148329200000000014e+02 2.281423799999999957e+01 1.154710547974314352e+02 1.398788664839539120e+00
1.212077560000000034e+02 3.169395300000000049e+01 9.262017827038629036e+01 2.900303392910221767e+00
9.410971999999999582e+01 1.075564600000000048e+01 1.194933727557362317e+02 2.029129432519594101e-01
1.237802499999999952e+02 7.976399999999999935e+00 1.112563996770413723e+02 1.339278196946572663e+01
1.320785700000000134e+02 1.136370800000000081e+01 1.130281059308815657e+02 2.456461886784194348e+01
1.234837399999999974e+02 2.555160000000000209e-01 1.312127614943985350e+02 1.156079134261784525e+01
9.204438000000000386e+01 2.020230499999999907e+01 1.294235012403991902e+02 1.651380169596895442e+01
1.321534699999999987e+02 7.309249999999999581e+00 1.300053402759776304e+02 2.387421829585535349e+01
1.351008600000000115e+02 2.345284300000000144e+01 1.072841815055830637e+02 2.234058901529614616e+01
9.311654000000000053e+01 1.801235199999999992e+01 9.467061308215497206e+01 8.241774583661040765e+00
1.064823149999999998e+02 3.252676000000000123e+00 1.111652327798231994e+02 6.755259621905584488e+00
1.221371100000000069e+02 3.243491000000000213e+01 1.197173253993776711e+02 3.957471565481321285e+00
1.106384299999999996e+02 3.058228099999999827e+01 9.292849653968922041e+01 6.055990242174164706e+00
1.262763199999999983e+02 1.215531000000000006e+01 1.091926717637985860e+02 1.709580792382212167e+01
1.206282599999999974e+02 1.361213200000000079e+01 1.265687088607064368e+02 5.425887011410047478e+00
1.261324800000000010e+02 2.826121900000000053e+01 1.218416940376773709e+02 1.340158651140407642e+01
1.220831000000000017e+02 5.744365000000000165e+00 1.021805715904803975e+02 1.861779261951875242e+01
1.004608149999999966e+02 1.180514800000000086e+01 1.377019361685108265e+02 1.449514450927068543e+00
1.116914900000000017e+02 1.667273899999999998e+01 1.202442566408808489e+02 2.696158736573605452e+01
1.007646940000000058e+02 2.517087599999999981e+01 9.353290083117805409e+01 1.089101587188660147e+01
1.350492700000000070e+02 1.381308300000000067e+01 1.206973100351862342e+02 1.466706845428710260e+01
9.386674499999999455e+01 5.584399000000000335e+00 1.072653886241359942e+02 4.514644436737546229e+00
1.194749450000000053e+02 3.442628000000000021e+00 1.160992692789437228e+02 2.924482786040180216e+01
1.090422400000000067e+02 3.257660000000000000e-01 1.116331323813390384e+02 1.537510239386922173e+01
1.064764899999999983e+02 2.161875300000000166e+01 9.251762779119262348e+01 1.694107434780490706e+01
1.225821150000000017e+02 6.734340000000000437e+00 1.025604247508086502e+02 2.417434001751517414e+01
1.066743699999999961e+02 3.105507700000000071e+01 1.034670383641886815e+02 1.336024445456114940e+01
1.268122939999999943e+02 2.672148999999999930e+01 1.158622192011901859e+02 6.565271934030273648e+00
1.355431199999999876e+02 2.001708199999999849e+01 1.141808300532981093e+02 9.230553728456719398e+00
1.285975599999999872e+02 1.229112600000000022e+01 1.005668303262058032e+02 3.359526038251976132e+01
1.033669500000000028e+02 2.366564999999999941e+01 1.377149927298080456e+02 3.247987616153876900e+01
1.207227500000000049e+02 6.894565000000000055e+00 1.374381666162656188e+02 3.402880801948406742e+01
1.148769499999999937e+02 6.728119999999999656e-01 1.112312289869260553e+02 4.537378136506371007e+00
1.199698300000000017e+02 1.242413400000000046e+01 1.086768102745921141e+02 1.364734447621370705e+01
1.276148699999999963e+02 1.206080700000000050e+01 1.305351159215460939e+02 2.615501961454902613e+01
1.065750199999999950e+02 2.890432200000000051e+01 9.341847197972219874e+01 1.714999093194037982e+01
9.462124000000000024e+01 2.250560199999999966e+01 1.179362769896566761e+02 1.833952017091872477e+01
1.287149499999999875e+02 8.613853000000000648e+00 1.362751304075524672e+02 3.838181331602088964e+00
1.035757499999999993e+02 1.086949599999999982e+01 1.064635210738785247e+02 1.969659152187885098e+01
1.008170850000000058e+02 2.297933400000000148e+01 1.092399847406213098e+02 1.588063814325650824e+01
1.329613999999999976e+02 9.990607000000000681e+00 1.244870983060823164e+02 2.794735811383731416e+01
1.055944099999999963e+02 1.730002199999999846e+01 9.884158182297169049e+01 2.644489665925049238e+01
1.269099199999999996e+02 8.830450000000000799e+00 1.173907836235950981e+02 7.499915065476431053e+00
1.255558699999999988e+02 4.544313999999999965e+00 9.424918907322140171e+01 3.420824122880364371e+01
1.220030500000000018e+02 1.467741900000000044e+01 1.341024854231534391e+02 9.090173652336522636e+00
1.181806899999999985e+02 1.782495300000000071e+01 9.502808447651389656e+01 3.458615484398693241e+01
1.048228900000000010e+02 3.249645600000000201e+01 1.379900817985391654e+02 9.083377635425938124e+00
1.346454300000000046e+02 1.258279899999999962e+01 9.261069240971617944e+01 2.870005473586294187e+01
1.292556600000000060e+02 1.137209400000000059e+01 1.376640183850404355e+02 2.164999136204874119e+01
1.377009099999999933e+02 1.744961199999999835e+01 1.360539846811074369e+02 2.738613212277403175e+00
1.118422850000000039e+02 1.812244600000000005e+01 1.299039415401672954e+02 5.488267405735747673e+00
1.205864299999999929e+02 8.516370000000000218e+00 1.156496573687632861e+02 2.278665924854439417e+00
1.218425699999999949e+02 1.623406200000000155e+01 1.168076892248298861e+02 1.760655402483121534e+01
1.185999149999999958e+02 1.150301600000000057e+01 1.152715510881805159e+02 6.271120996806795134e+00
1.123523600000000044e+02 2.472185899999999847e+01 1.245075380892918133e+02 9.729856595751384063e+00
1.066796700000000016e+02 7.535884000000000249e+00 1.049560479024169837e+02 2.138133367281255914e+01
9.889706999999999937e+01 1.656511100000000170e+01 1.079444599136884193e+02 2.905143316739017934e+01
9.698529000000000622e+01 2.906835600000000142e+01 9.651587131460168223e+01 2.218144234354026878e+01
1.014903900000000050e+02 3.396592700000000065e+01 1.296327031296236783e+02 1.106866606823179566e+01
1.073838200000000001e+02 2.117361000000000004e+01 1.136507403718128728e+02 1.810140091222114833e+01
1.367237700000000018e+02 5.390139999999999931e-01 1.145722639741235724e+02 2.871550947853628344e+01
1.159256900000000030e+02 2.697432299999999827e+01 9.916063783079410143e+01 2.084071029934788655e+01
1.172729949999999945e+02 2.140795900000000174e+01 1.112572126423832088e+02 1.179047813094912911e+00
9.808326999999999884e+01 2.820190200000000047e+01 1.067190657919830556e+02 1.218591179985176076e+01
1.164583360000000027e+02 2.065202999999999989e+01 1.122781331226560440e+02 1.218294470440059918e+01
1.133171600000000012e+02 1.842608800000000002e+01 9.841839623319795294e+01 2.090513995175404816e+01
1.209513000000000034e+02 1.574554299999999962e+01 1.196817034246324880e+02 2.136665394867307111e+00
1.235973099999999931e+02 1.219101299999999988e+01 9.732939898203400730e+01 2.294168426432530339e+01
1.103286899999999946e+02 1.103283000000000014e+00 9.582428127120685701e+01 2.153699505170546402e+01
1.217480850000000032e+02 1.688053000000000026e+00 1.288954521750515596e+02 1.748406436450828849e+01
1.138388060000000053e+02 1.427283199999999930e+01 1.257714092664186012e+02 5.481994528387562404e+00
1.349317599999999970e+02 1.207422299999999993e+01 9.813813427373371212e+01 2.347503971508661991e+01
1.285662100000000123e+02 1.856218499999999949e+01 9.614152771814464415e+01 9.723546045902910606e+00
1.205464199999999977e+02 1.931105200000000011e+01 1.359262736749662110e+02 2.096921968502537226e+01
9.557426999999999850e+01 1.669002300000000005e+01 1.047320079732153602e+02 2.307560114488389402e+01
1.077520999999999987e+02 2.914027000000000100e+01 1.159024225843892282e+02 3.239450198350495924e+01
1.077314800000000048e+02 2.793261299999999991e+01 1.273213167607110847e+02 2.749556316922581800e+01
1.374745599999999968e+02 3.138292099999999962e+01 1.229739254830216595e+02 7.425366458740959352e+00
9.848784999999999457e+01 2.775841000000000136e+01 1.236509578245508010e+02 3.005515508500419486e+01
1.125651100000000042e+02 1.389909199999999956e+01 1.217253911507428938e+02 1.357497801378041657e+01
1.229745099999999951e+02 1.295093400000000017e+01 1.065807027378628788e+02 1.515338528305244914e+01
1.015828300000000013e+02 3.012794999999999845e+01 9.912337542472732821e+01 5.856598713253710287e+00
1.335451400000000035e+02 1.390628799999999998e+01 1.009044706660687325e+02 4.797102681420136960e+00
1.082674300000000045e+02 2.621295500000000089e+01 1.237015326826870876e+02 2.702537065177703468e+01
1.106396600000000063e+02 3.104340399999999889e+01 1.046606564386850948e+02 5.622628003842019773e+00
9.911983499999999481e+01 3.033258400000000066e+01 1.134046667295762489e+02 2.150946207704446778e+01
1.289606799999999964e+02 1.261729300000000009e+01 1.170337183652855231e+02 1.988428617171989643e+01
1.075895799999999980e+02 1.972467400000000026e+01 1.349706097573108252e+02 1.090065402237485337e+01
1.026667000000000058e+02 2.719775200000000126e+01 1.054391808666114230e+02 3.565834540891646753e+00
1.095199900000000071e+02 2.535725599999999957e+01 1.041086085540918447e+02 2.888884640196369347e+01
9.655877999999999872e+01 1.599573400000000056e+01 1.225132308335664675e+02 2.487089477096446011e+00
9.511124399999999923e+01 2.042535200000000017e+01 1.355890132996387933e+02 3.340524772875432546e+01
1.098771440000000013e+02 2.681062700000000021e+01 9.955328930098691842e+01 8.872364416103323270e-01
1.265867599999999982e+02 2.725253899999999874e+01 1.274927620778187247e+02 2.179677291258472493e+01
9.321605999999999881e+01 1.888607999999999976e+01 1.260233812946993908e+02 1.634295290598227979e+01
1.186330399999999941e+02 1.129537400000000069e+01 1.305523060234369268e+02 1.501147914788500870e+01
1.039038099999999929e+02 2.730013999999999896e+01 1.228429873462826833e+02 3.184616749065526164e+01
1.057339300000000009e+02 2.254277000000000086e+01 1.058621699535793965e+02 1.585522858098742560e+01
1.140832999999999942e+02 2.683112699999999862e+01 1.293286416583537743e+02 1.443450938175115272e+00
9.954317000000000348e+01 2.821960599999999886e+01 1.165888447226717943e+02 1.018835639955427652e+01
1.352721099999999979e+02 9.163007999999999598e+00 1.164181315634224063e+02 7.418399224416086568e+00
1.264931950000000001e+02 3.052376699999999943e+01 1.112989262540231863e+02 7.090517270872632949e+00
1.149996699999999947e+02 3.686024000000000189e+00 1.069594990354490562e+02 5.853375862411650310e+00
1.338926400000000001e+02 1.374230400000000074e+01 1.060938021156452038e+02 7.610760402113999845e+00
1.213812000000000069e+02 2.332711600000000018e+01 1.309268459007612648e+02 1.356526225171184485e+01
1.068959600000000023e+02 4.261408999999999558e+00 9.400979544484989958e+01 3.417682316259531916e+01
1.022510599999999954e+02 1.265013899999999936e+01 1.109928411018933758e+02 1.955726984677641411e+01
1.211231700000000018e+02 5.250886000000000386e+00 1.144795229363200804e+02 8.266262513867715711e+00
1.001638200000000012e+02 3.052398099999999914e+01 1.358536303334879847e+02 3.246452242808232569e+01
1.079575040000000001e+02 1.263439100000000082e+01 1.120168770314231494e+02 2.581055905459092870e+01
1.180764159999999947e+02 1.789309899999999942e+01 1.322340608091629974e+02 1.181611925255196027e+01
1.236907599999999974e+02 2.655348599999999948e+01 1.167058466371760375e+02 6.136471932867375578e+00
1.222444500000000005e+02 8.908201999999999288e+00 1.119188176033226512e+02 8.487563616293252622e+00
1.001482199999999949e+02 1.817409899999999823e+01 1.294086371797532706e+02 2.991540147115848036e+00
1.132756650000000036e+02 2.208142499999999941e+01 9.684187128312125026e+01 1.166821414731197315e+01
1.222112300000000005e+02 1.084067199999999964e+01 1.290801558970708527e+02 2.098429177354720565e+01
1.212147099999999966e+02 1.824274799999999885e+01 1.107561455302526952e+02 2.787465410677849320e+01
1.276204900000000038e+02 1.005807899999999933e+01 1.268015325869412493e+02 1.987007351062171523e+01
1.078126500000000050e+02 2.074755499999999842e+01 1.001741682193276972e+02 3.492449624940796582e+01
1.017679899999999975e+02 1.656687200000000004e+01 1.312514635999531833e+02 5.984856810465707611e+00
1.233786699999999996e+02 4.075228000000000073e+00 1.266496897537423081e+02 1.114189466682205953e+01
1.306066700000000083e+02 3.339365399999999795e+01 9.590543828918347913e+01 1.282405566462820978e+01
9.910477000000000203e+01 2.538836900000000085e+01 1.156246781773636201e+02 5.661118274976177034e+00
1.286027200000000050e+02 8.726665000000000560e+00 1.209499396586267750e+02 3.471005516914683398e+01
1.303903999999999996e+02 2.805204999999999949e+00 1.322390698126582436e+02 3.148500142988833073e+00
1.214991760000000056e+02 1.366147199999999984e+01 1.225056511510555879e+02 2.124619305339961173e+01
9.969432999999999367e+01 1.796410600000000102e+01 9.825846194936946176e+01 2.192608926760055255e+01
1.174418639999999954e+02 1.991549499999999995e+01 1.301443023809358408e+02 2.192253632489483550e+01
9.446862000000000137e+01 4.517010000000000192e-01 1.212177655571308890e+02 2.044059581069976161e+01
1.281656299999999931e+02 6.427754000000000190e+00 1.098600764485501884e+02 3.227987923708479912e+01
1.028996700000000004e+02 1.578575000000000017e+01 1.106685101402874665e+02 2.867135909879840572e+00
1.141837539999999933e+02 2.640196200000000104e+01 9.879566820213392475e+01 1.891791238489536298e+01
1.196053399999999982e+02 1.343893199999999943e+01 1.315367198474682198e+02 8.220607225981265032e+00
9.922207000000000221e+01 4.366456999999999589e+00 1.328232617819426196e+02 2.605566443519118636e+01
1.169782000000000011e+02 4.263942000000000121e+00 1.117093807251491171e+02 3.612453815873795104e-01
1.295191499999999962e+02 3.220691300000000012e+01 1.219259525828517212e+02 1.817794419342563828e+01
1.202024300000000068e+02 1.971341999999999928e+01 9.937450129566846613e+01 5.874563615192266219e+00
1.064715499999999935e+02 3.050993000000000066e+00 9.861648634297050364e+01 1.722307705016112322e+01
1.165043500000000023e+02 1.716985000000000028e+01 9.245101766115594444e+01 2.742151275458377313e+01
1.183328860000000020e+02 6.461452999999999669e+00 1.007908581600844684e+02 1.347619446814189637e+01
1.333482799999999884e+02 1.179657699999999920e+01 1.309753182222286796e+02 1.905806512737437330e+01
1.007371399999999966e+02 2.470236600000000138e+01 1.141842447243388534e+02 2.552243512547208937e+00
1.275956950000000063e+02 1.332109900000000025e+01 9.406002475860452705e+01 3.039872391310622035e+01
1.294916100000000085e+02 2.620026999999999884e+00 1.213078261939344742e+02 3.601918310576147420e+00
1.044513100000000065e+02 2.886278000000000077e+01 1.166371228133082525e+02 2.484979926581182852e+01
1.085017849999999981e+02 2.128969999999999985e+01 9.789531657018632416e+01 8.780161659977506972e+00
1.174769100000000037e+02 1.248690799999999967e+01 9.423825302578032392e+01 9.225139977670995250e+00
1.104587499999999949e+02 2.348718999999999824e+01 1.131263518560456873e+02 2.242380890864298948e+01
1.033311999999999955e+02 8.036189999999999500e+00 1.146257822331457561e+02 2.890461138427173893e+01
1.250190400000000039e+02 1.223044999999999938e+01 1.210545301686791078e+02 3.490505343973715213e+01
1.327581000000000131e+02 3.298633999999999844e+00 9.878676816674541783e+01 7.732600167765094845e+00
9.838697999999999411e+01 2.572221800000000158e+01 1.117012144509379397e+02 7.969113869920127158e+00
1.316590400000000045e+02 1.172049799999999919e+01 1.283699369337003873e+02 3.362036908295225146e+01
1.009878700000000009e+02 1.558966700000000039e+01 9.787204140310500122e+01 1.209014342372152662e+01
1.211260759999999976e+02 1.171536500000000025e+01 1.206601555133347574e+02 2.862162260101249700e+01
1.074125099999999975e+02 6.090900000000000425e+00 1.301548775936776394e+02 1.279699558105050272e+01
1.167539400000000001e+02 1.200967200000000012e+01 1.246116567543619169e+02 2.617585724333006780e+01
1.004048300000000040e+02 2.599754000000000076e+01 9.933253599275558088e+01 7.426426591913901198e+00
1.259025960000000026e+02 8.412031000000000702e+00 1.111335673155857933e+02 1.957483121487189948e+01
1.126016500000000065e+02 1.711163499999999971e+01 1.221931866687572921e+02 2.134313824600627640e+01
1.305723099999999874e+02 3.448748799999999903e+01 1.015810022413629952e+02 2.322460586372504565e+01
1.291512099999999919e+02 1.286193699999999929e+01 1.192931462795258568e+02 5.482533834966083930e+00
1.221725399999999979e+02 1.971065000000000067e+00 1.227045634896713153e+02 3.172220734028055134e+01
1.365897199999999998e+02 8.289113999999999649e+00 1.197431369623093929e+02 2.417756535346520863e+01
1.292459900000000061e+02 4.137847999999999971e+00 1.286987326945873065e+02 1.429702222415871127e+01
1.270006400000000042e+02 1.816579000000000121e+01 1.260167827856645602e+02 1.608543241403634028e+01
1.358929100000000005e+02 1.341391800000000067e+01 9.838337276450685920e+01 3.055877284154406937e+01
1.330899400000000128e+02 1.250860000000000083e+00 9.664703190397531785e+01 2.771803045172128321e+01
1.141925499999999971e+02 2.823162999999999911e+01 1.287500768948302152e+02 2.339709411998365596e+01
