1.286900599999999883e+02 1.486477799999999938e+01 9.391282442578051359e+01 2.596445319564395149e+01
1.285425299999999993e+02 2.874658000000000158e+01 1.335553307505189196e+02 2.557186873489188983e+01
1.029688699999999955e+02 1.518273899999999976e+01 1.363094265942520735e+02 3.172975986723688280e+01
1.216335140000000052e+02 1.368565999999999949e+00 1.207635788691083008e+02 2.321778628951801693e+01
1.212857800000000026e+02 1.172821099999999994e+01 1.140349079390554436e+02 2.247026488127658439e+01
1.007371399999999966e+02 2.470236600000000138e+01 9.906979862200493869e+01 1.810257135239822235e+00
1.074301300000000055e+02 3.293291500000000127e+01 1.061684507655823495e+02 4.009976440262130737e-01
9.974071999999999605e+01 1.632757600000000053e+01 9.665859938981978416e+01 1.677103110362448035e+01
1.205876159999999970e+02 1.334072899999999962e+01 1.043394497749748808e+02 5.461236372066529121e+00
1.305980999999999881e+02 1.224686600000000070e+01 1.164176686907088083e+02 3.095352577720069220e+00
1.011063460000000021e+02 3.288495000000000346e+01 1.201185267120904570e+02 2.229125671909438466e+01
1.009080399999999997e+02 2.003603999999999985e+01 9.930442342052795368e+01 1.987722768102909043e+01
1.129650599999999940e+02 1.078936599999999935e+01 1.243766411595318147e+02 8.781034326920575950e+00
1.183328860000000020e+02 6.461452999999999669e+00 1.105421116145551537e+02 1.399936848042246851e+01
1.158468500000000034e+02 2.654724699999999871e+01 1.159390223405933256e+02 6.898770427495549917e+00
1.284304700000000139e+02 1.899298699999999940e+01 1.311923483004721049e+02 6.823778875486844697e+00
1.303903999999999996e+02 2.805204999999999949e+00 1.115539627889777705e+02 7.932468931214227581e+00
1.362104300000000023e+02 3.216197000000000195e+00 1.286333491742423405e+02 3.173281604549544355e+01
9.357684000000000424e+01 1.529489399999999932e+01 1.298171849235194202e+02 7.366276526985234163e+00
1.222486099999999993e+02 1.220074699999999979e+01 1.073356176060361520e+02 1.976739945053341074e+01
1.060799499999999966e+02 9.110470000000000512e-01 9.372392336244432443e+01 9.782387433027631474e+00
1.205836900000000043e+02 3.392866999999999855e+00 1.203552515269236807e+02 7.283230975456496559e+00
1.188096199999999953e+02 2.054302399999999906e+01 1.006650195974967659e+02 2.528160714701644807e+01
1.303218400000000088e+02 8.996290000000000120e-01 9.772825925796949775e+01 9.575604677741720749e+00
1.148329200000000014e+02 2.281423799999999957e+01 1.372286637825707203e+02 2.686330533906609475e+01
1.174917099999999976e+02 2.498683400000000177e+01 1.095660226581688903e+02 1.141505533064791322e+01
1.179452600000000047e+02 3.413794299999999993e+01 1.361056823751028446e+02 3.292125330598015154e+00
1.226914500000000032e+02 9.774010000000000531e+00 1.242730649002979106e+02 2.963650595822375067e+01
9.981167000000000655e+01 2.547162799999999905e+01 1.208044985781364176e+02 1.182894361991230525e+01
9.490277000000000385e+01 2.671841999999999828e+01 1.009199347862102201e+02 1.075827786370026828e+01
1.007028959999999955e+02 2.068726699999999852e+01 1.214602443526406432e+02 2.610651522467913921e+01
1.220304600000000050e+02 5.662862999999999758e+00 9.853384825539467329e+01 1.125175936759921314e+01
1.369836099999999988e+02 2.763330999999999982e+00 1.174288123442829601e+02 1.403973555522106764e+01
1.162218600000000066e+02 1.465482599999999991e+01 1.059064640514204001e+02 1.807823435887044194e+00
1.244378499999999974e+02 2.619258100000000056e+01 1.094361087331627829e+02 1.333117454527602419e+01
9.284171999999999514e+01 9.692450000000000232e-01 9.903130770796441595e+01 8.303283816924587057e+00
1.006227399999999932e+02 1.954385600000000167e+01 1.089775120763634533e+02 4.247439342551939667e-01
1.214690899999999942e+02 8.585041999999999618e+00 9.688736352007525454e+01 1.223918597728330937e+01
1.074369499999999960e+02 2.925465799999999916e+01 1.239836033475639425e+02 2.681202818120785381e+01
1.053674550000000067e+02 7.722144000000000119e+00 1.358166636882796183e+02 2.914553674045219722e+01
1.127789899999999932e+02 1.603903199999999885e+01 1.218096892871890589e+02 7.932081998581047566e-01
1.254562600000000003e+02 3.918108000000000146e+00 1.009440337061210329e+02 2.058616154581046942e+01
1.066796700000000016e+02 7.535884000000000249e+00 9.305553004605306455e+01 1.822253738316443261e+01
1.069558300000000060e+02 3.322021000000000157e+01 1.048594074445536108e+02 1.593098903591517868e+01
1.062175399999999996e+02 1.773735800000000040e+01 1.137779220215330156e+02 3.113980207888232243e+01
9.363790000000000191e+01 1.419008299999999956e+01 9.541495548193951493e+01 5.413210967157099596e+00
1.041328660000000070e+02 2.457218200000000152e+01 1.070419750421914813e+02 1.393040587409733710e+01
9.689548999999999523e+01 3.139643900000000087e+01 1.112722557086247974e+02 2.456402759290395199e+00
1.148470839999999953e+02 1.232656199999999913e+01 1.192929923944898576e+02 1.255305503916492604e+01
1.294410000000000025e+02 2.921653200000000083e+01 1.246710197843850381e+02 2.474150647130050373e+01
1.274334099999999950e+02 7.574142000000000152e+00 1.096485063342798725e+02 3.972979491027023302e-01
1.066686859999999939e+02 3.609456000000000220e+00 9.591035734947993774e+01 3.186235570508507919e+01
1.286229600000000062e+02 3.030732499999999874e+01 9.591204928066048296e+01 1.898077263083101229e+01
1.135080899999999957e+02 2.942609399999999908e+01 1.228972386675353334e+02 2.761490241542457724e+01
1.131231460000000055e+02 2.764571000000000112e+00 1.048788840956896991e+02 2.961351292050654394e+00
1.166195600000000070e+02 2.389059299999999908e+01 1.319514799305150348e+02 2.680983318906562474e+01
1.140755900000000054e+02 8.455011999999999972e+00 1.320700221265128107e+02 5.743751177265666641e+00
1.234837399999999974e+02 2.555160000000000209e-01 9.386425861702997508e+01 2.425289993395444554e+01
1.068714449999999943e+02 1.286970200000000020e+01 1.110727435746079692e+02 1.594264581155908722e+01
1.213759399999999999e+02 6.126888000000000112e+00 1.375705379713106140e+02 2.962405803787124015e+01
1.355432900000000132e+02 8.343788999999999234e+00 1.154542472478843536e+02 7.190504124619281789e+00
1.349553200000000004e+02 1.906885099999999866e+01 1.186085285481177323e+02 2.662410101519517980e+01
9.592883000000000493e+01 2.637040999999999968e+01 1.141255873816496518e+02 6.613878718711535321e+00
1.083133540000000039e+02 2.792756299999999925e+01 9.752630210162280378e+01 3.159173143110626469e+00
1.179293399999999963e+02 2.794945999999999842e+01 1.324648388350656205e+02 5.187650467226424311e+00
1.330253999999999905e+02 1.143711000000000055e+01 9.745350967596033342e+01 2.104481816334104494e+01
1.182972699999999975e+02 1.483025899999999986e+01 1.129066860728626978e+02 2.932452006871945294e+00
1.334171399999999892e+02 1.512338199999999944e+01 9.952800468283315638e+01 2.478338723838980329e+01
1.082674300000000045e+02 2.621295500000000089e+01 1.162779462879763770e+02 1.223547763031853819e+01
1.183964100000000030e+02 2.882246400000000008e+01 1.074871970219161170e+02 4.899181831131754761e-01
9.953991000000000611e+01 1.765159200000000084e+01 1.165299694664075645e+02 6.315555985253168414e-01
1.309042699999999968e+02 3.316279600000000016e+01 1.146227020037052426e+02 3.019616987374523731e+01
1.158917540000000059e+02 1.912817799999999835e+01 9.809204212309336413e+01 2.384273748840373131e+01
1.109616900000000044e+02 1.647451399999999921e+01 1.280698804319366957e+02 1.864128523944220461e+01
1.213953300000000013e+02 5.272655000000000314e+00 1.329666052149922280e+02 3.325653690044478594e+01
1.081673300000000069e+02 3.137665000000000148e+01 1.053786800717945766e+02 2.394228835151615087e+01
1.117770399999999995e+02 2.602037199999999828e+01 1.188750758411977984e+02 2.881206976962093336e+01
1.057254400000000061e+02 1.247801699999999947e+01 1.029032615526651284e+02 2.428605626889143920e+01
1.068862400000000008e+02 1.928219199999999844e+01 1.185885908642764122e+02 3.225207755045708069e+01
1.197852249999999970e+02 2.018067599999999828e+01 1.286016087689492053e+02 1.639660090879786480e+01
1.262143800000000056e+02 1.201316999999999968e+00 1.237200192955841658e+02 2.243799588065173722e+01
1.207063399999999973e+02 1.393922799999999995e+01 9.409616649667073318e+01 2.659270373954951250e+00
1.293009299999999939e+02 1.654629999999999990e-01 1.339043771627338799e+02 6.214237873001143830e-01
9.479399999999999693e+01 2.222920399999999930e+01 1.326092016176718289e+02 2.953338768054683428e+01
1.237802499999999952e+02 7.976399999999999935e+00 1.352624159140988525e+02 3.482744955529618380e+01
1.207382000000000062e+02 1.915753600000000034e+01 9.232677167426349740e+01 1.803189239826527768e+01
1.058327900000000028e+02 3.348162500000000108e+01 9.454501929554200501e+01 1.154945852202030210e+01
1.090113900000000058e+02 1.594006100000000004e+01 9.812634069268437997e+01 5.873497029708324435e-01
1.057738700000000023e+02 3.275798400000000044e+01 1.294745379841062629e+02 3.116310494983010670e+01
1.250190400000000039e+02 1.223044999999999938e+01 9.589178350690578156e+01 1.275542604248669143e+01
1.203130950000000041e+02 1.544907599999999981e+01 1.260467061402663944e+02 1.212177549727629966e+01
9.264901000000000408e+01 2.078608699999999843e+01 1.231506258578700113e+02 2.507659660576004867e+01
1.241735800000000012e+02 1.073339700000000008e+01 1.010780743651274491e+02 1.385302532408528364e+01
1.187915799999999962e+02 1.987776600000000116e+01 1.345089769869504153e+02 2.293082633858638530e+01
1.003017040000000009e+02 2.323865999999999943e+01 9.869481776237105919e+01 2.605174953519647829e+01
1.371154999999999973e+02 4.333319999999999950e-01 1.377533689918694790e+02 2.014400062880805820e+01
1.178990299999999962e+02 2.116672000000000153e+01 1.130413169078655358e+02 2.427255956782532476e+00
9.567327000000000226e+01 3.478048299999999671e+01 1.371072562912858359e+02 1.613431326553269685e+01
1.210699099999999930e+02 1.798126600000000153e+01 1.067468462492254559e+02 3.008645219639087998e+01
1.176570099999999996e+02 2.176196300000000150e+01 1.028642433265428622e+02 2.546328467193063361e+01
9.698529000000000622e+01 2.906835600000000142e+01 1.192700900361220704e+02 3.112391748550362180e+01
1.293029500000000098e+02 1.281317699999999959e+01 1.016214216035055813e+02 4.612375323905768099e+00
1.172721250000000026e+02 1.818978299999999848e+01 1.366186679810198541e+02 2.077731482161598464e+01
1.274336799999999954e+02 5.681447999999999610e+00 1.108692897024085084e+02 1.535792084524323364e+01
1.008170850000000058e+02 2.297933400000000148e+01 1.377075411276672696e+02 5.609726546018121596e+00
1.247720099999999945e+02 6.038419999999999899e-01 1.094723886240249016e+02 3.488937485812834183e+01
1.003582999999999998e+02 2.007404500000000169e+01 9.867902808594358532e+01 1.418710737795482046e+01
1.317105899999999963e+02 1.118575099999999978e+01 1.109670780808224890e+02 3.489008469477391117e+01
1.217082599999999957e+02 1.563973999999999975e+01 9.223169099519023462e+01 1.075822580949390872e+00
1.177526100000000042e+02 1.388057899999999911e+01 1.302396782721592103e+02 1.474226487394731855e+01
1.260793199999999956e+02 1.507600200000000079e+01 1.161339399117106552e+02 3.004857444142430367e+01
1.020575599999999952e+02 3.032312399999999997e+01 1.376339228987224033e+02 8.537929773433214464e+00
1.376202000000000112e+02 4.332929999999999837e-01 9.650443761722313241e+01 3.038694489333953186e+01
1.358383000000000038e+02 1.360819200000000073e+01 9.982422722405843274e+01 5.528422730387868356e+00
1.301203199999999924e+02 9.073128999999999778e+00 1.271283804916185005e+02 9.139837301186476637e+00
1.067415100000000052e+02 2.775080900000000028e+01 1.052263812700393544e+02 1.238331777597813854e+01
1.087185099999999949e+02 1.082315200000000033e+01 9.926640493225923478e+01 3.686333236718332795e+00
1.020150399999999991e+02 1.459681100000000065e+01 1.157499568396990668e+02 3.190100227808957634e+00
1.136655350000000055e+02 2.345211400000000168e+01 1.036151325244126298e+02 3.166440743311951422e+01
1.225421139999999980e+02 1.088495900000000027e+01 1.154377121139669811e+02 2.438762214858130051e+01
1.217467800000000011e+02 3.821569999999999911e+00 1.092625018675056765e+02 3.542548849612586537e+00
1.148044000000000011e+02 2.044948799999999878e+01 9.761706286799483223e+01 1.926236465000380704e+01
1.332002899999999954e+02 1.412760000000000127e-01 1.246676375559706145e+02 1.525300589841146603e+01
1.099067840000000018e+02 1.686253999999999920e+01 1.200501127744240932e+02 1.094254349889863676e+01
1.091274599999999992e+02 2.936315300000000050e+01 9.286434172061066761e+01 9.016912681866751100e+00
9.609209400000000301e+01 1.652753299999999825e+01 1.011467303596420919e+02 1.229812402568080998e+01
9.520380000000000109e+01 2.239091700000000174e+01 1.157431695853173039e+02 2.339889170145371722e+01
1.098771440000000013e+02 2.681062700000000021e+01 1.028810114189264198e+02 2.655778117001766958e+01
1.006493899999999968e+02 1.672829600000000028e+01 1.245457889828322777e+02 9.778703950394715960e+00
1.240067399999999935e+02 2.538657399999999953e+01 1.147544496086816821e+02 2.183083428074478860e+01
1.021120999999999981e+02 2.292310000000000159e+01 1.373431200237567111e+02 9.452217189591523905e+00
9.910432400000000541e+01 1.760354200000000091e+01 1.028134517436807300e+02 3.179270719941094558e+00
1.301593200000000081e+02 3.440213800000000077e+01 1.035350001348959808e+02 6.736762121523284463e+00
9.569082000000000221e+01 2.712815700000000163e+01 9.762170097686427539e+01 1.352375733202527641e+01
1.170046200000000027e+02 2.565857000000000099e+01 9.843174114486033943e+01 1.626419420051292164e+01
1.265932540000000017e+02 1.222334599999999938e+01 1.118531962090251000e+02 3.297646496787194081e+01
1.308280000000000030e+02 1.675008999999999970e+00 9.521822622311597684e+01 3.470545767535222126e+01
1.190377660000000049e+02 3.042971800000000115e+01 1.316123711317742391e+02 1.937421097553755089e+01
1.091737799999999936e+02 3.453907000000000238e+01 1.027325587567794400e+02 2.340325045748741672e+01
1.078804999999999978e+02 1.347900000000000098e+00 1.047082973577996938e+02 2.894963627596567335e+01
9.654631999999999437e+01 4.674180000000000001e-01 1.102437286798155753e+02 1.016688367940891524e+01
1.179312000000000040e+02 9.954869000000000412e+00 1.133750562784373415e+02 3.012890670632901902e+01
1.062813639999999964e+02 9.905939000000000050e+00 1.255374899540943829e+02 1.724366968578134873e+00
1.376184800000000052e+02 1.351674500000000023e+01 1.367600079617715210e+02 2.229712381833198620e+01
1.183520900000000040e+02 1.158915299999999959e+01 1.198973809359348195e+02 2.233752281408286677e+01
1.093003099999999961e+02 1.012630000000000058e-01 9.425592938818671485e+01 2.767465915719634850e+01
1.167539400000000001e+02 1.200967200000000012e+01 1.353226547674974256e+02 6.991333190712229140e+00
1.237547799999999967e+02 1.402938000000000018e+00 1.331732617425238061e+02 2.750431340590571239e+01
1.232039299999999997e+02 2.544616699999999909e+01 1.366912084529049025e+02 1.260445500399980290e+01
9.511124399999999923e+01 2.042535200000000017e+01 1.100123398528701841e+02 2.131795206195910453e+00
1.219884500000000003e+02 2.734084500000000162e+01 1.079977813739332362e+02 3.196105258316313424e+01
1.140832999999999942e+02 2.683112699999999862e+01 1.232313495350312849e+02 1.470292087624899580e+01
1.223558649999999943e+02 2.753307300000000168e+01 9.620759440849317912e+01 2.425804554597397455e+01
1.287667099999999891e+02 1.207068300000000072e+01 1.148441531914413076e+02 3.089012363128288996e+01
1.030357699999999994e+02 2.493956400000000073e+01 1.206998088562386044e+02 2.041788721849141197e+01
1.275184249999999935e+02 3.174202500000000171e+01 1.211764283961068571e+02 1.894575762764907978e+01
1.216711800000000068e+02 9.723228000000000648e+00 1.334151324383676638e+02 8.573810780075458382e+00
1.223638150000000024e+02 9.904870000000000729e+00 1.160158244901691376e+02 2.165263573051587898e+01
1.303382699999999943e+02 1.019772700000000043e+01 9.981336240162244167e+01 4.026783179381198785e+00
1.108547200000000004e+02 1.948833799999999883e+01 1.292320976473384064e+02 7.565262761230043154e+00
1.078730850000000032e+02 3.194168000000000163e+01 1.054155187584096609e+02 1.984216239993713060e+01
1.079864000000000033e+02 3.225813699999999784e+01 1.296594234904193286e+02 2.434881023427213798e+00
1.062109700000000032e+02 3.381889000000000145e+00 1.001582213026423460e+02 1.943211442115781296e+01
1.174769100000000037e+02 1.248690799999999967e+01 1.202504094080174895e+02 2.886815663905423435e+01
1.357253100000000074e+02 1.245660299999999943e+01 1.082223784983886077e+02 2.754625712007186777e+01
1.116475999999999971e+02 2.947777999999999921e+01 1.176971625788271183e+02 3.457832250325854062e+01
1.061481249999999932e+02 1.205534000000000106e+00 9.232116880057198216e+01 7.013710136251392946e+00
9.321605999999999881e+01 1.888607999999999976e+01 1.176731165054834065e+02 9.503109276870521427e+00
1.051010700000000071e+02 8.262510999999999939e+00 1.249695398365024914e+02 2.038358254256763047e+01
9.833321999999999719e+01 1.876556400000000124e+01 9.229711382906957340e+01 2.313069035020389919e+01
1.318671400000000062e+02 3.457867000000000246e+01 1.127633219709436219e+02 1.329470141152915730e+01
1.329613999999999976e+02 9.990607000000000681e+00 1.237642880991021741e+02 1.269779857384675914e+01
1.246177200000000056e+02 1.150686000000000098e+00 1.369240533224370040e+02 1.309432632274032215e+01
1.366002000000000010e+02 2.353372600000000148e+01 1.194245283847219810e+02 3.376343567520793698e+01
1.142723500000000030e+02 1.447158600000000028e+01 1.061366136459106286e+02 3.404051091677551000e+01
1.014166199999999947e+02 2.477552599999999927e+01 1.053368186548396892e+02 1.840015524749041376e+01
1.331729400000000112e+02 1.186766300000000030e+01 1.218264902558576068e+02 3.088445339617260643e+01
1.042875439999999969e+02 1.675788000000000011e+01 1.238940420634776416e+02 1.644315486952962857e+01
1.365897199999999998e+02 8.289113999999999649e+00 1.039187791118813919e+02 7.333190010943169135e-01
1.205864299999999929e+02 8.516370000000000218e+00 1.016146645909915236e+02 1.352268469059521827e+01
1.285267200000000116e+02 1.431049299999999924e+01 1.213605746800871827e+02 9.663549851203786289e+00
1.376754999999999995e+02 1.454145600000000016e+01 9.226884494376621149e+01 8.113849083367902892e+00
1.180546499999999952e+02 5.906247999999999720e+00 1.015081057816204577e+02 1.708081641424563912e+01
1.209879799999999932e+02 1.243783900000000031e+01 1.072872539028216892e+02 2.855612217812321774e+01
1.086714099999999945e+02 1.278264599999999973e+01 1.126105301223469013e+02 9.475562145058631813e+00
1.264865340000000060e+02 1.459183699999999995e+01 1.334420054466632450e+02 3.438414386497659336e+01
1.063702300000000065e+02 3.500151999999999930e+00 1.187808561617504211e+02 3.312599774539560826e+01
1.007646940000000058e+02 2.517087599999999981e+01 1.216271715309238743e+02 8.137271009704715397e+00
1.005446000000000026e+02 2.298269499999999965e+01 1.187754596159672218e+02 3.568116118780506163e+00
1.083531200000000041e+02 1.792666600000000088e+01 9.551854463738111178e+01 2.820612045460124406e+01
1.026667000000000058e+02 2.719775200000000126e+01 1.299387768293099725e+02 2.745034431594504554e+01
9.869783999999999935e+01 2.488554600000000150e+01 1.348646982022954433e+02 2.555607094293050707e+01
1.088684839999999951e+02 1.869618999999999920e+00 1.344597563727984948e+02 8.151623251650409685e+00
9.838697999999999411e+01 2.572221800000000158e+01 1.326372656145221356e+02 6.059738859282232326e+00
1.092677800000000019e+02 3.181741999999999848e+00 1.138500134478356500e+02 2.489779257349836072e+00
1.077591400000000021e+02 1.810984399999999894e+01 1.050879178736173429e+02 3.145694954967050094e+01
1.151904700000000048e+02 8.768988999999999479e+00 9.789300251857463309e+01 5.143200484350146651e-01
1.205477139999999991e+02 7.351634999999999920e+00 1.251771013327049786e+02 3.092745849949424297e+01
1.006573939999999965e+02 2.060479399999999828e+01 9.570312880253376875e+01 2.757436014894114606e+01
1.200522399999999976e+02 3.491102000000000061e+01 9.435265280075897465e+01 1.613119397327289484e+00
9.486673000000000400e+01 1.936950699999999870e+01 1.055784730382908521e+02 2.140356491496104141e+01
1.190509339999999980e+02 3.018608700000000056e+01 1.320746733155725110e+02 1.682380664742253007e+00
1.307676400000000001e+02 9.199001000000000872e+00 1.008060791064521027e+02 1.487891432629631794e+01
1.349340400000000102e+02 1.608970000000000056e+01 1.104999903029119821e+02 5.702169514553879104e+00
1.083554599999999937e+02 1.583191200000000087e+01 1.290556923478530393e+02 2.346848939168300419e+01
1.201523200000000031e+02 2.317364500000000049e+01 1.133740052766009399e+02 2.484465355039154133e+01
1.224160899999999970e+02 7.696626000000000190e+00 1.193886524353833352e+02 2.526401170959629638e+01
1.205367660000000001e+02 1.833390400000000042e+01 1.054678795680297014e+02 1.973508496909900956e+01
1.267007399999999961e+02 1.415362099999999934e+01 1.323971977793053156e+02 2.713561592700666836e+01
1.065282440000000008e+02 1.715186000000000099e+00 1.196166952081010066e+02 2.674697159590707685e+01
1.286007500000000050e+02 8.765936999999999202e+00 1.078229006563014281e+02 3.374867569929901379e+01
1.029471499999999935e+02 1.203110299999999988e+01 9.333291216149218883e+01 2.831620755985741589e+00
1.287243799999999965e+02 8.558763000000000787e+00 9.215318988866127370e+01 1.379971733265385758e+01
1.279924850000000021e+02 1.403315199999999940e+01 1.078476806730541284e+02 1.348493157207524540e+01
1.187546099999999996e+02 1.839382399999999862e+01 1.347467102005585957e+02 3.391977701048845972e+01
1.068494100000000060e+02 1.800854100000000102e+01 1.306627392257966562e+02 3.041876754578283482e+01
1.139474799999999988e+02 1.840344800000000092e+01 1.258679146836344955e+02 2.921103497018175688e+01
1.176774800000000027e+02 2.114383099999999871e+01 9.579365085884327868e+01 1.422247321328809377e+01
1.269610100000000017e+02 1.226305200000000006e+01 1.211987478329276371e+02 9.043885109409414369e+00
1.358929100000000005e+02 1.341391800000000067e+01 1.007698916211462716e+02 9.434220935163665445e+00
1.206544499999999971e+02 1.271279400000000059e+01 1.321042110966168934e+02 3.022271422050329726e+00
9.910477000000000203e+01 2.538836900000000085e+01 1.016013969733514557e+02 4.877025831284054647e+00
9.793104999999999905e+01 2.979559499999999872e+01 1.174790202716734910e+02 6.357965174005078879e+00
1.064269500000000050e+02 1.623254999999999981e+01 1.277565810761194314e+02 8.792976698617836817e+00
1.152771500000000060e+02 4.479098999999999720e+00 1.195798681738291691e+02 1.438085276528463829e+01
1.326423499999999933e+02 1.280428000000000033e+01 9.277768625010432402e+01 1.539247475713180879e+00
1.208729550000000046e+02 1.335633900000000018e+01 1.122190894754205601e+02 1.214251243098119915e+01
1.065728000000000009e+02 5.804099999999999815e-01 9.685534046759231330e+01 7.767863742175994624e+00
1.291512099999999919e+02 1.286193699999999929e+01 1.370130239048367855e+02 1.822949425009002766e+01
1.118822600000000023e+02 1.745740999999999943e+01 1.222945254162532649e+02 1.788484780002662689e+01
9.643000000000000682e+01 3.087910799999999867e+01 1.004564831052607161e+02 1.978279558906382718e+01
1.308442000000000007e+02 8.125244999999999607e+00 1.241020658690657399e+02 2.301749190286159319e+00
1.068513599999999997e+02 2.497554999999999836e+01 1.036723329215850811e+02 9.167009907983114658e+00
1.170113750000000010e+02 1.037751100000000015e+01 1.093451433012576359e+02 1.926493525236661242e+01
1.353685499999999990e+02 1.775348299999999924e+01 1.205588127562577654e+02 3.179279483001065287e+01
1.335665099999999939e+02 1.182989399999999947e+01 1.280784962383909544e+02 1.070956803999186313e+01
1.219990200000000016e+02 5.213186999999999571e+00 1.114602940146415904e+02 2.806220929868084468e+01
9.848666000000000054e+01 1.054087299999999949e+01 1.337959733911929732e+02 2.240419474543045464e+00
1.121058799999999991e+02 5.483360000000000456e-01 1.365945724658465394e+02 1.619343478027525052e+01
1.074345600000000047e+02 3.142921400000000176e+01 1.058193024741192829e+02 1.360283499633167992e+01
1.221725399999999979e+02 1.971065000000000067e+00 1.055970094305031637e+02 5.876090519837052994e+00
1.064141999999999939e+02 1.183339199999999991e+01 1.198244557180088918e+02 2.260835934675036540e+01
1.252612100000000055e+02 1.041665000000000063e+01 9.962499249480960373e+01 2.138978477276181067e+01
1.341854999999999905e+02 2.963914499999999919e+01 9.556761901515918112e+01 2.372518249817757408e+01
9.446862000000000137e+01 4.517010000000000192e-01 1.137789026186464412e+02 6.067921898318183516e+00
1.158565700000000049e+02 3.633550000000000058e+00 1.183725081920524076e+02 2.206261606687342436e+01
1.270486300000000028e+02 1.419520600000000066e+01 1.010986814875998903e+02 1.207083773662204962e+01
1.094043350000000032e+02 2.911429400000000101e+01 1.149843489802981367e+02 1.018573165610621523e+01
1.085328200000000010e+02 2.570951300000000117e+01 1.191066512237073596e+02 6.126775543051720341e+00
9.774904999999999688e+01 2.897119999999999962e+01 1.045192037689327975e+02 2.134189716034837403e+01
1.100219600000000071e+02 2.893303699999999878e+01 1.349867863506441097e+02 3.015550608780018749e+01
1.199054399999999987e+02 1.518948900000000002e+01 1.174338832572454976e+02 2.548072937760004208e+01
1.216506349999999941e+02 9.985416000000000736e+00 9.823857746544462088e+01 1.292615264790631002e+01
1.126016500000000065e+02 1.711163499999999971e+01 1.000492785099805673e+02 1.061534049212064978e+01
1.102496799999999979e+02 2.905307200000000023e+01 1.121979774221522916e+02 3.351520700871921576e+01
1.262135240000000067e+02 1.085353699999999932e+01 1.249894428607154566e+02 6.334132033709670928e+00
1.190598499999999973e+02 3.034787000000000035e+01 1.212846003680722049e+02 2.409080446592913205e+01
1.071597500000000025e+02 4.558792000000000399e+00 1.296614920944841742e+02 2.437902019358869410e+01
1.223199099999999930e+02 8.781103999999999132e+00 9.606790374853035530e+01 3.067227137925549485e+01
1.039407649999999990e+02 1.002263800000000060e+01 1.187029607112176421e+02 2.331411500496468747e+01
1.040398940000000039e+02 3.205678000000000338e+01 1.348137662676264199e+02 1.895847903118129096e+01
1.335709999999999980e+02 3.229453000000000173e+01 1.000796277116508577e+02 3.123987174305017334e+01
1.139112700000000018e+02 2.125302100000000038e+01 1.254510882228657920e+02 6.214025530998003255e+00
1.087744299999999953e+02 9.552899999999999725e-01 1.247042823097865778e+02 1.429231144598525916e+01
9.706763499999999567e+01 3.140763000000000105e+01 1.012601749432818394e+02 5.175889510824280393e+00
9.868321000000000254e+01 2.970345299999999966e+01 1.007833830215576683e+02 1.065443881988213093e+01
1.237337600000000037e+02 9.310326999999999131e+00 1.257247578495048685e+02 2.123685722258884567e+01
1.009382860000000051e+02 1.326571500000000015e+01 9.690115195254634273e+01 2.054272749115639396e+00
1.007318700000000007e+02 2.756443600000000060e+01 1.151940220599365432e+02 2.932696031678129600e+01
1.062773360000000054e+02 3.356752000000000180e+01 1.253527174133375297e+02 7.693816101280343211e+00
1.005045199999999994e+02 2.882197800000000143e+01 1.358765764685595059e+02 2.417431896688158233e+01
1.191739350000000002e+02 1.736071400000000153e+01 1.111638674909050053e+02 3.440941752270212106e+01
1.220030500000000018e+02 1.467741900000000044e+01 1.287204546240384104e+02 1.066788564244026638e+01
1.355431199999999876e+02 2.001708199999999849e+01 1.030165894981921184e+02 7.571752510339901932e-01
1.245740399999999966e+02 7.411394999999999733e+00 1.139413232823350057e+02 1.041328307543635212e+01
1.011390499999999975e+02 3.278504999999999825e+01 1.377781117299582263e+02 8.820350917285104231e+00
1.114088299999999947e+02 2.254265600000000092e+01 1.135680983320711448e+02 5.817016510798964646e+00
1.205683899999999937e+02 1.373879100000000086e+01 1.090786913198447223e+02 1.230724242868490137e+01
1.114416300000000035e+02 1.862790100000000137e+01 1.268962780144813678e+02 8.505119180909233023e+00
1.181156600000000054e+02 2.807990600000000114e+01 1.039612205367620561e+02 3.423458762173022762e+01
9.982527000000000328e+01 2.515078700000000111e+01 1.302280907222850033e+02 2.114047970021317724e+00
1.096028799999999990e+02 2.265409999999999968e+01 1.346568757811894841e+02 3.008836823335993671e+01
1.270216999999999956e+02 1.202432300000000076e+01 1.347224809292311249e+02 2.834834500439159299e+01
1.019945450000000022e+02 1.624662599999999912e+01 1.169470089220153284e+02 1.139769550248864505e+01
1.061328350000000000e+02 2.596210900000000166e+01 1.079643654137341429e+02 2.202007755678933520e+01
1.279808500000000038e+02 1.237441800000000036e+01 1.143906585434204430e+02 2.214480899482376142e+00
1.274308900000000051e+02 1.213617600000000074e+01 1.155708203095118165e+02 2.652336741637613216e+01
1.199698300000000017e+02 1.242413400000000046e+01 1.047423507559142166e+02 1.645979352699842480e+01
1.030680899999999980e+02 2.392125499999999860e+01 1.190780005823178413e+02 2.371469478905521910e+01
1.040978850000000051e+02 1.695514100000000113e+01 1.105117890453036864e+02 3.441260135621561034e+01
1.222112300000000005e+02 1.084067199999999964e+01 1.379402272933832592e+02 1.830844859803170621e+01
1.077520999999999987e+02 2.914027000000000100e+01 1.103036805561141733e+02 2.615967318577574119e+01
1.189205999999999932e+02 1.653125000000000000e+01 1.255562288520260381e+02 1.186164348355782927e+01
1.118623300000000000e+02 1.493086300000000044e+01 1.238049525621830895e+02 8.955338198968926022e+00
1.075261500000000012e+02 6.490721999999999881e+00 1.255927663654473179e+02 2.694077519321968595e+00
1.098809700000000049e+02 2.526983800000000002e+01 1.357495349078405411e+02 2.767733688254887525e+00
1.352432100000000048e+02 1.783892799999999923e+01 1.334128522014190992e+02 2.328854709548371460e+01
1.130037300000000045e+02 2.547221800000000158e+01 1.328367481496644587e+02 1.589206058623843232e+00
1.151589299999999980e+02 1.951465999999999923e+01 1.144646369930540715e+02 4.841588740290152515e+00
1.004969799999999935e+02 2.176606200000000158e+01 1.219616720509104226e+02 3.242200855570139595e+01
1.265864399999999961e+02 1.194002500000000033e+01 1.016731288522140204e+02 7.546732339670656486e+00
1.196812299999999993e+02 2.088022600000000040e+01 1.085249408313636081e+02 2.490131499011702942e+01
1.221371100000000069e+02 3.243491000000000213e+01 1.162448179268181292e+02 3.029444356255500281e+01
1.003601900000000029e+02 6.202410999999999675e+00 9.777614438268204822e+01 6.443874554353571149e+00
1.215970149999999990e+02 1.290440800000000010e+01 1.359387679393252029e+02 1.390516510475747936e+01
1.182681050000000056e+02 5.761924999999999741e+00 1.011416931173625358e+02 1.150280688845028720e+01
1.041709440000000058e+02 3.200216000000000349e+01 1.242189520909367388e+02 2.672810705854170621e+01
1.114765500000000031e+02 2.000540499999999966e+01 1.028967241934984287e+02 1.057029495912500217e+01
1.128090440000000001e+02 2.218561000000000050e+01 1.026289945702264248e+02 2.224928261593029433e+01
1.075570799999999991e+02 3.114085800000000148e+01 1.266772809142412655e+02 6.115828609902315804e+00
1.224132840000000044e+02 1.063505699999999976e+01 1.241396179938960813e+02 1.255333113570337389e+01
9.425270999999999333e+01 2.257174099999999939e+01 1.017840068400332996e+02 3.211176116322470619e+01
1.289265900000000045e+02 1.218157399999999946e+01 1.288817843225152728e+02 6.528080612036657460e-01
1.223935299999999984e+02 9.334908000000000428e+00 1.007740927120073735e+02 2.188056766106908313e+01
1.285662100000000123e+02 1.856218499999999949e+01 9.545287655055855680e+01 2.905841344391463466e+01
9.488523999999999603e+01 3.360560600000000164e+01 1.217167031147209002e+02 7.018563155089823091e+00
9.882135999999999854e+01 3.069462800000000158e+01 1.331385293654292354e+02 3.492570486112892780e+01
1.197064500000000038e+02 1.762339400000000111e+01 1.198906402469899888e+02 2.000912016376422642e+01
1.251748699999999985e+02 2.681115199999999987e+01 1.004214684431822633e+02 2.945021965479652692e+01
1.209633500000000055e+02 3.282480600000000237e+01 1.058738433250830582e+02 3.321264564483169579e+01
1.026298699999999968e+02 2.803945200000000071e+01 1.113715365887401276e+02 1.109066924681609478e+01
9.546621000000000379e+01 1.610011700000000090e+01 1.294637087452453841e+02 2.195536143956174158e+01
1.068477500000000049e+02 3.346115999999999957e+01 1.314603026924343112e+02 7.530405382012894222e+00
1.126715200000000010e+02 1.748623999999999867e+01 1.206172819858868195e+02 1.617057539490051354e+01
1.231597299999999962e+02 7.689467999999999748e+00 1.019608838661336421e+02 7.674783853093457786e+00
1.295190699999999993e+02 1.326800999999999897e+00 9.447729743215981557e+01 3.147083430439705509e+01
1.073838200000000001e+02 2.117361000000000004e+01 1.291568224040823054e+02 1.645102402615114556e+01
1.082233399999999932e+02 1.948895999999999873e+01 1.265430839027395535e+02 2.829445263687754419e+01
1.082205100000000044e+02 3.116235000000000088e+00 1.379845656144590009e+02 1.141799522323222504e+01
1.353319700000000125e+02 1.899710500000000124e+01 1.310013654925598416e+02 1.546592633430630315e+01
1.004067459999999983e+02 1.560150900000000007e+01 1.183567406198409913e+02 2.781422629943161695e+01
1.044894199999999955e+02 3.404343999999999681e+01 1.226364523835607088e+02 2.711886900279488444e+01
1.066582599999999985e+02 2.877814700000000059e+01 9.849020704603506715e+01 2.738347485602118070e+01
1.076719200000000001e+02 1.886546900000000093e+01 1.283887225002789592e+02 2.798244342840101595e+01
1.325828700000000140e+02 1.295411700000000010e+01 1.241140973094860556e+02 2.554120424494741215e+01
1.283577600000000132e+02 3.503263000000000016e+00 9.353044235388520633e+01 2.335256767213509121e+01
1.244920649999999966e+02 1.544351499999999966e+01 1.015057143021174682e+02 2.187837012478715426e+00
1.015461399999999941e+02 1.266830999999999996e+01 1.048537929286154622e+02 1.781277837522493002e+01
9.629608000000000345e+01 1.712132799999999833e+01 1.144205438695284158e+02 2.253535833506126185e+00
1.347666499999999985e+02 4.989745000000000097e+00 9.409206523322413318e+01 1.066558001478921724e+01
1.073292849999999987e+02 3.159566099999999977e+01 1.102661622919027309e+02 1.608224279850322702e+01
1.207227500000000049e+02 6.894565000000000055e+00 1.166764450200433600e+02 9.205855255278249771e+00
1.245715799999999973e+02 1.563613699999999973e+01 1.183694673806751609e+02 2.334374859451429884e+01
1.323526599999999860e+02 2.869183000000000039e+00 1.085701268315302883e+02 1.759508723794312246e+01
9.423469500000000210e+01 8.636367999999999157e+00 1.367076641643560890e+02 1.900742826898061111e+01
1.132035199999999975e+02 2.151783400000000057e+01 1.363862095930967939e+02 3.045808801432253432e+01
9.389136000000000593e+01 1.855500999999999934e+01 1.351173411075464799e+02 1.202749821475641134e+01
1.206926299999999941e+02 6.446999999999999953e-02 1.229609140703408912e+02 5.410042853389573025e+00
1.138388060000000053e+02 1.427283199999999930e+01 1.272176596015767700e+02 3.414044483422018317e+01
1.264155399999999929e+02 1.199724699999999977e+01 1.082381096199781609e+02 1.887121310811641450e+01
1.324894099999999924e+02 1.522223000000000104e+00 1.110816204898128774e+02 2.504754769804005576e+00
1.209411199999999980e+02 1.190699900000000078e+01 1.335657445982774050e+02 3.372421408531434128e-01
1.117162550000000039e+02 2.099041700000000077e+01 1.052759793476216430e+02 2.111650048677510938e+01
9.311654000000000053e+01 1.801235199999999992e+01 1.334490776324799128e+02 6.810174254625882995e+00
1.110467699999999951e+02 3.238026399999999683e+01 1.008366023691737041e+02 2.404497994593779353e+01
1.299641100000000051e+02 1.389185499999999962e+01 1.201512042960761164e+02 2.293734127234165854e+01
1.117416840000000064e+02 2.507232999999999823e+00 1.242131254086028633e+02 2.310363955668279701e+01
