8.693693000000000382e+01 4.348776999999999759e+01 7.187427098582828933e+01 6.342415438044243103e+01
5.817465200000000181e+01 4.617281700000000200e+01 8.693196846224319074e+01 4.336755152072855424e+01
8.702727000000000146e+01 4.544700000000000273e+01 7.178041691361727317e+01 4.058496474484252303e+01
7.637121000000000492e+01 6.265274000000000143e+01 9.137775466093253840e+01 5.124713489383171350e+01
7.685291999999999746e+01 3.717159699999999845e+01 6.723163664565366560e+01 5.229634263673230521e+01
7.502244000000000312e+01 5.075730000000000075e+01 7.350212912403068799e+01 4.934593523599960463e+01
9.175886500000000012e+01 3.813176299999999941e+01 5.459954360636715620e+01 3.528233078143983192e+01
7.260000599999999338e+01 6.882316600000000051e+01 6.210600679926218248e+01 4.261959384782179683e+01
7.862666000000000111e+01 6.291477199999999925e+01 8.495889837618932461e+01 4.833554813153124030e+01
5.402513499999999880e+01 4.670707699999999818e+01 6.333394739601295953e+01 5.716032637651653658e+01
8.200384499999999832e+01 4.028215999999999752e+01 4.600454482291289082e+01 5.346384164172535236e+01
7.759775000000000489e+01 5.405486700000000155e+01 6.984109963104918961e+01 4.943303113602190280e+01
8.737299000000000149e+01 4.577764499999999970e+01 7.722907514665868689e+01 4.628159342935951059e+01
5.286663999999999675e+01 5.036919000000000324e+01 8.699168444718409887e+01 6.518594193368160461e+01
6.471164000000000271e+01 4.865150500000000022e+01 5.433538069679919147e+01 3.565103034092880563e+01
4.651991999999999905e+01 3.906072199999999839e+01 4.884720554658543534e+01 6.068422780833051888e+01
7.619375599999999338e+01 6.477112999999999943e+01 6.252707484945428007e+01 4.247286196752450138e+01
5.906798599999999766e+01 5.428624299999999891e+01 5.730306233861424658e+01 4.036386819908962309e+01
5.273010299999999972e+01 5.304892000000000252e+01 4.722659767705606981e+01 5.158255031835672355e+01
5.531732000000000227e+01 5.513990400000000136e+01 6.956397418602674065e+01 3.797544387626682294e+01
6.250783500000000004e+01 5.303157800000000321e+01 5.498612522456396334e+01 3.788935033989739054e+01
7.430379000000000644e+01 4.396401000000000181e+01 5.059212237728044670e+01 5.309116608698719375e+01
6.518153999999999826e+01 6.714570000000000505e+01 6.038315515019766622e+01 4.280435396340827481e+01
4.761023999999999745e+01 4.925332999999999828e+01 5.416435930823149647e+01 6.396677074803007201e+01
6.059561999999999671e+01 6.500741999999999621e+01 8.588526706702901947e+01 6.955158914088190159e+01
6.490546999999999400e+01 5.234751500000000135e+01 7.031604612652670028e+01 3.920256486127075846e+01
5.190981299999999976e+01 3.627709200000000322e+01 8.153530678024434053e+01 4.891594006609398804e+01
6.779171999999999798e+01 6.929957000000000278e+01 6.414677526754935855e+01 6.440246141174785066e+01
5.990364499999999737e+01 5.483507500000000334e+01 9.193474794134957051e+01 4.092550931064007358e+01
7.085715000000000430e+01 6.628178400000000181e+01 8.444764334870021116e+01 6.657848521301711742e+01
6.285531199999999785e+01 5.934239600000000081e+01 5.275724389549262128e+01 6.631905326725213001e+01
6.414257000000000630e+01 5.275956699999999699e+01 7.515548660649875501e+01 4.463412759427772869e+01
7.183495000000000630e+01 4.117258999999999958e+01 8.480935670217394318e+01 3.811207081579322420e+01
5.144386699999999735e+01 5.034185399999999788e+01 7.381254118410390674e+01 4.266731282156342075e+01
6.386292999999999864e+01 4.877676400000000001e+01 6.753640264685134298e+01 5.603600973772454097e+01
6.176351499999999817e+01 6.724321999999999377e+01 5.292791126247237798e+01 6.916257631700185016e+01
6.258970000000000056e+01 5.024907000000000323e+01 8.546616129093607128e+01 6.450607986241364245e+01
6.746461499999999489e+01 6.210165800000000047e+01 6.144498700108185574e+01 5.521610592146513596e+01
6.557086999999999932e+01 4.911129400000000089e+01 7.244451634297882947e+01 5.578670013039549502e+01
6.461727000000000487e+01 5.288426599999999667e+01 8.840002940515090302e+01 5.497092266751870682e+01
5.062283299999999997e+01 6.234966699999999662e+01 7.826808799853931475e+01 4.803099081955993199e+01
5.290209999999999724e+01 5.713993500000000125e+01 8.294997721092850895e+01 5.467462394363079170e+01
8.346201000000000647e+01 6.881422000000000594e+01 4.830219324545580406e+01 4.933304440700317883e+01
6.421460000000000434e+01 4.855725000000000335e+01 5.513375403341491676e+01 5.368403742125865108e+01
4.687172999999999945e+01 5.841957000000000022e+01 7.497021484249765422e+01 5.534946946018505542e+01
7.225244000000000710e+01 6.858531000000000688e+01 8.530037151554064678e+01 6.384111212446221373e+01
7.266134999999999877e+01 4.868713799999999736e+01 9.079602744118400892e+01 6.960927585332450462e+01
8.259461000000000297e+01 4.808888999999999925e+01 8.594310325468015321e+01 4.291055979612251292e+01
7.592802399999999352e+01 5.213128999999999991e+01 8.726798628658534085e+01 5.473612924447156303e+01
5.233660499999999871e+01 4.819270000000000209e+01 5.419317387382853468e+01 3.782061421124721790e+01
5.095208699999999880e+01 4.946012499999999790e+01 8.500393207048611544e+01 6.054219010940163059e+01
5.336617300000000341e+01 4.647099299999999999e+01 4.602805168235001076e+01 4.556901295668604490e+01
5.136548599999999709e+01 4.656698999999999700e+01 6.978089650462980842e+01 5.027328184981062975e+01
8.068595999999999435e+01 6.315127999999999986e+01 5.568491320063795058e+01 5.060204921641481945e+01
5.167446499999999787e+01 5.289345600000000047e+01 7.387212911520677494e+01 6.400261918394916449e+01
6.372422799999999654e+01 5.981250800000000112e+01 9.124650509148828803e+01 6.928738799909967838e+01
6.594492999999999938e+01 5.923649199999999837e+01 8.791753052079491226e+01 6.698989203036364870e+01
6.774984000000000606e+01 6.257284500000000094e+01 5.835628947142172507e+01 5.054093375721458870e+01
5.640276300000000020e+01 6.012763999999999953e+01 5.021512034560394255e+01 3.506282310594530571e+01
7.910797999999999774e+01 5.590064000000000277e+01 7.391456781959973910e+01 6.910763959976580395e+01
5.247430399999999651e+01 3.600250199999999978e+01 8.114828654966615318e+01 5.777572368883961929e+01
7.233463000000000420e+01 4.200035499999999900e+01 7.760880529972619968e+01 4.873977322645395560e+01
5.600366000000000355e+01 5.997305300000000017e+01 8.788046238939639920e+01 5.805555110515975059e+01
7.392766000000000304e+01 6.006213799999999736e+01 8.220048348065390087e+01 4.274971444907775009e+01
6.529474000000000444e+01 5.300702700000000078e+01 5.922114870429379607e+01 4.219236805075475161e+01
7.898098000000000241e+01 3.866275000000000261e+01 5.679156184385821859e+01 3.740904009937226249e+01
8.326990999999999588e+01 5.824902000000000157e+01 6.522041606062488484e+01 6.075122719917320069e+01
8.910262000000000171e+01 4.467295000000000016e+01 7.269087191153843719e+01 4.210558712902977163e+01
6.397487300000000232e+01 4.734779400000000038e+01 4.656957724481945604e+01 4.337637073701241519e+01
8.328790999999999656e+01 5.541494800000000254e+01 5.387380968347496690e+01 4.984400199694313471e+01
5.370353000000000065e+01 5.934783600000000092e+01 6.750146721223245549e+01 5.997923779600655791e+01
8.846792000000000655e+01 4.207544299999999993e+01 5.062039520877451082e+01 3.954896586560752780e+01
5.850420400000000143e+01 3.636328000000000316e+01 5.049707153732119025e+01 5.275879504012554833e+01
4.782092300000000051e+01 3.915558999999999656e+01 9.062860783523592545e+01 4.650983947121091688e+01
7.108955400000000679e+01 6.209620699999999971e+01 7.362955401628451568e+01 6.669721530151018385e+01
8.463992000000000360e+01 4.124665000000000248e+01 8.842013083940408080e+01 4.600379112737562082e+01
7.539680500000000052e+01 4.388620000000000232e+01 8.497981548534664853e+01 4.697227689071947765e+01
9.066235000000000355e+01 5.727031300000000158e+01 5.163534172178220416e+01 3.771245353998703820e+01
6.612072999999999467e+01 4.901629599999999698e+01 7.647037923797070391e+01 3.774067089133373543e+01
8.963718000000000075e+01 6.956663000000000352e+01 5.348194728122449249e+01 6.669330934575289405e+01
7.584841000000000122e+01 6.374232500000000101e+01 5.446421553698796458e+01 3.880807079803651760e+01
5.220496700000000345e+01 3.565572999999999837e+01 8.394283241187946487e+01 4.590238059806264204e+01
8.656167999999999552e+01 5.593098400000000225e+01 7.557177466790315634e+01 4.961033781926614949e+01
7.702621499999999344e+01 6.308701299999999890e+01 5.726679520213170349e+01 3.586392433846739891e+01
8.115404499999999643e+01 5.993824000000000041e+01 8.693519508160093778e+01 6.944756593652958543e+01
8.650522599999999329e+01 4.590870699999999971e+01 5.652408406801556140e+01 6.617162959181270310e+01
7.831672000000000367e+01 4.165075999999999823e+01 5.338492869912172978e+01 5.197803082273311759e+01
7.510142000000000451e+01 3.915826400000000262e+01 4.824373696758090801e+01 6.605659196592876015e+01
7.405304999999999893e+01 4.455815499999999929e+01 7.800378464957097435e+01 6.508784537023423411e+01
5.214124699999999990e+01 4.977190000000000225e+01 4.776342718479270388e+01 4.200829690683897866e+01
6.045289199999999852e+01 5.528444300000000311e+01 7.075956265466032846e+01 6.249425896068126463e+01
5.194695300000000060e+01 3.613501699999999772e+01 6.201820216706589406e+01 3.924902982191238721e+01
6.504127499999999884e+01 4.698710599999999715e+01 4.682006164562705663e+01 4.747588245639983029e+01
5.536148000000000025e+01 4.794722999999999757e+01 5.302730355617381974e+01 4.724398162718342320e+01
6.608248000000000388e+01 5.590762300000000096e+01 5.924582121939855028e+01 4.385591626581037872e+01
9.106950000000000500e+01 6.780598000000000525e+01 5.440845436790159084e+01 6.013981000173526326e+01
5.284022999999999826e+01 5.102275999999999812e+01 6.616381741820762841e+01 4.902606019794566805e+01
5.617255399999999810e+01 5.176959999999999695e+01 7.156587595849114791e+01 4.499412921827383371e+01
8.955119999999999436e+01 5.096257800000000060e+01 5.457228511884164845e+01 4.521738729954033431e+01
5.429485999999999990e+01 4.884084000000000003e+01 6.054006698883229376e+01 5.919342099484866537e+01
6.587040000000000362e+01 5.346339400000000097e+01 7.219517515769462079e+01 5.916883535290419616e+01
8.195225999999999544e+01 4.023559999999999803e+01 7.826091698080837489e+01 4.450164107664449631e+01
9.064753000000000327e+01 3.953003700000000009e+01 5.974765738400028425e+01 6.481823242924195938e+01
8.813251499999999794e+01 3.577533999999999992e+01 8.450368898775110438e+01 5.048679823116840026e+01
5.547147999999999968e+01 6.519166599999999789e+01 7.928491760102807007e+01 4.828896475783091802e+01
6.743452999999999520e+01 4.364006799999999942e+01 6.250554255956541283e+01 5.496526980739079704e+01
8.852997600000000489e+01 3.797641399999999834e+01 8.972162854994033410e+01 5.375454588346714502e+01
8.700835399999999709e+01 4.623117400000000288e+01 6.237328868778377000e+01 5.691707691141630931e+01
7.706247999999999365e+01 6.732896399999999915e+01 5.094621456061047837e+01 3.558915359491577846e+01
8.821962999999999511e+01 4.613478500000000082e+01 6.695509674379106002e+01 4.058248603538530830e+01
7.909945999999999344e+01 4.577935999999999694e+01 8.344052926706700646e+01 4.097711662106392794e+01
5.887454600000000227e+01 5.108164200000000221e+01 7.526098717862214471e+01 3.570748894692712838e+01
7.346007000000000176e+01 5.386707700000000187e+01 6.983223858012534890e+01 5.139956686459872515e+01
5.983661299999999983e+01 4.103461000000000070e+01 8.344445808166372558e+01 4.806252835624274411e+01
5.694366000000000128e+01 5.793184000000000111e+01 7.667445072960435937e+01 5.699014736189727159e+01
7.130232999999999777e+01 6.495900000000000318e+01 8.102697126421848850e+01 5.691794902585051119e+01
8.198730000000000473e+01 4.021397400000000033e+01 8.222883274458126834e+01 6.011383123129496653e+01
6.041358999999999924e+01 3.699271000000000242e+01 6.888005697032699004e+01 6.124669319376464216e+01
5.661556199999999706e+01 3.998602300000000298e+01 5.338760263716646648e+01 4.178063047204077662e+01
5.964972699999999861e+01 4.230685400000000129e+01 6.377511569778764056e+01 5.939469495021043599e+01
7.181299599999999828e+01 6.966495000000000459e+01 8.330652166187815055e+01 6.232201007283590855e+01
5.894033000000000300e+01 6.011430699999999661e+01 8.550744630137390345e+01 5.961542927433863781e+01
8.343635600000000352e+01 5.490256500000000273e+01 8.242241061337537644e+01 6.855944310303001998e+01
7.124740599999999802e+01 4.137457700000000216e+01 5.720494891754993461e+01 4.307240370959721076e+01
5.224584000000000117e+01 4.974059700000000106e+01 6.932867828172750535e+01 4.914828563556127961e+01
5.622015799999999786e+01 5.608901999999999788e+01 7.694814703516043153e+01 6.114783458002819572e+01
5.442630400000000179e+01 4.484588000000000108e+01 6.745417484012412501e+01 6.429643690473672279e+01
8.152298999999999296e+01 5.028269199999999728e+01 8.005988739630542739e+01 6.969365743024327742e+01
8.228458000000000538e+01 5.307571800000000195e+01 8.713601779997969743e+01 6.591909884090753735e+01
8.638012999999999408e+01 4.599798599999999738e+01 6.870032876786406462e+01 5.949069930244273507e+01
6.509216999999999587e+01 4.433131000000000199e+01 8.462838394110679019e+01 3.936423019607380525e+01
8.306940500000000327e+01 4.547212600000000293e+01 6.181365797725791822e+01 4.657906068570923708e+01
8.148064999999999714e+01 3.596232200000000034e+01 5.248149602555111670e+01 4.339690421780120744e+01
5.200366600000000261e+01 5.103144000000000347e+01 5.396213399756438633e+01 6.645026080255817647e+01
8.182719400000000576e+01 5.551391000000000275e+01 8.340198536550110475e+01 3.652584338793859331e+01
4.622542599999999879e+01 4.515527699999999811e+01 5.696806843232302242e+01 6.516695978984108706e+01
8.906534999999999513e+01 6.422050000000000125e+01 5.198653595633592772e+01 4.548807399450545574e+01
7.196973400000000254e+01 5.283086800000000238e+01 6.454070825090759911e+01 5.498511381423931255e+01
8.225168600000000652e+01 4.452650500000000022e+01 7.041426265241993576e+01 4.329098817309588298e+01
6.160479399999999828e+01 6.652562000000000353e+01 7.044714003872960006e+01 5.108990055870533809e+01
6.318118700000000132e+01 6.514794999999999447e+01 6.368745134006790920e+01 4.375027415884981963e+01
4.897213699999999648e+01 3.722484200000000243e+01 7.933133188631322241e+01 5.555368607196276542e+01
4.732688499999999721e+01 3.871079000000000292e+01 7.362660329073017351e+01 6.422336373929886122e+01
7.583488499999999988e+01 5.283099399999999690e+01 5.139943310701615076e+01 5.984495540171666761e+01
4.672376599999999769e+01 6.962304000000000315e+01 5.527348231218282848e+01 4.544270428558888142e+01
6.573458999999999719e+01 5.337305500000000080e+01 8.548630565018586935e+01 5.758873410535041160e+01
5.122995999999999839e+01 6.197741700000000264e+01 6.877954849425512407e+01 4.540447843341078737e+01
4.805577499999999702e+01 4.656419400000000053e+01 5.862889813564456887e+01 5.462159605768928117e+01
7.789413500000000568e+01 6.420371000000000095e+01 8.426795305510987077e+01 6.343554230889208156e+01
8.306183000000000050e+01 4.012017399999999867e+01 8.364572727836500121e+01 4.581444676280704442e+01
4.710523599999999789e+01 5.486591700000000316e+01 5.336126143956069967e+01 5.763309786822127023e+01
5.059288999999999703e+01 3.766018700000000052e+01 7.204513474612625146e+01 5.495119316842357904e+01
6.743218000000000245e+01 6.209802599999999728e+01 5.273303301785342967e+01 5.214014772039251966e+01
7.274587999999999965e+01 4.280996999999999986e+01 6.802118218334878463e+01 4.032655879638469543e+01
8.133320000000000505e+01 5.627924000000000149e+01 7.129922907613239147e+01 4.394324717706092542e+01
5.337330000000000041e+01 5.131372000000000355e+01 7.802951705752326461e+01 6.612594864689637575e+01
8.956656999999999869e+01 4.467163999999999646e+01 5.683286199984586062e+01 4.177267519376363936e+01
6.972335999999999956e+01 6.908919000000000210e+01 5.124232754566572368e+01 6.838311478770694407e+01
5.122779500000000041e+01 5.463911399999999929e+01 5.041927506122853231e+01 4.542733715428386176e+01
5.510685699999999798e+01 5.117942399999999736e+01 6.810789178359802065e+01 6.412396219433757949e+01
8.278986999999999341e+01 6.091132700000000000e+01 6.731690984916181719e+01 3.670783487755818442e+01
7.875444000000000244e+01 6.542055000000000575e+01 4.627463590478600963e+01 4.332818036182607102e+01
5.177651600000000087e+01 4.928925000000000267e+01 7.006322727681954632e+01 6.596822985858355537e+01
6.721398999999999546e+01 4.009886999999999802e+01 5.506788821917591292e+01 5.239220187949001684e+01
5.235632700000000028e+01 4.649325999999999937e+01 6.976540153244695830e+01 5.284536263805689771e+01
8.807132000000000005e+01 4.736420400000000086e+01 8.831934451748129788e+01 6.522966947975221785e+01
8.947969999999999402e+01 4.378523299999999807e+01 5.628946966082594372e+01 6.293877652583198312e+01
7.179988000000000170e+01 6.876121500000000708e+01 7.752855458361008800e+01 6.064674121019935171e+01
7.568825999999999965e+01 4.498846000000000345e+01 8.465700687398609148e+01 4.335070150851791482e+01
7.873147000000000162e+01 6.404201000000000477e+01 5.370259508584322106e+01 6.177090032307138756e+01
6.467749999999999488e+01 5.320552399999999693e+01 4.602325021905957669e+01 5.160652669245834545e+01
8.582438999999999396e+01 4.352882000000000318e+01 9.129759205274410760e+01 6.618558854088720977e+01
6.500728999999999758e+01 4.928378000000000014e+01 6.222787365830129147e+01 6.676080466784827649e+01
8.989464599999999450e+01 5.335581599999999725e+01 7.082095949630780751e+01 6.917775891447233505e+01
4.604124000000000194e+01 4.669942999999999955e+01 7.758388012818949164e+01 4.380535548301834581e+01
7.331856999999999402e+01 6.896445500000000095e+01 7.069828221160044279e+01 6.783065181120309717e+01
7.990272500000000377e+01 4.340126800000000173e+01 4.920634533678479983e+01 4.023749903911738812e+01
5.340807999999999822e+01 4.628913000000000011e+01 5.553813021083579571e+01 5.712510687545541543e+01
7.226882000000000517e+01 4.044384399999999857e+01 5.985395767836499914e+01 4.127666151156986984e+01
5.285820400000000063e+01 5.029527000000000214e+01 8.286753709406637824e+01 3.680579382649880671e+01
7.373111000000000104e+01 4.472299199999999786e+01 6.754800868265196812e+01 3.825017222451533883e+01
5.078484300000000218e+01 4.311047400000000351e+01 9.123831198828627009e+01 5.664064747362495211e+01
7.541936499999999910e+01 5.929335400000000078e+01 4.811119285708058868e+01 4.186273458543355019e+01
5.358359000000000094e+01 4.172710800000000120e+01 6.996542122556289200e+01 4.103351585227954956e+01
4.898817999999999984e+01 5.657592999999999961e+01 6.084525821483518371e+01 4.657206202969062758e+01
6.273188799999999787e+01 4.900457999999999714e+01 4.655154607027474611e+01 6.990258224230845485e+01
6.229779400000000322e+01 4.056575999999999738e+01 5.673266134041074338e+01 6.283646614914491124e+01
7.866431400000000451e+01 4.014864000000000033e+01 8.330087908409490183e+01 5.611928309209440613e+01
8.813982000000000028e+01 3.677411299999999983e+01 6.021414291272948560e+01 6.504791215391784931e+01
8.642296000000000333e+01 4.440330999999999761e+01 6.378109739237564924e+01 5.721700855509561734e+01
8.969199999999999307e+01 4.165841700000000003e+01 7.860618952734569120e+01 4.578896593367591095e+01
5.035093299999999772e+01 4.979635199999999884e+01 9.162569685061281177e+01 5.625194205991743956e+01
4.868419000000000096e+01 5.205421400000000176e+01 7.025561906155751046e+01 6.323766549326342812e+01
7.961629999999999541e+01 6.026303999999999661e+01 5.638806866549639096e+01 6.827914947770980802e+01
5.203767400000000265e+01 5.395211400000000168e+01 6.399533559963670371e+01 4.872934224945178983e+01
7.558974000000000615e+01 3.890301000000000187e+01 6.497690337269666827e+01 5.452453037364769983e+01
6.867596399999999335e+01 6.519429999999999836e+01 6.998356358986247017e+01 3.624846119754755591e+01
7.160967999999999734e+01 6.531718999999999653e+01 4.992122218894479602e+01 6.857324380297498578e+01
6.267899700000000252e+01 5.888770300000000191e+01 5.650664064463146019e+01 4.137673619217270016e+01
5.090126000000000062e+01 6.876227599999999995e+01 6.258826764783383112e+01 4.194020763782953054e+01
5.975469999999999970e+01 4.536778600000000239e+01 9.075209973809243991e+01 3.802778110661522959e+01
4.613687500000000341e+01 4.527147300000000030e+01 6.634556087525109547e+01 5.123059228874670623e+01
8.447589999999999577e+01 3.873832699999999818e+01 7.130780398123864927e+01 6.901954605643305740e+01
8.439090000000000202e+01 3.507308600000000354e+01 5.451007761542306440e+01 3.888301718362814086e+01
8.408911000000000513e+01 3.720182799999999901e+01 6.341324001176235470e+01 3.632585774589482241e+01
8.767508999999999730e+01 4.304652999999999707e+01 8.849250793194059383e+01 3.901231643356535983e+01
7.007845000000000368e+01 6.182322700000000282e+01 8.804226110640064462e+01 6.290944583714053095e+01
9.039490999999999588e+01 4.384239000000000175e+01 4.902513872201461709e+01 4.748002034883454314e+01
7.229880500000000154e+01 6.385471299999999673e+01 8.869593570158286866e+01 5.383994468706805492e+01
5.111758999999999986e+01 4.788500200000000007e+01 6.876404366347048835e+01 3.650825084386415398e+01
6.463611600000000124e+01 5.428184499999999701e+01 5.839146279050465438e+01 6.753923497065034098e+01
6.600054000000000087e+01 5.495934299999999695e+01 5.093878355996869800e+01 5.563382433724619602e+01
8.021922000000000708e+01 4.084998699999999872e+01 7.784273281704966507e+01 6.754669843781329064e+01
5.497638700000000256e+01 4.924915299999999974e+01 4.635216024471437635e+01 6.260431482063963671e+01
5.082811699999999888e+01 4.560262699999999825e+01 7.931954084588798537e+01 5.189254141487019467e+01
7.823884999999999934e+01 6.177391399999999777e+01 6.332591537278684513e+01 5.144442218397755084e+01
6.489614000000000260e+01 5.228864000000000090e+01 7.791352721850067553e+01 6.718721279833928861e+01
4.649677700000000158e+01 6.117017400000000293e+01 6.794827866028296626e+01 4.809794901024670111e+01
6.598450499999999863e+01 5.182002299999999906e+01 8.245538394928897219e+01 4.998606650354619063e+01
8.156068999999999392e+01 3.534342600000000090e+01 8.697607765438776539e+01 6.416109455592676625e+01
6.632052000000000191e+01 5.220823299999999989e+01 8.661169279290200507e+01 4.891560587034864227e+01
8.497433999999999799e+01 3.940715800000000257e+01 6.763832231150280450e+01 3.804485861660344170e+01
5.382874699999999990e+01 4.077295699999999812e+01 5.953823150192016556e+01 3.742524379329155693e+01
6.431592600000000459e+01 6.161436499999999938e+01 6.480968223966497987e+01 5.273718246048589720e+01
5.760544600000000059e+01 5.606190999999999747e+01 6.191422564658500960e+01 4.102268101387259946e+01
5.282920000000000016e+01 3.915379999999999683e+01 7.432256227067486520e+01 5.271077813850961036e+01
7.569961000000000695e+01 4.516561000000000092e+01 7.328898354394533499e+01 5.459940403940936449e+01
8.069112400000000207e+01 4.634583700000000306e+01 9.182791208487452650e+01 4.139215371709831004e+01
6.494486999999999455e+01 6.112900499999999937e+01 5.508011525923141960e+01 6.926416245042364039e+01
5.519200500000000176e+01 3.637120000000000175e+01 8.502133964557356194e+01 3.932738112087654514e+01
8.553406999999999982e+01 4.645875000000000199e+01 6.721604988534053859e+01 6.674123998088123244e+01
5.918113999999999919e+01 5.837358499999999850e+01 5.741269640065290503e+01 6.833019325436950453e+01
7.974235500000000343e+01 4.118516000000000332e+01 5.743616268869938324e+01 3.537160998911069498e+01
7.745943499999999915e+01 5.897106600000000043e+01 5.859228239389426562e+01 4.259227568693566468e+01
7.382194499999999948e+01 5.479916000000000054e+01 7.002190347470630627e+01 4.829797817637140867e+01
8.905092999999999392e+01 4.646264299999999992e+01 7.519314092421819851e+01 4.684699968075420884e+01
6.712363999999999464e+01 6.410102000000000544e+01 6.960642110308268116e+01 6.304584714712422056e+01
7.375609599999999944e+01 5.347146999999999650e+01 7.664254234461741078e+01 6.425440296958572617e+01
9.176847999999999672e+01 5.137326999999999799e+01 8.459994628089148705e+01 6.016005007117794889e+01
7.890693000000000268e+01 4.825239599999999740e+01 8.776384783135395651e+01 5.758871190284500585e+01
7.595412000000000319e+01 3.883001300000000100e+01 8.407254656518367142e+01 6.684027983022447472e+01
5.513156000000000034e+01 6.075578000000000145e+01 7.292429185519389989e+01 6.421178901735987665e+01
5.064518400000000042e+01 5.076937999999999818e+01 8.385364187222729981e+01 5.169121768047342869e+01
5.691465999999999781e+01 5.744636500000000012e+01 8.603688051438334128e+01 6.641978663472104927e+01
7.007984999999999332e+01 6.672763000000000488e+01 7.847331962123899984e+01 6.953916054316387374e+01
7.570228600000000085e+01 6.761853000000000691e+01 6.687579344317317975e+01 3.835151129665373304e+01
8.122793599999999969e+01 6.117694999999999794e+01 5.801640250735719206e+01 4.849056433975886193e+01
5.154414700000000238e+01 5.035184999999999889e+01 8.469585976862001075e+01 4.385370768467907965e+01
7.395235999999999876e+01 4.562557600000000235e+01 5.114494920408710499e+01 5.164422005635825030e+01
7.100942999999999472e+01 5.171623000000000303e+01 6.490946736356093538e+01 5.272250467409330099e+01
8.979491400000000567e+01 4.388490699999999833e+01 4.905079196984670631e+01 3.578095900414690078e+01
7.671967999999999677e+01 4.588291000000000253e+01 8.027346792905018447e+01 4.543620893894439661e+01
6.441042000000000201e+01 5.155160999999999660e+01 7.202594615621487151e+01 5.669143973781373802e+01
6.696059400000000039e+01 6.352398699999999820e+01 4.629559459305582436e+01 5.102251508339211483e+01
9.165053000000000338e+01 5.213870599999999911e+01 7.006594418909688216e+01 3.684648560854098065e+01
8.019711999999999819e+01 4.224022999999999683e+01 4.931736019137875360e+01 5.203964177223747356e+01
5.980184599999999762e+01 6.311782000000000181e+01 4.884690434667813008e+01 5.858187399985506261e+01
7.646805999999999415e+01 4.595501000000000147e+01 4.847165240143055343e+01 3.833962608677288131e+01
5.143849999999999767e+01 4.458550600000000230e+01 5.235643016174029896e+01 6.122956667741585335e+01
7.578446999999999889e+01 6.970163999999999760e+01 8.071783851733761139e+01 6.430194767363551023e+01
8.158050000000000068e+01 6.996411000000000513e+01 5.305752255487089286e+01 3.945487372506657664e+01
5.874136699999999678e+01 5.923510999999999882e+01 8.023082458223645119e+01 4.984904050825900867e+01
8.556305999999999301e+01 4.635175000000000267e+01 9.012822297962907214e+01 5.642175989659109803e+01
5.770849199999999968e+01 5.686507399999999990e+01 6.387261194691757282e+01 3.996596047821560660e+01
5.443155699999999797e+01 4.204901499999999714e+01 4.708239288332272565e+01 4.346803686316759041e+01
7.048514000000000124e+01 6.872748599999999897e+01 6.998759767122280095e+01 3.619612439376142987e+01
7.108266399999999408e+01 6.466113000000000000e+01 4.625883006837732125e+01 5.165247225551182453e+01
6.404304500000000644e+01 6.398645400000000194e+01 5.211910265341648341e+01 6.788633664166933102e+01
8.749687000000000126e+01 3.974315599999999904e+01 6.303780718793944970e+01 3.854423238128320151e+01
8.275954000000000121e+01 4.590746699999999691e+01 7.575905512665585206e+01 6.847392450383097184e+01
