1.205571999999999946e+02 5.843093999999999966e+01 9.937657201600859480e+01 5.727924464375269054e+01
1.281682999999999879e+02 3.541642399999999924e+01 9.982995386492416401e+01 4.004179669180882684e+01
1.356413100000000043e+02 6.252799000000000262e+01 1.217919326297741378e+02 5.800615690010349113e+01
1.185045599999999979e+02 6.484065999999999974e+01 9.837931190683268312e+01 5.098350144891725222e+01
9.573429000000000144e+01 3.713606599999999958e+01 1.031572562456332349e+02 6.748019580002898010e+01
9.718046999999999969e+01 3.660767700000000247e+01 1.049885304345136916e+02 6.350667118097359065e+01
1.234520100000000014e+02 3.643175000000000097e+01 1.204992126496584319e+02 6.449032281569556346e+01
1.097365340000000060e+02 6.723676000000000386e+01 9.996052288475745229e+01 4.682418520881884660e+01
1.070885799999999932e+02 5.666096499999999736e+01 1.114543170835325867e+02 4.298953357955219445e+01
1.077359849999999994e+02 6.677514999999999645e+01 1.218641452266145393e+02 4.476991992534905052e+01
1.074293299999999931e+02 4.562702000000000169e+01 9.235921151975016130e+01 5.197754623047026712e+01
1.324339799999999912e+02 4.008270300000000219e+01 1.189337299029345303e+02 6.091855304194801590e+01
1.233974199999999968e+02 5.627990299999999735e+01 1.072547412170269325e+02 6.373020162174367442e+01
1.191252999999999957e+02 5.451771500000000259e+01 1.052996677718810901e+02 6.348056202446586838e+01
1.035749399999999980e+02 3.972534600000000182e+01 1.130270153941360718e+02 4.065587076031398794e+01
1.332942199999999957e+02 6.323472600000000199e+01 1.196214354515240927e+02 4.544290843763747745e+01
1.313304599999999880e+02 5.917006299999999896e+01 1.253643893033274139e+02 5.186984228794855056e+01
1.329525299999999959e+02 5.248914700000000266e+01 1.037365181565831165e+02 6.065852774011051451e+01
1.043917399999999986e+02 5.141837999999999909e+01 1.331441459918804071e+02 3.540361747876062992e+01
1.369262999999999977e+02 6.170190999999999804e+01 1.044799949253515337e+02 4.687425620941389326e+01
9.324991599999999892e+01 4.487876500000000135e+01 9.886507732544652072e+01 6.539722021820782061e+01
1.025857299999999981e+02 6.367561299999999846e+01 9.579546989227766574e+01 4.177478823699616584e+01
1.356805699999999888e+02 4.200868599999999731e+01 1.108252030751979191e+02 4.247828227430535009e+01
1.278148960000000045e+02 5.850153000000000247e+01 1.080818112228884189e+02 6.340212631859196790e+01
1.121085300000000018e+02 6.513195000000000334e+01 1.011877188831445125e+02 6.395173660651086323e+01
1.159762300000000010e+02 5.714093799999999845e+01 1.168977359536227283e+02 3.580370219739256754e+01
1.018065600000000046e+02 5.794847500000000196e+01 9.301712221936074343e+01 4.648725800061816926e+01
1.233552499999999981e+02 5.736090999999999696e+01 9.527553387440174504e+01 6.198332312846203962e+01
1.343366499999999917e+02 4.501083400000000267e+01 9.673982639178070997e+01 3.601794370551038327e+01
1.324401699999999948e+02 5.855866199999999822e+01 1.350060807268662302e+02 5.280970159078930237e+01
1.014529399999999981e+02 6.271864999999999668e+01 1.332812313317350288e+02 5.005441674210325687e+01
1.308886599999999873e+02 4.676214600000000132e+01 1.015004808288571923e+02 5.609767838099217840e+01
9.678509999999999991e+01 4.978087599999999924e+01 1.023570251588397468e+02 6.283985638252946160e+01
1.135630900000000025e+02 5.915950999999999738e+01 1.312680766481268222e+02 4.613399319620170758e+01
1.101476200000000034e+02 4.462156000000000233e+01 1.317225638778770360e+02 4.790082291300635120e+01
9.510306500000000085e+01 6.366510999999999854e+01 1.124554647301357306e+02 6.623932465375409606e+01
1.236176449999999960e+02 4.134354799999999841e+01 1.079786086376740855e+02 5.845402185484198299e+01
1.004013400000000047e+02 3.929104999999999848e+01 1.225012306758522413e+02 5.453416985963639263e+01
1.140609359999999981e+02 6.030183399999999949e+01 9.678778528580055251e+01 5.780973612529881223e+01
1.236915699999999987e+02 4.859848000000000212e+01 1.147010028668822486e+02 5.577208155452892413e+01
1.127731200000000058e+02 5.671270400000000222e+01 1.014603332275122227e+02 6.202183631245024742e+01
9.856878000000000384e+01 5.492711599999999805e+01 1.126032089764567559e+02 5.339081766703333187e+01
1.091582700000000017e+02 6.613842999999999961e+01 1.202609223461778925e+02 4.433829017709292231e+01
1.215311049999999966e+02 6.086510499999999979e+01 1.275062240155617133e+02 5.657813674958593708e+01
9.599138000000000659e+01 6.353705200000000275e+01 9.880108376929807434e+01 4.595014551033868599e+01
1.189340600000000023e+02 5.694390500000000088e+01 1.263609888617684760e+02 4.153150379970028183e+01
1.026996900000000039e+02 4.210877200000000187e+01 1.094640949723330863e+02 4.412775031257829994e+01
1.330306199999999990e+02 3.968742999999999910e+01 1.256431884248020623e+02 4.448703962148989177e+01
9.527467000000000041e+01 4.541340600000000194e+01 1.034160793886203464e+02 3.691712753814696413e+01
1.141324900000000042e+02 6.700992599999999300e+01 1.130980951656515998e+02 3.704223591429771290e+01
1.059466100000000068e+02 4.505476999999999776e+01 1.167908385015471424e+02 4.178602085849474435e+01
1.150099199999999939e+02 5.717307300000000225e+01 1.052048600882791050e+02 5.907876736114717886e+01
1.238079900000000038e+02 5.720375400000000354e+01 9.755163558668934343e+01 5.451906834591335382e+01
1.276217500000000058e+02 5.815567000000000064e+01 1.100843176948248754e+02 6.446028541393508249e+01
9.618127400000000193e+01 5.755610300000000024e+01 9.359787148921734001e+01 6.798062572586073316e+01
1.188877600000000001e+02 4.872822599999999937e+01 1.092133101104406592e+02 4.097337508980885445e+01
1.051679400000000015e+02 4.492616000000000298e+01 1.346081160136071162e+02 6.114028244586558003e+01
1.374343100000000106e+02 4.526343500000000120e+01 1.243110535485298982e+02 5.204158305937608020e+01
1.248777800000000013e+02 6.171072000000000202e+01 1.155033578493425637e+02 6.701984157797016906e+01
1.378483600000000138e+02 5.101471999999999696e+01 1.229722643636888932e+02 5.898249479692010766e+01
1.187232000000000056e+02 3.828542999999999807e+01 1.039537615158566979e+02 4.424250879507695089e+01
1.349592700000000036e+02 6.470493000000000450e+01 1.085351409891284078e+02 4.092587666734641516e+01
1.185681150000000059e+02 5.069962000000000302e+01 1.256761869881593583e+02 3.981786678850087213e+01
1.120809500000000014e+02 6.913670999999999367e+01 9.831022690660631724e+01 5.955424447164432422e+01
1.078201750000000061e+02 6.916227999999999554e+01 1.157362651134565112e+02 6.470364538503395124e+01
9.719414999999999338e+01 6.278937499999999972e+01 1.363485980500165624e+02 4.098737893322380899e+01
1.235735899999999958e+02 5.489939499999999839e+01 1.048481891264233354e+02 4.558717836549430302e+01
1.136940500000000043e+02 6.762308000000000163e+01 9.713281288042280437e+01 6.523331395468477467e+01
1.345091400000000021e+02 6.084433700000000300e+01 1.372075225650768004e+02 3.916289772314235051e+01
1.258064799999999934e+02 6.694222999999999502e+01 9.916510002009620450e+01 5.899679290734088966e+01
1.341809000000000083e+02 5.362561000000000178e+01 1.097868276861260171e+02 6.797872966034219644e+01
9.238161999999999807e+01 4.685940999999999690e+01 1.113085499881925244e+02 6.502211459754437328e+01
1.246482850000000013e+02 3.949035299999999893e+01 9.339695642298210032e+01 5.625200494014470820e+01
1.255502800000000008e+02 3.787058999999999997e+01 1.192854556626498379e+02 5.529343717606120379e+01
1.323359199999999873e+02 4.223495499999999936e+01 9.959064627896601962e+01 6.929665768163673079e+01
1.230925900000000013e+02 5.382784999999999798e+01 1.001321018455472682e+02 5.754502967030406069e+01
1.154809199999999976e+02 6.258726000000000056e+01 1.040181861212211913e+02 5.296140124854751718e+01
1.006820299999999975e+02 4.440463600000000355e+01 1.371127834676776160e+02 4.681127862806729922e+01
1.074801099999999963e+02 6.513402999999999565e+01 1.205059013501340530e+02 6.272406776532027095e+01
1.141460950000000025e+02 5.843473399999999884e+01 1.015023406494381391e+02 4.386513263930322637e+01
9.589624999999999488e+01 4.540874000000000166e+01 1.076936313596954307e+02 3.764610506602750206e+01
1.220661850000000044e+02 3.824112000000000222e+01 1.244144271998120956e+02 6.383091538617304650e+01
9.481621599999999717e+01 3.920390299999999684e+01 1.129312973310096453e+02 3.783993999521013762e+01
1.093788299999999936e+02 6.730993999999999744e+01 1.076965394422071682e+02 6.392661120164778055e+01
1.033991000000000042e+02 6.543868999999999403e+01 1.183691465423879379e+02 5.886078746814557405e+01
1.242966499999999996e+02 6.340075999999999823e+01 9.823562511619000759e+01 6.075001788769011313e+01
1.295121200000000101e+02 4.527902000000000271e+01 1.319559413602051450e+02 6.379021986962213475e+01
1.179176999999999964e+02 6.540223000000000297e+01 9.323969485709068294e+01 3.640634866669201841e+01
1.098709699999999998e+02 4.471918500000000307e+01 1.187238629286171800e+02 5.741257679435823746e+01
1.306594000000000051e+02 3.958785999999999916e+01 1.274065401295285085e+02 5.557837794618900773e+01
9.710795000000000243e+01 6.395506000000000313e+01 9.718591138038394206e+01 4.828696218970387122e+01
9.412296000000000618e+01 4.571077999999999975e+01 1.093215792696997397e+02 6.470280455311689138e+01
1.188862500000000040e+02 4.624365600000000143e+01 1.064746689106489725e+02 5.819113951108806759e+01
1.234111900000000048e+02 4.187895199999999818e+01 1.312642561852061363e+02 6.643174207346167748e+01
1.284649499999999875e+02 6.398919699999999722e+01 1.278964921405450212e+02 4.876080715852604186e+01
1.119305599999999998e+02 5.205868000000000251e+01 1.103502205383474006e+02 6.142944379103396102e+01
1.105033499999999975e+02 5.171349000000000018e+01 1.339484372892019053e+02 6.199209973203642221e+01
1.165513700000000057e+02 6.182422600000000301e+01 9.302882766815559989e+01 3.676360913561135391e+01
1.008042449999999945e+02 4.424712799999999646e+01 9.598802668941452509e+01 6.335094086422702730e+01
9.241962999999999795e+01 3.872347599999999801e+01 1.252350088625830438e+02 3.834833765529485561e+01
1.092616799999999984e+02 3.835334399999999988e+01 1.036717763152544478e+02 6.029142846745514106e+01
1.247314300000000031e+02 6.553212999999999511e+01 1.232437079092938177e+02 5.737383133576319949e+01
1.006695859999999954e+02 6.484783000000000186e+01 1.044917288281127838e+02 5.761121519090822574e+01
1.345929099999999892e+02 6.793457999999999686e+01 9.489899311773707780e+01 5.497650669701448578e+01
1.047271039999999971e+02 6.549576999999999316e+01 1.079263281211768799e+02 5.264312095837868810e+01
1.167347259999999949e+02 6.325324599999999720e+01 1.015772183437002099e+02 4.646717932033224940e+01
1.109143499999999989e+02 4.312924199999999786e+01 9.454747510016112244e+01 4.777676922533534309e+01
9.911844999999999573e+01 3.699900000000000233e+01 1.220889579902743947e+02 3.834463069164051774e+01
9.860380600000000584e+01 4.520881700000000336e+01 1.082108259461585789e+02 4.632643902709034478e+01
1.318221900000000062e+02 3.671208000000000027e+01 1.379679776161632390e+02 3.869243381594776565e+01
9.287044500000000369e+01 5.531581500000000062e+01 9.292130734653902380e+01 5.589254658970999401e+01
1.015999149999999958e+02 6.594916499999999360e+01 1.048766357897847001e+02 6.138933198215792686e+01
9.624669000000000096e+01 6.786842000000000041e+01 1.376177874269414190e+02 4.053169182223610534e+01
1.012004850000000005e+02 4.318016000000000076e+01 9.305506454900316271e+01 6.922760626568178566e+01
1.252902299999999940e+02 3.602056999999999931e+01 1.131539265057070622e+02 4.540857021002333482e+01
1.073387799999999999e+02 5.241443999999999903e+01 9.909424435300955736e+01 5.801941083420678069e+01
1.122731299999999948e+02 5.138609000000000293e+01 1.213961185165595253e+02 4.505579561187724380e+01
9.722106999999999744e+01 5.056562799999999669e+01 1.255203808926194995e+02 3.875913361111941668e+01
1.289000399999999900e+02 4.429560500000000189e+01 9.393805381907725405e+01 5.999719733109976971e+01
1.130550999999999959e+02 6.670310999999999524e+01 1.126352977192323976e+02 6.051890323936142124e+01
1.085478899999999953e+02 6.761072500000000218e+01 1.055364961566771598e+02 4.537218066250032678e+01
1.165983800000000059e+02 5.033196999999999832e+01 1.041521060226457678e+02 5.177381516861910882e+01
1.116009099999999989e+02 4.373142599999999902e+01 9.273396606185957580e+01 6.049739619297933757e+01
1.235150759999999934e+02 4.951535400000000209e+01 1.273527720555416067e+02 3.609216739367447957e+01
1.377467000000000041e+02 3.643155000000000143e+01 1.353770392101376387e+02 5.381480656381505412e+01
1.026653600000000068e+02 4.825075999999999965e+01 1.219432672899840640e+02 6.526244705013928638e+01
1.193664299999999940e+02 6.594503000000000270e+01 1.231198259044310532e+02 6.245863458980396388e+01
1.207486700000000042e+02 6.298458999999999719e+01 1.138951160626108106e+02 4.689234586186553599e+01
1.283170299999999884e+02 6.974074600000000146e+01 1.370883088637629044e+02 5.693978092606000985e+01
1.134251399999999990e+02 6.658665999999999485e+01 1.130835211161517293e+02 5.900310802122805853e+01
9.982609600000000682e+01 5.004249999999999687e+01 1.234879718200611904e+02 4.885598203197540812e+01
1.352012599999999907e+02 4.531300699999999892e+01 1.031608661829320681e+02 6.096365850507487494e+01
1.258006799999999998e+02 6.341799000000000319e+01 1.284076075331974778e+02 5.816704324368217272e+01
1.300098600000000033e+02 5.088544000000000267e+01 1.303013876199829610e+02 5.464522717457613510e+01
1.107963699999999960e+02 5.634107000000000198e+01 1.341379480082842690e+02 4.187094318192933429e+01
1.234026259999999979e+02 4.115814999999999912e+01 1.343574677230109842e+02 6.206319613854972772e+01
1.226020359999999982e+02 6.477951000000000192e+01 1.238420138644492994e+02 6.073323244190858361e+01
1.324288300000000049e+02 6.820180499999999313e+01 1.055692075271666965e+02 4.119545645792406674e+01
1.313948699999999974e+02 3.586773000000000167e+01 1.341515094624905373e+02 5.573050541178479023e+01
1.097902449999999988e+02 4.609461999999999904e+01 1.332260013945644062e+02 4.288160971517395836e+01
1.162490099999999984e+02 4.785255399999999781e+01 1.240116720911170773e+02 4.579808068193518977e+01
1.096850199999999944e+02 6.364363000000000170e+01 9.913615771460597159e+01 4.789792545428903026e+01
1.357446899999999914e+02 6.467355000000000587e+01 1.108841295365133988e+02 4.281996991320098545e+01
9.730064400000000546e+01 3.670929300000000239e+01 1.229286109233873816e+02 4.397830866354211565e+01
1.320416299999999978e+02 6.974830000000000041e+01 9.637611792101760955e+01 6.469721217016541459e+01
1.288128000000000100e+02 4.180671000000000248e+01 1.172122719733029044e+02 4.256133994524873998e+01
1.122474500000000006e+02 5.910224500000000347e+01 1.363198090813866372e+02 5.807956135683708965e+01
9.366300999999999988e+01 3.904643000000000086e+01 9.431007922694286094e+01 5.943215594286790804e+01
1.378383300000000133e+02 4.636522300000000030e+01 1.195137680271441951e+02 6.545271721556775901e+01
1.014278300000000002e+02 6.383355000000000246e+01 1.248156018916853753e+02 4.634931468210159267e+01
1.069606799999999964e+02 5.361368999999999829e+01 1.203995416032555283e+02 6.110625600866698903e+01
9.806736999999999682e+01 5.068809000000000253e+01 1.142536305071690208e+02 4.391235975107881018e+01
1.229806099999999986e+02 4.202356000000000336e+01 9.692759854481387549e+01 6.870317327311231281e+01
1.086737439999999992e+02 5.645026800000000122e+01 1.076649878735155141e+02 3.737054423369799849e+01
1.355887500000000045e+02 6.784150999999999954e+01 1.331733510293554446e+02 6.883370248637173461e+01
1.056607499999999931e+02 5.280317000000000149e+01 1.284450972832514708e+02 6.627326292381786743e+01
9.844664000000000215e+01 6.560905999999999949e+01 1.297923517372511810e+02 3.882518792327007162e+01
9.313040999999999769e+01 3.870850000000000080e+01 1.296809490401234939e+02 5.782098778057829946e+01
9.447330999999999790e+01 6.269223399999999913e+01 1.219422037383571364e+02 4.047420662406868530e+01
9.707605999999999824e+01 6.043931200000000104e+01 1.012921104701356541e+02 4.056205705241296755e+01
1.031321400000000068e+02 5.005382999999999782e+01 9.566931684491605381e+01 6.590493846475592932e+01
1.217482760000000042e+02 6.505633500000000424e+01 9.363634642937294927e+01 6.532399557316117011e+01
1.226312999999999960e+02 6.782847999999999900e+01 1.143057862459329641e+02 4.614251157969397354e+01
9.686402999999999963e+01 3.992714300000000094e+01 1.052722843227823404e+02 4.123073169683263473e+01
1.120924399999999963e+02 4.896432500000000232e+01 1.145687857942683081e+02 4.370208024479655506e+01
1.019693759999999969e+02 3.966786599999999652e+01 1.031143006444286954e+02 3.586011243963881157e+01
9.431119999999999948e+01 3.976769600000000082e+01 1.033847715252887554e+02 4.257650185959899858e+01
9.818726999999999805e+01 4.508997699999999753e+01 1.063317399363181721e+02 4.781531226767688025e+01
1.026101199999999949e+02 5.731443800000000266e+01 1.000887870375197224e+02 4.759819172958800948e+01
1.133492099999999994e+02 6.235904299999999978e+01 1.158856159906527239e+02 5.540907889817590615e+01
1.168643650000000065e+02 6.287906999999999869e+01 1.179173381962854705e+02 6.556118037722059455e+01
1.124857099999999974e+02 6.738697999999999411e+01 9.580113979039772687e+01 5.877554836987340536e+01
1.266702650000000006e+02 5.792263400000000217e+01 1.103812521015803441e+02 4.590451087279498665e+01
1.010534399999999948e+02 5.393462000000000245e+01 1.146841570792494736e+02 6.325310033171191293e+01
1.331007199999999955e+02 3.830337500000000261e+01 1.122820537620311825e+02 3.968863197109796204e+01
1.245081899999999990e+02 5.952185000000000059e+01 1.292791634014325552e+02 5.942582469137380485e+01
9.354806999999999562e+01 6.806758999999999560e+01 1.370902827135833775e+02 5.978484090829534381e+01
1.006911199999999980e+02 6.388932799999999901e+01 1.208346607597807747e+02 6.259814344259666541e+01
1.057629400000000004e+02 5.378704499999999911e+01 9.744734343463400705e+01 5.559294772467404755e+01
1.237683999999999997e+02 4.733888600000000224e+01 1.249738588422047769e+02 3.743287183546303254e+01
1.268415449999999964e+02 5.629915199999999942e+01 1.289035560991642342e+02 5.860669063826263425e+01
9.490470999999999435e+01 5.198172799999999683e+01 1.250076874698839475e+02 4.082443556854081379e+01
1.046779700000000020e+02 5.189343999999999824e+01 1.185699339665678735e+02 5.826350846836994180e+01
1.306090199999999868e+02 3.541441999999999979e+01 1.058462130360774154e+02 4.438775081018311397e+01
9.798220000000000596e+01 4.148389399999999938e+01 9.925531968582760101e+01 6.740161200399316499e+01
9.520232000000000028e+01 6.021568700000000263e+01 1.353018266631818847e+02 6.178274735966182618e+01
1.233985100000000017e+02 4.811843999999999966e+01 1.273794574131617026e+02 4.586901477234776081e+01
1.121239549999999952e+02 3.514719000000000193e+01 1.039622903433697019e+02 4.940967344783222615e+01
1.141533600000000064e+02 4.061460000000000292e+01 9.442806717372363323e+01 5.831443737878172584e+01
1.338027199999999937e+02 6.013310200000000094e+01 1.040620154518585991e+02 5.500094280959293513e+01
1.087483299999999957e+02 5.378434399999999727e+01 1.086578378297423484e+02 6.753983350148004661e+01
9.526812999999999931e+01 4.319290999999999769e+01 1.370703030255324393e+02 6.871777424585104654e+01
1.211527559999999966e+02 6.379101599999999905e+01 1.298341953805071398e+02 6.043396441304358291e+01
1.091557799999999929e+02 6.643088500000000352e+01 1.355270262227941203e+02 6.876152472145000161e+01
1.058103899999999982e+02 4.548795700000000153e+01 1.348230033671701165e+02 4.373944824062478887e+01
1.227544099999999929e+02 4.877612299999999834e+01 1.332600545384058535e+02 5.546394424644821441e+01
1.347739599999999882e+02 6.384909400000000090e+01 1.100356064665429585e+02 3.707587979396802069e+01
1.163669100000000043e+02 6.550187999999999988e+01 1.326586906715250507e+02 6.907176552521589485e+01
1.228132899999999950e+02 5.959470000000000312e+01 1.348518022569693642e+02 4.486814325430331962e+01
1.362959600000000080e+02 4.253269600000000139e+01 1.372060272998210166e+02 6.769371553054496360e+01
1.065212499999999949e+02 4.801573599999999686e+01 1.274705823098853017e+02 3.942775905106257284e+01
1.042965849999999932e+02 6.138250399999999729e+01 1.070037566852820845e+02 6.307733885043298017e+01
1.200123799999999932e+02 4.956056600000000145e+01 1.217402296039400369e+02 6.638185219240264701e+01
1.037078599999999966e+02 5.661120600000000280e+01 1.308977603030941737e+02 5.485556932971449839e+01
9.380387000000000342e+01 4.174504499999999751e+01 1.199388572090737455e+02 4.880678378186796351e+01
1.095725999999999942e+02 5.484429599999999994e+01 1.092640315837684568e+02 3.815747166510899291e+01
9.383820000000000050e+01 5.891158300000000025e+01 1.095927332270570389e+02 5.319179329183399574e+01
1.114779000000000053e+02 5.723694600000000321e+01 1.284001897008186006e+02 6.033707322202144496e+01
1.063761599999999987e+02 6.434953000000000145e+01 1.261247126406695429e+02 6.604837772849850808e+01
1.290123600000000010e+02 4.485259599999999836e+01 1.261085661267753864e+02 5.415848442931412166e+01
9.672338000000000591e+01 6.738236999999999455e+01 1.264002043824994814e+02 3.659914574187140346e+01
1.084354199999999935e+02 6.843886999999999432e+01 1.309556415819887718e+02 6.123252065793487020e+01
1.213922349999999994e+02 4.985632999999999981e+01 1.268424956673666770e+02 6.000841617955128982e+01
1.349447800000000086e+02 4.617287400000000019e+01 1.286752057929415400e+02 5.873331620270599984e+01
1.047624799999999965e+02 3.691375699999999682e+01 1.328326482975832619e+02 5.032516201902157604e+01
1.352677300000000002e+02 6.335325000000000273e+01 1.264299626125392422e+02 6.772039258058472910e+01
1.329139299999999935e+02 4.997429300000000296e+01 1.267038683965324140e+02 4.766539132637279863e+01
9.698628999999999678e+01 4.595006599999999963e+01 1.079195398636814787e+02 3.758897301434554805e+01
1.325956999999999937e+02 5.009526000000000323e+01 1.066961736075090954e+02 6.788930145699637819e+01
1.227152600000000007e+02 6.426040000000000418e+01 1.186055873718983378e+02 6.168204511826709080e+01
1.190468900000000048e+02 4.108363700000000307e+01 1.047246835888469150e+02 4.373185459551433496e+01
1.066647999999999996e+02 4.690390800000000127e+01 1.189886956060859120e+02 6.025473424956377499e+01
1.370354800000000068e+02 4.519325599999999810e+01 1.073513852623567573e+02 3.577340487855823170e+01
1.341650400000000047e+02 4.366583299999999923e+01 1.131939438331088894e+02 6.997173587738895151e+01
1.121540449999999964e+02 4.698385600000000295e+01 1.333923695885012251e+02 4.492955281504591625e+01
1.095779500000000013e+02 3.559782400000000280e+01 1.225133202447154872e+02 5.593936051733020776e+01
1.342814999999999941e+02 4.345969800000000305e+01 1.080133924709603264e+02 3.633368363163715742e+01
1.354987000000000137e+02 3.859143000000000256e+01 1.333469240921088215e+02 3.573961301130538004e+01
1.283379400000000032e+02 5.314012999999999920e+01 1.162734953077975888e+02 5.830360731416001130e+01
1.351138799999999947e+02 5.220130999999999943e+01 1.291664156090172071e+02 5.591365338311945976e+01
1.297479399999999998e+02 6.019642600000000243e+01 1.043528559898016397e+02 4.448252082641863581e+01
1.236966400000000021e+02 5.796273399999999754e+01 1.056326092188104582e+02 4.284007841423697727e+01
1.036561499999999967e+02 6.517113500000000670e+01 1.189087696060862100e+02 3.585771264715577900e+01
1.257847059999999999e+02 6.185704799999999892e+01 1.188205844526200110e+02 6.907141583006372798e+01
1.072567200000000014e+02 5.720848500000000314e+01 1.030578884264205470e+02 6.241900470704318593e+01
1.160879300000000001e+02 4.753222699999999890e+01 1.262454476756292365e+02 4.571456409772555673e+01
1.141523499999999984e+02 3.776093699999999842e+01 1.050504437350913634e+02 4.469749878172351032e+01
1.047366499999999974e+02 6.219717800000000096e+01 9.415627377226007866e+01 6.973633984851213086e+01
1.300683300000000031e+02 3.628086499999999859e+01 1.334785236913999995e+02 4.737962801728333773e+01
9.431417000000000428e+01 4.569948200000000327e+01 1.200222519971876807e+02 4.208958995382365487e+01
1.235853350000000006e+02 4.462692299999999790e+01 1.017720280951165250e+02 4.579877571279102710e+01
1.378637400000000071e+02 4.308997999999999706e+01 1.017859105085336466e+02 6.175134812107079085e+01
1.120970899999999943e+02 4.923708299999999838e+01 1.190151396156870476e+02 5.687305477737870518e+01
1.351996599999999944e+02 4.736585000000000178e+01 1.309286579146236704e+02 4.131221278215993209e+01
9.761359000000000208e+01 6.391825000000000045e+01 9.969158823401107838e+01 4.111529505324570977e+01
1.004525600000000054e+02 4.264342500000000058e+01 1.310100178014806716e+02 6.382934636994426114e+01
1.055859999999999985e+02 4.374244000000000199e+01 1.306429521515814827e+02 6.146710138186337247e+01
1.149318300000000050e+02 4.307403000000000048e+01 1.278753950862982833e+02 3.901803579420239743e+01
1.298963200000000029e+02 4.096811999999999898e+01 1.264339139213657859e+02 6.783972276748099262e+01
9.905563999999999680e+01 6.383912000000000120e+01 1.374413187546869324e+02 3.922908434772334374e+01
1.302546800000000076e+02 5.396697000000000344e+01 1.325810982296681004e+02 4.125441962203339585e+01
1.275243600000000015e+02 3.745123300000000199e+01 1.148606117374154394e+02 5.969237148666005055e+01
1.064856300000000005e+02 4.508525000000000205e+01 1.220038862418559233e+02 6.091356178187847092e+01
1.278491999999999962e+02 6.229797700000000304e+01 1.219188708530803780e+02 5.095574516443560498e+01
1.033268099999999947e+02 6.551658999999999367e+01 1.191980233542623324e+02 6.672304869016579687e+01
1.348722699999999861e+02 4.490930999999999784e+01 1.318411906052697304e+02 6.930042328088421755e+01
1.241552400000000063e+02 6.208793000000000006e+01 1.162317892161297834e+02 4.900734990667714186e+01
1.253158200000000022e+02 6.409675599999999918e+01 1.326313122178075048e+02 6.286650506734845578e+01
1.114419099999999929e+02 5.103936399999999907e+01 1.190396183746490237e+02 6.212505345250207256e+01
9.911858999999999753e+01 4.324430999999999869e+01 1.368218073981253156e+02 5.054154935787057923e+01
1.368933100000000138e+02 3.602746199999999988e+01 1.079335704465199228e+02 6.804430384087939387e+01
1.026455500000000001e+02 6.412498999999999683e+01 1.223821990420676258e+02 6.708132314396223705e+01
1.296929000000000087e+02 4.231410999999999945e+01 1.129855163771760687e+02 5.670894201273641499e+01
1.119978299999999933e+02 6.080753700000000350e+01 1.034161894884927335e+02 5.956280698791280770e+01
1.309685699999999997e+02 6.239891399999999777e+01 1.345239926206823498e+02 5.020356167023199134e+01
1.118402899999999960e+02 6.912057500000000232e+01 1.053161541406683170e+02 5.032451848603073330e+01
1.069991200000000049e+02 5.624827200000000005e+01 1.311161458637609769e+02 5.738563372591440981e+01
1.206620699999999999e+02 6.639817999999999643e+01 1.305446552466908088e+02 4.863575305941243698e+01
9.940098600000000317e+01 4.590345800000000054e+01 9.308328666900573012e+01 4.615404855039940202e+01
1.333644600000000082e+02 3.957710000000000150e+01 1.313539574377695374e+02 4.931032552694217230e+01
1.373332399999999893e+02 4.017019700000000171e+01 1.148572763509296379e+02 4.137896690397595023e+01
9.418828000000000600e+01 5.873288300000000106e+01 1.332796641139793223e+02 5.022120422223432001e+01
1.364020099999999900e+02 4.699055500000000052e+01 9.758835381212797699e+01 3.683250528921075073e+01
1.053776000000000010e+02 4.479226700000000250e+01 9.417950292631192610e+01 4.831749817068591568e+01
1.267813900000000018e+02 6.307345200000000318e+01 9.675736562539690055e+01 4.421507192811041875e+01
1.087247600000000034e+02 5.881990400000000108e+01 1.370178465389151654e+02 4.781775366858677501e+01
1.355762499999999875e+02 6.524819999999999709e+01 1.022800043658755271e+02 6.231787503305008613e+01
1.023862599999999929e+02 6.608481600000000356e+01 1.072448314959061690e+02 4.254656655122079911e+01
1.297895800000000008e+02 5.766158000000000072e+01 1.276005172942912509e+02 6.976451118520483874e+01
1.208611760000000004e+02 6.358239400000000074e+01 1.129796163038892871e+02 5.068327887358591965e+01
1.354942800000000034e+02 6.806842000000000326e+01 1.195507101145086324e+02 3.861432675774577916e+01
9.598503999999999792e+01 6.368468000000000018e+01 1.317098904062518159e+02 4.733758216382048545e+01
1.116004400000000061e+02 5.237346000000000146e+01 1.227241092894242200e+02 4.132793660424825788e+01
1.260278899999999993e+02 5.749642599999999959e+01 1.046445339352588491e+02 6.930185924165789402e+01
1.298641399999999919e+02 5.837349300000000341e+01 1.364898356389795993e+02 6.636179385553980126e+01
1.115687900000000070e+02 5.822879999999999967e+01 1.057849625391985739e+02 5.248347089646354391e+01
1.073113500000000045e+02 4.692728799999999723e+01 9.381826879108530193e+01 6.725090375590906433e+01
1.284106299999999976e+02 4.101401500000000055e+01 9.505002767691563292e+01 5.279191981513748999e+01
1.327313800000000015e+02 3.814770999999999646e+01 1.367356326293456164e+02 6.319940923596958982e+01
1.007944600000000008e+02 5.672884400000000227e+01 1.332119193177803709e+02 6.845768815231777182e+01
1.168338300000000061e+02 6.845978999999999814e+01 1.093301444089809422e+02 5.679375717827190329e+01
9.388634500000000571e+01 3.997064999999999912e+01 1.282492802779622139e+02 4.524270223920144218e+01
1.365149399999999957e+02 4.628622399999999715e+01 1.239887498652254720e+02 4.541192816766167795e+01
1.234647140000000007e+02 4.079735999999999763e+01 1.159868050732825679e+02 4.254316081934074134e+01
1.145626199999999955e+02 6.145170600000000150e+01 9.633443374114646929e+01 5.645081291805763613e+01
1.119819949999999977e+02 6.060598000000000241e+01 9.859935602355123763e+01 4.805327646953051612e+01
1.298000800000000083e+02 6.065485000000000326e+01 1.026312240688744879e+02 6.725553351440127869e+01
1.235379199999999997e+02 5.688245400000000274e+01 1.151845301911028230e+02 3.809542603353842338e+01
1.288902699999999868e+02 4.266319000000000017e+01 1.217545825047896528e+02 4.041908936811923780e+01
1.068678599999999932e+02 6.381319799999999987e+01 1.199442405615776295e+02 6.678899945376997493e+01
1.126751699999999943e+02 4.886647399999999664e+01 1.264280036053959009e+02 4.832136925507155922e+01
1.164859900000000010e+02 6.195959500000000020e+01 9.571783282415290728e+01 6.551536612853944064e+01
9.797394599999999798e+01 4.286693000000000353e+01 1.200103274489693206e+02 4.363870283936691408e+01
1.258114999999999952e+02 3.886599300000000312e+01 1.131269973450642539e+02 5.707591837718864269e+01
