1.360124500000000012e+02 5.421863599999999650e+01 9.283467457344795548e+01 3.722509856299354425e+01
1.263455660000000051e+02 6.963536999999999466e+01 1.229868008802374106e+02 4.662549084070973038e+01
9.686402999999999963e+01 3.992714300000000094e+01 1.099222548194612585e+02 5.647662815082308896e+01
1.276641699999999986e+02 6.246318399999999826e+01 1.185650636669046492e+02 6.833644825273640322e+01
1.138199299999999994e+02 6.267815399999999926e+01 1.236050228556498922e+02 6.913805528350755480e+01
1.281790200000000084e+02 5.769176499999999663e+01 1.209412193190694182e+02 6.007795352346669659e+01
1.102981199999999973e+02 6.222237400000000207e+01 1.348805695995296219e+02 4.566400120279363506e+01
1.036968150000000009e+02 4.178603400000000079e+01 1.143102668868658469e+02 5.707061393417205153e+01
1.371694799999999930e+02 4.248412700000000086e+01 1.069784534526779822e+02 4.952500429171769269e+01
1.364176999999999964e+02 6.866760999999999626e+01 1.308289857612670630e+02 6.720596714685663642e+01
1.138378299999999967e+02 5.591382000000000119e+01 1.072823424981825156e+02 4.025547265049786461e+01
1.367595000000000027e+02 5.676431999999999789e+01 1.048480355068942202e+02 5.917601855488370433e+01
1.016919400000000024e+02 4.090666000000000224e+01 9.696253393395421938e+01 4.764834269550283352e+01
1.236966400000000021e+02 5.796273399999999754e+01 1.119950599353749681e+02 5.646503578747829266e+01
1.296910599999999931e+02 4.083194000000000301e+01 1.373639068758748181e+02 3.652923390841186801e+01
1.021030300000000040e+02 4.086724499999999694e+01 1.005563228607222470e+02 5.254541217982323076e+01
1.202216339999999946e+02 4.601048300000000069e+01 1.155487567324621949e+02 4.825410707775028385e+01
1.220326299999999975e+02 4.341784299999999774e+01 9.262732948938237598e+01 4.756133090788856776e+01
9.912707500000000493e+01 4.119089000000000311e+01 1.057652446828245729e+02 6.913358479284754310e+01
1.373030500000000131e+02 4.943370000000000175e+01 9.896513783330257752e+01 4.363451565726471415e+01
1.297527599999999950e+02 5.873439799999999877e+01 1.198152419250170340e+02 5.088349103945081708e+01
1.358413700000000119e+02 4.608218000000000103e+01 1.355004048776129082e+02 4.414359080501536425e+01
1.059593399999999974e+02 6.162485499999999661e+01 1.323977610308111821e+02 5.346003955629675630e+01
1.207592099999999959e+02 5.875544699999999665e+01 1.174228640476492558e+02 4.544993050980219351e+01
1.148623599999999954e+02 4.907236999999999938e+01 1.274638848790828263e+02 5.384527630113043983e+01
1.046748350000000016e+02 6.518761999999999546e+01 1.032197914894662745e+02 6.592346611574785697e+01
1.234689800000000020e+02 6.978226499999999533e+01 1.321519829057149309e+02 6.784119407461655271e+01
1.145576499999999953e+02 5.908791399999999783e+01 1.063035039326083790e+02 3.992832061514204867e+01
1.085812449999999956e+02 5.405987999999999971e+01 1.316172549600135255e+02 6.379624394812398691e+01
9.307535000000000025e+01 5.584784700000000157e+01 9.656717308682001999e+01 6.730168766185667550e+01
1.003075259999999957e+02 6.293849000000000160e+01 1.200777940579813503e+02 4.450869572222951831e+01
1.169122849999999971e+02 6.267659799999999848e+01 1.000042541738978343e+02 4.814785028568763892e+01
9.515339000000000169e+01 5.379454400000000192e+01 1.292939174366259465e+02 4.778146946416110552e+01
1.017396800000000070e+02 6.241275399999999962e+01 9.619443168994143889e+01 6.830276387516947523e+01
1.076472700000000060e+02 5.511133000000000237e+01 1.193430496340416767e+02 6.882232550619434619e+01
9.798220000000000596e+01 4.148389399999999938e+01 1.302260305165846148e+02 4.898552721541551591e+01
1.255662159999999972e+02 4.229937400000000025e+01 9.209339797323531229e+01 4.661207515237357768e+01
1.006962500000000063e+02 4.146445500000000095e+01 1.106331324590758527e+02 3.948175206851396268e+01
1.146630600000000015e+02 4.918905000000000172e+01 1.310076626524715095e+02 5.671467776820148288e+01
1.195745849999999990e+02 6.469527999999999679e+01 1.242144059039191575e+02 5.109618769643472547e+01
1.226359700000000004e+02 5.997511300000000034e+01 1.258366838911366017e+02 3.823048144190357789e+01
1.154181399999999940e+02 5.275567000000000206e+01 1.298362325179448362e+02 6.561200889261351676e+01
1.161189600000000013e+02 4.181031399999999820e+01 9.741789278016020148e+01 4.529243989753454258e+01
1.235198100000000068e+02 5.271427500000000066e+01 1.287266749123933209e+02 6.695520594182072216e+01
1.013882100000000008e+02 3.946121999999999730e+01 1.114362540731211766e+02 6.478022178560146926e+01
1.210394440000000031e+02 6.648418999999999812e+01 1.200552670826812545e+02 6.219396046372533249e+01
1.136741640000000046e+02 6.313855399999999918e+01 1.265724494755348388e+02 5.491584103267665284e+01
9.593773000000000195e+01 3.950325000000000131e+01 9.828771236154855728e+01 3.766094895882775972e+01
1.368890000000000100e+02 5.054427700000000101e+01 1.045475637532963731e+02 6.690879591532326742e+01
1.375794699999999864e+02 6.405434400000000039e+01 9.908995424010848296e+01 4.299508742000352868e+01
1.373299000000000092e+02 4.897403700000000271e+01 1.093054510523964211e+02 6.242187518350154107e+01
1.171151049999999998e+02 6.245713800000000049e+01 9.882469030327987980e+01 4.834756358581579150e+01
1.251033249999999981e+02 6.964942999999999529e+01 1.040538145080916479e+02 5.994816927780061633e+01
1.010989399999999989e+02 3.981828000000000145e+01 9.919943535592841499e+01 4.032506037938513543e+01
1.055930599999999941e+02 6.742842000000000269e+01 1.187804717468389271e+02 3.507286836970443744e+01
9.505498500000000206e+01 4.318614000000000175e+01 1.088597511288782584e+02 4.795836568045853454e+01
1.257979050000000001e+02 5.700703000000000031e+01 1.019421838441533481e+02 5.664909295447453985e+01
1.330759999999999934e+02 4.629179800000000000e+01 1.201138958399970988e+02 4.856645845085717639e+01
1.324288300000000049e+02 6.820180499999999313e+01 1.270584313524890092e+02 5.980276875159511007e+01
1.117861599999999953e+02 6.035790000000000077e+01 1.167272989198890514e+02 5.493957288267289130e+01
1.103532500000000027e+02 3.778128399999999942e+01 1.050393407935281687e+02 5.549435473219428161e+01
1.258158949999999976e+02 3.879582599999999815e+01 1.063475191647428062e+02 6.060677550914822120e+01
1.080438800000000015e+02 5.171050999999999931e+01 9.528868067908713613e+01 6.441168805557865085e+01
1.304262400000000071e+02 6.264705299999999966e+01 1.089460469111721039e+02 6.078040942662601509e+01
9.354569999999999652e+01 4.701798000000000144e+01 9.808785640166905750e+01 4.910596116376805753e+01
9.661526999999999532e+01 4.228921499999999867e+01 1.115020364760353289e+02 6.052995056014235331e+01
1.073829099999999954e+02 4.540867200000000281e+01 1.000911779202123455e+02 6.092572334941540646e+01
1.087514299999999992e+02 6.824840500000000532e+01 1.353850162642539203e+02 4.581445525689009912e+01
1.344918499999999995e+02 4.730473299999999881e+01 1.073416747257972759e+02 6.203216018464861747e+01
1.349615599999999915e+02 6.581822999999999979e+01 1.098418791421553067e+02 5.277312937803405646e+01
9.940098600000000317e+01 4.590345800000000054e+01 1.272408085876606521e+02 5.300556231413379749e+01
1.297895800000000008e+02 5.766158000000000072e+01 1.264348225166893371e+02 6.571123845456648382e+01
1.225227399999999989e+02 6.992002999999999702e+01 9.919644485538665890e+01 6.256012432034615500e+01
9.871819000000000699e+01 5.298465300000000155e+01 1.172158093961293446e+02 5.945508177917508874e+01
1.297479399999999998e+02 6.019642600000000243e+01 9.313949952051194714e+01 6.585900355685575391e+01
9.606972000000000378e+01 3.981882499999999681e+01 1.296418267610793578e+02 4.501660491400303243e+01
1.346829199999999958e+02 4.800224299999999999e+01 1.254886902735976548e+02 4.232854949757373930e+01
1.293471700000000055e+02 3.539609500000000253e+01 1.095251018079881078e+02 6.333732194030270080e+01
1.049583400000000069e+02 6.241450499999999835e+01 1.233722375105891018e+02 4.923587636671507539e+01
1.314834299999999985e+02 5.866523699999999764e+01 1.182718947989323084e+02 4.103983812445159174e+01
1.180883599999999944e+02 5.127279300000000006e+01 1.053232705883188771e+02 4.545028570985313365e+01
1.079076699999999960e+02 5.773502299999999821e+01 1.318789828105087736e+02 3.801184909908018739e+01
1.302560300000000097e+02 6.020174000000000092e+01 1.233698602787957270e+02 6.115805183737614925e+01
1.098743300000000005e+02 6.479279999999999973e+01 9.685318578959297042e+01 3.648320512350987599e+01
1.103153899999999936e+02 4.677591699999999975e+01 9.625339605366180251e+01 5.681299567811105078e+01
1.055859999999999985e+02 4.374244000000000199e+01 1.243992191842805539e+02 4.508989999777573132e+01
1.286389900000000068e+02 5.956557000000000102e+01 1.209872221568696915e+02 3.875620346977800068e+01
1.155993959999999987e+02 5.922504800000000103e+01 1.196932816167328752e+02 6.644493222816825551e+01
1.243101000000000056e+02 6.035851300000000208e+01 1.365538529943964932e+02 5.164018629547300776e+01
1.000944599999999980e+02 4.572241999999999962e+01 1.351097925699125994e+02 5.444086249717381065e+01
1.166461500000000058e+02 4.996042299999999869e+01 9.934789154859724647e+01 4.787729729510400034e+01
1.234111900000000048e+02 4.187895199999999818e+01 9.814936268696926902e+01 6.275001892596347375e+01
1.306917400000000100e+02 5.744736000000000331e+01 1.199256344422501570e+02 6.366443987834640694e+01
1.071816560000000038e+02 5.648080999999999818e+01 1.228939686259404027e+02 3.825508826582036903e+01
1.194972149999999971e+02 6.672171000000000163e+01 9.331798386248847521e+01 6.198109384113157461e+01
1.133329999999999984e+02 5.673472199999999788e+01 1.378225309732368657e+02 3.720220750709918178e+01
9.561668000000000234e+01 4.422358299999999787e+01 1.350257987319227198e+02 4.910569884473173374e+01
1.228113000000000028e+02 6.675079999999999814e+01 1.359088991978813681e+02 4.404429751877260912e+01
1.110209600000000023e+02 6.774168000000000234e+01 1.189617356877733982e+02 5.173067021939141341e+01
1.330272199999999998e+02 6.612424000000000035e+01 1.113465646898649481e+02 4.300156259460529640e+01
1.166594099999999941e+02 3.711621000000000237e+01 1.349250917066251247e+02 4.303579841789957072e+01
9.272758000000000322e+01 3.881239300000000014e+01 9.769196768004493947e+01 6.372782397692013490e+01
1.282616700000000094e+02 6.297346000000000288e+01 1.328728825755655123e+02 4.371667883070939098e+01
1.102457660000000033e+02 6.283084499999999650e+01 1.029471554207857196e+02 6.233156403290791303e+01
9.577902000000000271e+01 4.517924500000000165e+01 1.161931712579883822e+02 3.833000805896115537e+01
9.494249999999999545e+01 3.739068600000000231e+01 1.096944487245508526e+02 4.429639514118405685e+01
1.229806099999999986e+02 4.202356000000000336e+01 1.277800618774181913e+02 5.774762248470226211e+01
1.355294499999999971e+02 5.498483999999999838e+01 1.267086952055634583e+02 5.928601943896804016e+01
1.286960300000000075e+02 6.221418800000000005e+01 1.217410303859609968e+02 4.019287224817573900e+01
1.128570299999999946e+02 5.715805399999999992e+01 1.007796475990960090e+02 5.334620929010819168e+01
1.366751899999999864e+02 5.402887299999999726e+01 9.344709427959925563e+01 3.623775290542964456e+01
1.143753099999999989e+02 3.985636000000000223e+01 9.945730134501692987e+01 6.237428951774516861e+01
1.362720500000000072e+02 6.435817000000000121e+01 1.232991216224273785e+02 5.700245394757269679e+01
1.260846999999999980e+02 6.893501999999999441e+01 1.239726142004047631e+02 3.558278342737705913e+01
1.166498500000000007e+02 5.724448399999999992e+01 9.235996786179008211e+01 6.603793723783778091e+01
1.140183200000000028e+02 5.003989800000000088e+01 1.234714429418834953e+02 6.933168111625300867e+01
1.048061900000000009e+02 4.533373600000000181e+01 1.030796961047548024e+02 5.790512659489046143e+01
1.327233400000000074e+02 6.787059999999999604e+01 1.231478665466199089e+02 5.281919807940070655e+01
1.014608839999999930e+02 4.748722000000000065e+01 1.168873374177782409e+02 5.761483853417414025e+01
1.085273200000000031e+02 5.580763000000000318e+01 9.650139793689105261e+01 6.823415696048863310e+01
1.163573460000000068e+02 5.191087699999999927e+01 1.030588273136758204e+02 4.397562666513839957e+01
1.091472100000000012e+02 5.762071199999999749e+01 1.302898508458105198e+02 4.738040773142065376e+01
1.151757199999999983e+02 6.558427000000000362e+01 1.051192259490894827e+02 6.947133611632904149e+01
1.263000399999999956e+02 5.816839999999999833e+01 1.184065658418209210e+02 6.216425709063351235e+01
1.290766299999999944e+02 6.951717999999999620e+01 1.176728742345308376e+02 5.385618443988272475e+01
1.223629700000000042e+02 6.044685400000000186e+01 1.156909584659671140e+02 4.632913131394129636e+01
1.331007199999999955e+02 3.830337500000000261e+01 9.782957207360536245e+01 5.657750246236578562e+01
1.255101200000000006e+02 3.564560300000000126e+01 1.165853680443869678e+02 5.536571944109455501e+01
1.269395600000000002e+02 6.679359999999999786e+01 1.046303602498919503e+02 4.654968788880677266e+01
1.183908299999999940e+02 5.881733700000000198e+01 9.441185978629638953e+01 4.243356074613477347e+01
1.031374500000000012e+02 5.669727000000000317e+01 1.212006580766520472e+02 4.566026542003253752e+01
1.353759200000000078e+02 6.490358999999999412e+01 1.323992307047709005e+02 4.375256141904350216e+01
1.017495349999999945e+02 5.114138799999999918e+01 1.143164810523596771e+02 4.942452535095215183e+01
1.066683000000000021e+02 6.634081000000000472e+01 1.062407031918322247e+02 6.760767712427751519e+01
1.364535500000000070e+02 6.822651000000000465e+01 1.102605969287133973e+02 5.227372067993488969e+01
1.372683299999999917e+02 5.912542700000000195e+01 1.363711143418815936e+02 4.288129175617689981e+01
1.358915299999999888e+02 5.391390599999999722e+01 1.268629368325177609e+02 4.278911960797336178e+01
1.239812500000000028e+02 5.665222500000000139e+01 1.335111617932240335e+02 4.347419452835877252e+01
9.324748999999999910e+01 4.051159700000000186e+01 9.912191967631622447e+01 4.732273334132715803e+01
1.143336500000000058e+02 5.074838299999999691e+01 1.147660619331251155e+02 4.004467302069112833e+01
1.169130300000000062e+02 4.788735199999999992e+01 1.102541324061413803e+02 4.196746959442186409e+01
1.264780300000000040e+02 5.632321999999999917e+01 1.375348214342286042e+02 5.890416774862357130e+01
1.348235799999999927e+02 4.961592000000000269e+01 1.123382840962628393e+02 3.957559485423303158e+01
1.308886599999999873e+02 4.676214600000000132e+01 1.268504459805773763e+02 5.139309686666072707e+01
1.296712200000000053e+02 5.780308999999999742e+01 1.271536988680824436e+02 4.466897757809319103e+01
1.047597659999999991e+02 5.342579700000000287e+01 1.083574816495546145e+02 5.170812459452419318e+01
1.091789550000000020e+02 6.744076499999999896e+01 1.195444430741596165e+02 4.119237447024782739e+01
9.312926000000000215e+01 4.644136000000000308e+01 1.042365129892640851e+02 4.292549158214648486e+01
1.015832699999999988e+02 4.912389000000000294e+01 9.664072848678978289e+01 6.143441050218611110e+01
1.059466100000000068e+02 4.505476999999999776e+01 9.308226629017602249e+01 3.858310994025754326e+01
1.252823999999999955e+02 4.843155000000000143e+01 1.259076548245707841e+02 6.150265253551820877e+01
1.008496200000000016e+02 3.977814500000000209e+01 1.341256165958718611e+02 6.386472605462296315e+01
9.285944000000000642e+01 6.436655399999999361e+01 1.070441085655869529e+02 6.455828244988948938e+01
1.242434400000000068e+02 5.304403700000000299e+01 1.146718605999064664e+02 6.998502364489201000e+01
1.239134200000000021e+02 5.990810400000000158e+01 1.356727854317148285e+02 5.015656990294979778e+01
1.074667699999999968e+02 5.674374000000000251e+01 1.271321913347786676e+02 5.859146075474902204e+01
9.982609600000000682e+01 5.004249999999999687e+01 1.016069450795243370e+02 5.061116094113194208e+01
1.264038199999999961e+02 5.814505799999999880e+01 9.576007482866873488e+01 6.498746053432041947e+01
1.332988400000000127e+02 4.367735299999999654e+01 1.335086337827850684e+02 6.322389028230912800e+01
1.231136900000000054e+02 6.338575699999999813e+01 1.350959212829566809e+02 4.318974296410026170e+01
1.119305599999999998e+02 5.205868000000000251e+01 1.165648125661288361e+02 6.905787680836571951e+01
1.184687040000000025e+02 6.456449999999999534e+01 1.317763409897528391e+02 3.857556835769670300e+01
9.481586000000000070e+01 3.759667999999999921e+01 9.453736869071626359e+01 5.322149801717678486e+01
1.318221900000000062e+02 3.671208000000000027e+01 9.331273102262913710e+01 5.341391344097034732e+01
1.025229499999999945e+02 4.198406599999999855e+01 1.077274554067485042e+02 6.863896707868414637e+01
1.281759600000000034e+02 6.921683000000000163e+01 1.215063430153971922e+02 6.170290736303466872e+01
1.291315800000000138e+02 5.870874799999999993e+01 1.031728760436919856e+02 6.132549471050884904e+01
9.556093599999999810e+01 3.650318500000000199e+01 1.244162517967529737e+02 6.770807207989996357e+01
1.295448900000000094e+02 4.203256999999999977e+01 1.189596241345012402e+02 6.142770869592217053e+01
9.419067400000000134e+01 6.571107999999999549e+01 1.276315458352986241e+02 4.759046980809826266e+01
1.091017200000000003e+02 6.779625000000000057e+01 1.296731567642092102e+02 5.663940750843299554e+01
1.327243200000000058e+02 5.793455500000000313e+01 1.029235153903274806e+02 6.287321307825054362e+01
1.058939600000000070e+02 4.513909999999999911e+01 1.067684963817148258e+02 5.087831122920833593e+01
1.287882799999999861e+02 3.994404200000000316e+01 1.109333355049631109e+02 5.279025102399621971e+01
1.290979199999999878e+02 4.165603999999999729e+01 1.256794662755496716e+02 4.101770393611439403e+01
1.040613799999999998e+02 6.049796299999999860e+01 1.235418128884903837e+02 6.186246899813002642e+01
9.536923000000000172e+01 4.726187999999999789e+01 1.244971139098609996e+02 3.926832984641380619e+01
1.171950599999999980e+02 5.229210700000000145e+01 1.145427487941836660e+02 6.908814721801550718e+01
1.343366499999999917e+02 4.501083400000000267e+01 1.368483408573787301e+02 6.133304690991536035e+01
1.234438600000000008e+02 6.757282999999999618e+01 1.039336207962728480e+02 4.617962009114423694e+01
9.533765999999999963e+01 6.871425000000000693e+01 1.009167990320332109e+02 4.519383241796677453e+01
1.048265999999999991e+02 5.412806299999999737e+01 1.375855055543294725e+02 4.397482879162556202e+01
1.202367200000000054e+02 6.313155400000000128e+01 1.309379676700056905e+02 5.800742008085830292e+01
1.109565499999999929e+02 5.275737399999999866e+01 1.031823246410501582e+02 5.032071063421498991e+01
1.303161599999999964e+02 6.401816599999999369e+01 1.248101155040689605e+02 6.419985406859274235e+01
1.080319439999999958e+02 6.981692999999999927e+01 1.072890966451932400e+02 4.746232122989638924e+01
9.475575999999999510e+01 4.042075700000000182e+01 9.457322660311383800e+01 3.626568484019563954e+01
1.137093399999999974e+02 6.874491000000000440e+01 1.226735619899998397e+02 6.571780273780592552e+01
1.081520199999999932e+02 5.911551299999999998e+01 1.052403068810076689e+02 4.771261232902654115e+01
1.059390599999999978e+02 5.117592599999999692e+01 1.183187650344150939e+02 4.712856896281509478e+01
1.341133299999999906e+02 4.027955999999999648e+01 9.329858523457107822e+01 6.681458720462825340e+01
1.219372560000000050e+02 3.834869799999999884e+01 1.314451456496848039e+02 3.700906401000846557e+01
1.348722699999999861e+02 4.490930999999999784e+01 9.433241265319760771e+01 5.803013111660380474e+01
1.093431199999999990e+02 5.360247400000000084e+01 1.083288238284753788e+02 5.977237597838744421e+01
1.344615799999999979e+02 6.846796999999999400e+01 1.186480687416484727e+02 5.328212606976659060e+01
1.379978999999999871e+02 6.760590000000000543e+01 9.772135940431768120e+01 4.144310276860366571e+01
1.321107499999999959e+02 6.280727399999999960e+01 1.247038376544161338e+02 6.215129832768852225e+01
1.346590099999999950e+02 6.986323500000000308e+01 1.085945823732753013e+02 6.176795045252574567e+01
1.028016800000000046e+02 6.360831999999999908e+01 1.265024497058601867e+02 3.710565964096676339e+01
1.058603800000000064e+02 6.570698000000000150e+01 1.002862319295359725e+02 5.889347655243565782e+01
1.362856400000000008e+02 6.176055499999999654e+01 1.128462044515035245e+02 5.637167240073142693e+01
1.164234799999999979e+02 6.311826299999999890e+01 1.105497250017819226e+02 6.986230441222348020e+01
1.246551599999999951e+02 6.337980000000000302e+01 1.210017974498408648e+02 5.788923456684034363e+01
1.303189000000000135e+02 6.541673000000000116e+01 1.168327634509982857e+02 5.901345540765665731e+01
9.858089999999999975e+01 4.464851800000000281e+01 1.115478109663689565e+02 5.023281482542434873e+01
1.220744799999999941e+02 5.367751700000000170e+01 1.137705616204876264e+02 4.150821788054158645e+01
1.269906000000000006e+02 5.636021999999999821e+01 9.472477871956220952e+01 6.983201427127904992e+01
9.599138000000000659e+01 6.353705200000000275e+01 1.046066027573330075e+02 6.124056970017524293e+01
9.955476000000000170e+01 3.627830999999999761e+01 1.259810271020619439e+02 4.731667344035544431e+01
9.715255000000000507e+01 3.897306999999999988e+01 1.001587427494731060e+02 3.920740054242600792e+01
9.287824999999999420e+01 5.449131799999999970e+01 1.122752096860688198e+02 4.680577110114714401e+01
1.287450399999999888e+02 3.792816499999999991e+01 1.347518468415882182e+02 4.928842480547530158e+01
1.283998699999999928e+02 3.965931299999999737e+01 1.150902567205238824e+02 6.565741848257287927e+01
1.203708950000000044e+02 4.768780999999999892e+01 1.115195061855021663e+02 4.546675130533277809e+01
1.103462999999999994e+02 6.724505600000000527e+01 9.434548942225693224e+01 6.622062884900147139e+01
1.078560200000000009e+02 4.944738399999999956e+01 1.351763537378655542e+02 5.339213257074200669e+01
1.219254799999999932e+02 4.223789200000000221e+01 1.059592414923161101e+02 4.684216990464908292e+01
1.303482700000000136e+02 6.551869999999999550e+01 1.263118441149075011e+02 6.241568903496445841e+01
1.067329500000000024e+02 6.563080999999999676e+01 9.965464546095377329e+01 4.630121189881906218e+01
1.365149399999999957e+02 4.628622399999999715e+01 9.358000943374010205e+01 4.632408813854461727e+01
1.033637899999999945e+02 4.567703999999999809e+01 1.124964420811644175e+02 5.297985649927559848e+01
1.288662099999999953e+02 6.216295000000000215e+01 1.250644643823402191e+02 4.652090054344290593e+01
1.078045099999999934e+02 5.561363599999999963e+01 9.734453744451211321e+01 5.923099864304504081e+01
9.406001000000000545e+01 3.944881999999999778e+01 1.033514811347785667e+02 4.045512212102188698e+01
1.379576600000000042e+02 6.805234000000000094e+01 1.168642226246824976e+02 5.025941627616720098e+01
1.191878800000000069e+02 4.609689699999999846e+01 1.134037848773759691e+02 4.328936750128123379e+01
1.253980099999999993e+02 6.949590000000000600e+01 1.303116885704614560e+02 4.561255777698178804e+01
1.051409759999999949e+02 4.282589699999999766e+01 1.265466888016419063e+02 6.677515237822453287e+01
1.373060900000000117e+02 4.460844399999999865e+01 1.230447290968965461e+02 5.757559785680434317e+01
1.375125299999999982e+02 5.513875199999999666e+01 1.217790590828381880e+02 6.222639732610820573e+01
1.140609359999999981e+02 6.030183399999999949e+01 1.307072719608672173e+02 5.975329125563779087e+01
1.074421200000000027e+02 6.691886999999999830e+01 1.358672326334407217e+02 5.446818754973230625e+01
1.247462900000000019e+02 5.600342599999999749e+01 9.430741159737037549e+01 4.908892465048141673e+01
1.354402900000000045e+02 6.017669300000000021e+01 1.232699219307478984e+02 5.494998179304445785e+01
1.331381199999999865e+02 3.939016699999999815e+01 1.344975653398429358e+02 6.201723793010970098e+01
1.186428499999999957e+02 4.675065000000000026e+01 1.091342904272761984e+02 5.062342835258579754e+01
1.357191500000000133e+02 4.794534999999999769e+01 9.719130509472859103e+01 5.492439976731921547e+01
9.722106999999999744e+01 5.056562799999999669e+01 1.180654006761830459e+02 6.457902110721406075e+01
1.359689500000000066e+02 5.491313600000000150e+01 1.064495951355313395e+02 6.952236600198892802e+01
1.303625999999999863e+02 4.244732700000000136e+01 1.275828481108851236e+02 4.691969204316022513e+01
9.453377000000000407e+01 4.481956000000000273e+01 9.733775564943249492e+01 6.165839966544974970e+01
1.139955400000000054e+02 6.218042400000000214e+01 1.084140286683651198e+02 6.275826557793128302e+01
1.258382339999999999e+02 6.744584000000000401e+01 1.215721488482234633e+02 5.756455474195335853e+01
1.297491300000000081e+02 3.993348999999999904e+01 1.267041459692800345e+02 5.434018347425553941e+01
1.046697300000000013e+02 4.172155000000000058e+01 1.114002499101252113e+02 5.214310047346763355e+01
9.467810000000000059e+01 6.442825000000000557e+01 1.375140882624526739e+02 6.714333057803712279e+01
1.322661699999999882e+02 4.410014999999999930e+01 1.329074693751307166e+02 4.822430740056815779e+01
1.078897999999999939e+02 5.759991000000000128e+01 1.288685321782429583e+02 3.709149965171631891e+01
1.072860299999999967e+02 4.399763500000000249e+01 1.118384913946798775e+02 3.751359997748260611e+01
9.369842500000000030e+01 4.633554500000000331e+01 1.367501966060032714e+02 5.748913426818285188e+01
9.854640000000000555e+01 3.789213600000000071e+01 9.841623676066775772e+01 5.718581002220598464e+01
9.467953500000000133e+01 4.704668999999999812e+01 9.871581900166022194e+01 6.657091155110924774e+01
1.193212999999999937e+02 6.288249600000000328e+01 1.142213161875897498e+02 5.833212017848872222e+01
1.371529099999999914e+02 3.569744500000000187e+01 1.044864107663861574e+02 6.320886811017204110e+01
9.627123000000000275e+01 6.216372700000000151e+01 1.130808448265578647e+02 4.692844534535270640e+01
1.151293950000000024e+02 6.106064200000000142e+01 1.316411914175637037e+02 3.732125011226217737e+01
1.092449600000000061e+02 6.918677499999999725e+01 1.367407720887229630e+02 4.250492714621412915e+01
1.167755899999999940e+02 4.755013999999999896e+01 1.077244767906596508e+02 6.370637005758598548e+01
9.257283999999999935e+01 4.040610499999999661e+01 1.235343640310022693e+02 4.045167818641533586e+01
1.354987000000000137e+02 3.859143000000000256e+01 1.259625237830479136e+02 6.418278786273128844e+01
1.110472500000000053e+02 4.693097000000000207e+01 1.154401980235308969e+02 3.664130678532652041e+01
1.345835600000000056e+02 4.774607000000000312e+01 1.082073974179390348e+02 3.641261761950238451e+01
1.144350050000000039e+02 5.995313600000000065e+01 1.104938353914858595e+02 4.632772729412423018e+01
1.071080249999999978e+02 5.885587699999999955e+01 1.356848436560837001e+02 6.748888214011465436e+01
1.354099600000000123e+02 5.487340499999999821e+01 9.894964251750138828e+01 6.321552306329607518e+01
9.533126000000000033e+01 4.475791999999999859e+01 9.400131242221594619e+01 6.298452184413019950e+01
1.060775600000000054e+02 4.742472000000000065e+01 9.795701863789925312e+01 6.765058570353345146e+01
1.010534399999999948e+02 5.393462000000000245e+01 1.184254292935637238e+02 4.981000534846201333e+01
1.242492139999999949e+02 5.672003600000000034e+01 1.157534120712378467e+02 6.204015454778773631e+01
1.214462000000000046e+02 4.286551999999999651e+01 1.138621592203178778e+02 4.685977059871168393e+01
1.234930099999999982e+02 6.405910000000000082e+01 1.035596655842702347e+02 3.797346537543507594e+01
9.457316000000000145e+01 4.571109400000000278e+01 9.374843724257823396e+01 4.054103890256246245e+01
9.208877599999999575e+01 6.644231399999999610e+01 1.208321477915997519e+02 6.548102921735610948e+01
1.177819899999999933e+02 5.169178800000000251e+01 1.059510231848146589e+02 6.607024384397975325e+01
1.132550300000000050e+02 6.214493000000000222e+01 1.343036402974003352e+02 4.347386248090693783e+01
1.005112900000000025e+02 6.521495000000000175e+01 1.235125161063154167e+02 4.360669285508354420e+01
1.192215699999999998e+02 4.709253999999999962e+01 1.337551584624276302e+02 3.545968287800015872e+01
1.255145499999999998e+02 3.988392300000000290e+01 1.043611832537115021e+02 4.897380274561409408e+01
1.130192260000000033e+02 3.594691000000000258e+01 1.096773018736524676e+02 3.576707764292725500e+01
1.288851300000000037e+02 4.390571200000000118e+01 1.198424686471256280e+02 4.174899565442347438e+01
1.216822099999999978e+02 5.666908300000000054e+01 1.110056972689895929e+02 6.767827976530786316e+01
1.244986700000000042e+02 5.948729000000000156e+01 1.142788119015600188e+02 4.199266193295654404e+01
1.158662999999999954e+02 5.075090999999999752e+01 1.078832853317596943e+02 5.547344083659658764e+01
9.506910999999999490e+01 4.567146000000000328e+01 1.344008861205509788e+02 5.441212681217299263e+01
1.183457259999999991e+02 6.426152999999999338e+01 1.246250408406059478e+02 4.705654394393925344e+01
1.295205799999999954e+02 3.861454799999999921e+01 1.237397317391014866e+02 6.567169467500961844e+01
1.261252900000000068e+02 5.839146000000000214e+01 1.084048043105051420e+02 6.778347366647537342e+01
9.324991599999999892e+01 4.487876500000000135e+01 1.214297507609935849e+02 3.705283083542129674e+01
1.150110999999999990e+02 5.815912600000000054e+01 1.290832898047811170e+02 6.085108965749267895e+01
1.237276499999999970e+02 6.852452999999999861e+01 9.984723855284595118e+01 5.027010090548795063e+01
1.267693199999999933e+02 6.008526599999999718e+01 1.284104047461175639e+02 4.480461384685872872e+01
1.077016699999999929e+02 6.938885999999999399e+01 1.351057955334038923e+02 4.497309026499730322e+01
1.335651000000000010e+02 6.465498999999999796e+01 1.369392101444693708e+02 6.857120899234992351e+01
1.070381299999999953e+02 4.627664599999999950e+01 9.578396647474701808e+01 4.566196063114981030e+01
1.091006399999999985e+02 6.401333999999999946e+01 1.348876134292685265e+02 6.800386671080573819e+01
1.012638239999999996e+02 4.467660500000000212e+01 1.212436891521201119e+02 4.849645642792673073e+01
9.413169999999999504e+01 4.628090000000000259e+01 1.131987437870077997e+02 6.483706410077732585e+01
1.115526660000000021e+02 6.805427600000000155e+01 9.272360099274965251e+01 5.307322191595667960e+01
1.017819899999999933e+02 4.557791999999999888e+01 1.008181558392255255e+02 4.688384606238138730e+01
1.263374400000000009e+02 6.424419399999999314e+01 1.149907678688411750e+02 4.229744633903936801e+01
1.125695699999999988e+02 6.510526000000000124e+01 1.330379996142447681e+02 4.341911415849624234e+01
9.591960000000000264e+01 4.517667999999999751e+01 1.019176475884574700e+02 5.179622489521679540e+01
1.219912949999999938e+02 5.710268800000000056e+01 9.223312546078523155e+01 5.877604008746460806e+01
1.370550100000000100e+02 6.047201499999999896e+01 1.251345527645275979e+02 5.817346511709756385e+01
1.057902449999999988e+02 5.173060999999999865e+01 1.022098970866867518e+02 4.100342496834996808e+01
1.259132000000000033e+02 6.058984399999999937e+01 1.373090062508838400e+02 4.172969918735813621e+01
1.063012400000000071e+02 5.429311799999999977e+01 1.228617544647958937e+02 4.959274650470493384e+01
