1.248270700000000062e+02 4.432827999999999768e+00 1.049682409913513368e+02 1.820988766652717672e+01
9.548212999999999795e+01 1.554973200000000055e+01 1.235870627820645211e+02 1.346375356755129360e+01
1.209879799999999932e+02 1.243783900000000031e+01 9.390031639509577133e+01 2.097596442249367854e+01
1.033886799999999937e+02 2.024487500000000040e+01 9.593774508984374449e+01 6.887942370431807682e+00
1.108996999999999957e+02 3.483259000000000327e+01 1.055661218454250729e+02 1.436824552821415857e+01
1.103286899999999946e+02 1.103283000000000014e+00 1.261140840578944449e+02 2.192850361164313711e+01
1.219884500000000003e+02 2.734084500000000162e+01 1.249171433195544410e+02 8.937651858899776869e+00
1.202658899999999988e+02 5.060309000000000168e+00 1.029862026577692404e+02 2.948445088023011351e+01
9.911983499999999481e+01 3.033258400000000066e+01 1.329887138280685122e+02 3.080768938188204586e+01
9.686450000000000671e+01 3.287660000000000338e+01 9.990562811749204286e+01 3.016462745749231900e+01
1.059587700000000012e+02 8.478775999999999868e+00 1.143206095688458390e+02 2.935990044029484736e+01
1.297718999999999880e+02 1.096346999999999916e+01 9.969451357719876228e+01 2.525084630234267991e+01
1.055944099999999963e+02 1.730002199999999846e+01 1.049139478532592449e+02 2.001695975509215941e+01
1.015857799999999997e+02 1.553561999999999976e+01 9.875821588263794126e+01 3.056973196986255914e+01
1.098771440000000013e+02 2.681062700000000021e+01 1.015024863736538379e+02 8.735568973029977258e+00
9.363790000000000191e+01 1.419008299999999956e+01 9.650343891614564029e+01 1.241807736347907820e+01
9.897129999999999939e+01 1.955711399999999855e+01 1.117452321186663653e+02 6.335701699752446459e+00
1.216318360000000069e+02 6.971199999999999619e+00 1.128939558520003743e+02 2.196279335289380086e+01
1.185986900000000048e+02 1.763774300000000039e+01 1.302852006459247605e+02 7.616503013621728213e-01
1.223199099999999930e+02 8.781103999999999132e+00 9.514417977396588810e+01 2.446772268806653727e+01
1.233387599999999935e+02 2.847430000000000128e+00 1.167755658687492826e+02 2.104007654718438758e+01
1.080927049999999952e+02 1.663354700000000008e+01 1.226947440546226318e+02 2.030872276530079290e+01
1.062813639999999964e+02 9.905939000000000050e+00 1.376014034752194561e+02 8.240954335668737585e+00
1.103507400000000018e+02 8.773649999999999505e-01 1.057486594879969175e+02 1.590358267962205252e-01
9.922207000000000221e+01 4.366456999999999589e+00 1.235009263464803269e+02 3.163779236877919132e+01
1.148437040000000025e+02 1.286086000000000062e+00 9.557098002807258297e+01 2.182376780103789571e+01
1.375393200000000036e+02 1.340690000000000026e+01 1.045906659902707077e+02 2.105068560495718799e+01
1.035757499999999993e+02 1.086949599999999982e+01 1.301622883541767237e+02 1.580364164205196964e+01
1.056286400000000043e+02 2.796617300000000128e+01 1.122371887028435395e+02 5.881846947212533649e+00
1.129650599999999940e+02 1.078936599999999935e+01 1.261200481102908668e+02 2.688653753005004532e+01
1.338926400000000001e+02 1.374230400000000074e+01 1.149100954832545369e+02 2.754498731793007948e+01
1.286689599999999984e+02 1.164122899999999916e+01 9.214453927091254570e+01 1.753062855837741196e+01
1.058196200000000005e+02 1.893849399999999861e+01 1.076638628323233888e+02 3.369466287499830059e+01
1.233091349999999977e+02 7.443515999999999799e+00 1.103210492062620176e+02 1.283020664146915912e+01
9.234408600000000433e+01 1.566721100000000000e+01 1.072566395696914014e+02 7.471385289221576187e+00
1.275640800000000041e+02 1.488677000000000028e+01 1.077084496722076494e+02 2.038495896160694798e+01
1.234103000000000065e+02 1.101651599999999931e+01 1.129668330933607621e+02 1.982955413854545412e+01
1.096028799999999990e+02 2.265409999999999968e+01 1.057390582375259243e+02 8.073008106354611968e+00
1.216506349999999941e+02 9.985416000000000736e+00 1.107162570143396181e+02 3.492585631533241042e+01
1.262086639999999989e+02 1.252762300000000018e+01 9.804520210079202513e+01 3.067015148568464866e+01
1.268019900000000035e+02 6.239142000000000188e+00 9.742206768652405913e+01 8.367001889269660708e+00
1.306066700000000083e+02 3.339365399999999795e+01 1.218401416336615881e+02 2.233679439483409368e+01
1.073470499999999959e+02 1.714681799999999967e+01 1.066298846943185481e+02 1.907716325459988482e+01
1.222444500000000005e+02 8.908201999999999288e+00 1.208928500496871123e+02 1.679453085377402743e+01
1.205864299999999929e+02 8.516370000000000218e+00 1.021672127225293991e+02 2.399921718828521833e+01
1.281946399999999926e+02 1.151056699999999999e+01 9.994624457489207714e+01 3.494889954681845978e+01
1.237547799999999967e+02 1.402938000000000018e+00 9.665020939958587576e+01 7.707718253958455890e+00
1.254603199999999958e+02 1.298301599999999922e+01 1.295301641801616768e+02 2.665930190761628538e+01
1.066686859999999939e+02 3.609456000000000220e+00 9.458315178268517798e+01 7.693469750102459592e+00
1.209731299999999976e+02 2.012263300000000044e+01 1.280502105678150429e+02 2.697520894513068868e+01
1.274859500000000025e+02 2.643822899999999976e+01 1.055939970857924521e+02 6.160141724388216389e+00
1.131231460000000055e+02 2.764571000000000112e+00 9.947254189110378775e+01 5.989879772600379404e+00
1.130060650000000066e+02 2.550459999999999994e+01 1.288105820117215785e+02 3.367326284650633283e+01
1.150612100000000027e+02 2.330619199999999935e+01 1.111308828989838560e+02 3.120357927093348493e+01
1.230443949999999944e+02 4.896641999999999939e+00 9.907974322267303080e+01 3.713290599718351181e+00
1.272999200000000002e+02 3.150138899999999964e+01 9.539758141775038780e+01 2.163885362771039311e+01
1.096538500000000056e+02 3.307865999999999929e+01 1.027563021387486231e+02 1.235134348488178446e+01
1.303382699999999943e+02 1.019772700000000043e+01 9.759508559759879631e+01 3.067180426755669842e+01
1.199698300000000017e+02 1.242413400000000046e+01 1.125955429824489897e+02 1.346098403515126218e+00
1.106396600000000063e+02 3.104340399999999889e+01 1.232340023270063369e+02 1.506941879650929117e+01
1.358911999999999978e+02 3.048414999999999875e+00 1.154577143044012786e+02 2.971785328310355112e+01
1.141837539999999933e+02 2.640196200000000104e+01 1.262070526908566848e+02 3.414718234097851735e+01
1.343265800000000070e+02 3.472433000000000192e+01 1.190447547702698898e+02 1.727465815939128646e+01
1.153960299999999961e+02 3.187136999999999887e+01 1.073247002889156221e+02 2.455261581044783625e+01
1.090422400000000067e+02 3.257660000000000000e-01 1.327427866643930088e+02 1.083185569832461148e+01
1.181806899999999985e+02 1.782495300000000071e+01 1.100241527383618205e+02 2.061246447265681425e+01
1.352699100000000101e+02 1.797872999999999877e+01 1.353102340541589115e+02 2.972303453465097078e+01
1.076719200000000001e+02 1.886546900000000093e+01 9.508349311955181804e+01 2.016649676802455105e+01
1.003102300000000042e+02 2.285036500000000004e+01 1.277829549261500119e+02 3.326069345529423060e+01
1.177207499999999953e+02 1.377951799999999949e+01 1.094121221658511729e+02 3.142048141375188841e+00
1.151904700000000048e+02 8.768988999999999479e+00 9.721277559063295826e+01 7.002930196543072583e+00
1.109616900000000044e+02 1.647451399999999921e+01 1.342517775685844299e+02 2.028459064526336064e+01
1.020793800000000005e+02 2.128403700000000143e+01 1.009817004939139053e+02 3.131846228577369118e+01
1.290645299999999907e+02 1.239838499999999932e+01 1.372377519423501440e+02 8.274988539040242230e+00
1.206544499999999971e+02 1.271279400000000059e+01 1.237963713150915055e+02 1.444393922926415774e+00
1.376754999999999995e+02 1.454145600000000016e+01 1.279071596580757131e+02 3.856244271800633783e+00
1.371154999999999973e+02 4.333319999999999950e-01 9.489818869108714239e+01 1.369130481368814856e+01
1.217480850000000032e+02 1.688053000000000026e+00 1.291272741096839241e+02 4.603511722858001143e+00
1.261416849999999954e+02 2.764416500000000099e+01 1.026014653691950400e+02 9.105769127888773795e+00
1.030357699999999994e+02 2.493956400000000073e+01 1.007203744602205404e+02 1.365435204230618282e+01
1.312442299999999875e+02 1.030026800000000087e+01 1.185709778918972717e+02 9.272259731971049801e-01
1.185020800000000065e+02 3.043984199999999873e+01 9.705132956470460215e+01 2.013972757743186648e+01
1.151021999999999963e+02 2.461723999999999890e+01 9.555412136230130216e+01 2.866324833535395911e+01
1.074125099999999975e+02 6.090900000000000425e+00 1.374339472443699322e+02 5.855721131496077980e+00
1.138190160000000049e+02 1.354168100000000052e+01 1.259876924324668863e+02 8.548916201384493263e+00
1.368892999999999915e+02 1.899810999999999916e+00 1.134479900844238784e+02 3.322820017179312657e+01
9.755183399999999949e+01 3.184772999999999854e+01 1.118621153690521624e+02 1.298891524060211644e+01
1.312255999999999858e+02 1.041509199999999957e+01 1.353646839277778895e+02 2.960438620814358401e+01
1.245766100000000023e+02 8.309366000000000696e+00 1.009351063388473335e+02 6.969815065549649802e+00
1.251776499999999999e+02 9.960960999999999288e+00 1.283027884592065959e+02 3.238211490895346145e+01
1.048792499999999990e+02 1.661124399999999923e+01 9.301028745067864634e+01 1.047397656476939787e+01
1.349069200000000137e+02 4.621629999999999905e-01 1.300428856522169951e+02 6.289147854878387456e+00
1.020943999999999932e+02 1.659711000000000070e+01 1.116823065512009236e+02 1.676431907510365704e+01
1.244252599999999944e+02 5.176650000000000418e+00 9.316892456968463421e+01 1.531596287948340418e+01
1.239506300000000039e+02 1.062640999999999991e+01 1.045480243899355202e+02 4.365335911983370565e+00
1.044115500000000054e+02 1.292953800000000086e+01 9.420548742453065927e+01 1.778419872008264235e+01
1.079673540000000003e+02 1.237299100000000074e+01 1.201006156152791249e+02 9.256725554534240175e+00
1.158468500000000034e+02 2.654724699999999871e+01 1.131246061479577065e+02 1.579369297120583759e+01
1.297281600000000026e+02 1.556633399999999945e+01 1.186655900926834164e+02 2.018740755501956841e+01
1.286331199999999910e+02 8.588366999999999862e+00 9.203132043515897465e+01 2.825681314108082631e+01
1.283342100000000130e+02 2.203216400000000164e+01 1.165113630965738167e+02 9.025786680756642255e+00
9.442122000000000526e+01 2.540277000000000118e+00 9.891567734659720657e+01 1.654210827200633949e+00
1.111686299999999932e+02 3.224828000000000117e+01 1.015056448444269677e+02 2.461540059092209631e+01
1.194070700000000045e+02 1.974189399999999850e+01 1.106875191502377334e+02 2.876709744567604687e+01
1.195968249999999955e+02 1.992211299999999952e+01 1.071939684109083260e+02 3.271048226467198106e+01
1.247555499999999995e+02 1.558736700000000042e+01 9.256786437937952883e+01 1.941821542940635226e+01
1.118422850000000039e+02 1.812244600000000005e+01 1.044993854286589112e+02 1.644541098574642035e+01
1.128123599999999982e+02 2.516570700000000116e+01 1.200416112154692883e+02 2.664537042555885549e+01
9.689548999999999523e+01 3.139643900000000087e+01 9.655396109755460543e+01 1.321481413802962912e+01
1.274613300000000038e+02 8.821358999999999284e+00 1.242576920227713373e+02 1.082038936167545273e+01
1.019945450000000022e+02 1.624662599999999912e+01 9.877472650909841434e+01 1.313736150229423316e+01
1.148955600000000032e+02 1.872133399999999881e+01 1.194016189802074166e+02 1.189321432470498507e+01
1.226265700000000010e+02 6.337415000000000020e+00 9.294218535810985315e+01 2.841334609448703930e+01
1.258002900000000039e+02 1.515819699999999948e+01 9.785111263809073989e+01 3.272164592584657328e+01
1.221421050000000008e+02 3.095749999999999780e+00 1.277061744379292207e+02 3.280536265826918196e+01
1.104863299999999953e+02 2.858129299999999873e+01 1.189151884505572809e+02 1.911633489958953902e+01
1.208825700000000012e+02 1.676954800000000034e+01 1.219517869148609606e+02 2.158664669965753191e+01
1.134188099999999935e+02 1.023753300000000088e+01 1.288237564633812724e+02 1.935117419613010981e+00
1.355431199999999876e+02 2.001708199999999849e+01 1.229836297124860636e+02 3.329712165053017259e+01
9.954652400000000512e+01 2.725922600000000173e+01 9.635857361722446512e+01 2.387992952395892132e+01
1.370396700000000010e+02 1.252472000000000030e+00 1.145594502950916080e+02 1.170628961922057876e+01
1.301593200000000081e+02 3.440213800000000077e+01 1.273136265982669215e+02 1.253894525522008330e+01
1.037843000000000018e+02 2.495760299999999887e+01 1.249475324560570471e+02 2.298046846336154303e+01
1.066084100000000063e+02 3.491856800000000050e+01 9.660850316189913656e+01 2.824276936730259813e+00
1.270234300000000047e+02 5.967240000000000322e+00 1.069997560852018808e+02 2.477800832666686048e+01
1.039038099999999929e+02 2.730013999999999896e+01 9.236698194790353966e+01 4.347979144966816811e+00
1.039138399999999933e+02 1.255168100000000031e+01 1.173985039749112360e+02 3.305364225709464421e+01
1.211047800000000052e+02 2.653878999999999877e+01 1.348096108387233585e+02 4.611178025896279564e+00
1.068336939999999942e+02 1.901988000000000056e+01 1.138736370244371727e+02 9.701750443832882098e+00
1.352721099999999979e+02 9.163007999999999598e+00 1.010445612947211913e+02 6.844978966682027988e+00
1.308280000000000030e+02 1.675008999999999970e+00 1.194306187161172801e+02 3.145913006738532403e+01
1.252135240000000067e+02 1.563707699999999967e+01 1.343940453807583140e+02 2.049969222698435800e+01
1.149692299999999960e+02 2.266322900000000118e+01 9.372347716729660760e+01 1.556931220341494893e+01
1.275717999999999961e+02 1.522483000000000075e+01 1.198876055012935069e+02 1.312578064031894698e+00
1.124594649999999945e+02 2.773611800000000116e+01 1.192539106604496624e+02 3.138525954176914823e+01
1.320785700000000134e+02 1.136370800000000081e+01 1.364426540502149692e+02 2.327034746285613664e+01
1.293298800000000028e+02 7.388890000000000180e-01 1.290790699035124476e+02 8.469211605263471387e-01
1.058240600000000029e+02 1.711543800000000104e+01 9.997347643311297816e+01 6.502990842515739445e+00
1.198241399999999999e+02 4.847177000000000291e+00 1.056245098586026643e+02 2.952082880666912956e+01
1.169782000000000011e+02 4.263942000000000121e+00 1.128542127527867649e+02 2.802045891036814851e+01
1.353319700000000125e+02 1.899710500000000124e+01 1.344141733267316852e+02 2.572656689451335765e+01
1.257966299999999933e+02 8.756054999999999922e+00 1.365014435987316972e+02 1.243105380528293225e+01
1.263779140000000041e+02 1.207870400000000011e+01 1.108885820738430965e+02 3.172632056484977170e+01
1.032809749999999980e+02 1.728598600000000118e+01 1.112532101368466044e+02 1.622807030283102137e+01
1.134008259999999950e+02 2.899073999999999884e+01 1.107233759103168467e+02 3.034994672805177984e+00
1.222112300000000005e+02 1.084067199999999964e+01 1.128377165460563276e+02 1.075070700318005912e+01
1.191021599999999978e+02 1.562066500000000069e+01 9.589241617994386502e+01 1.378471002752630525e+01
1.044513100000000065e+02 2.886278000000000077e+01 1.211093602101998101e+02 3.142573774623319949e+01
1.198547059999999931e+02 7.232410999999999923e+00 1.135555925027543367e+02 6.036870327710259332e+00
1.362818499999999915e+02 1.441225500000000004e+01 1.223220752889337746e+02 5.175078781151942753e-01
9.954317000000000348e+01 2.821960599999999886e+01 1.104029338183128175e+02 3.222794267893895892e+01
1.231007100000000065e+02 2.744201500000000138e+01 1.128786140338789181e+02 1.700882103827846947e+01
1.344861300000000028e+02 1.449819800000000036e+01 1.254036305174082031e+02 6.142014700511332137e+00
1.245154399999999981e+02 9.428326000000000207e+00 1.002014646349545757e+02 2.831223786210003013e+01
1.008096900000000034e+02 1.563741100000000017e+01 1.242571135012210846e+02 1.523365929365637150e+01
1.299641100000000051e+02 1.389185499999999962e+01 1.248084644858358985e+02 1.711770105959988797e+01
1.024698099999999954e+02 2.152501900000000035e+01 9.589006804847178955e+01 1.355017202566438606e+01
1.286751700000000085e+02 8.353201000000000320e+00 1.142905363265318499e+02 6.060598808999013265e+00
1.224160899999999970e+02 7.696626000000000190e+00 1.168756302381573562e+02 1.707934190325336843e+01
1.099067840000000018e+02 1.686253999999999920e+01 1.110282065833825129e+02 1.398498243756105985e+01
9.786359400000000619e+01 2.648629000000000033e+01 1.076541939463904214e+02 4.220777721028738938e+00
1.339961700000000064e+02 3.438096600000000080e+01 9.808152745667180739e+01 1.734586096439429515e+00
9.277315000000000111e+01 1.838847499999999968e+01 9.880044414579657541e+01 2.405826337307179230e+01
1.221774099999999947e+02 4.068751999999999924e+00 1.296138231026506276e+02 9.975676121683707542e-02
1.364772499999999980e+02 2.120343999999999784e+00 1.250182623724234645e+02 3.468924304954381199e+01
1.009766800000000018e+02 1.603761899999999940e+01 1.255928408419595996e+02 2.139644584404686256e+01
1.135725199999999973e+02 1.487359700000000018e+01 1.281805322141720183e+02 9.960519198071909885e-01
1.293635400000000004e+02 1.894171000000000049e+00 1.148642624963877097e+02 2.524595973999372234e+01
1.286662800000000004e+02 5.189660000000000384e-01 1.209055202749327407e+02 3.257624639388240695e+01
1.106924300000000017e+02 8.721729999999999761e-01 1.012781370418467333e+02 2.964095584266120653e+01
1.251190799999999967e+02 3.508843000000000156e+00 1.154480139503239258e+02 3.445232327550928630e+01
1.185999149999999958e+02 1.150301600000000057e+01 9.886740702518702051e+01 7.506808725270536442e+00
1.077314800000000048e+02 2.793261299999999991e+01 1.148058538380004308e+02 3.437237740157088162e+00
1.377753099999999904e+02 1.232100499999999954e+01 1.004412819483312660e+02 6.011925023146453384e+00
1.332002899999999954e+02 1.412760000000000127e-01 1.300771937216037202e+02 3.011777585004735514e+01
1.148329200000000014e+02 2.281423799999999957e+01 9.664210137991715044e+01 1.892094682840299313e+01
1.365897199999999998e+02 8.289113999999999649e+00 1.147968958856177437e+02 1.269018210313034167e+01
1.352128999999999905e+02 5.011090000000000266e+00 9.513185049766026680e+01 1.315005954535899058e+01
1.052273249999999933e+02 1.942294899999999913e+01 1.048863086168608589e+02 7.053023814868151220e+00
1.262763199999999983e+02 1.215531000000000006e+01 9.453764761053896848e+01 9.464942927177418142e+00
1.074754400000000061e+02 1.089594899999999988e+01 9.875843836551848653e+01 4.364118186326816584e+00
1.217343299999999999e+02 1.486597700000000088e+01 1.309234607897598437e+02 1.561132511169473069e+01
1.081673300000000069e+02 3.137665000000000148e+01 1.220159959080550180e+02 7.411835237069331228e+00
1.355432900000000132e+02 8.343788999999999234e+00 1.365386914451645453e+02 2.881830391530986546e+01
1.078603300000000047e+02 3.205924000000000262e+01 9.229494718571243084e+01 7.870134496877708941e+00
1.211231700000000018e+02 5.250886000000000386e+00 1.256924608467974451e+02 3.168725276397839252e+01
1.216711800000000068e+02 9.723228000000000648e+00 1.167456772293191136e+02 1.668972400263678324e+01
1.049807359999999932e+02 3.378130699999999820e+01 9.235101537858284360e+01 1.939917607156141921e+00
9.488523999999999603e+01 3.360560600000000164e+01 1.260357461349443895e+02 1.854309067789069232e+01
9.868321000000000254e+01 2.970345299999999966e+01 1.167448929691727670e+02 3.005948660991357002e+01
1.075523299999999978e+02 1.898231499999999983e+01 1.087017940550325221e+02 2.922930837413607108e+01
1.250190400000000039e+02 1.223044999999999938e+01 1.139928065270209174e+02 2.740006393302383003e+01
1.225021299999999940e+02 2.699719199999999830e+01 1.010170088396463370e+02 2.352825638628799343e+00
1.262960360000000009e+02 2.761617000000000033e+01 1.181210291054651975e+02 7.227159571627356227e-01
1.115640259999999984e+02 1.853575000000000017e+01 1.069020291201985060e+02 1.222861776378066700e+01
1.092710799999999978e+02 1.336278599999999983e+01 1.336345126159731933e+02 2.505877932859604940e+01
1.006953599999999938e+02 1.924044200000000160e+01 9.797303150291560314e+01 3.221122717141783909e+01
1.220030500000000018e+02 1.467741900000000044e+01 1.168180220574421071e+02 9.070453348568396024e+00
1.130484199999999930e+02 2.044042800000000071e+01 9.439655943841178498e+01 2.829437425857531352e+01
1.245328750000000042e+02 5.898450999999999667e+00 1.144777046969288108e+02 2.953446262778521358e+01
1.240121900000000039e+02 1.423227999999999938e+00 1.189963802506539707e+02 9.303491714689332781e+00
1.055329299999999932e+02 8.244474999999999554e+00 1.075336311701321250e+02 2.289610153198222164e+01
1.286794999999999902e+02 1.162912799999999969e+01 1.097286321687427346e+02 1.446419806119031293e+01
1.264931950000000001e+02 3.052376699999999943e+01 9.254978505472628569e+01 2.938664826205146241e+01
1.276148699999999963e+02 1.206080700000000050e+01 9.448228796204485036e+01 1.514611072514282508e-01
1.036124999999999972e+02 3.156100700000000003e+01 1.231044848131791412e+02 1.420856172655833127e+01
1.040978850000000051e+02 1.695514100000000113e+01 1.071812361977167711e+02 1.999099930576788253e+00
1.092301300000000026e+02 1.388265000000000082e+00 1.241315630264847982e+02 2.251564240846244758e+01
1.197753399999999999e+02 1.044808199999999943e+01 9.934807297107688839e+01 6.040293605109993358e+00
1.104307500000000033e+02 1.658255600000000030e+01 9.996150696580764361e+01 1.825055005807428188e+01
1.093217539999999985e+02 1.300310099999999913e+01 9.800882218048116101e+01 1.312328373876077237e+01
1.006978600000000057e+02 1.544444200000000045e+01 1.329546339433493358e+02 1.362927268631206879e+01
1.310145699999999920e+02 1.227133000000000074e+01 1.220121740362809248e+02 2.028736663093267367e+01
9.793104999999999905e+01 2.979559499999999872e+01 9.291197839286147087e+01 7.328856955157970532e+00
1.175795600000000007e+02 5.611371000000000109e+00 9.488566616218741956e+01 3.273061880190410733e+01
1.308442000000000007e+02 8.125244999999999607e+00 9.273154056793688937e+01 2.079216798732125326e+01
1.347473899999999958e+02 1.456310399999999916e+01 9.437095343022282634e+01 2.339980033483707444e+01
1.175967899999999986e+02 3.310830700000000348e+01 9.246486869441180545e+01 2.401583401857116939e+01
1.246537699999999944e+02 1.549389700000000047e+01 1.176217759362410504e+02 2.872311748523177144e+01
1.034284499999999980e+02 2.847408899999999932e+01 1.170969999405537862e+02 2.898183048865636025e+01
1.106384299999999996e+02 3.058228099999999827e+01 1.294771746095207448e+02 1.135766556931536897e+01
1.181643140000000045e+02 2.271122000000000085e+01 1.372154519692089991e+02 2.433630134219675156e+01
1.191146099999999990e+02 1.880997299999999939e+01 1.155917569781158107e+02 1.320894124664614466e+01
1.260793199999999956e+02 1.507600200000000079e+01 1.088397180222772249e+02 4.418981328787002782e-01
1.046525000000000034e+02 2.365267400000000109e+01 1.308613193155269983e+02 1.249430616245072656e+01
1.218649499999999932e+02 3.051391999999999882e+01 9.242076087661412487e+01 3.030939987328265062e+01
1.171505300000000034e+02 2.386019699999999943e+01 1.155851585922424931e+02 1.007706221670406244e+01
1.304027600000000007e+02 8.559516999999999598e+00 9.318115442973270035e+01 9.017476665547100367e+00
1.040678560000000061e+02 3.964449000000000112e+00 1.125826536909197841e+02 2.560267151906608873e+01
1.126016500000000065e+02 1.711163499999999971e+01 1.056923890702477422e+02 2.200803638691024133e+00
9.918323499999999626e+01 1.574674699999999916e+01 1.208060498851772024e+02 1.731420258616711294e+01
1.230953449999999947e+02 4.679204000000000363e+00 9.752949046256860299e+01 2.107695733566927299e+00
1.015848000000000013e+02 2.689655000000000129e+01 1.048749911358591334e+02 1.412331847844565225e+01
1.063641049999999950e+02 2.387164500000000089e+01 1.096090034578853931e+02 1.532115727313506648e+00
1.207911699999999939e+02 1.297105099999999922e+01 1.319142940161960382e+02 1.928251809648246962e+01
1.292091000000000065e+02 9.637442000000000064e+00 1.253215095717073524e+02 3.490774633967441076e+01
9.511124399999999923e+01 2.042535200000000017e+01 1.159528287841799994e+02 1.598005878067303875e+01
1.068494100000000060e+02 1.800854100000000102e+01 1.184084049799462974e+02 1.630525116947544717e+01
1.205464199999999977e+02 1.931105200000000011e+01 1.097040233880236570e+02 2.335725133560168842e+01
1.086584299999999956e+02 1.116496899999999926e+01 1.024961367249427013e+02 3.478423948569759716e+01
9.713448999999999955e+01 2.390841500000000153e+01 1.327921432772423316e+02 7.178018348520397218e+00
1.057738700000000023e+02 3.275798400000000044e+01 1.024306263673959023e+02 3.395158874619443878e+01
1.168420299999999941e+02 1.809422899999999856e+01 1.214998004404435221e+02 3.010238633430564192e+01
1.114416300000000035e+02 1.862790100000000137e+01 1.374887823134150437e+02 1.574015005691489222e+01
9.286606600000000356e+01 6.433735999999999677e+00 1.298571061762507952e+02 2.945745424071371588e+01
1.268339900000000000e+02 8.518722999999999601e+00 1.314873269727058869e+02 1.450636972978341532e+01
1.200400099999999952e+02 2.610586400000000040e+01 1.177803876613867118e+02 2.384972969508656249e+01
1.262777600000000007e+02 1.555640400000000056e+01 1.271448490529846680e+02 3.437490816747387612e+01
9.605414600000000291e+01 3.418947000000000003e+01 1.244980402751263853e+02 6.920267756634369327e+00
1.183964100000000030e+02 2.882246400000000008e+01 1.344470942156354454e+02 3.203470935939652975e+01
9.942723999999999762e+01 2.273704499999999840e+01 1.117242487731658969e+02 1.750572024305025565e+01
1.357156699999999887e+02 3.125895300000000177e+01 9.446687199345592489e+01 7.487921490819121617e-01
1.274334099999999950e+02 7.574142000000000152e+00 1.080186399718846104e+02 1.926254439890006864e+01
1.105124739999999974e+02 2.767481799999999836e+01 9.288587564267339758e+01 9.324569793859062372e+00
1.233786699999999996e+02 4.075228000000000073e+00 1.211865921108203992e+02 7.675845616218185619e+00
1.237617400000000032e+02 2.570814499999999825e+01 9.419182248979588223e+01 2.971691494427292213e+01
1.263477249999999970e+02 1.183359199999999944e+01 1.262465116537687209e+02 9.444407958310760520e+00
1.041709440000000058e+02 3.200216000000000349e+01 1.057803783648654132e+02 3.263917033133984802e+01
1.261324800000000010e+02 2.826121900000000053e+01 1.136569344723230017e+02 6.944716749021473401e-02
1.009878700000000009e+02 1.558966700000000039e+01 1.093989065500840638e+02 2.065150359323096296e+01
1.205367660000000001e+02 1.833390400000000042e+01 1.132424437674577433e+02 7.288389763286085454e+00
1.213953300000000013e+02 5.272655000000000314e+00 1.084643985075752823e+02 1.037623734355293159e+01
1.004126049999999992e+02 2.261345000000000027e+01 1.335197156886509902e+02 1.292428068820698961e+01
1.344432400000000030e+02 7.931499999999999773e+00 1.200797988796432776e+02 2.029512320532470682e+01
1.365753499999999860e+02 3.356936300000000273e+01 1.244359586297902780e+02 2.050647636575158828e+01
1.211260759999999976e+02 1.171536500000000025e+01 1.349147395361731583e+02 1.887108154666474746e+01
1.147561599999999942e+02 1.838597100000000140e+01 1.120348618154813778e+02 1.136321597410493567e+01
1.078898599999999988e+02 1.824183700000000030e+01 1.013096025739059911e+02 1.044874991052855151e+01
1.167593700000000041e+02 2.162810899999999847e+01 1.074654356125039527e+02 4.726342072626643187e+00
1.100269849999999963e+02 1.782430499999999896e+01 1.374853648741867573e+02 1.474723773912106317e+01
1.125651100000000042e+02 1.389909199999999956e+01 1.263422872755172506e+02 9.957078729860407762e+00
1.063705499999999944e+02 2.535100999999999871e+01 1.191059862075541389e+02 1.553508498911649216e+00
1.123958300000000037e+02 1.957101600000000019e+01 1.284085232481453147e+02 6.921920333314635077e-01
1.204545700000000039e+02 7.107947000000000237e+00 1.139988092259850703e+02 2.101703760495299278e+01
1.222486099999999993e+02 1.220074699999999979e+01 1.243969477726649018e+02 2.184239696368638306e+01
1.240659799999999962e+02 7.754509999999999792e+00 1.016071889876818659e+02 2.827447528382703368e+01
1.265867599999999982e+02 2.725253899999999874e+01 1.367025466910198759e+02 2.690745286503503664e+01
1.098299099999999981e+02 2.569585199999999858e+01 9.310295410148006567e+01 2.729745081437353704e+01
1.066582599999999985e+02 2.877814700000000059e+01 9.353621275665682333e+01 3.155731011261672592e+01
1.017952350000000052e+02 1.828858599999999868e+01 9.714985067875262814e+01 2.945069229804545685e+01
1.239107999999999947e+02 6.146923000000000137e+00 1.310247263473051760e+02 1.289149199692695014e+01
1.301707000000000107e+02 5.522420000000000107e-01 1.156063085789148204e+02 4.804482177088682526e+00
1.208478199999999987e+02 2.691405000000000047e+00 1.141430237553518197e+02 3.332622455885621804e+01
1.369361299999999915e+02 1.332057299999999955e+01 1.076246805655078731e+02 2.591052324829598064e+01
1.060799499999999966e+02 9.110470000000000512e-01 1.024910134148288421e+02 2.203410844674102620e+01
1.259025960000000026e+02 8.412031000000000702e+00 1.005443649354263442e+02 1.809787674949158287e+01
1.331451700000000073e+02 1.564029200000000053e+01 1.263510732088597592e+02 2.521305669428355767e+00
1.135080899999999957e+02 2.942609399999999908e+01 9.442181265656795119e+01 1.504601740768533524e+01
1.023442150000000055e+02 1.525748100000000029e+01 1.306562021597534340e+02 1.542628203529436881e+01
1.183045350000000013e+02 1.970592500000000058e+01 9.934521550780992527e+01 9.052722993032457310e+00
1.281042500000000075e+02 1.263489599999999946e+01 1.287260890130733628e+02 3.049878386186220069e+01
1.285522300000000087e+02 3.419751999999999903e+00 1.185000353161474749e+02 2.313236316441439300e+01
1.180108199999999954e+02 1.392753899999999945e+01 9.830884112086316406e+01 2.345064859522948808e+01
1.086714099999999945e+02 1.278264599999999973e+01 1.307875270317478567e+02 2.084918525687909252e+01
9.579921000000000220e+01 1.503351199999999999e+01 1.113961438570328824e+02 2.988627452015595409e+01
1.221725399999999979e+02 1.971065000000000067e+00 1.306494017552270748e+02 1.770970185899783944e-01
1.192735749999999939e+02 1.863693999999999917e+01 1.125542243770685928e+02 1.842260192243050554e+01
1.146455700000000064e+02 2.811013399999999862e+01 1.199725140762882489e+02 2.912505565706206667e+00
1.304119399999999871e+02 1.130974800000000080e+01 1.228825641482458622e+02 1.922154787350205041e+01
9.543803400000000181e+01 2.144368199999999902e+01 1.210057504020006149e+02 2.607007546618681104e+01
9.423469500000000210e+01 8.636367999999999157e+00 9.773219164832606509e+01 4.961933929950484767e+00
1.073292849999999987e+02 3.159566099999999977e+01 1.151029705923324968e+02 1.267273372862746506e+01
9.877991500000000258e+01 1.703118500000000068e+01 1.308833969129939589e+02 1.749323434982278869e+01
1.288786599999999964e+02 1.183304700000000054e+01 1.036014803006203380e+02 2.808753799308269805e+01
1.085241099999999932e+02 2.678840999999999894e+01 1.120564166962550985e+02 5.411421518559034194e-01
1.167996100000000013e+02 2.692645800000000023e+01 1.043843281474311340e+02 1.741123448661797823e+01
1.134364199999999983e+02 3.037878600000000162e+01 9.900611295269327172e+01 3.456695981166323151e+01
1.270311099999999982e+02 9.210869000000000639e+00 1.293690108918294754e+02 2.096482270725180541e+01
1.035432399999999973e+02 2.423743999999999943e+01 1.371229040027319002e+02 1.575973658679264311e+01
1.286027200000000050e+02 8.726665000000000560e+00 1.119601253494367086e+02 9.637963585307604220e+00
1.219842399999999998e+02 1.118587100000000056e+01 1.242997522304237634e+02 8.317473992873974709e+00
1.164053499999999985e+02 1.685597999999999885e+01 9.524730025870267980e+01 5.412557283086089299e+00
1.061289500000000032e+02 1.904555099999999968e+01 1.320499601031315251e+02 1.678800845457297441e+01
1.132667699999999940e+02 2.412417599999999851e+01 1.015601588728779063e+02 1.807996978169092728e+01
1.144742360000000048e+02 2.767989000000000033e+01 1.114416354347333282e+02 7.503599381289949299e+00
1.325039999999999907e+02 4.645293999999999812e+00 1.249120987620053711e+02 1.311679179367876813e+00
1.114088299999999947e+02 2.254265600000000092e+01 1.225798370420878456e+02 1.830735063537699148e+01
1.226914500000000032e+02 9.774010000000000531e+00 1.353214762587489588e+02 1.568596266938892292e+01
1.116364200000000011e+02 1.941812900000000042e+01 1.004674497697509423e+02 5.476313107843834516e+00
1.196052549999999997e+02 1.820967900000000128e+01 1.138246958042801538e+02 1.010600642988076103e+01
1.099410100000000057e+02 2.527390700000000123e+01 1.306329120421552830e+02 5.223055233275753828e+00
1.261208799999999997e+02 4.358299999999999674e-02 1.277017623261689465e+02 3.055273779422746117e+01
1.344940300000000093e+02 7.012902999999999665e+00 1.243689179789264045e+02 7.833697998441943255e+00
1.358086700000000064e+02 1.854602399999999918e+01 1.339874455720853064e+02 1.599197716610004605e+01
1.305723099999999874e+02 3.448748799999999903e+01 1.136022337420364892e+02 2.812795126610473773e+01
1.267007399999999961e+02 1.415362099999999934e+01 1.254302261679229105e+02 3.041950942441238226e+01
1.265958100000000002e+02 2.633954999999999913e+01 1.164554317387162001e+02 9.936868644833033670e+00
1.255558699999999988e+02 4.544313999999999965e+00 1.111691236569434551e+02 2.849001671665315705e+00
9.491244500000000528e+01 6.986594000000000193e+00 1.257392927369166387e+02 2.705908012621863179e+01
1.363225999999999942e+02 2.142673699999999926e+01 1.307751484077840871e+02 3.055699442282333678e+01
1.204013400000000047e+02 1.923368599999999873e+01 1.323778331936325685e+02 2.085011033034269090e+01
1.114736800000000017e+02 2.004428000000000054e+01 1.348322247048994882e+02 1.652703563130238962e+01
1.203130950000000041e+02 1.544907599999999981e+01 1.279295609146336119e+02 2.642197791924661843e+01
1.182972699999999975e+02 1.483025899999999986e+01 1.357034807006959909e+02 5.607521984254150382e+00
1.065728000000000009e+02 5.804099999999999815e-01 1.057584809881605139e+02 1.030997222309069095e+01
1.155710700000000060e+02 2.116927000000000092e+01 9.220260261964524773e+01 5.382648712340633246e+00
1.236492400000000060e+02 8.307256999999999891e+00 1.303461823382484681e+02 2.207877336645435307e+01
9.981167000000000655e+01 2.547162799999999905e+01 1.371347896372625996e+02 1.887715878287159654e+01
1.068015400000000028e+02 2.137270499999999984e+01 1.329799827092983548e+02 4.328623816312860306e+00
1.054548599999999965e+02 9.613756999999999664e+00 1.265397701414236167e+02 3.348314655883434909e+01
1.335451400000000035e+02 1.390628799999999998e+01 1.256876679491942497e+02 1.039081187677145834e+01
1.181156600000000054e+02 2.807990600000000114e+01 1.041335656159954226e+02 1.831903944864810452e+00
9.448524500000000614e+01 1.358393900000000087e+01 1.336947930747459452e+02 1.906115695592562176e+01
9.655877999999999872e+01 1.599573400000000056e+01 1.008123562042244714e+02 2.092334616557356242e+01
1.274986999999999995e+02 1.990880800000000050e+01 1.300059504064581972e+02 3.296123133072953237e+01
9.987552999999999770e+01 8.232086999999999932e+00 9.928371831286233373e+01 7.323231957871756403e-01
9.760130999999999801e+01 1.960865599999999986e+01 1.143827950019678923e+02 3.230210962567576161e+01
