1.004711900000000071e+02 2.451955200000000090e+01 9.294087767289705937e+01 1.528711485441692908e+01
9.989088999999999885e+01 2.683164999999999978e+01 1.160250985491330482e+02 1.782587559345852890e+00
1.221295800000000042e+02 8.650660999999999490e+00 1.086801380605506324e+02 1.022079253344092997e+01
1.105762799999999970e+02 1.713849599999999995e+01 1.145321570347521032e+02 3.324028013419997762e+01
1.068959600000000023e+02 4.261408999999999558e+00 9.515536240998427786e+01 1.563952035881638736e+01
1.156852599999999995e+02 1.478857400000000055e+01 9.837904245542330273e+01 1.574626984804581831e+01
1.067997500000000031e+02 2.827483199999999997e+01 1.255794107433369504e+02 2.157273930402117301e+01
1.166539499999999947e+02 2.553005200000000130e+01 1.314822663934344575e+02 4.770125396157676168e-02
1.303218400000000088e+02 8.996290000000000120e-01 1.088291263981933668e+02 1.068003168498177580e+01
9.974071999999999605e+01 1.632757600000000053e+01 1.157592618379862586e+02 1.721868066932369956e+01
1.055970499999999959e+02 6.590237000000000123e+00 1.114847567254752079e+02 1.883051491829965229e+01
1.004917399999999930e+02 3.001473800000000125e+01 1.291673690642150518e+02 1.831696954372799624e+01
1.065032039999999967e+02 4.921710000000000251e-01 1.015662092457629484e+02 2.438644658828280498e+01
1.309324000000000012e+02 9.878012000000000015e+00 1.193132677095002094e+02 1.115698603928309751e+01
9.899518999999999380e+01 3.035501000000000005e+01 1.066391467808410880e+02 1.046239909149959324e+01
1.215274660000000040e+02 9.855489999999999640e+00 1.327957589272741643e+02 2.797672512172951897e+01
1.346648600000000044e+02 1.416948599999999914e+01 1.018201073178027940e+02 1.246922059337315503e+01
1.156589100000000059e+02 2.078124199999999888e+01 1.077549390681377730e+02 1.246034582442119465e+01
1.213342499999999973e+02 2.617049000000000181e+00 1.093464261830781652e+02 3.021776813041830323e+01
9.312736999999999910e+01 1.080105299999999957e+01 1.356116660358531760e+02 2.589992638627753152e+01
1.302130600000000129e+02 1.211599499999999985e+01 1.248081737715208988e+02 1.025466374320312646e+01
1.102149799999999971e+02 2.830182999999999893e+01 1.264814708764390900e+02 2.592914092351468369e+01
1.247720099999999945e+02 6.038419999999999899e-01 1.016308297017672402e+02 1.131107047970383839e+01
1.230936200000000014e+02 4.996221000000000245e+00 1.040418266416190392e+02 4.552694194130812555e+00
1.215634399999999999e+02 8.080892999999999660e+00 1.064333507169217512e+02 1.576633618031753414e+01
1.072066800000000057e+02 2.882234800000000163e+01 1.072601209653425371e+02 1.386061149295402473e+01
1.287667099999999891e+02 1.207068300000000072e+01 1.322716070240352906e+02 7.604525293811041031e+00
1.310166999999999859e+02 1.584964599999999990e+01 1.093297379914435794e+02 1.309865446032213754e+01
1.119646900000000045e+02 1.463188599999999973e+01 1.046617917702294278e+02 1.424478849953491810e+01
1.298188600000000008e+02 9.076064999999999827e+00 1.071094770606641760e+02 1.430007023243781816e+01
1.270486300000000028e+02 1.419520600000000066e+01 1.330169602726151652e+02 1.509696155612616497e-01
1.318405300000000011e+02 1.077468200000000031e+01 1.038594539933254026e+02 2.872605749547658505e+01
1.073123599999999982e+02 2.557497199999999893e+01 9.988284586765490758e+01 1.700687751483259902e+01
1.016832100000000025e+02 1.628771199999999908e+01 1.255495812460546148e+02 1.006497257354168084e+01
1.074301300000000055e+02 3.293291500000000127e+01 9.316376322521222164e+01 3.259484248962124298e+01
9.612255000000000393e+01 3.490480999999999767e+01 9.372902458341793874e+01 1.157405670441390022e+01
1.136618399999999980e+02 2.985846499999999892e+01 1.097287587930296411e+02 3.010974833265016670e+01
1.174418639999999954e+02 1.991549499999999995e+01 1.234269019212353555e+02 4.162092351723438277e+00
1.225421139999999980e+02 1.088495900000000027e+01 1.169814835975928844e+02 1.285385939898664898e+00
1.349317599999999970e+02 1.207422299999999993e+01 1.209816960123064007e+02 2.106910063134237454e+00
1.013173800000000000e+02 1.780067999999999984e+01 9.800128639902439431e+01 1.055988081624811237e+01
1.276204900000000038e+02 1.005807899999999933e+01 1.019309259256469744e+02 3.214191513935685585e+00
1.135055600000000027e+02 1.730492999999999881e+01 1.157063375498711508e+02 3.545313259006560580e-01
1.122847440000000034e+02 1.660995300000000086e+01 1.095032336536103656e+02 2.609561879762184233e+01
1.041200560000000053e+02 2.495909899999999837e+01 1.218169012532543718e+02 3.179784749658202969e+01
1.176738359999999943e+02 1.385884099999999997e+01 9.644739771664690409e+01 2.139966926709557171e+01
1.158584060000000022e+02 1.987986000000000075e+01 1.352188174760869970e+02 2.182911875093362042e+01
1.020575599999999952e+02 3.032312399999999997e+01 1.231177961063212081e+02 1.458563501500419513e+01
1.274308900000000051e+02 1.213617600000000074e+01 1.210646866874738805e+02 3.052039355101746665e+01
1.258230060000000066e+02 9.050392999999999688e+00 1.141237252384647292e+02 2.844033785957099525e+01
1.350546699999999873e+02 1.248166299999999929e+01 1.015544483518505103e+02 5.236901383131105980e+00
1.127789899999999932e+02 1.603903199999999885e+01 9.369707819242709945e+01 1.842161693350158203e+01
1.082674300000000045e+02 2.621295500000000089e+01 1.331262708770880749e+02 1.649154171604760322e+01
1.050813700000000068e+02 4.424735000000000085e+00 1.145509999964085921e+02 1.851064193777349232e+01
1.108547200000000004e+02 1.948833799999999883e+01 1.309529898254455986e+02 2.833954678553985573e+01
9.397973000000000354e+01 1.450080900000000028e+01 1.221009127477609724e+02 1.401634817537414790e+01
1.166653400000000005e+02 4.134577000000000169e+00 1.335599380501682560e+02 6.015452091587185635e+00
1.367545299999999884e+02 1.483705600000000047e+01 1.094697455057165172e+02 2.768967644810136619e+01
1.360862600000000100e+02 1.322449800000000053e+01 1.204585623690114460e+02 2.700485676961453052e+01
1.038123300000000029e+02 1.618331999999999837e+01 1.020144270730185241e+02 2.580976549835745359e+01
1.200522399999999976e+02 3.491102000000000061e+01 1.143127002708774853e+02 1.309908607190698460e+00
1.235410839999999979e+02 6.541074000000000055e+00 9.813550192835728581e+01 4.715537512293412448e+00
1.159256900000000030e+02 2.697432299999999827e+01 1.037983931921519059e+02 2.705767514914782268e+01
1.355842399999999941e+02 3.165399999999999991e+01 1.142728071516338133e+02 1.041604728415469339e+01
1.078554800000000000e+02 1.840535399999999910e+01 1.331072975714156996e+02 2.126992694423186236e+01
1.040049199999999985e+02 2.438359600000000071e+01 9.397030027536166585e+01 1.454152151420471739e+01
1.143764000000000038e+02 1.332743100000000069e+01 1.351195572005331940e+02 2.832956194294454022e+01
1.289265900000000045e+02 1.218157399999999946e+01 1.270454800823527961e+02 3.134372492053103088e+01
1.063444439999999958e+02 3.975452000000000208e+00 1.071930580299588769e+02 7.821257832618355721e-01
1.331578700000000026e+02 1.155118900000000082e+01 1.292228781803338222e+02 3.235665039291326650e+01
1.325118699999999876e+02 7.074665000000000425e+00 1.243337165261229416e+02 2.586983721411672832e+01
1.192039699999999982e+02 8.441069999999999851e+00 1.322969952860206888e+02 1.620424438643342313e+01
1.297366499999999974e+02 1.097087800000000080e+01 1.238673027990913909e+02 1.472415988626327810e+01
1.030680899999999980e+02 2.392125499999999860e+01 1.314452903411274178e+02 9.535426210285569582e+00
1.283993499999999983e+02 1.234091600000000000e+01 1.242978670450344083e+02 9.242539187277161616e+00
1.029471499999999935e+02 1.203110299999999988e+01 1.037383586794254313e+02 7.681709757034085762e+00
1.222376000000000005e+02 3.524550000000000183e-01 1.303626858515737013e+02 3.179036894551531134e+01
1.024364300000000014e+02 2.697588299999999961e+01 1.186030670850959581e+02 1.710501257441062606e+01
1.084516140000000064e+02 7.152399999999999869e-01 1.023874048177380445e+02 4.947333931928318052e+00
1.222981000000000051e+02 3.382558000000000220e+01 1.324540921666547888e+02 3.299558021032131450e+01
1.252770199999999932e+02 1.020389400000000002e+01 1.089151171884364828e+02 2.108793677775122077e+01
1.148769499999999937e+02 6.728119999999999656e-01 1.084409847339461805e+02 3.260079734479419677e+00
1.287243799999999965e+02 8.558763000000000787e+00 1.358961685276834714e+02 2.712973733372539797e+01
1.064764899999999983e+02 2.161875300000000166e+01 1.360724114620445846e+02 2.666838067042775862e+01
1.279808500000000038e+02 1.237441800000000036e+01 1.045064056504025416e+02 2.348770875041136907e+00
1.167711800000000011e+02 1.044548600000000071e+01 1.350422761780228598e+02 2.717680704402116731e+00
1.110863800000000055e+02 2.956343499999999835e+01 1.316606520298918213e+02 2.245106342955283107e+00
1.212168499999999938e+02 5.970590000000000064e-01 9.473555748652729847e+01 7.117429565212335163e+00
1.120762000000000000e+02 7.865459999999999674e-01 1.092297084906681590e+02 2.149083211597864107e+01
1.087185099999999949e+02 1.082315200000000033e+01 1.096092808681945030e+02 2.686710215114555922e+01
1.196812299999999993e+02 2.088022600000000040e+01 1.082961058964186520e+02 1.592093384057868732e+01
1.206880299999999977e+02 9.057698999999999501e+00 9.743722040259011408e+01 2.617682009906678076e+01
1.117577739999999977e+02 2.046753999999999962e+01 9.722225682641055755e+01 1.186917029825006864e+01
9.897588000000000363e+01 1.434022700000000050e+01 1.266639351628623160e+02 4.798030570701375730e+00
1.019195560000000000e+02 2.802453799999999973e+01 1.070311190307972709e+02 7.653146739033246604e+00
1.268122939999999943e+02 2.672148999999999930e+01 1.071107728269709298e+02 2.744321929823881234e+01
1.045286559999999980e+02 2.332880600000000015e+01 1.277125172790637180e+02 2.430481524114870595e+01
1.217082599999999957e+02 1.563973999999999975e+01 1.091353130699690439e+02 3.167022671634734365e+01
1.232273500000000013e+02 4.342469000000000356e+00 9.690860348778690536e+01 1.342963925988828500e+01
1.221146700000000038e+02 7.678874999999999673e+00 1.086357030302611264e+02 1.879653821591992013e+01
1.346454300000000046e+02 1.258279899999999962e+01 1.270653540523132676e+02 2.533490747910676788e+01
1.078804999999999978e+02 1.347900000000000098e+00 1.201818652032918067e+02 3.308056200051623819e+01
1.179488199999999978e+02 1.651808199999999971e+01 1.368770132366254018e+02 2.619266603213005418e+00
1.357005499999999927e+02 1.938025700000000029e+01 9.922846255729182019e+01 1.235376027650662323e+01
1.216335140000000052e+02 1.368565999999999949e+00 1.276203085675014393e+02 2.975114141300010573e+01
1.370245700000000113e+02 1.147566899999999990e+01 1.227796000431107757e+02 2.670528468159849567e+01
1.164115599999999944e+02 1.850963399999999837e+01 1.264579332584700921e+02 8.300476366318038757e+00
1.245306700000000006e+02 7.659853000000000023e+00 9.794775365488470698e+01 2.213340276853706712e+01
1.056316000000000059e+02 1.004083999999999932e+01 1.117299655619364387e+02 1.118674444617366248e+01
1.353151900000000012e+02 1.279140499999999925e+01 1.267750540443208536e+02 7.173449184884071350e+00
1.290050699999999892e+02 1.324962900000000054e+01 1.044427833704796456e+02 2.105921056412385894e+01
1.209411199999999980e+02 1.190699900000000078e+01 1.071619555127603860e+02 7.383675545643194837e+00
1.307676400000000001e+02 9.199001000000000872e+00 9.601214091177183718e+01 1.662203052514373880e+01
1.130037300000000045e+02 2.547221800000000158e+01 1.232023725414643991e+02 2.200777788920158073e+01
1.189220300000000066e+02 1.942037399999999892e+01 1.025109890349561681e+02 3.006272229692161702e+01
1.072773499999999984e+02 2.767564799999999892e+01 1.018791131903745111e+02 3.306700394265504173e+01
1.078730850000000032e+02 3.194168000000000163e+01 1.067481820099692413e+02 2.467899516557279327e+01
1.125423660000000012e+02 2.072739999999999938e+01 1.331510435355909863e+02 3.355258193158162072e+01
1.028493699999999933e+02 2.885465800000000058e+01 1.238099808843123668e+02 2.045559177078172475e+00
1.305616899999999987e+02 5.040212999999999610e+00 1.353066496831044674e+02 6.531009068899920500e+00
1.204627899999999983e+02 7.529904000000000153e+00 1.084372405083026081e+02 6.228326061461873842e+00
1.370959000000000003e+02 5.531164999999999665e+00 9.279935201825782087e+01 1.868865579314953607e+01
1.331729400000000112e+02 1.186766300000000030e+01 1.321854393930254332e+02 7.654194550350536197e+00
1.327581000000000131e+02 3.298633999999999844e+00 1.139922195257013016e+02 5.015840564971987270e+00
1.044894199999999955e+02 3.404343999999999681e+01 1.064245065423207137e+02 2.734870602341994328e+01
1.195463639999999970e+02 2.841035700000000119e+01 9.223232503645286329e+01 6.823701570795356552e+00
1.006839099999999974e+02 4.718844999999999956e+00 1.287441241081518797e+02 1.951066747027356385e+01
9.723202000000000567e+01 2.960429800000000000e+01 1.012545175088932581e+02 1.268118973009177708e+01
1.373412800000000118e+02 7.320990000000000553e-01 1.043464192139435482e+02 2.691751570558646023e+01
1.244378499999999974e+02 2.619258100000000056e+01 1.055638918254575742e+02 1.655477137085731298e-01
9.977344999999999686e+01 2.670044899999999899e+01 9.603843254667323492e+01 3.230007650412970577e+01
1.007858499999999964e+02 2.466396100000000047e+01 1.048416067865051673e+02 2.150427213896963963e+01
1.325616899999999987e+02 2.183529300000000006e+01 1.278549397976238566e+02 1.702737445262171079e+01
1.098809700000000049e+02 2.526983800000000002e+01 1.156100300225206183e+02 9.557685345658626375e+00
1.377720300000000009e+02 1.174125100000000010e+01 1.073007585452523927e+02 2.378248389306322963e+01
1.114765500000000031e+02 2.000540499999999966e+01 1.293690124079329564e+02 9.685803853358251558e+00
1.284304700000000139e+02 1.899298699999999940e+01 1.047405928928911578e+02 1.779316959077048210e+01
1.194723599999999948e+02 1.724490399999999823e+01 1.364446325217105027e+02 4.489390090530173794e+00
1.007646940000000058e+02 2.517087599999999981e+01 1.332560279001202446e+02 7.404081190437400650e+00
1.165112840000000034e+02 2.327571899999999872e+01 1.014593320070756590e+02 2.336160217195276090e+01
9.890682999999999936e+01 1.802293200000000084e+01 1.331293781586229841e+02 1.639538269627445644e+01
1.042165799999999933e+02 2.347071499999999844e+01 1.013671921513220298e+02 1.935516092552885681e+01
1.075895799999999980e+02 1.972467400000000026e+01 1.129699627890020395e+02 3.393172340195432213e+01
1.215120100000000036e+02 3.517780999999999825e+00 1.069262789013531858e+02 1.548698057802908323e+01
1.324894099999999924e+02 1.522223000000000104e+00 1.133715061452572854e+02 2.048333429071396239e+01
1.049673540000000003e+02 2.282041399999999953e+01 1.146572827631345604e+02 2.713146177932557190e-01
1.023049299999999988e+02 2.800608000000000075e+01 1.184962179252966905e+02 2.182789490487377293e+01
1.264625999999999948e+02 7.166369999999999685e-01 1.273210456908713866e+02 3.310485207922040019e+01
1.366617899999999963e+02 1.230031400000000019e+01 1.244486231247247048e+02 2.464082924854600876e+01
1.007823300000000017e+02 2.154664599999999908e+01 1.048631134210001932e+02 2.110929885917677851e+01
9.264901000000000408e+01 2.078608699999999843e+01 1.145285541109759606e+02 2.890714056873527227e+01
1.229745099999999951e+02 1.295093400000000017e+01 1.062075320641585847e+02 5.104163178622711516e-01
1.232222500000000025e+02 1.022940900000000042e+01 9.448281503123867253e+01 1.641787856254314093e+01
1.008948800000000006e+02 1.652329800000000048e+01 1.006810595200230125e+02 1.654421410236307821e+01
9.288236999999999455e+01 2.260556000000000054e+01 9.697378007144664025e+01 8.895956942488908226e+00
1.305980999999999881e+02 1.224686600000000070e+01 1.325810049457027162e+02 7.141407430830673420e+00
1.364280100000000004e+02 4.255118000000000400e+00 1.199090443104995245e+02 3.106067535951564196e+01
1.235097959999999944e+02 2.681490999999999847e+00 1.180313714065598703e+02 2.238059419123944238e+01
9.882135999999999854e+01 3.069462800000000158e+01 9.777605564185583376e+01 2.178178189010506305e+00
1.210836500000000058e+02 1.404887100000000011e+01 1.244654371768747581e+02 2.322454832137430003e+01
1.210716900000000038e+02 6.892971000000000181e+00 1.299046037416261186e+02 3.938664139240472650e+00
1.038327500000000043e+02 1.301466800000000035e+01 1.000416779509194214e+02 5.826550737953535730e+00
9.339405999999999608e+01 1.624022300000000030e+01 1.375057804257683642e+02 3.196023782621050557e+01
1.118345640000000003e+02 2.392749999999999877e-01 1.305713265057486296e+02 4.662421674335479160e+00
1.302385099999999909e+02 7.992467999999999684e+00 1.051611041926195753e+02 1.535441216406857734e+01
1.255835950000000025e+02 1.142485399999999984e+01 1.126995454541480939e+02 2.608649827239073815e+01
1.064971539999999948e+02 2.229241000000000028e+01 1.327163236053481228e+02 3.295346874819906624e+00
1.253882700000000057e+02 1.252098200000000006e+01 1.376432813151923824e+02 2.897433916094178841e+01
1.130644759999999991e+02 5.041568999999999967e+00 1.154077605496596561e+02 3.004607164788666296e+01
1.083680499999999967e+02 2.084225800000000106e+01 1.239399847403892352e+02 1.689633591384824030e+01
1.279924850000000021e+02 1.403315199999999940e+01 1.030272034322149466e+02 1.134297010334208267e+01
1.007028959999999955e+02 2.068726699999999852e+01 9.486215238013208761e+01 1.652060551596386873e+01
1.210841450000000066e+02 2.834050999999999831e+01 1.303560129177157876e+02 2.871083972564301590e+00
1.264986999999999995e+02 2.455890000000000128e+01 1.285032596093863333e+02 1.865431394744961224e+00
1.022638800000000003e+02 3.262707999999999942e+01 1.187482437670881694e+02 4.516049353738324612e+00
9.823951999999999884e+01 1.669737599999999844e+01 1.247628685911838744e+02 1.394922207120324220e+00
9.359354000000000440e+01 1.516930999999999941e+01 9.877862383605605601e+01 9.704201820157329905e+00
1.344037299999999959e+02 3.264661399999999958e+01 1.177706498164298807e+02 9.515715178648058270e+00
1.294755900000000111e+02 2.914704899999999910e+01 9.637273980680978980e+01 2.781391106019372117e+01
1.074241999999999990e+02 2.922848300000000066e+01 9.261913910624632251e+01 1.310284861326166705e+01
1.006795400000000029e+02 2.482919000000000054e+01 1.010975305671335605e+02 1.842088486909704281e+00
9.999969000000000108e+01 2.509792300000000154e+01 1.361374976003510824e+02 1.840209449581806567e+01
1.356722699999999975e+02 1.789586800000000011e+01 1.333958703214114792e+02 1.206065595504537313e+01
1.000685000000000002e+02 2.550993300000000019e+01 1.293646478155360171e+02 3.120424096170406258e+01
9.588267000000000451e+01 2.653397000000000006e+01 9.998890185953928267e+01 2.606606566407420900e+01
9.833840999999999610e+01 3.082450000000000045e+01 1.124606185862287333e+02 6.609914280316486312e+00
1.006227399999999932e+02 1.954385600000000167e+01 1.196715915629081763e+02 1.130749117542381832e+01
1.140755900000000054e+02 8.455011999999999972e+00 1.232525177274642090e+02 3.279021166974236934e+01
1.067377000000000038e+02 2.727607499999999874e+01 9.519528891308803509e+01 1.164291378179911973e+01
9.609209400000000301e+01 1.652753299999999825e+01 1.107678720128926386e+02 1.940695074481586602e+01
1.005045199999999994e+02 2.882197800000000143e+01 9.216912333432964033e+01 6.069231255816606385e+00
9.715987400000000207e+01 1.592667499999999947e+01 1.083129445460764941e+02 3.285765331972312708e+01
1.137167199999999951e+02 2.209496700000000047e+01 1.295543167310932517e+02 1.730032836035306687e+01
1.173357539999999943e+02 2.219921099999999825e+01 1.176971623275143770e+02 8.062851765392368364e+00
1.176956899999999990e+02 6.060266000000000375e+00 1.089218433921409002e+02 2.180348884060526515e+01
1.289106299999999976e+02 7.094847999999999821e+00 1.326925284148729247e+02 1.791025938841505294e+01
1.063184499999999986e+02 2.189414199999999866e+01 1.129889541530840376e+02 2.915081836034218998e+00
1.197064500000000038e+02 1.762339400000000111e+01 1.091543920564953396e+02 2.072987610881263265e+01
1.092677800000000019e+02 3.181741999999999848e+00 1.296697878814429146e+02 8.438882213616105687e-02
1.286229600000000062e+02 3.030732499999999874e+01 1.031539172692357482e+02 1.295781961255191028e+01
1.042143250000000023e+02 3.424630400000000208e+01 1.372292865155315269e+02 2.777811153497831498e+01
1.061745300000000043e+02 2.465655100000000033e+01 9.257417088601346222e+01 3.191578928261110804e+01
1.051916099999999972e+02 9.920849000000000473e+00 9.899159917892869487e+01 3.029699503441803721e+00
1.273446660000000037e+02 1.365026600000000023e+01 1.019604654886206987e+02 5.523629871609415432e+00
1.064903999999999940e+02 1.390643999999999991e+00 9.997953832881512426e+01 3.878669084969406100e+00
1.031737439999999992e+02 5.745917000000000385e+00 1.006351987652943620e+02 6.536149063026204686e+00
1.205678249999999991e+02 2.621988100000000088e+01 1.151871135644859550e+02 2.285118133769169901e+01
1.307908799999999871e+02 1.009277999999999897e+00 1.120827389769916209e+02 1.214151223111281652e+01
1.096788600000000002e+02 1.849008999999999903e+00 1.133193373918445275e+02 2.047837918054171169e+01
1.222190400000000068e+02 1.304349299999999978e+01 1.094180911048858036e+02 1.865244871159534767e+01
1.235973099999999931e+02 1.219101299999999988e+01 1.137815893239334315e+02 2.501227877482273598e+01
1.044074200000000019e+02 1.407581799999999994e+01 1.142741183578898188e+02 2.605560578051580478e+01
1.201075060000000008e+02 6.985503999999999714e+00 1.205482845207752405e+02 1.046448904264920010e+01
1.126715200000000010e+02 1.748623999999999867e+01 1.014616543369037345e+02 2.532730278218680908e+01
1.309361900000000105e+02 8.523167000000000826e+00 9.366300495022808548e+01 8.842515899384908451e+00
1.350492700000000070e+02 1.381308300000000067e+01 1.095945124150876069e+02 2.905597309598751110e+01
1.359555699999999945e+02 2.916656499999999852e+01 1.128167799030975686e+02 2.009349696344448688e+01
1.331191900000000032e+02 8.421360999999999208e+00 1.178691437810680895e+02 1.952676023664084326e+01
1.004048300000000040e+02 2.599754000000000076e+01 1.057394086565597320e+02 3.011005308169006867e+01
1.227206500000000062e+02 2.926232000000000166e+00 1.118165525393719406e+02 2.405027005272203766e+01
1.102496799999999979e+02 2.905307200000000023e+01 1.283675225801217437e+02 2.692608468689398293e+01
1.324488800000000026e+02 9.132956999999999326e+00 1.281143038834738377e+02 2.781536251522395986e+01
1.294016699999999958e+02 5.396980000000000111e-01 9.341999242654532054e+01 5.191353824135434891e+00
1.162961800000000068e+02 2.799809799999999882e+01 1.138543549998100133e+02 2.207759404948975046e+01
1.299299300000000130e+02 1.610754400000000075e+01 1.135728889779290256e+02 1.794823605333777294e+01
1.209112899999999939e+02 7.267337999999999631e+00 1.209634218395295875e+02 2.968052228970035955e+01
1.129178600000000046e+02 2.190700100000000106e+01 1.298073860377900246e+02 2.876858337250125075e+00
1.101911099999999948e+02 1.101826999999999934e+01 1.362673374892563913e+02 8.736406986671706676e+00
1.130844799999999992e+02 1.852679300000000140e+01 1.068259811105492361e+02 2.875036579009137583e+01
1.360886000000000138e+02 1.322069300000000069e+01 9.418986646929346307e+01 8.792269619263089808e+00
1.212147099999999966e+02 1.824274799999999885e+01 9.823144194403994334e+01 7.588583791834591086e-01
1.303266000000000133e+02 5.151488999999999763e+00 9.425430291574232911e+01 1.476323986439227376e+01
1.165043500000000023e+02 1.716985000000000028e+01 9.447927749898313721e+01 1.249034417948863407e+01
1.164321900000000056e+02 1.890602499999999964e+01 9.391713113605931085e+01 2.573181485877285013e-01
1.327039000000000044e+02 1.584810399999999930e+01 1.259586834699349396e+02 3.407680032126121716e+01
9.699267600000000300e+01 3.332831000000000188e+01 1.280598452955794073e+02 5.283102592616034876e+00
1.074369499999999960e+02 2.925465799999999916e+01 1.217364724437061909e+02 8.750251459707412138e+00
1.197646199999999936e+02 2.030460199999999915e+01 9.697407961003655430e+01 6.135708579971224985e+00
1.154087799999999930e+02 2.365899500000000089e+01 1.120275367557316599e+02 3.267947286049066236e+01
1.171882999999999981e+02 2.439474999999999838e+01 1.257716068023885896e+02 3.482915968121564898e+00
1.030200499999999977e+02 2.779550400000000110e+01 1.319498349984874608e+02 2.108361265370666260e+01
1.094431699999999950e+02 2.603854600000000019e+01 1.209157734885280036e+02 2.645097896188472930e+01
1.066250150000000048e+02 2.543620000000000214e+00 1.052238331525672379e+02 3.309633314917869740e+01
1.255556260000000037e+02 1.372629099999999980e+01 1.258336781015548098e+02 7.693638130126828401e+00
1.221697539999999975e+02 5.261603000000000030e+00 1.279028327808155154e+02 3.293301310462583587e+01
1.182392499999999984e+02 2.503325500000000048e+01 1.351702567035288212e+02 2.999558251582360668e+01
1.073838200000000001e+02 2.117361000000000004e+01 9.605628315513722271e+01 2.474452041359948140e+01
1.242736299999999972e+02 6.831006000000000355e+00 1.255882912654815158e+02 1.927670947104684984e+01
1.133071060000000045e+02 3.074285100000000170e+01 1.315744034983978565e+02 2.904330361106646663e+01
1.134846040000000045e+02 1.515536099999999919e+01 9.791027287391543155e+01 3.342587903846995090e+01
1.034372900000000044e+02 1.659929699999999997e+01 1.174713413611644484e+02 1.664884709205004043e+01
1.134964499999999958e+02 2.987325299999999828e+01 9.499867895662671913e+01 1.593281592197740792e+01
1.109355999999999938e+02 1.694945099999999982e+01 1.337212225118425124e+02 8.693917025955055777e+00
1.089955800000000039e+02 1.639875599999999878e+01 1.186923202403255573e+02 8.100190881527085551e+00
1.324696399999999983e+02 1.699832699999999974e+01 1.113909947955790898e+02 2.525491867140081226e+01
1.294916100000000085e+02 2.620026999999999884e+00 1.079595050993576422e+02 2.015918609375555448e+01
1.006493899999999968e+02 1.672829600000000028e+01 1.119108532954415836e+02 5.285380308971932006e-01
1.289122600000000034e+02 1.145462200000000053e+01 9.556228194437946399e+01 2.533973670571565862e+01
1.153614500000000049e+02 1.834740400000000093e+01 1.045713712374239037e+02 1.497351442925859111e+01
1.135468599999999952e+02 1.324376900000000035e+01 9.238510396293570182e+01 5.186872120818680765e-01
9.586464999999999748e+01 3.010379999999999967e+01 1.036005286766794740e+02 2.417818418035810524e+01
1.212094600000000071e+02 1.131169599999999953e+01 1.327849174866076396e+02 3.096179269000473511e+01
1.090837899999999934e+02 1.109345000000000026e+00 1.053663934978102787e+02 1.714317813437485327e+01
9.974796999999999514e+01 3.379717300000000080e+01 1.123557754075089719e+02 4.596397456740654697e+00
1.358888900000000035e+02 4.520160999999999873e+00 1.082746780443987404e+02 1.301998462941350576e-01
1.148044000000000011e+02 2.044948799999999878e+01 1.037493712912966117e+02 1.509176495958817732e+01
1.123576999999999941e+02 3.279659999999999798e-01 9.970308295810143306e+01 2.029406561156210387e+01
1.179312000000000040e+02 9.954869000000000412e+00 1.118308913917518339e+02 9.360743035878199336e+00
1.201523200000000031e+02 2.317364500000000049e+01 1.295388874577005822e+02 1.360012604763449318e+01
9.515203999999999951e+01 1.569428800000000024e+01 1.263662089946529079e+02 6.003095747855374142e+00
1.061328350000000000e+02 2.596210900000000166e+01 1.296700648241858289e+02 3.215286062317343152e+01
1.028035200000000060e+02 2.750330200000000147e+01 1.280767854565529262e+02 6.902940844164351830e+00
9.319089999999999918e+01 1.835962900000000175e+01 1.008460318221355294e+02 2.644934295640031241e+00
1.251748699999999985e+02 2.681115199999999987e+01 1.194364985469040192e+02 1.889967079677796136e+01
1.130387039999999956e+02 2.450758000000000081e+01 1.318231469828403704e+02 1.743349873876456257e+01
1.047877660000000049e+02 2.743140400000000056e+01 9.271058363355409426e+01 2.532136242211928678e+00
1.087034450000000021e+02 1.879413800000000023e+01 1.210100638914965430e+02 3.783185767461566540e-01
1.039350500000000039e+02 2.735918399999999906e+01 1.230367578716945332e+02 4.358428525341101256e+00
1.014903900000000050e+02 3.396592700000000065e+01 1.296968258799502394e+02 1.780940877415979529e+01
9.981171000000000504e+01 2.392927600000000155e+01 1.345236523850220749e+02 2.482558439976257247e+01
1.069558300000000060e+02 3.322021000000000157e+01 1.119544509688342373e+02 2.381980527443020534e+01
1.219563600000000037e+02 4.037063999999999986e+00 1.321344792401523023e+02 1.400062414151022239e+01
1.250700149999999979e+02 1.553383900000000040e+01 1.010416212212380316e+02 3.441431062398014973e+01
1.194439849999999979e+02 3.088717700000000121e+01 9.302025580833685581e+01 1.865943924560507128e+01
1.374745599999999968e+02 3.138292099999999962e+01 1.214697445963366249e+02 2.606889927741131530e+01
1.211230850000000032e+02 1.021513700000000036e+01 1.300743046255032311e+02 1.728017003822228048e+01
1.039862200000000030e+02 2.419322400000000073e+01 1.271835564615523992e+02 2.281953559886563099e+01
1.224107740000000035e+02 7.443858999999999781e+00 1.179466714370348370e+02 2.649352869643707464e+01
1.148470839999999953e+02 1.232656199999999913e+01 9.473979380525319982e+01 1.139219817857500239e+01
1.349924800000000005e+02 2.427803000000000111e+01 1.361234094462641906e+02 1.164982510204823640e+01
1.150682749999999999e+02 1.918149599999999921e+01 1.328823501160822502e+02 1.775985141385426402e+01
1.142837099999999992e+02 1.745475199999999916e+01 9.575564321943336665e+01 5.210389516294988699e-01
1.211908499999999975e+02 1.480161999999999978e+01 1.090763650685418185e+02 1.471549300515742065e+00
1.137061499999999938e+02 2.920176500000000175e+01 1.261649192603664602e+02 9.197594151917584782e+00
1.063896100000000047e+02 3.912881000000000054e+00 1.341903240557526829e+02 1.786371252355072059e+01
1.332452999999999861e+02 2.728622999999999799e+00 1.025102519749149081e+02 1.212283464667765287e+01
1.085890660000000025e+02 5.622329999999999828e-01 1.269680853828280078e+02 3.019540438373081770e+01
1.102168700000000001e+02 2.640597199999999845e+01 1.311282331806527282e+02 3.150423017267368309e+01
1.244601700000000051e+02 2.153512000000000093e+00 1.152784727123897710e+02 8.611472473544186101e+00
1.337603000000000009e+02 1.258384500000000017e+01 1.079892215622507763e+02 4.584397829811038605e+00
1.207063399999999973e+02 1.393922799999999995e+01 1.105895519447049367e+02 2.784547433982424636e+01
1.368218999999999994e+02 9.378269999999999662e-01 1.229036165640001599e+02 1.470313491653343263e+01
1.139247359999999958e+02 2.117171300000000045e+01 1.179590837822311187e+02 2.944540559802390334e+01
9.520380000000000109e+01 2.239091700000000174e+01 1.183919017127364413e+02 2.120448986712019757e+00
1.174997939999999943e+02 1.471192300000000053e+01 1.161398631684723881e+02 3.022749258658306815e+01
1.219990200000000016e+02 5.213186999999999571e+00 1.247081339616649132e+02 2.983073965269782235e+01
1.225343299999999971e+02 4.270537000000000027e+00 1.110107018869941697e+02 6.767489182260893799e+00
1.259232559999999950e+02 4.161654000000000408e+00 9.725626370957132849e+01 9.944794659816151849e+00
1.161196300000000008e+02 2.374014299999999977e+01 1.032999177738267349e+02 5.398333902097891546e+00
1.183520900000000040e+02 1.158915299999999959e+01 1.202607964023856653e+02 2.515960814181087457e+01
1.080707699999999960e+02 1.541756700000000002e+01 1.266319875903317751e+02 5.647803442955000364e+00
1.328286300000000040e+02 1.854412800000000061e+01 9.776826399930274647e+01 2.430580615017994361e+01
1.139231400000000036e+02 3.106367300000000142e+01 1.191655177049379120e+02 2.336271334546982104e+01
1.065502599999999944e+02 6.022739999999999760e+00 1.070065765113882321e+02 6.660277809724789222e+00
9.410971999999999582e+01 1.075564600000000048e+01 1.011597555215290640e+02 3.432470177370897346e+01
1.239427000000000021e+02 2.807401000000000035e+00 1.006710876738669356e+02 6.432218531460039301e+00
9.953991000000000611e+01 1.765159200000000084e+01 9.942798121815231127e+01 1.518927372770912498e+00
1.291512099999999919e+02 1.286193699999999929e+01 9.737338120944076536e+01 6.005353167966765326e+00
1.049325299999999999e+02 2.927804199999999923e+01 1.329338901267016126e+02 1.486100171000740211e+01
1.068714449999999943e+02 1.286970200000000020e+01 1.279426538050811359e+02 1.818075805237991815e+01
1.140832999999999942e+02 2.683112699999999862e+01 1.323880368584781024e+02 1.355675094589045671e+01
1.071924700000000001e+02 1.362108100000000022e+01 1.343428933741731157e+02 1.189513171879745368e+00
1.093003099999999961e+02 1.012630000000000058e-01 1.224013805416512213e+02 3.064043930067074584e+01
1.279676800000000014e+02 9.560188000000000130e+00 1.111621275056024842e+02 3.780996778825207461e-01
1.172729949999999945e+02 2.140795900000000174e+01 1.026328036614971495e+02 2.212646096073484259e+01
1.311990399999999966e+02 2.885759999999999881e+00 1.325853345115497746e+02 3.378754648989582421e+01
1.011475200000000001e+02 2.924591300000000160e+01 1.014503295739090873e+02 3.009829617795163159e+01
1.133417740000000009e+02 1.599369000000000085e+01 9.887060397368546205e+01 2.129426668772074649e+01
1.002892999999999972e+02 2.375831000000000159e+01 1.090861950911478147e+02 2.868696740400620016e+01
1.175621500000000026e+02 1.813804400000000072e+01 1.099862126061611320e+02 9.810623952277975235e+00
1.053509449999999958e+02 9.028912999999999300e+00 1.179184114836737081e+02 9.395252482336340805e+00
1.063787499999999966e+02 2.825092300000000023e+01 1.221918691437964526e+02 5.980065677942427271e+00
1.286007500000000050e+02 8.765936999999999202e+00 1.163698438313267332e+02 3.037072880846698908e+01
1.010540500000000037e+02 1.139439199999999985e+01 1.156753239760770242e+02 1.915579304688435514e+01
1.331978300000000104e+02 1.207540099999999939e+01 1.087002317229231494e+02 6.019657362055845340e+00
1.045020300000000049e+02 3.012155500000000075e+01 1.261267680654797516e+02 1.904061045802812657e+01
1.088499999999999943e+02 2.839095999999999975e+01 1.063525780385772350e+02 1.132399880410267734e+01
1.082274599999999936e+02 2.717001000000000133e+01 1.132999207809562421e+02 4.109416335063633241e+00
1.013219799999999964e+02 1.577685499999999941e+01 1.140028102603712767e+02 2.884976804036575615e+01
1.376394999999999982e+02 1.949024400000000057e+01 1.132445693979952779e+02 2.178351251086217744e+01
1.306562800000000095e+02 2.621539999999999981e-01 1.278851758741732141e+02 3.206217876961351010e+01
9.982527000000000328e+01 2.515078700000000111e+01 9.775941855273306658e+01 2.520859333423477366e+01
1.012301199999999994e+02 1.617340499999999892e+01 1.096500394712829944e+02 2.175541095116337331e+01
1.090832599999999957e+02 1.999703000000000008e+00 1.239475314323731538e+02 1.281225808704790481e+01
1.002797900000000055e+02 2.030880499999999955e+01 1.342161073628570023e+02 2.830711123593420098e+01
1.130678500000000071e+02 1.070391300000000001e+01 1.294329859892092998e+02 1.227087780592978561e+01
1.129410900000000026e+02 1.928609799999999908e+01 1.019378604068757852e+02 3.888859398088410302e+00
1.002700300000000055e+02 1.703686300000000031e+01 1.209009132335950056e+02 3.066267626379665145e+01
1.259789300000000054e+02 8.138935999999999282e+00 1.200128688943182027e+02 1.446232741028548574e+01
1.292556600000000060e+02 1.137209400000000059e+01 1.210355727187988180e+02 3.259924238527560902e+01
1.140301000000000045e+02 2.309675000000000011e+01 9.403135371902081374e+01 4.717046781547719725e+00
1.010747149999999976e+02 1.745857799999999926e+01 9.632861067102777497e+01 9.544551087936754996e+00
9.801369499999999846e+01 2.871176499999999976e+01 9.801476647690242316e+01 1.905871104242660863e+01
9.805646500000000287e+01 1.719266899999999865e+01 1.022714670477682262e+02 1.117757067075537769e+01
1.222233659999999986e+02 2.248752000000000084e+00 1.023826412313166969e+02 1.094633838010826032e+01
1.206234199999999959e+02 2.294290000000000163e+00 1.023472822931444455e+02 1.636905121259629325e+01
1.216805700000000030e+02 2.875600000000000031e-02 9.624349631937406002e+01 5.293675308093891196e+00
1.132784039999999948e+02 2.408719599999999872e+01 9.812023304215104247e+01 3.603385534055888684e+00
1.134832399999999950e+02 1.777810300000000154e+01 1.342052434113998629e+02 1.665309762310704755e+01
1.006064200000000000e+02 2.769523600000000130e+01 9.745207475054601787e+01 2.646787993293810004e+01
1.269610100000000017e+02 1.226305200000000006e+01 1.231654113595913884e+02 2.848451787941306179e+01
1.020971899999999977e+02 2.676877800000000107e+01 1.139578225147795081e+02 2.525143520465401181e+01
1.048228900000000010e+02 3.249645600000000201e+01 1.097817091570099990e+02 1.048331045370491932e+00
1.065750199999999950e+02 2.890432200000000051e+01 1.106983154156252454e+02 2.694201483074862580e+01
1.112859399999999965e+02 7.286299999999999999e-01 9.484287248054044994e+01 3.219773871284905198e+01
1.121128999999999962e+02 1.959123999999999910e+01 9.611857962398929089e+01 1.449464122432303448e+01
1.128090440000000001e+02 2.218561000000000050e+01 1.179250443419540630e+02 2.668865945546612295e+01
1.349519999999999982e+02 1.169487200000000016e+01 1.349369617876795076e+02 3.477435719246175694e+01
1.028629600000000011e+02 1.609947599999999923e+01 9.873583001982792950e+01 5.450847184661891554e+00
1.205876159999999970e+02 1.334072899999999962e+01 1.215383537410045847e+02 1.508684035356340303e+01
1.269099199999999996e+02 8.830450000000000799e+00 1.127216909241602707e+02 3.499268574141304811e+01
1.227775699999999972e+02 3.331928000000000001e+00 1.122142693005212095e+02 2.175583279112569102e+01
1.314515000000000100e+02 1.002607700000000079e+01 9.901203388873167910e+01 2.323525455323992617e+01
1.110126900000000063e+02 2.886413999999999902e+01 1.042264108880045512e+02 6.554466456547480391e+00
1.224132840000000044e+02 1.063505699999999976e+01 1.190073220452741651e+02 1.935067937073812061e+01
1.088684839999999951e+02 1.869618999999999920e+00 1.249605074608750783e+02 1.890646700178889006e+01
1.021120999999999981e+02 2.292310000000000159e+01 1.369493815420519525e+02 2.590360762291144070e+01
1.199054399999999987e+02 1.518948900000000002e+01 1.052492488820817584e+02 1.956798154511704624e+01
1.063328249999999997e+02 1.094751899999999978e+01 1.113566655609400016e+02 1.506283028042556538e+01
1.047176599999999951e+02 4.703091999999999828e+00 1.205648562806968300e+02 2.488710640165297505e+01
9.423632999999999527e+01 1.031035299999999921e+01 9.563953842982121500e+01 1.051265968157758302e+01
1.291559399999999869e+02 1.352395500000000084e+01 1.182005960845822159e+02 8.188635365520756437e+00
1.233474350000000044e+02 2.519231399999999965e+01 1.273967594087168891e+02 6.044059441406265165e+00
1.221287399999999934e+02 7.625099999999999767e+00 1.352921949201078746e+02 2.123882759397421882e+00
1.202229399999999941e+02 1.300534999999999997e+01 1.215336832205217377e+02 8.862052903055033681e+00
1.349417400000000100e+02 3.249795499999999748e+01 9.232860932577037261e+01 4.506100712346584380e+00
9.844208500000000583e+01 2.976761600000000030e+01 1.279207196526102166e+02 5.570911171425133368e+00
1.146143200000000064e+02 2.004928200000000160e+01 1.276698219905342739e+02 1.138567824305303056e+01
1.306637699999999995e+02 1.285029600000000016e+01 9.447863554960245835e+01 1.661805502904474707e+01
1.014491600000000062e+02 2.277094299999999905e+01 9.348480013829458812e+01 1.154268088748161247e+01
1.231192999999999955e+02 3.669859999999999900e+00 9.865037388062955870e+01 6.989577580017568792e+00
1.344405199999999923e+02 3.228481299999999976e+01 1.342349538045006057e+02 9.294622398911656092e+00
1.181114039999999932e+02 1.644512699999999938e+01 1.123381128217855576e+02 1.372873792736622889e+01
1.037949100000000016e+02 1.724506999999999834e+01 1.260315318720984692e+02 2.717493816046136246e+01
1.088749899999999968e+02 2.917879299999999887e+01 1.010055523471674945e+02 5.900135818607238347e-01
1.053674550000000067e+02 7.722144000000000119e+00 1.310350910927919585e+02 2.963786372178403639e+01
1.356580399999999997e+02 1.759958500000000114e+01 1.193143136491084277e+02 1.892670885993699414e+01
1.323020500000000084e+02 3.039486999999999828e+00 1.306114029750463033e+02 6.092402232241670212e+00
1.026750949999999989e+02 3.487172699999999992e+01 1.334536989551099850e+02 4.219063351165556419e+00
1.175999999999999943e+02 1.023433799999999927e+01 1.312834690872056171e+02 1.151549522678432247e+00
1.008322600000000051e+02 1.836909500000000151e+01 1.168374484794897086e+02 1.068441053574426469e+01
1.220304600000000050e+02 5.662862999999999758e+00 1.027279588502583039e+02 1.453893971814463804e+01
1.240100000000000051e+02 1.279410900000000062e+01 1.236201627659772413e+02 1.898790581174479852e+00
1.064823149999999998e+02 3.252676000000000123e+00 1.100397617745854149e+02 1.925886833300888767e+01
1.068052100000000024e+02 1.683014100000000113e+01 9.886158427664088322e+01 2.810106785262356510e+01
1.165767299999999977e+02 1.286235699999999937e+01 1.287089130836589561e+02 4.853557286221869660e+00
1.082378199999999993e+02 1.562821500000000086e+01 1.165503056469694911e+02 3.853026788821976467e+00
1.227981199999999973e+02 3.281226699999999852e+01 1.365002689068197981e+02 3.646418882150563423e+00
1.032657399999999939e+02 2.896160700000000077e+01 1.162661632431758960e+02 6.602340353589508659e-01
1.148343050000000005e+02 2.582363300000000095e+01 1.156021841680511528e+02 2.055109077811164653e+01
1.110467699999999951e+02 3.238026399999999683e+01 1.122828812444637379e+02 1.481621225708091849e+00
1.272875200000000007e+02 3.735890000000000044e-01 1.268433055891389074e+02 2.333677551292170804e+01
9.569082000000000221e+01 2.712815700000000163e+01 1.236962151926208264e+02 1.557096406140850675e+01
1.008899150000000020e+02 2.474351700000000065e+01 1.117811242309107058e+02 1.654718185502549588e+01
1.034781339999999972e+02 1.418773999999999980e+01 1.369059485456080552e+02 1.306188719353096772e+01
1.351008600000000115e+02 2.345284300000000144e+01 1.119279804192930783e+02 1.239571078522222969e+01
