5.508444200000000279e+01 4.897662400000000105e+01 6.796806774013514030e+01 5.269643713132649054e+01
6.463611600000000124e+01 5.428184499999999701e+01 8.169491884721051633e+01 6.291930575395615222e+01
5.339186500000000279e+01 4.860521299999999911e+01 4.919857026573672698e+01 4.398253488307749848e+01
8.324456000000000699e+01 4.588488799999999657e+01 7.570417692650099184e+01 3.945822090397424375e+01
7.069325999999999510e+01 4.742500700000000080e+01 5.077881517247778476e+01 4.998806400790267901e+01
6.023380300000000176e+01 5.545163999999999760e+01 6.270138676646455167e+01 3.713299790302195902e+01
8.317892999999999404e+01 5.511390999999999707e+01 6.545742249294676185e+01 6.495361295683824210e+01
8.147925999999999647e+01 6.052933000000000163e+01 5.154976801971388767e+01 5.917007110740764375e+01
8.742462999999999340e+01 3.743291500000000127e+01 6.967447288921533755e+01 6.519717356663350927e+01
5.350739000000000090e+01 4.829330999999999818e+01 4.770673876833808436e+01 6.182968478091162012e+01
7.694061000000000661e+01 6.262098699999999951e+01 6.468760309898536320e+01 3.704584074466259125e+01
6.372266799999999876e+01 4.694447999999999865e+01 7.534529282640646386e+01 6.275230662239385993e+01
8.006259000000000015e+01 6.192871499999999685e+01 7.729641698520654813e+01 5.153322319049539146e+01
5.144386699999999735e+01 5.034185399999999788e+01 5.734657683656745775e+01 3.872006586450510213e+01
7.354685000000000628e+01 6.983608999999999867e+01 7.796842016117503249e+01 3.837759241044432912e+01
7.476890000000000214e+01 4.465210700000000088e+01 9.003931008644997291e+01 5.710651673642587411e+01
6.146526300000000020e+01 6.553976000000000113e+01 7.143872030697195896e+01 4.083146002255987383e+01
5.442630400000000179e+01 4.484588000000000108e+01 5.495704196406789066e+01 6.953882343230945651e+01
4.669586999999999932e+01 6.332151799999999753e+01 8.624988374326257201e+01 3.782556687476056823e+01
5.290209999999999724e+01 5.713993500000000125e+01 4.990017391677626790e+01 3.658030105744160210e+01
8.693619499999999789e+01 3.656411399999999645e+01 8.380314245166022147e+01 6.870246213570456462e+01
8.202487999999999602e+01 4.714908599999999694e+01 8.322089299208445823e+01 4.382543001825579410e+01
8.897160999999999831e+01 4.373075999999999652e+01 8.492055321225475950e+01 6.943550157391965172e+01
9.046371999999999503e+01 6.047626999999999953e+01 8.999670771557194371e+01 3.881731070829767560e+01
5.363974799999999732e+01 5.208994299999999811e+01 7.662200455425278278e+01 6.088190358415188541e+01
7.341700000000000159e+01 6.530172000000000310e+01 8.040504745487652372e+01 5.898435902527715768e+01
6.354970999999999748e+01 6.169022799999999762e+01 5.319946137405023023e+01 5.585933654843471174e+01
5.285132200000000324e+01 4.104751000000000261e+01 5.663406654327684464e+01 4.278283401883538772e+01
9.043658399999999631e+01 4.903705599999999976e+01 8.299192955114170900e+01 6.562967345267969677e+01
5.532457999999999743e+01 5.113638999999999868e+01 6.956535840523754644e+01 5.586379415878391796e+01
7.095891600000000210e+01 6.641106000000000620e+01 5.029510513757303158e+01 5.974588089312261729e+01
7.851379000000000019e+01 3.546386300000000347e+01 8.021698435136781313e+01 4.847136153135427605e+01
6.426962000000000330e+01 5.232027999999999679e+01 4.951444016469265819e+01 6.532661924765079675e+01
8.295906999999999698e+01 5.851885000000000048e+01 7.177161128491178488e+01 5.543990805234587071e+01
4.666504299999999716e+01 4.539951700000000301e+01 4.949239916227996616e+01 6.266652835736059046e+01
6.516343999999999426e+01 5.234572000000000003e+01 8.348113026646065293e+01 3.763745523560731954e+01
7.865703600000000506e+01 4.475950199999999768e+01 8.347891338914159576e+01 6.053199411187855361e+01
7.271495000000000175e+01 6.874470499999999618e+01 6.419043759959608053e+01 6.115739035657041711e+01
6.697539999999999338e+01 6.363968700000000212e+01 7.384986730216692763e+01 4.294708439919536147e+01
8.506038999999999817e+01 4.297482699999999767e+01 4.953339967684706124e+01 3.968424936511664924e+01
8.352984999999999616e+01 6.076507999999999754e+01 7.756086301613328260e+01 6.545333977217813981e+01
6.002087000000000216e+01 4.535099400000000003e+01 5.321363806237759775e+01 5.095061154488914923e+01
7.830775500000000022e+01 5.541690400000000238e+01 4.654098551044481979e+01 6.548157423467701221e+01
8.553109999999999502e+01 4.418075999999999937e+01 8.878319812278968470e+01 4.154740669045735757e+01
5.501939000000000135e+01 4.924535800000000307e+01 6.610755920264470831e+01 4.878846933385980833e+01
7.233463000000000420e+01 4.200035499999999900e+01 5.006605104376853888e+01 3.765823372605172636e+01
5.401004799999999761e+01 4.541924000000000206e+01 4.910417819953749330e+01 5.491834876730543158e+01
7.346007000000000176e+01 5.386707700000000187e+01 7.364544565329791226e+01 6.130352746032943401e+01
7.797402999999999906e+01 3.943486000000000047e+01 8.468510515267246319e+01 6.850419141276390178e+01
8.198730000000000473e+01 4.021397400000000033e+01 6.430275249047812736e+01 3.685633210596248688e+01
5.388501000000000118e+01 5.712486599999999726e+01 4.738472574678923621e+01 6.175917548744476449e+01
5.240546400000000204e+01 5.145674499999999796e+01 6.753952930016812672e+01 4.895062445427222286e+01
7.332840000000000202e+01 4.723649600000000248e+01 8.435510150960465126e+01 5.533743838275648841e+01
6.008419800000000066e+01 6.724903000000000475e+01 7.395234294618492754e+01 3.729439392908884088e+01
8.368057000000000301e+01 4.545237999999999801e+01 8.634592477353835704e+01 6.438018973489394625e+01
6.587963000000000591e+01 5.883500699999999739e+01 6.193509306986040031e+01 4.364513100127756218e+01
6.524366000000000554e+01 5.117226399999999842e+01 9.094717561463970412e+01 4.174914085081710624e+01
8.905092999999999392e+01 4.646264299999999992e+01 5.978820615914592906e+01 5.442289166861046112e+01
7.637748999999999455e+01 6.877970000000000539e+01 7.793479752572584118e+01 6.714238052956562797e+01
5.461650999999999812e+01 4.942170000000000130e+01 5.136720395265990646e+01 5.055272283341608386e+01
4.806286200000000264e+01 4.695745500000000305e+01 7.075406724416794191e+01 4.189211432961857895e+01
4.760193000000000296e+01 4.378117999999999910e+01 5.746498614823291717e+01 3.917539166510186988e+01
7.885416999999999632e+01 3.529026000000000352e+01 7.135966453555801081e+01 5.724481912889474700e+01
7.929738600000000304e+01 5.334486799999999818e+01 7.578742758934203039e+01 6.010191066732963350e+01
6.673151400000000422e+01 6.244692200000000071e+01 7.315961400473889853e+01 6.886255070544017087e+01
7.803976000000000113e+01 6.198502700000000232e+01 6.464335802411706311e+01 5.305574572671663702e+01
8.485718500000000120e+01 6.800350000000000250e+01 7.770331645167583190e+01 4.372514294659934109e+01
8.726282500000000653e+01 4.679518999999999807e+01 6.849707172251945053e+01 3.743095417698865646e+01
7.364605000000000246e+01 4.980917699999999826e+01 9.164259422095824448e+01 4.786856655939718763e+01
6.066973000000000127e+01 5.684465399999999846e+01 7.940509706594247064e+01 6.538017460172284245e+01
7.263534500000000094e+01 6.591482000000000596e+01 7.450400712615311249e+01 4.666730909439030484e+01
8.804195400000000404e+01 4.674388499999999880e+01 8.913083523149691700e+01 5.745470624270140547e+01
5.105628999999999706e+01 3.829506700000000308e+01 8.768005855316491193e+01 5.723214782579670157e+01
7.961629999999999541e+01 6.026303999999999661e+01 8.050830999895424611e+01 5.225054492585824306e+01
8.910262000000000171e+01 4.467295000000000016e+01 5.854969219032889072e+01 6.668573750234369868e+01
7.806696999999999775e+01 5.320942300000000103e+01 7.963890917286073545e+01 3.720814689989583712e+01
6.467489000000000487e+01 4.754215200000000152e+01 7.093209651884917832e+01 5.540659775140142074e+01
5.286175000000000068e+01 5.095715299999999814e+01 8.229391556217541392e+01 6.256351171891451912e+01
7.263685999999999865e+01 6.816455000000000553e+01 5.021347445435156231e+01 5.717749584560110065e+01
5.608556699999999751e+01 4.873567200000000099e+01 8.439557067344887287e+01 6.629444479936834966e+01
5.062283299999999997e+01 6.234966699999999662e+01 7.754247467053298237e+01 5.108937512822954830e+01
7.224148599999999476e+01 6.894777000000000555e+01 8.247895892724741884e+01 6.935976789071648341e+01
6.587040000000000362e+01 5.346339400000000097e+01 8.279698947747641569e+01 6.466044894998414350e+01
6.598450499999999863e+01 5.182002299999999906e+01 5.750095645008031653e+01 4.643767110197396164e+01
5.682670999999999850e+01 4.389077000000000339e+01 5.319678786833821960e+01 6.680098618974739111e+01
8.431788000000000238e+01 4.659002999999999872e+01 8.614758274363072132e+01 6.461994763597370195e+01
4.957694599999999951e+01 4.986617999999999995e+01 5.825849264472184075e+01 6.628903479589243375e+01
7.357657000000000380e+01 5.390614000000000061e+01 5.038289940994864935e+01 5.272156018131529720e+01
8.540730000000000643e+01 3.939616000000000184e+01 6.398094296471408882e+01 6.742401505622682123e+01
5.841998699999999900e+01 3.671247499999999775e+01 9.001347437467356372e+01 5.633422930396641704e+01
5.253663300000000191e+01 3.601392400000000293e+01 8.886085446243889407e+01 6.286468746411007658e+01
6.137015999999999849e+01 5.204327399999999670e+01 6.622373966924946842e+01 6.131550828120231245e+01
5.874136699999999678e+01 5.923510999999999882e+01 4.952150186476048788e+01 4.630564216313823778e+01
5.284531400000000190e+01 4.512162800000000118e+01 8.438509375984101268e+01 6.049578101844106470e+01
7.109244999999999948e+01 6.140245399999999876e+01 6.061759168795694563e+01 3.518573009724944001e+01
5.964972699999999861e+01 4.230685400000000129e+01 6.292539200401810717e+01 4.734055637494699198e+01
8.957053000000000509e+01 4.948764800000000008e+01 8.594411990733584616e+01 6.841915175154937856e+01
8.686418999999999357e+01 4.387660999999999945e+01 8.731521294694559288e+01 4.400452059252453552e+01
8.314601999999999293e+01 6.420999000000000478e+01 5.379876082157569783e+01 4.524461484962826319e+01
7.445662000000000091e+01 6.045474600000000009e+01 5.835641760398733169e+01 6.894045922121951264e+01
6.735670500000000516e+01 5.041149000000000058e+01 8.389247799224463620e+01 6.399835378462945812e+01
5.403204000000000207e+01 5.116592800000000096e+01 6.529708764229951612e+01 5.329270817485419798e+01
8.780607999999999436e+01 3.907204000000000121e+01 8.597384055737957453e+01 5.076912219962128603e+01
4.775068999999999875e+01 3.836014600000000030e+01 6.532264584494257065e+01 5.223266654895643057e+01
7.644329000000000462e+01 4.657066300000000325e+01 6.541448399959286064e+01 3.552206460698167234e+01
7.996568999999999505e+01 6.779388400000000559e+01 8.150815366415693575e+01 5.377970539666166871e+01
4.670871700000000004e+01 6.377425999999999817e+01 9.035463149247929948e+01 5.629699515028704582e+01
8.403638499999999567e+01 3.503270299999999793e+01 8.900884946650829477e+01 4.177296264658824754e+01
7.489607999999999777e+01 6.228779999999999717e+01 5.849212710819562488e+01 4.217624516344312724e+01
4.630128500000000003e+01 6.632629000000000019e+01 8.886441650472029607e+01 4.439076080842335159e+01
8.590979000000000099e+01 3.523488600000000304e+01 5.216396933658730717e+01 6.171179062137072435e+01
5.734080999999999761e+01 5.535898199999999747e+01 5.961858650598011877e+01 3.826739021457179746e+01
5.979800000000000182e+01 4.706063999999999936e+01 8.636828058632482907e+01 3.726402739721307000e+01
5.192617800000000017e+01 5.019215799999999916e+01 8.579332233777489591e+01 5.794697856399227476e+01
8.512422999999999718e+01 4.689227999999999952e+01 6.454573235141444343e+01 6.003058945498017351e+01
5.817465200000000181e+01 4.617281700000000200e+01 6.556682555803000412e+01 3.887222163161250421e+01
5.413719999999999999e+01 6.657320400000000404e+01 7.180169549336913803e+01 5.925428174078618326e+01
7.941040999999999883e+01 5.451766200000000140e+01 7.678119458210180426e+01 3.894285181603360968e+01
5.637333000000000283e+01 5.604807300000000225e+01 8.425924146390447333e+01 6.973130841083688836e+01
7.151955399999999941e+01 4.778076599999999985e+01 5.568254161801616675e+01 4.684742119499880175e+01
7.896323999999999899e+01 4.627617300000000000e+01 6.641129066447984997e+01 4.039631078598340252e+01
6.158970999999999663e+01 6.606143000000000143e+01 5.239234275450980505e+01 6.253292427925646280e+01
7.948573000000000377e+01 4.482542399999999816e+01 8.712649849221654108e+01 3.709589903618240925e+01
5.547576000000000107e+01 4.883494999999999919e+01 7.597408742149660554e+01 3.759170678376427333e+01
5.429485999999999990e+01 4.884084000000000003e+01 6.408534963404351004e+01 5.701914317230426832e+01
8.828168999999999755e+01 3.561987299999999834e+01 4.982008164939222183e+01 4.347232921224146196e+01
8.663148499999999785e+01 3.990982999999999947e+01 7.299338273175357017e+01 5.360344988568863300e+01
7.447088999999999714e+01 6.278063199999999711e+01 4.990803581397855027e+01 5.989427566785543888e+01
8.852997600000000489e+01 3.797641399999999834e+01 5.163411211099568732e+01 5.298790784255706399e+01
6.794607999999999493e+01 6.328188699999999756e+01 6.247180262177025156e+01 4.417347314422779903e+01
6.425799600000000567e+01 5.414581299999999686e+01 4.981496571288707287e+01 5.389618098454411665e+01
6.506362000000000023e+01 4.932741999999999649e+01 5.770814191566763185e+01 6.301448199336289235e+01
8.968140400000000056e+01 5.168910199999999833e+01 6.890230525769990777e+01 4.981861658064420340e+01
7.841535000000000366e+01 5.517078399999999760e+01 7.491006631169545926e+01 5.578137607545063759e+01
8.554076000000000590e+01 4.526500699999999711e+01 5.946172632320717355e+01 4.295751596084573976e+01
6.313089000000000084e+01 5.214475000000000193e+01 4.802057571864215646e+01 5.674518859146437677e+01
5.567817000000000149e+01 4.392220999999999975e+01 5.056147765457960475e+01 6.987968397852125690e+01
8.794871500000000708e+01 4.199166000000000309e+01 7.897403384564989892e+01 6.588599025740974469e+01
6.193233000000000033e+01 4.601049400000000134e+01 4.660094918358215921e+01 3.681880993895695298e+01
8.329030000000000200e+01 3.530860500000000002e+01 6.624025731784902860e+01 3.715208760367595886e+01
7.528866999999999621e+01 4.319194399999999945e+01 5.517057905693834385e+01 5.508899299868438248e+01
7.462242000000000530e+01 4.588313300000000083e+01 5.469907903758227974e+01 4.016333910210886415e+01
6.880440500000000270e+01 5.972476000000000340e+01 5.730867383718117480e+01 6.284720616206531929e+01
8.061682999999999311e+01 5.918603000000000236e+01 7.364255170910865900e+01 6.872807688063133469e+01
5.972766500000000178e+01 4.440487300000000204e+01 4.944743173816048909e+01 5.072863914581958511e+01
7.889297000000000537e+01 6.234449800000000153e+01 8.307824778351692885e+01 3.897916137768489619e+01
5.190478000000000236e+01 4.889708699999999908e+01 8.718823856787048499e+01 6.877677125783230849e+01
6.306450699999999898e+01 6.159660999999999831e+01 7.641505719079424352e+01 4.995400605709790653e+01
5.078484300000000218e+01 4.311047400000000351e+01 4.786965110673183688e+01 6.929893407523803717e+01
7.976686999999999728e+01 5.359152999999999878e+01 5.616801621632096442e+01 5.210875677252860783e+01
4.796895599999999860e+01 4.215628000000000242e+01 8.816164023885798429e+01 3.545414020156747625e+01
6.020953399999999789e+01 4.516971999999999809e+01 4.945063544101359554e+01 4.740706684401371263e+01
6.481473499999999888e+01 4.456393400000000327e+01 5.864557104538408083e+01 5.188922746748674086e+01
7.590055999999999869e+01 4.194827999999999690e+01 4.625857859005242290e+01 4.957892314154673841e+01
6.421460000000000434e+01 4.855725000000000335e+01 9.143283772215283989e+01 6.580096970308423465e+01
6.581596999999999298e+01 5.677728700000000117e+01 8.368902077893511660e+01 4.473650042075340139e+01
7.517798600000000420e+01 5.425798000000000343e+01 8.620814611333749156e+01 5.725745767950531473e+01
4.704746999999999701e+01 4.864985999999999677e+01 6.654022088561994508e+01 6.533547207967660597e+01
5.059288999999999703e+01 3.766018700000000052e+01 6.737993880748628328e+01 3.845429525543483606e+01
7.771747999999999479e+01 3.798879600000000067e+01 8.428905706750478544e+01 6.348442945984577079e+01
5.922205000000000297e+01 5.737902499999999861e+01 5.915320243471187212e+01 3.527442160383024827e+01
8.433438999999999908e+01 3.928714000000000084e+01 7.367319066449461218e+01 3.808420201407162153e+01
7.194462000000000046e+01 6.180628200000000305e+01 6.584968138864743992e+01 4.018577080118247835e+01
6.612999999999999545e+01 5.269389999999999930e+01 9.182137580177854375e+01 5.714843038140095643e+01
8.180530000000000257e+01 4.721235000000000070e+01 8.337692710856620693e+01 5.615793240141000808e+01
5.330595799999999684e+01 4.996555299999999988e+01 4.687427190477892225e+01 4.664890224441531075e+01
8.956656999999999869e+01 4.467163999999999646e+01 5.397160258542298550e+01 5.078999479956037533e+01
6.310660000000000025e+01 4.440919000000000239e+01 6.112327971866327658e+01 4.175199258840023475e+01
5.177651600000000087e+01 4.928925000000000267e+01 4.690332386850921154e+01 5.299108601801415830e+01
8.642296000000000333e+01 4.440330999999999761e+01 5.047419346420066688e+01 3.534633285401523040e+01
5.009697299999999842e+01 3.689758299999999736e+01 7.705308435758021801e+01 6.172552914876031593e+01
5.228764699999999976e+01 4.831682200000000194e+01 7.869048673915284553e+01 6.408070551833928619e+01
7.085715000000000430e+01 6.628178400000000181e+01 5.918287345983112857e+01 6.575473255555469621e+01
5.309535600000000244e+01 4.823342000000000240e+01 8.309374650664713613e+01 5.184747151711928836e+01
5.169720499999999674e+01 4.989869000000000199e+01 5.274180510188620019e+01 4.965385168170992358e+01
7.359251000000000431e+01 6.916764000000000578e+01 6.060556339439236240e+01 5.737738054513027919e+01
7.429716500000000678e+01 4.987426399999999660e+01 7.650503320604494206e+01 5.558494407387797054e+01
6.970458000000000709e+01 6.621998999999999569e+01 7.551994675855564765e+01 5.739235048170333187e+01
7.166112499999999841e+01 6.507439399999999807e+01 5.466730974827130041e+01 4.946863018911772514e+01
6.831180600000000425e+01 6.317746400000000051e+01 6.891535263099157760e+01 5.293447832833994937e+01
6.199449500000000057e+01 4.123483000000000231e+01 7.272486417382489776e+01 4.476626430609859142e+01
6.677664000000000044e+01 5.653610199999999963e+01 5.237128922745527149e+01 5.944528742637736229e+01
5.080633000000000266e+01 6.933244999999999436e+01 5.707398039075106055e+01 4.099179627241024804e+01
8.173636999999999375e+01 6.784996999999999900e+01 5.665882296377655791e+01 3.767303504560402416e+01
6.052741600000000233e+01 5.478904299999999949e+01 6.742144326922847597e+01 5.928787851076575777e+01
7.745943499999999915e+01 5.897106600000000043e+01 8.201765793725947162e+01 5.102489052711869988e+01
5.338119499999999817e+01 4.540312000000000126e+01 7.036536353287988277e+01 4.508030444054298869e+01
5.115114200000000011e+01 5.064909000000000106e+01 7.445026295225422075e+01 5.077827174896901852e+01
4.858368300000000062e+01 4.659875000000000256e+01 6.408500304168057937e+01 6.172178236074704216e+01
5.513156000000000034e+01 6.075578000000000145e+01 6.658997148475395988e+01 4.456319982772946275e+01
6.529474000000000444e+01 5.300702700000000078e+01 5.520871321374281138e+01 4.717247019676698017e+01
6.510826000000000136e+01 6.686397599999999386e+01 9.048989305972710895e+01 4.089612171816658304e+01
5.828899400000000242e+01 5.992299700000000229e+01 6.319053315036865826e+01 3.799100818929636603e+01
5.097951499999999925e+01 3.850401300000000049e+01 8.036847149300520243e+01 4.417783322276832791e+01
4.985574299999999681e+01 4.845098000000000127e+01 7.338754754221822907e+01 4.494886301917067328e+01
8.980433999999999628e+01 5.100396299999999883e+01 5.773327138759871247e+01 6.063912524876943166e+01
7.208037600000000111e+01 6.865512999999999977e+01 4.847750983151265558e+01 5.537067639071325686e+01
6.608248000000000388e+01 5.590762300000000096e+01 4.631615832949863432e+01 3.769574673969827217e+01
6.844832999999999856e+01 5.730413399999999768e+01 8.842843341368327970e+01 5.097871922842681869e+01
6.594492999999999938e+01 5.923649199999999837e+01 8.157282802044289838e+01 3.873155298716633865e+01
7.513997999999999422e+01 6.129621000000000208e+01 6.596465005627899814e+01 4.694915241987543197e+01
4.672376599999999769e+01 6.962304000000000315e+01 8.494133825297470253e+01 6.805924313141198922e+01
6.389004500000000064e+01 5.658246199999999959e+01 7.410907420330298123e+01 3.721185390660049563e+01
7.769123999999999342e+01 6.373434000000000310e+01 7.093531329141379160e+01 4.930900885006053613e+01
7.592802399999999352e+01 5.213128999999999991e+01 6.693249112263342226e+01 4.568709570551038013e+01
6.098011000000000337e+01 5.633001300000000100e+01 7.313114647605621599e+01 5.714127763851939790e+01
5.408736999999999995e+01 4.822462500000000318e+01 4.871647160971171786e+01 6.812053354325540511e+01
8.338657999999999504e+01 4.855832300000000146e+01 8.848137504399571185e+01 4.589707490893962216e+01
7.632841000000000520e+01 4.523435599999999823e+01 5.167937928083073729e+01 5.480750761303953311e+01
4.956040600000000040e+01 4.586153399999999891e+01 7.581232643669436300e+01 4.967712827522803565e+01
7.121519499999999425e+01 6.740169500000000369e+01 6.451715749846448489e+01 6.695294201253926758e+01
5.697548299999999699e+01 4.251236999999999711e+01 9.174433904843843379e+01 4.288697983951256987e+01
6.471316500000000360e+01 5.324251000000000289e+01 7.482925739412461041e+01 5.066069767338130703e+01
5.835997799999999813e+01 5.780623599999999840e+01 5.904422279375091875e+01 5.245852886852298980e+01
5.203767400000000265e+01 5.395211400000000168e+01 4.797189883708125535e+01 3.635522597057381944e+01
8.259461000000000297e+01 4.808888999999999925e+01 6.800077126810948869e+01 5.832949651036169314e+01
8.155437000000000580e+01 4.750036999999999665e+01 8.804596355589757195e+01 4.831917963434450058e+01
6.469078000000000372e+01 6.458218999999999710e+01 6.429872960288189176e+01 4.221746213972532757e+01
8.947969999999999402e+01 4.378523299999999807e+01 5.429785015754233513e+01 5.624333141719831985e+01
8.831159999999999854e+01 3.731616999999999962e+01 6.017546844258921368e+01 6.554154116820896547e+01
4.775593599999999839e+01 6.639164999999999850e+01 7.585337121308027974e+01 4.580083734547736185e+01
5.024912599999999685e+01 5.350117500000000348e+01 6.603028861246252745e+01 3.843149219041616504e+01
6.629274999999999807e+01 6.353835699999999775e+01 5.341098530268950384e+01 3.806756833767193626e+01
6.234524499999999847e+01 6.152044999999999675e+01 7.185777605376111410e+01 4.589353336416961326e+01
5.755927700000000158e+01 5.955747600000000119e+01 7.668863768826670935e+01 6.336691965029618245e+01
6.587717999999999563e+01 6.489995600000000309e+01 7.374197668653877713e+01 5.394013226808304751e+01
7.188934999999999320e+01 4.769791399999999726e+01 5.571352127182730385e+01 5.991300891982929500e+01
7.430379000000000644e+01 4.396401000000000181e+01 7.304415832113663498e+01 6.830338143165622000e+01
8.325369999999999493e+01 3.672957000000000249e+01 4.619720458627629966e+01 5.440803225154421341e+01
5.556812000000000040e+01 6.750840999999999781e+01 4.949493113167829961e+01 3.906744985120170810e+01
5.031473499999999888e+01 4.109745999999999810e+01 5.877373715612860394e+01 3.696902164182997552e+01
5.042892499999999956e+01 3.860004800000000103e+01 6.273817563558007748e+01 3.630154662604503812e+01
7.284009600000000262e+01 6.049586000000000041e+01 8.568730858983713006e+01 4.138464765248910027e+01
8.942528000000000077e+01 4.575683200000000284e+01 8.227677118875746487e+01 5.772879531579410184e+01
9.175052999999999770e+01 4.081071500000000185e+01 7.454216346598200005e+01 6.698264631158666305e+01
7.803538500000000511e+01 6.149983600000000195e+01 6.101927189415394537e+01 5.184359830336308050e+01
5.336617300000000341e+01 4.647099299999999999e+01 6.753686551516203451e+01 3.667211602206365484e+01
9.098907499999999970e+01 4.332945999999999742e+01 7.916193152813178813e+01 5.383631062491765817e+01
8.821962999999999511e+01 4.613478500000000082e+01 5.175236072531713916e+01 3.635589066444711648e+01
7.236713399999999297e+01 5.359680600000000084e+01 8.066722119762266630e+01 5.807297738908464169e+01
5.432242999999999711e+01 4.623212000000000188e+01 8.954958796177339764e+01 6.842405052297390000e+01
5.363667999999999836e+01 4.819988599999999934e+01 8.456647550387327783e+01 4.079663086547240169e+01
6.627116999999999791e+01 6.753251000000000204e+01 8.705984048540999254e+01 3.911825581689509335e+01
8.982984000000000435e+01 5.302496299999999962e+01 6.331033595509077827e+01 4.961312988841545746e+01
7.510142000000000451e+01 3.915826400000000262e+01 9.131898941130509684e+01 5.799373076844753427e+01
7.573591999999999302e+01 4.129615799999999837e+01 7.407718121082282892e+01 6.126885333791996402e+01
4.898817999999999984e+01 5.657592999999999961e+01 8.155278780105925307e+01 5.736769314306950207e+01
6.632321000000000311e+01 4.732898699999999792e+01 8.897518718270225691e+01 4.828952740961526757e+01
5.339562000000000097e+01 4.819332500000000152e+01 8.544391187316907121e+01 5.108719564602324681e+01
5.690837499999999949e+01 5.480534999999999712e+01 8.951563040109871849e+01 5.578942909293812136e+01
7.580970000000000653e+01 3.922681800000000152e+01 5.052286425720989627e+01 3.601657894889604705e+01
7.759128599999999665e+01 6.280809399999999698e+01 8.946093989306748995e+01 5.820039499146501072e+01
8.765320599999999729e+01 4.874345000000000283e+01 5.665838221212582937e+01 5.627659923470019265e+01
7.410056000000000154e+01 6.981937999999999533e+01 7.415160743530368848e+01 5.605688160793377506e+01
8.650522599999999329e+01 4.590870699999999971e+01 7.426671456408554661e+01 5.341885935908581473e+01
9.178313400000000399e+01 5.558882499999999993e+01 6.794911840518830104e+01 5.014961472804834841e+01
5.130496600000000029e+01 5.294500699999999682e+01 8.394207087549847301e+01 3.568579220345645098e+01
8.999599000000000615e+01 5.482777999999999707e+01 4.982070742288891552e+01 4.916924452668155965e+01
7.261503000000000441e+01 4.614807499999999862e+01 7.950206857022654106e+01 3.696500265372847593e+01
8.027527000000000612e+01 4.288470000000000226e+01 7.939780425828467969e+01 4.576849436380510383e+01
6.612401599999999746e+01 6.489065999999999690e+01 6.191943786763569335e+01 4.899567241909909399e+01
5.257021999999999906e+01 3.671679699999999968e+01 6.850386844476767578e+01 4.635757143984531581e+01
8.969199999999999307e+01 4.165841700000000003e+01 8.388778615409646022e+01 5.831876655783625552e+01
5.509714999999999918e+01 5.106415599999999699e+01 4.683109880095778976e+01 3.908764839424110704e+01
5.493115600000000143e+01 5.014291399999999754e+01 8.385762124953100738e+01 5.140027401487910197e+01
5.187998199999999827e+01 5.008856000000000108e+01 5.324629665281672430e+01 6.536187972153889802e+01
5.423397400000000346e+01 3.584526400000000024e+01 6.757649888989470810e+01 4.551568897307794970e+01
5.400205600000000317e+01 6.589191399999999987e+01 4.664995217933203264e+01 4.924585258662045817e+01
8.258718000000000359e+01 6.446133399999999369e+01 6.532946100853970961e+01 4.875814536522135967e+01
5.134787000000000035e+01 5.054391499999999837e+01 5.151782375622745747e+01 6.155207173169706891e+01
6.521056000000000097e+01 5.167953500000000133e+01 7.867377996526977313e+01 4.502151798091932733e+01
4.682751499999999822e+01 6.578252000000000521e+01 6.052459918666137639e+01 5.661774919198770561e+01
4.841457400000000177e+01 6.508395000000000152e+01 7.829528171458917996e+01 6.928741709260162907e+01
8.003162399999999366e+01 4.691811799999999977e+01 6.823351595607471154e+01 4.193479597851304419e+01
8.257880400000000520e+01 3.717007399999999961e+01 7.189636246196336344e+01 5.885965602717903522e+01
6.007629000000000019e+01 4.632620200000000210e+01 8.619858711167559306e+01 5.012860293710289028e+01
5.076733399999999818e+01 3.719605599999999868e+01 7.255298221526669522e+01 5.708806813454253870e+01
8.658387999999999352e+01 4.637970700000000335e+01 6.494059743714650779e+01 4.396637317534843703e+01
6.588196000000000652e+01 4.998230699999999871e+01 8.700214627451961746e+01 3.935668091487867315e+01
8.190829499999999541e+01 6.691291999999999973e+01 8.793994703544979075e+01 5.048895868913425033e+01
5.852781300000000186e+01 3.578958500000000242e+01 6.679952549682703022e+01 4.921006834111343409e+01
5.397681000000000040e+01 4.585221500000000106e+01 9.037138722413037328e+01 6.295116318679265532e+01
4.800569000000000131e+01 6.700045000000000073e+01 5.210586287396289862e+01 5.952266127294018361e+01
5.662628600000000034e+01 5.514053299999999780e+01 6.396789291305435654e+01 4.462157324675722236e+01
5.430799499999999824e+01 4.715450299999999828e+01 8.901084327332381463e+01 6.934287938782904348e+01
5.963242300000000284e+01 4.400560399999999817e+01 6.802150498258519917e+01 4.158950168552145499e+01
8.737299000000000149e+01 4.577764499999999970e+01 7.656386636519859223e+01 4.071509925491082527e+01
4.746859700000000259e+01 6.730271000000000470e+01 8.554517007878467894e+01 3.775940545202833931e+01
6.441042000000000201e+01 5.155160999999999660e+01 4.730561000884127054e+01 6.636911862471853851e+01
6.294104999999999706e+01 4.766602699999999970e+01 4.695375153706780935e+01 6.432601546505669887e+01
6.417624999999999602e+01 5.623000700000000052e+01 4.669103364885950924e+01 4.236252736678439135e+01
7.865295999999999310e+01 6.845534499999999412e+01 4.682236310547621372e+01 6.212047666020646375e+01
6.459828000000000259e+01 6.979175999999999647e+01 8.412567037648176438e+01 3.754092231453130069e+01
8.318834999999999980e+01 6.825494399999999473e+01 8.342857387053183515e+01 6.368094442184590775e+01
7.502486000000000388e+01 3.932047299999999979e+01 6.077527714627075284e+01 4.943465089145255575e+01
6.352276200000000017e+01 4.916449699999999723e+01 7.664440876542875003e+01 3.663515383235895229e+01
7.947617999999999938e+01 3.611105700000000240e+01 8.267789231702673192e+01 4.920458500042317951e+01
7.671775999999999840e+01 4.262098999999999904e+01 6.503959581868745943e+01 5.077329030342247052e+01
7.492061599999999544e+01 4.819925299999999879e+01 6.494339680383589553e+01 6.643283848175256878e+01
6.902935999999999694e+01 4.476595999999999975e+01 6.874304403790522144e+01 3.955487901699672904e+01
8.278986999999999341e+01 6.091132700000000000e+01 8.702720494585548749e+01 6.591902670947266074e+01
8.069112400000000207e+01 4.634583700000000306e+01 7.628307630457592836e+01 4.536709108273609559e+01
4.924508000000000152e+01 4.573075999999999652e+01 6.483348845418089468e+01 6.473866574167352894e+01
5.724527400000000199e+01 4.383981699999999648e+01 7.011408042027272813e+01 5.723880669338022642e+01
5.768971599999999711e+01 5.626144399999999735e+01 8.901138244083213635e+01 5.920702908378320473e+01
8.573838999999999544e+01 6.890942400000000134e+01 7.694460105358864155e+01 4.028757680923871476e+01
5.167446499999999787e+01 5.289345600000000047e+01 6.124531705775224566e+01 3.689695244254721018e+01
6.500728999999999758e+01 4.928378000000000014e+01 7.331077949354936152e+01 6.179995006959248371e+01
7.484981500000000665e+01 5.974059299999999695e+01 6.891979634407940125e+01 5.893114905873680698e+01
5.521462199999999854e+01 4.818930399999999992e+01 7.093630464696624927e+01 3.607863552267845364e+01
5.370739999999999981e+01 4.455100999999999800e+01 5.605381033544404090e+01 5.299990150689498591e+01
5.450867999999999824e+01 4.798115500000000111e+01 5.708393904357832582e+01 6.144002143119620030e+01
4.807733000000000345e+01 3.790756999999999977e+01 6.892789215643799139e+01 6.973741552772972341e+01
9.128652999999999906e+01 3.925340700000000282e+01 6.012321300560655146e+01 4.150501480106043317e+01
6.594256000000000029e+01 5.268306400000000167e+01 8.297660674933410974e+01 5.413714047085017711e+01
8.315384000000000242e+01 4.671061999999999870e+01 7.054271324693635847e+01 5.485947770924515510e+01
5.181455199999999905e+01 4.689494299999999782e+01 5.044806996521159448e+01 5.271359045103313434e+01
8.373717499999999347e+01 4.802160299999999893e+01 8.744469572738603347e+01 4.313020200448846708e+01
8.363159000000000276e+01 5.257257500000000050e+01 7.695462893712303298e+01 5.482018945088958617e+01
9.030997499999999434e+01 6.902100000000000080e+01 6.713142561815354270e+01 3.794347465687643961e+01
8.275775000000000148e+01 5.044425600000000287e+01 8.495790356702639201e+01 4.845040050041575341e+01
