1.269099199999999996e+02 8.830450000000000799e+00 1.057362799130954158e+02 2.630960302271241247e+01
1.356329700000000003e+02 5.475532000000000288e+00 1.066448200870829623e+02 1.683835368893872086e+01
1.101122799999999984e+02 3.367673500000000075e+01 1.358973654069871202e+02 8.902788816693526286e+00
1.181156600000000054e+02 2.807990600000000114e+01 1.298542535942689824e+02 1.122219140717011499e+01
1.366002000000000010e+02 2.353372600000000148e+01 1.363182650933099467e+02 3.240062224105754751e+01
1.004048300000000040e+02 2.599754000000000076e+01 1.297206400320173998e+02 8.626419856863497770e+00
9.403598999999999819e+01 1.528279200000000060e+01 1.111857363737653657e+02 1.459554489081882345e+01
9.718044000000000437e+01 3.527642000000000166e+00 1.099078235093683702e+02 4.308751869570871307e+00
1.148437040000000025e+02 1.286086000000000062e+00 1.306836491751577682e+02 8.525589591897563935e+00
1.057207899999999938e+02 6.388937000000000310e+00 9.383156167782742330e+01 2.654269808424888666e+01
1.372935799999999915e+02 3.647539999999999782e+00 9.901322847088945878e+01 1.257852546552094353e+01
1.268699649999999934e+02 1.922492000000000090e+01 1.321322956005755032e+02 1.572421279501278235e+01
1.344861300000000028e+02 1.449819800000000036e+01 1.360769220721185775e+02 1.648689091851064248e+01
9.922207000000000221e+01 4.366456999999999589e+00 1.296651268090074609e+02 1.898124266515272041e+01
1.178437200000000047e+02 2.665472400000000164e+01 1.300594839040313673e+02 1.919825442709158381e+01
1.011063460000000021e+02 3.288495000000000346e+01 1.274958552384085522e+02 9.627790614528825230e+00
1.068959600000000023e+02 4.261408999999999558e+00 1.108431663159224314e+02 1.607891696417437899e+01
1.305723099999999874e+02 3.448748799999999903e+01 1.219995669578307371e+02 2.509699952017202307e+01
1.020694000000000017e+02 1.701910399999999868e+01 1.105736001306775478e+02 1.405058269436284490e+01
1.362818499999999915e+02 1.441225500000000004e+01 1.076463070673401319e+02 3.599727919212387217e+00
1.235559099999999972e+02 1.940806999999999949e+00 1.002298066547202353e+02 2.680864005569232944e+01
1.082378199999999993e+02 1.562821500000000086e+01 1.117070455088517917e+02 2.800668338043865191e+01
1.187483440000000030e+02 9.741618000000000777e+00 1.143123302715460454e+02 5.639081724257344774e+00
1.110126900000000063e+02 2.886413999999999902e+01 1.196982244871301191e+02 1.919581340645502010e+01
1.006493899999999968e+02 1.672829600000000028e+01 1.087319822363606363e+02 3.357245655234396509e+01
1.165767299999999977e+02 1.286235699999999937e+01 1.072873722177075280e+02 3.141729038057413348e+01
1.114416300000000035e+02 1.862790100000000137e+01 1.102251297504990077e+02 2.970828684081284976e+01
1.210114200000000011e+02 2.978116199999999836e+01 1.353701756916223644e+02 2.516706023983622131e+01
1.305980999999999881e+02 1.224686600000000070e+01 1.255413983570890650e+02 2.295058659723530425e+01
1.052188600000000065e+02 4.245258999999999894e+00 1.224865956981894755e+02 4.346322716689775767e+00
1.287118000000000109e+02 8.186422000000000310e+00 1.210516894369771705e+02 1.839297739306311286e+01
1.286900599999999883e+02 1.486477799999999938e+01 1.019013249416267541e+02 3.286291154241938273e+01
1.091047099999999972e+02 1.614342999999999861e+01 1.286761058367478938e+02 1.502672611975743067e+01
1.150682749999999999e+02 1.918149599999999921e+01 1.055497739247635565e+02 1.344880210094732575e+01
9.264901000000000408e+01 2.078608699999999843e+01 1.123747113778810416e+02 1.621441782891685790e+01
1.101364439999999973e+02 1.750603699999999918e+01 1.237283519761507762e+02 1.604911804291998578e+01
1.355432900000000132e+02 8.343788999999999234e+00 1.213417916526467906e+02 3.316554969872669290e+01
9.801369499999999846e+01 2.871176499999999976e+01 1.280996645217587684e+02 1.236374179794965045e+01
1.205011700000000019e+02 1.523211200000000076e+01 1.029889947388544300e+02 3.099145888901129453e+01
1.372332900000000109e+02 1.501410800000000023e+01 9.492166241857127318e+01 2.026817128275871127e+01
1.222112300000000005e+02 1.084067199999999964e+01 9.752253332798348140e+01 2.095444147441209637e+01
9.311654000000000053e+01 1.801235199999999992e+01 1.123828124476979440e+02 3.333259265680329975e+01
1.063787499999999966e+02 2.825092300000000023e+01 1.269596502170743975e+02 2.983756733324359445e+01
1.344432400000000030e+02 7.931499999999999773e+00 1.302668104346229256e+02 1.777772344686497918e+00
1.005264739999999932e+02 1.630819999999999936e+01 1.028140078596208724e+02 2.797952155340352576e+01
1.198410400000000067e+02 1.864373600000000053e+01 1.230928057952479691e+02 1.646892164368869516e+01
1.088749899999999968e+02 2.917879299999999887e+01 1.276027956955663569e+02 1.684912781398663073e+00
1.010540500000000037e+02 1.139439199999999985e+01 1.351505973153080618e+02 5.062972485734383632e+00
1.078109199999999959e+02 3.159997999999999863e+01 1.120256605736111197e+02 5.405339312851296540e+00
1.206282599999999974e+02 1.361213200000000079e+01 1.159481566628031857e+02 2.064136898223627270e+01
9.482461499999999432e+01 7.552875000000000227e+00 9.599469945409691718e+01 1.429282144248543673e+01
1.087185099999999949e+02 1.082315200000000033e+01 1.095565850594308159e+02 2.955948988635744357e+01
1.302385099999999909e+02 7.992467999999999684e+00 1.052662748095338969e+02 1.579129853917594062e+01
1.047176599999999951e+02 4.703091999999999828e+00 1.356667414124309516e+02 2.193969218204329152e+01
1.179293399999999963e+02 2.794945999999999842e+01 1.323314901608362391e+02 2.169455267511683871e+01
1.167996100000000013e+02 2.692645800000000023e+01 1.210510943065484071e+02 2.846976232698467157e+01
1.149264299999999963e+02 1.972750000000000059e-01 1.079898549748232313e+02 3.156842322474108187e+01
1.362089100000000030e+02 1.452587000000000073e+00 9.286469855913081517e+01 1.424646038686361571e+01
1.276204900000000038e+02 1.005807899999999933e+01 1.162254762352186646e+02 9.520201567062235526e+00
9.877991500000000258e+01 1.703118500000000068e+01 9.244851055531377426e+01 3.376033221601092293e+01
1.136585500000000053e+02 2.298645199999999988e+01 9.561209569201652414e+01 1.557800728521472600e+01
9.837677999999999656e+01 1.711163099999999915e+01 1.221493029759218700e+02 4.020119393920342787e+00
1.179629500000000064e+02 1.794520599999999888e+01 1.237492809809115784e+02 2.393133454561272089e+01
1.215634399999999999e+02 8.080892999999999660e+00 1.213115911570293832e+02 2.446749193397447897e+01
1.063295999999999992e+02 3.358952000000000027e+01 1.102586148739681704e+02 1.929574883713699407e+01
1.002797900000000055e+02 2.030880499999999955e+01 1.235371908520466349e+02 3.319721113397820034e+01
1.111686299999999932e+02 3.224828000000000117e+01 1.337926178173298979e+02 5.288578709213576090e-01
1.365753499999999860e+02 3.356936300000000273e+01 1.191739445944115943e+02 2.802744654844949324e+01
1.096788600000000002e+02 1.849008999999999903e+00 1.271137707964741423e+02 1.615676466016443769e+01
1.221144000000000034e+02 1.113166000000000011e+01 1.262993540633354144e+02 1.460604754772864666e+01
1.185820539999999994e+02 6.158361000000000196e+00 1.216260500090406822e+02 1.801644785673627780e+01
1.158584060000000022e+02 1.987986000000000075e+01 1.068548917486923386e+02 9.323830744518163627e+00
1.352721099999999979e+02 9.163007999999999598e+00 1.098466044127959549e+02 1.288116396463370172e+01
1.051916099999999972e+02 9.920849000000000473e+00 9.607858673778697778e+01 8.139318224430391879e+00
1.234273799999999994e+02 2.926879100000000022e+01 1.251660388588799435e+02 7.817457631255876116e+00
9.996817000000000064e+01 2.509249700000000161e+01 1.175096920988765987e+02 9.698771967493701851e+00
1.270216999999999956e+02 1.202432300000000076e+01 1.196379739235499642e+02 3.615270156818931824e+00
1.357253100000000074e+02 1.245660299999999943e+01 9.915222812156427779e+01 2.086073131745098408e+01
1.004608149999999966e+02 1.180514800000000086e+01 1.146721310836315837e+02 2.377258593024421884e+01
1.250190400000000039e+02 1.223044999999999938e+01 1.314639657031915760e+02 2.974461383318004692e+01
9.579921000000000220e+01 1.503351199999999999e+01 1.185843800209232342e+02 2.375654567651309890e+01
1.164321900000000056e+02 1.890602499999999964e+01 1.221079485260441970e+02 3.344472363726560360e+01
1.130844799999999992e+02 1.852679300000000140e+01 9.560923948865773525e+01 1.755876733865365935e+01
1.094043350000000032e+02 2.911429400000000101e+01 1.035365505731516862e+02 1.218840333061317693e+01
1.094431699999999950e+02 2.603854600000000019e+01 1.002526687088553388e+02 1.933264969231826313e+01
1.006795400000000029e+02 2.482919000000000054e+01 1.161006030390210810e+02 3.385486063810746060e+01
1.043716100000000040e+02 3.488888500000000192e+01 9.995130177549305017e+01 2.223945403508830765e+01
1.086584299999999956e+02 1.116496899999999926e+01 1.232633016971311690e+02 2.242776657295246068e+01
1.232039299999999997e+02 2.544616699999999909e+01 1.146218794523841211e+02 5.022628517087325051e+00
1.270486300000000028e+02 1.419520600000000066e+01 1.271269414483997053e+02 4.568759497600588526e-01
1.149996699999999947e+02 3.686024000000000189e+00 1.162399620821124273e+02 6.653340911090674048e+00
9.774904999999999688e+01 2.897119999999999962e+01 1.327178402551126624e+02 8.805229327724518384e+00
1.259025960000000026e+02 8.412031000000000702e+00 9.362565350687602006e+01 1.356229346341211794e+01
1.360886000000000138e+02 1.322069300000000069e+01 1.341052104002376666e+02 1.495420473437129338e+01
1.207227500000000049e+02 6.894565000000000055e+00 1.272765351345564397e+02 2.658822658636243830e+01
1.323805800000000090e+02 7.298879999999999590e+00 1.337563383599691065e+02 6.181665422249399633e+00
1.001926700000000068e+02 2.105336399999999841e+01 1.097358028180124592e+02 1.646745060910055614e+01
1.118654300000000035e+02 1.975687399999999982e+01 1.233656099719277108e+02 1.440278793188690898e+01
1.275943299999999994e+02 9.779089000000000809e+00 1.328328204633154144e+02 2.366884499150582855e+01
1.124240099999999956e+02 2.294134899999999888e+01 1.252491334156877798e+02 2.090079437393724859e+01
1.002545850000000058e+02 2.077258499999999941e+01 1.119627632554349361e+02 2.060664294119275652e+01
1.024698099999999954e+02 2.152501900000000035e+01 9.544958382901840821e+01 6.173265673959579480e+00
1.132035199999999975e+02 2.151783400000000057e+01 9.733150796305405095e+01 2.730583079242822109e+01
1.210324499999999972e+02 1.877111599999999925e+01 1.199321879250478560e+02 1.388367575878694993e+01
1.083680499999999967e+02 2.084225800000000106e+01 1.045365689815738790e+02 1.527537356154229009e+01
9.290546999999999400e+01 2.146123700000000056e+01 9.208455200484333147e+01 2.874795503256631335e+01
1.235079999999999956e+02 6.106423000000000378e+00 1.362326867420215137e+02 2.176301378939142950e+01
1.227775699999999972e+02 3.331928000000000001e+00 1.263557850875406245e+02 1.928199408871576281e+01
1.044513100000000065e+02 2.886278000000000077e+01 1.280940944485759587e+02 1.309788005836387903e+01
1.285267200000000116e+02 1.431049299999999924e+01 1.187122138594386769e+02 1.100899659877023318e+01
1.245766100000000023e+02 8.309366000000000696e+00 1.230640980005854601e+02 1.720953777975349652e+01
9.787903599999999926e+01 2.704211799999999855e+01 1.204863216093221752e+02 1.764677934175476537e+01
1.146770099999999957e+02 2.561444699999999841e+01 1.164810083932735409e+02 3.246887732582643338e+01
1.013219799999999964e+02 1.577685499999999941e+01 9.883621559055575290e+01 1.446831465424471830e+01
1.205683899999999937e+02 1.373879100000000086e+01 1.362235799371823646e+02 1.676014280939071810e+01
1.125811400000000049e+02 1.467424100000000031e+01 1.242170770682810428e+02 8.632595242486601705e+00
1.042143250000000023e+02 3.424630400000000208e+01 1.168965047440253358e+02 1.577603858673098536e+01
1.260758100000000042e+02 1.314145199999999925e+01 1.211870625700846063e+02 1.679694751721227775e+01
1.252135240000000067e+02 1.563707699999999967e+01 1.181514615302253191e+02 1.032007408505674384e+01
9.425745999999999469e+01 2.258308800000000005e+01 1.212610762787826530e+02 3.202441457559584137e+01
1.083074799999999982e+02 1.009775699999999965e+01 9.557778649198415621e+01 1.305406280701262922e+01
1.180082500000000039e+02 7.897013000000000282e+00 1.183626256569149007e+02 1.138757884199434045e+01
1.324789299999999912e+02 1.566821200000000047e+01 1.093945698916568574e+02 3.219419477121472539e+01
1.325828700000000140e+02 1.295411700000000010e+01 1.125310597321294779e+02 7.780901736946942648e+00
1.219563600000000037e+02 4.037063999999999986e+00 1.032257195929698099e+02 5.202070145613789443e+00
1.305737499999999898e+02 2.831986999999999810e+00 1.065140858850883632e+02 1.662921469483270087e+01
1.090013050000000021e+02 2.906080000000000041e+01 1.119878095856487334e+02 2.601758557913346337e+01
1.274859500000000025e+02 2.643822899999999976e+01 1.012623462088194088e+02 1.661392134305504920e+00
1.318092800000000011e+02 3.159798400000000029e+01 1.273507347344077942e+02 2.129308434360230251e+01
1.009996199999999931e+02 1.849940000000000140e+01 1.232855675569519747e+02 2.968236505897037247e+01
1.012475900000000024e+02 3.300020200000000159e+01 1.139155983751316938e+02 3.785793076042892613e-01
9.826783000000000357e+01 3.081710999999999956e+01 1.220330085271466203e+02 1.353103520157834083e+01
1.073785500000000042e+02 3.300144999999999840e+01 1.120760611660477082e+02 1.410492284993283896e+01
1.180764159999999947e+02 1.789309899999999942e+01 1.265646364758580518e+02 1.452320068497273908e+01
1.048792499999999990e+02 1.661124399999999923e+01 1.358200603252746816e+02 1.422532912100469815e+01
1.255558699999999988e+02 4.544313999999999965e+00 1.223871953274838802e+02 1.720721098516154512e+01
1.202658899999999988e+02 5.060309000000000168e+00 1.049209303283649035e+02 2.113405043018588358e+01
1.209966349999999977e+02 5.420730000000000270e-01 1.161064764977845556e+02 1.641943619245827080e+01
1.217125499999999931e+02 1.215416100000000021e+01 1.251724017043200519e+02 1.370098851601757062e+01
1.132667699999999940e+02 2.412417599999999851e+01 1.376403873678990806e+02 6.150525751541785491e-01
1.367237700000000018e+02 5.390139999999999931e-01 1.198200918399989092e+02 1.652322139638564025e+01
1.006953599999999938e+02 1.924044200000000160e+01 1.300640220694539551e+02 2.470875381779857882e+00
1.034398300000000006e+02 1.943669999999999831e+01 1.042981198730398660e+02 1.855764013240241184e+01
1.193332599999999957e+02 1.780920400000000114e+01 1.061320924867233941e+02 1.387055062145171602e+00
9.713448999999999955e+01 2.390841500000000153e+01 9.818318068231570805e+01 2.091120236930530751e+01
1.295547799999999938e+02 1.619976000000000127e+01 1.352634901372209697e+02 2.756387103011140027e+01
1.324488800000000026e+02 9.132956999999999326e+00 1.005727132809202686e+02 2.774340690184326164e+01
1.057339300000000009e+02 2.254277000000000086e+01 1.302448502084835411e+02 1.376004112279657399e+01
1.093003099999999961e+02 1.012630000000000058e-01 1.261091045730899936e+02 1.639999634497968017e+01
1.344037299999999959e+02 3.264661399999999958e+01 1.252079437203794612e+02 1.291675618708942075e+01
1.355431199999999876e+02 2.001708199999999849e+01 1.102623977841616068e+02 4.564478934081306338e-01
1.193644560000000041e+02 2.596516599999999997e+01 9.836882888110243073e+01 6.984641191669492599e+00
1.091882499999999965e+02 1.309954999999999981e+00 1.068106437548502612e+02 3.218330346267185860e+01
9.844208500000000583e+01 2.976761600000000030e+01 1.109235226038907598e+02 2.282195076803034794e+01
9.914275999999999556e+01 6.968159999999999910e-01 1.293486097938649948e+02 1.106152947917583518e+01
1.358383000000000038e+02 1.360819200000000073e+01 1.335733921076126478e+02 1.850920398409646950e+01
1.043034439999999989e+02 2.531816900000000103e+01 1.028919793781006433e+02 2.652142294630053243e+00
1.001120700000000028e+02 3.238637500000000102e+01 1.091073534592153180e+02 1.995764475119673165e+01
1.130060650000000066e+02 2.550459999999999994e+01 9.768875031503910122e+01 3.383035732369243220e+01
1.125651100000000042e+02 1.389909199999999956e+01 1.307531413241950986e+02 2.685611190415642113e+01
1.295191499999999962e+02 3.220691300000000012e+01 9.667147574325252890e+01 2.141296650567053206e+01
1.117577739999999977e+02 2.046753999999999962e+01 1.291139680230724593e+02 2.805094394016037640e+01
9.286606600000000356e+01 6.433735999999999677e+00 1.343446928131916991e+02 3.272827518179332884e+01
1.170396599999999978e+02 3.272567399999999793e+01 1.064357556195562324e+02 2.166683054360383309e+01
1.293009299999999939e+02 1.654629999999999990e-01 9.495415151787130981e+01 2.127792829889557069e+01
9.822338000000000591e+01 1.748736399999999946e+01 1.373392484846301898e+02 1.757527108102780389e+01
1.262143800000000056e+02 1.201316999999999968e+00 1.028286678880245404e+02 3.103075169854260196e+01
1.130484199999999930e+02 2.044042800000000071e+01 1.095981630512341809e+02 3.443488822991765730e+00
1.252556299999999965e+02 7.355453999999999937e+00 1.024175468891494347e+02 2.609262732610476121e+01
1.117798300000000040e+02 2.242299999999999827e+01 1.373998875081110782e+02 7.531301390699796983e+00
1.272252660000000049e+02 1.188927600000000062e+01 9.782591778913182168e+01 1.053086247487678406e+01
1.309324000000000012e+02 9.878012000000000015e+00 1.072664949583975869e+02 3.193497777970285867e+01
1.051930799999999948e+02 2.965351100000000173e+01 1.357178322768004932e+02 2.780319967204425780e+01
9.357684000000000424e+01 1.529489399999999932e+01 1.166599143595603607e+02 1.387145248619001681e+00
1.107922400000000067e+02 2.889390600000000120e+01 1.184382301475101542e+02 2.925267824082490264e+01
1.128938299999999941e+02 1.716561099999999840e+01 1.035306198407006519e+02 6.293165793786497986e+00
1.110726800000000054e+02 1.657695800000000119e+01 1.215757414341212552e+02 1.341264840768756983e+01
1.246245700000000056e+02 1.591313000000000066e+01 1.355248992011265159e+02 1.759086885593593408e+01
1.252033899999999988e+02 9.675684000000000395e+00 1.347855442691369205e+02 1.766645108608175363e+01
1.205477139999999991e+02 7.351634999999999920e+00 1.294668296244927888e+02 4.931473387214183823e+00
1.317522700000000100e+02 7.439243000000000272e+00 1.097866514879616062e+02 2.909451678482238535e+01
1.290636000000000081e+02 2.394454999999999956e+01 1.213311544655025642e+02 2.860999188285133599e+01
1.042875439999999969e+02 1.675788000000000011e+01 9.260374674957884622e+01 1.638498004598433155e+01
1.265415600000000040e+02 2.948997500000000116e+01 9.919611721651475023e+01 2.829571462390226344e+01
1.190333899999999971e+02 1.967544600000000088e+01 1.296024107825908800e+02 1.194235472073803273e+01
9.569082000000000221e+01 2.712815700000000163e+01 9.988512769661184620e+01 3.707230505577680635e+00
1.064903999999999940e+02 1.390643999999999991e+00 9.478040638847586763e+01 9.694125808373222242e+00
9.823951999999999884e+01 1.669737599999999844e+01 9.362795593280880269e+01 8.857126292125515832e+00
1.235410839999999979e+02 6.541074000000000055e+00 1.123717084611915169e+02 3.456925011225325761e+01
1.375393200000000036e+02 1.340690000000000026e+01 9.979668544512936990e+01 3.382036540560412874e+01
1.115106700000000046e+02 2.996729999999999894e+00 9.764095519741539420e+01 1.372307557743077844e+01
1.148044000000000011e+02 2.044948799999999878e+01 9.709252567704700709e+01 5.179969481231615269e+00
1.355843000000000131e+02 4.260162000000000226e+00 1.283285405159639083e+02 9.415741240552871760e-01
1.142723500000000030e+02 1.447158600000000028e+01 1.137449145865668498e+02 2.152085996708142090e+01
1.331729400000000112e+02 1.186766300000000030e+01 9.562013511226844287e+01 3.062084933781910578e+01
9.897129999999999939e+01 1.955711399999999855e+01 1.080340204179001944e+02 3.165241402765877865e+01
1.216335140000000052e+02 1.368565999999999949e+00 1.105581447162885240e+02 9.847837779019004145e+00
1.004711900000000071e+02 2.451955200000000090e+01 1.240067077497333372e+02 9.870724966725529015e+00
1.299299300000000130e+02 1.610754400000000075e+01 1.048985937542629898e+02 5.153814128374875736e+00
1.286331199999999910e+02 8.588366999999999862e+00 1.114846456748065577e+02 2.408003686548869737e+01
1.061427599999999956e+02 1.381433000000000000e+01 1.292335519840575841e+02 2.608540513136892613e+01
1.212039639999999991e+02 1.003314899999999987e+01 1.179006727883922565e+02 7.114459992290600443e-02
1.340732099999999889e+02 2.924155999999999977e+00 1.295297299316603699e+02 1.707586562107709938e+01
1.167539400000000001e+02 1.200967200000000012e+01 1.260972928597902296e+02 3.101808926671984423e+01
1.171335449999999980e+02 1.414851099999999917e+01 9.294385123221215395e+01 1.515921226669184918e+01
1.082233399999999932e+02 1.948895999999999873e+01 1.043771518326349081e+02 2.552361964014291473e+01
1.228449549999999988e+02 1.540113500000000002e+01 1.209568755701684495e+02 2.570132448299481354e+01
1.226914500000000032e+02 9.774010000000000531e+00 9.298412052783388049e+01 2.710196723803345265e+01
1.274986999999999995e+02 1.990880800000000050e+01 1.241032492400088927e+02 8.479353929065229778e+00
1.261208799999999997e+02 4.358299999999999674e-02 1.067136168787588701e+02 1.458742601819689355e+01
9.448524500000000614e+01 1.358393900000000087e+01 1.290763681061768011e+02 1.045153314517421350e+01
1.171505300000000034e+02 2.386019699999999943e+01 1.247038965727482633e+02 3.439937156445628119e+01
1.066784899999999965e+02 8.027340000000000586e+00 1.373566080690645776e+02 8.647227278365754444e-01
1.065664600000000064e+02 3.067689499999999825e+01 9.541266290254107219e+01 5.986382839276250145e+00
9.893878999999999735e+01 2.680315399999999926e+01 1.145144965383531002e+02 3.350385313497414330e+01
1.356580399999999997e+02 1.759958500000000114e+01 9.835536575038845797e+01 1.250515605288510912e+01
1.318686399999999992e+02 7.302616000000000440e+00 1.078306580175076022e+02 3.150746307010973268e+01
1.175999999999999943e+02 1.023433799999999927e+01 1.167849233889816389e+02 1.502247951461873932e+01
1.026967899999999929e+02 2.230161700000000025e+01 1.329299528237787058e+02 1.555052580451817157e+01
1.101622600000000034e+02 1.989431400000000139e+01 1.096530703700643699e+02 2.155174568914797462e+01
1.190509339999999980e+02 3.018608700000000056e+01 1.096284816663435322e+02 3.054333683200114180e+01
1.081945400000000035e+02 1.628570200000000057e+01 1.041854852227102128e+02 5.352610939640094045e+00
9.386674499999999455e+01 5.584399000000000335e+00 1.093287314694543966e+02 5.729416284433955120e+00
1.014491600000000062e+02 2.277094299999999905e+01 1.176406113540003275e+02 2.999851814933196081e+01
1.151012699999999995e+02 2.510251999999999839e+01 9.351574325970069879e+01 1.348940401013430979e+01
1.064135899999999992e+02 2.078034999999999854e+01 1.191142554023793707e+02 2.986877538732055370e+01
9.899518999999999380e+01 3.035501000000000005e+01 1.012939099368942095e+02 2.215327734586631436e+01
1.189220300000000066e+02 1.942037399999999892e+01 1.051249086360827505e+02 3.161829524398341462e+01
1.076037749999999988e+02 2.841178100000000128e+01 1.025993329750106113e+02 1.048522573613931641e+01
1.051010700000000071e+02 8.262510999999999939e+00 9.486351986070917519e+01 3.161399325826121398e+01
1.330418999999999983e+02 5.873175999999999952e+00 9.217720855743674235e+01 2.694057730877506884e+01
1.169213900000000024e+02 2.163608999999999938e+01 1.030191074016823052e+02 4.964685593186128010e+00
1.123585199999999986e+02 2.633208799999999883e+01 1.222222869246909056e+02 3.413460209551143976e+01
1.364280100000000004e+02 4.255118000000000400e+00 9.306725419232338936e+01 1.189521537030855924e+01
9.278024999999999523e+01 2.806382800000000088e+01 1.187130963721704262e+02 3.051477284616596819e+01
1.182392499999999984e+02 2.503325500000000048e+01 1.298761580990127413e+02 2.198262812776781416e+01
1.326187299999999993e+02 2.423593299999999928e+01 1.122380140927319587e+02 6.482440746122099640e+00
1.239082300000000032e+02 3.439435000000000020e+00 9.865670985422184458e+01 8.640283009294243755e+00
1.205464199999999977e+02 1.931105200000000011e+01 1.160626935295955349e+02 2.057669246111159822e+01
1.294410000000000025e+02 2.921653200000000083e+01 1.214445048670146150e+02 2.803236119778439672e+01
9.288236999999999455e+01 2.260556000000000054e+01 9.359212236213645042e+01 1.441665078109127052e+01
1.205941300000000069e+02 1.647275499999999937e+01 1.038036548273225179e+02 1.431990378446352707e+01
1.367545299999999884e+02 1.483705600000000047e+01 1.291214879933148154e+02 5.475028861184885187e+00
1.081589000000000027e+02 1.194670699999999997e+01 1.362128201966459926e+02 1.672643264273775410e+00
1.222516099999999994e+02 1.195663700000000063e+01 1.181936227237201535e+02 1.547184779487898965e+01
1.357005499999999927e+02 1.938025700000000029e+01 1.319216689941719096e+02 1.632521292908475274e+01
9.787714400000000126e+01 3.442560999999999893e+01 1.079257276800313434e+02 1.966086654599881101e+01
1.208825700000000012e+02 1.676954800000000034e+01 1.131463303630005299e+02 3.206202381046117722e+01
1.174917099999999976e+02 2.498683400000000177e+01 1.290693327197856775e+02 1.726426746770584586e+01
1.262777600000000007e+02 1.555640400000000056e+01 1.022764577675292941e+02 2.118573925771191213e+01
1.310145699999999920e+02 1.227133000000000074e+01 9.561141483976358302e+01 2.391322185931823796e+01
1.376202000000000112e+02 4.332929999999999837e-01 1.286311064850402204e+02 7.142458115781109562e+00
1.324309700000000021e+02 7.640058999999999934e+00 1.090883317099106051e+02 3.458019617820264813e+01
1.275717999999999961e+02 1.522483000000000075e+01 1.234806179519551961e+02 3.910787746013096644e+00
1.114913899999999956e+02 3.495139999999999914e-01 1.107091072249758099e+02 2.698649644188705210e+01
1.073891449999999992e+02 2.746964799999999940e+01 1.233159973153087634e+02 7.331249996211097741e-01
9.889706999999999937e+01 1.656511100000000170e+01 1.174735288571648653e+02 1.236460422098209477e+01
1.254233859999999936e+02 2.886179999999999968e+00 9.605824125987396656e+01 2.620541178500526414e+01
1.350492700000000070e+02 1.381308300000000067e+01 1.070765786019289862e+02 1.480790825611844852e+01
1.205864299999999929e+02 8.516370000000000218e+00 1.257595171485558012e+02 4.631405054348478600e+00
1.110467699999999951e+02 3.238026399999999683e+01 1.063327018525031065e+02 1.490053135888087255e+01
1.059683150000000040e+02 5.807024000000000186e+00 1.280097286450258025e+02 7.668962532566408363e+00
1.240174260000000004e+02 8.090493999999999630e+00 1.112444688433815827e+02 1.062779647442642883e+01
1.236726299999999981e+02 5.878521000000000107e+00 1.259032686902128972e+02 1.537675304180431723e+01
1.337603000000000009e+02 1.258384500000000017e+01 1.081790621678431563e+02 1.324426089043481092e+01
1.268122939999999943e+02 2.672148999999999930e+01 9.732862235724134337e+01 2.364911651856921537e+01
1.039138399999999933e+02 1.255168100000000031e+01 1.175850831761998450e+02 1.223510440222366391e+01
1.316337000000000046e+02 1.536777499999999996e+01 9.316888206037971543e+01 3.077610985962700596e+01
1.298913300000000106e+02 2.633386999999999922e+00 1.164420720044086579e+02 2.965572394056618322e+01
1.038073299999999932e+02 4.714067000000000007e+00 1.138095907193394964e+02 7.577751030792717613e-01
1.216318360000000069e+02 6.971199999999999619e+00 1.374887013091255312e+02 2.039515545129610885e+01
1.330287299999999959e+02 2.371058999999999806e+00 9.759400119074207680e+01 1.730993984826954346e+01
1.311417199999999923e+02 4.451149000000000022e+00 9.353595355027881908e+01 6.079498179299949179e+00
1.068015400000000028e+02 2.137270499999999984e+01 1.351718253773663321e+02 2.515623393878505976e+00
1.078147349999999989e+02 2.483155299999999954e+01 1.263198623597318715e+02 1.548208684815122282e+01
1.039534699999999958e+02 1.194015500000000074e+01 1.347170973250711086e+02 1.527594098232795972e+01
1.274336799999999954e+02 5.681447999999999610e+00 1.250324365219229037e+02 2.972955441671162546e+01
1.105670700000000011e+02 1.976796200000000070e+01 9.326971788287310972e+01 7.072788123355312706e+00
1.096538500000000056e+02 3.307865999999999929e+01 1.310362377241132776e+02 1.722151639496362563e+01
9.567327000000000226e+01 3.478048299999999671e+01 1.117900739723693277e+02 2.308162798935455839e+01
1.006573939999999965e+02 2.060479399999999828e+01 1.367212931575747348e+02 2.091388410812972154e+01
1.130770949999999999e+02 4.124679000000000428e+00 9.649879998936715708e+01 2.094468300215164547e+01
1.357156699999999887e+02 3.125895300000000177e+01 1.047732609166785807e+02 2.469552404529130385e+01
1.031240300000000047e+02 2.424801599999999979e+01 1.283450104245810337e+02 1.099369341544242396e+01
1.124872799999999984e+02 1.702377299999999849e+01 1.291324451841446148e+02 3.476441443040194912e+01
1.116475999999999971e+02 2.947777999999999921e+01 1.145561040824746044e+02 2.153398453923337996e+01
1.082205100000000044e+02 3.116235000000000088e+00 1.209764657428352308e+02 1.694145780852583272e+01
1.111774900000000059e+02 5.641610000000000236e-01 9.322393005768418561e+01 2.908379797100581854e+01
1.283577600000000132e+02 3.503263000000000016e+00 1.245613141427999722e+02 3.476384909633726927e+00
1.343044899999999870e+02 1.360846100000000014e+01 1.353343696551900166e+02 5.228144227542703248e+00
1.139247359999999958e+02 2.117171300000000045e+01 1.286337005420762694e+02 3.100555979821195507e+01
1.004969799999999935e+02 2.176606200000000158e+01 1.020990709564554209e+02 1.133819236032297972e+01
1.211944400000000002e+02 7.120269999999999655e+00 1.007273676714090982e+02 9.979093896972820232e+00
1.220304600000000050e+02 5.662862999999999758e+00 9.212128980756790497e+01 1.911626091236391645e+01
1.087744299999999953e+02 9.552899999999999725e-01 1.168702272937401574e+02 1.860689310558417731e+01
1.074296650000000000e+02 4.943573999999999913e+00 1.034988002574433494e+02 1.215556078276487817e+01
1.301707000000000107e+02 5.522420000000000107e-01 1.172834079735933841e+02 2.795727204728111559e+01
1.050091199999999958e+02 1.068350299999999997e+01 9.468379631867249202e+01 2.068303693512501340e+01
1.124594649999999945e+02 2.773611800000000116e+01 9.801461691950962063e+01 2.277678200108334661e+00
1.109616900000000044e+02 1.647451399999999921e+01 1.223600824287024267e+02 1.868263062394887708e+00
1.241904750000000064e+02 6.973640999999999757e+00 1.215561588953162158e+02 3.397378501259812111e+01
1.174769100000000037e+02 1.248690799999999967e+01 1.130883738159686231e+02 3.426975920234986006e+01
1.095199900000000071e+02 2.535725599999999957e+01 9.467179283862226669e+01 7.665282778585146062e+00
1.206926299999999941e+02 6.446999999999999953e-02 1.213962860857740509e+02 4.992997564222957152e+00
9.998476999999999748e+01 5.003547000000000189e+00 1.253386690990853793e+02 1.652391570289584877e+01
1.372602699999999913e+02 1.470439299999999960e+01 1.146527701487105446e+02 2.609537936950336956e+01
1.215111540000000048e+02 9.026956999999999454e+00 1.181495273265578021e+02 1.053563095660637217e+01
9.678072000000000230e+01 1.856154000000000082e+01 1.215555876755294378e+02 1.595512175266550514e+01
1.006129099999999994e+02 2.531807900000000089e+01 1.331452552736827215e+02 9.410129092950292318e-01
1.330209700000000055e+02 1.146183699999999916e+01 1.322165222529346806e+02 1.159029617924411948e-01
1.116364200000000011e+02 1.941812900000000042e+01 1.177969935248693787e+02 2.512150792737349647e+01
1.164115599999999944e+02 1.850963399999999837e+01 1.158001149527206479e+02 2.452572449396305032e+01
1.121307599999999951e+02 2.552255800000000008e+01 1.171293468864546412e+02 6.904547183052647696e+00
1.267436749999999961e+02 9.896597999999999118e+00 9.815249755264157727e+01 3.184260509408092243e+00
1.033886799999999937e+02 2.024487500000000040e+01 1.116926975634503663e+02 1.612234750843628461e+01
1.099994599999999991e+02 2.428812000000000193e+00 1.157948766830826628e+02 2.610561212526055641e+01
1.040398940000000039e+02 3.205678000000000338e+01 1.337735135394623569e+02 1.385901989048473659e+01
1.119646900000000045e+02 1.463188599999999973e+01 1.312337649664934816e+02 2.554975903977260288e+01
1.118822600000000023e+02 1.745740999999999943e+01 9.866858443465395112e+01 3.149567235739147009e+01
1.232360460000000018e+02 2.468323699999999832e+01 1.194789352341357613e+02 2.369939474971081950e+01
1.069558300000000060e+02 3.322021000000000157e+01 1.375041539071642944e+02 2.620104339345229150e+01
1.023049299999999988e+02 2.800608000000000075e+01 1.370779936889869930e+02 1.632027949614446527e+01
1.059587700000000012e+02 8.478775999999999868e+00 9.490815610504276378e+01 3.076182049843162147e+01
1.313619099999999946e+02 1.221780500000000025e+01 1.340467840632684329e+02 3.246285275393537262e+01
1.353658100000000104e+02 1.056605300000000014e+01 1.159324501267879128e+02 2.907513146816603822e+01
1.314637800000000141e+02 1.366797000000000040e+01 1.252136538189921282e+02 3.013291552671929452e+01
1.218254000000000019e+02 4.371687999999999796e+00 1.146425858366385597e+02 2.734205665216731163e+01
9.940874999999999773e+01 1.305378200000000000e+01 1.346786905127274565e+02 1.320107668146639135e+01
9.974071999999999605e+01 1.632757600000000053e+01 1.168556761448776484e+02 8.259362119777680089e-01
1.119810260000000000e+02 2.986763200000000040e+01 1.190898991024206737e+02 6.668729634245801563e+00
1.142837099999999992e+02 1.745475199999999916e+01 1.248161203891872049e+02 7.274742311967193231e+00
1.226265700000000010e+02 6.337415000000000020e+00 1.283018797119727310e+02 8.930831452758047906e-01
1.162961800000000068e+02 2.799809799999999882e+01 1.173604681178128146e+02 4.127976603984561343e+00
1.095793699999999973e+02 1.745886000000000049e+00 1.167483864101969004e+02 2.068196917364700482e+01
1.218052749999999946e+02 2.584820000000000118e+00 1.171676270421085775e+02 2.566546341265936704e+01
1.221508800000000008e+02 1.807763900000000135e+01 1.367575286882453440e+02 1.043006752317132957e+01
1.368379400000000032e+02 1.267808499999999938e+01 1.331535375054515953e+02 2.813431947040970726e+01
1.303266000000000133e+02 5.151488999999999763e+00 1.301620070179998834e+02 1.898791188716478473e+01
1.298188600000000008e+02 9.076064999999999827e+00 1.198640029863400542e+02 3.049749055438066847e+01
1.176956899999999990e+02 6.060266000000000375e+00 1.175270095237187604e+02 2.024125376544946775e+01
1.277506199999999978e+02 9.857113000000000014e+00 1.031148777413916093e+02 3.119410055982256580e+01
1.215047200000000061e+02 7.737731000000000137e+00 1.030511911168631940e+02 1.756260722702644372e+01
1.166539499999999947e+02 2.553005200000000130e+01 1.116249825611578217e+02 8.904509663951282405e+00
9.593086999999999875e+01 1.661455199999999977e+01 1.375571461523085759e+02 3.074627991004351912e+01
1.221697539999999975e+02 5.261603000000000030e+00 1.153192933759265628e+02 7.231345235500784341e+00
1.039746800000000064e+02 2.082602500000000134e+01 1.313529176229210123e+02 2.968675961152418807e+01
1.195968249999999955e+02 1.992211299999999952e+01 1.333673398060794284e+02 1.120001324646815011e+00
1.104587499999999949e+02 2.348718999999999824e+01 1.212419320371161007e+02 2.125364378554206368e+01
1.051076350000000019e+02 1.200686299999999918e+01 9.321598920522554010e+01 2.360888121997821898e+01
9.703319000000000472e+01 2.983398400000000095e+01 1.215651702401203238e+02 1.179271066747933361e+01
1.118129299999999944e+02 5.256357999999999642e+00 1.226509759338276240e+02 1.744654124654345040e+01
1.178697700000000026e+02 2.086379200000000012e+01 9.753507217567329235e+01 1.287199933004485786e+01
9.605414600000000291e+01 3.418947000000000003e+01 1.200306938697119961e+02 2.125499961731060239e+01
1.368218999999999994e+02 9.378269999999999662e-01 1.189501896434130828e+02 3.011232392471243813e+01
1.085890660000000025e+02 5.622329999999999828e-01 1.064580436900441498e+02 3.474911933531402752e+01
1.049337600000000066e+02 3.191469599999999929e+01 1.234590026176671387e+02 2.462278591033285480e+01
1.093180899999999980e+02 1.304350999999999949e+01 1.094403240943002800e+02 3.426801893779712227e+00
1.134364199999999983e+02 3.037878600000000162e+01 1.301691669274007097e+02 2.681018059648983609e+01
9.715987400000000207e+01 1.592667499999999947e+01 1.020406586060722844e+02 3.264212868432045411e+01
