1.034372900000000044e+02 1.659929699999999997e+01 1.256642678209080373e+02 3.243463557516595319e+00
1.020943999999999932e+02 1.659711000000000070e+01 1.041443005321446691e+02 3.445564835156068284e+01
9.808326999999999884e+01 2.820190200000000047e+01 9.647552995492875993e+01 1.173204239285822226e+01
1.090832599999999957e+02 1.999703000000000008e+00 1.145098185850681745e+02 2.811010104209218596e+00
1.101911099999999948e+02 1.101826999999999934e+01 1.049161112035032772e+02 2.603148373918066838e+01
1.114416300000000035e+02 1.862790100000000137e+01 1.029711121539207710e+02 2.977239116136115982e+01
1.190581049999999976e+02 2.063319200000000109e+01 1.372686053991715767e+02 1.877857461015776153e+01
1.176774800000000027e+02 2.114383099999999871e+01 9.562943185415385017e+01 2.523943898093907023e+01
1.232273500000000013e+02 4.342469000000000356e+00 9.555517064835026986e+01 1.376093399546160789e+01
9.423632999999999527e+01 1.031035299999999921e+01 1.255849468729286684e+02 2.667337387823175732e+01
1.189205999999999932e+02 1.653125000000000000e+01 1.305753790469242119e+02 2.968924112681503757e+01
1.290645299999999907e+02 1.239838499999999932e+01 1.042733083051258234e+02 2.476586188121548915e+01
1.302130600000000129e+02 1.211599499999999985e+01 9.940533326960284910e+01 1.851356140525446392e+01
1.284304700000000139e+02 1.899298699999999940e+01 9.880912098176516167e+01 9.373814674184366424e+00
9.395832000000000050e+01 5.743917999999999857e+00 1.240711328197562864e+02 1.926428656380246451e+01
1.065502599999999944e+02 6.022739999999999760e+00 9.875589217979973000e+01 3.070123637332921618e+01
1.360862600000000100e+02 1.322449800000000053e+01 1.249844789266814189e+02 2.012427313202215018e+01
1.087185099999999949e+02 1.082315200000000033e+01 1.099230834466493576e+02 2.763037222694701533e+00
1.231785699999999935e+02 1.163075599999999987e+01 1.046297939776017785e+02 2.069860817288320831e+01
1.324894099999999924e+02 1.522223000000000104e+00 1.308226659868621766e+02 4.262030798547166377e+00
1.206234199999999959e+02 2.294290000000000163e+00 9.690056016787774240e+01 3.760547577747645587e+00
1.125423660000000012e+02 2.072739999999999938e+01 1.046904833584197547e+02 2.794786372373665984e+01
1.026750949999999989e+02 3.487172699999999992e+01 1.256933451001447111e+02 2.041985932552722538e+00
1.083680499999999967e+02 2.084225800000000106e+01 1.066024357186969951e+02 2.061285617576043450e+01
1.055329299999999932e+02 8.244474999999999554e+00 9.790061841293896805e+01 2.823440065767856311e+01
1.255556260000000037e+02 1.372629099999999980e+01 1.195018037698365561e+02 3.270555663110604883e+01
1.033886799999999937e+02 2.024487500000000040e+01 9.887848225591247342e+01 3.097257976883798136e+01
1.006227399999999932e+02 1.954385600000000167e+01 1.154084170284097013e+02 1.338257480071608185e+01
1.241735800000000012e+02 1.073339700000000008e+01 1.282349511953969454e+02 2.390738798926675202e+01
1.370396700000000010e+02 1.252472000000000030e+00 1.257912561770461650e+02 2.060139789662301624e+01
1.358888900000000035e+02 4.520160999999999873e+00 9.219692314121448362e+01 7.019573534113995095e+00
9.492020999999999731e+01 2.098355700000000112e+01 9.440685469501264038e+01 1.193557961506938048e+00
1.073470499999999959e+02 1.714681799999999967e+01 1.186248073772572980e+02 2.734041170990616720e+01
1.030200499999999977e+02 2.779550400000000110e+01 9.321542487763279894e+01 3.209097344143981179e+00
1.060613900000000029e+02 3.150582100000000096e+01 1.213301811617401995e+02 9.699516915439124531e+00
1.233091349999999977e+02 7.443515999999999799e+00 1.324539526067903239e+02 7.939671372827954876e+00
1.124703750000000042e+02 1.702895499999999984e+01 9.641175064186758448e+01 1.162541348013480302e+01
9.723202000000000567e+01 2.960429800000000000e+01 1.023759000776499590e+02 2.595817854641809319e+01
1.044894199999999955e+02 3.404343999999999681e+01 1.006446548506708183e+02 3.625321951719751468e+00
1.201075060000000008e+02 6.985503999999999714e+00 1.046627011740882693e+02 2.514462242302820982e+01
1.069558300000000060e+02 3.322021000000000157e+01 1.167587915834648555e+02 6.097086564787396412e+00
1.172729949999999945e+02 2.140795900000000174e+01 1.297513072574621731e+02 2.992876091666602534e+01
1.035987200000000001e+02 1.906737000000000037e+01 1.195003655253565569e+02 2.066366173304146869e+01
1.219990200000000016e+02 5.213186999999999571e+00 9.644927984259287257e+01 2.578865723178447311e+01
1.298188600000000008e+02 9.076064999999999827e+00 9.436827281184238814e+01 2.480380491138140542e+01
1.072773499999999984e+02 2.767564799999999892e+01 1.309360747057081369e+02 1.949756058510829959e+01
1.216335140000000052e+02 1.368565999999999949e+00 1.077859329941618967e+02 1.461610310818631220e+01
1.240659799999999962e+02 7.754509999999999792e+00 1.098267140464317606e+02 1.806166570076802813e+01
1.105762799999999970e+02 1.713849599999999995e+01 1.261627271218346209e+02 2.123567509985011625e+01
1.222486099999999993e+02 1.220074699999999979e+01 1.073873836349678186e+02 9.635968674074423035e+00
1.189220300000000066e+02 1.942037399999999892e+01 1.195648337296618990e+02 2.930415701501641124e+01
1.164053499999999985e+02 1.685597999999999885e+01 1.077533479741003788e+02 1.862728758271240892e+01
1.265958100000000002e+02 2.633954999999999913e+01 1.323970600294642566e+02 2.471404908811005185e+01
1.229570539999999994e+02 1.920611999999999986e+00 1.116928721275983776e+02 7.095125542006671893e+00
1.269610100000000017e+02 1.226305200000000006e+01 1.267375942581137167e+02 2.792784868623563099e+01
9.339405999999999608e+01 1.624022300000000030e+01 1.190277024947378237e+02 1.395124884746787508e+01
1.084516140000000064e+02 7.152399999999999869e-01 1.091264994056687243e+02 1.835390654958742473e+01
1.199054399999999987e+02 1.518948900000000002e+01 9.794527069823767818e+01 1.281559566690299512e+01
1.092710799999999978e+02 1.336278599999999983e+01 1.018537614260223592e+02 2.821706239370597658e+01
1.008948800000000006e+02 1.652329800000000048e+01 1.116057151384085699e+02 1.194867051383305956e+01
1.084680560000000042e+02 1.681018399999999957e+01 1.145382987597835438e+02 5.234956294531579957e+00
1.147472199999999987e+02 3.243150700000000342e+01 1.373997625096528736e+02 4.238180627790322230e-01
1.030357699999999994e+02 2.493956400000000073e+01 1.063591748540652020e+02 1.687981026054402989e+01
1.327581000000000131e+02 3.298633999999999844e+00 1.088885161068870957e+02 4.929442617382207459e+00
1.352699100000000101e+02 1.797872999999999877e+01 1.248445404142849497e+02 2.589243663169542131e+00
9.713448999999999955e+01 2.390841500000000153e+01 1.299359820007017561e+02 1.019913936667207643e+01
9.605414600000000291e+01 3.418947000000000003e+01 9.384535093281502327e+01 1.901894538460954109e+01
1.377720300000000009e+02 1.174125100000000010e+01 1.025064355480024858e+02 4.886567051950957641e+00
1.117162550000000039e+02 2.099041700000000077e+01 1.166861009715284325e+02 3.351359914529282236e+01
1.065728000000000009e+02 5.804099999999999815e-01 1.275436753469649034e+02 1.228512183607769792e+01
1.356722699999999975e+02 1.789586800000000011e+01 1.021360615584811882e+02 1.191813965338213599e+00
1.212168499999999938e+02 5.970590000000000064e-01 1.213220245381098721e+02 1.904927682247402032e+01
1.230443949999999944e+02 4.896641999999999939e+00 1.031464152754671915e+02 6.740667708550135417e-01
1.032809749999999980e+02 1.728598600000000118e+01 1.324443989756929909e+02 2.347696033704971086e+01
1.212147099999999966e+02 1.824274799999999885e+01 1.040323582355469938e+02 1.861795177125445022e+01
1.279676800000000014e+02 9.560188000000000130e+00 1.178050372149804588e+02 1.070912211818975202e+01
1.028493699999999933e+02 2.885465800000000058e+01 1.103757933250871019e+02 4.826864469271712643e+00
1.216711800000000068e+02 9.723228000000000648e+00 1.048671053701111617e+02 2.715351885218017358e+01
1.211047800000000052e+02 2.653878999999999877e+01 1.319998440573274934e+02 1.269176982125638631e+01
9.397973000000000354e+01 1.450080900000000028e+01 1.150863015475259914e+02 1.394774576286354950e+01
1.074125099999999975e+02 6.090900000000000425e+00 1.118699674718673407e+02 3.284956699509120881e+01
1.376394999999999982e+02 1.949024400000000057e+01 1.217127825026232983e+02 1.821967581065326769e+01
1.040978850000000051e+02 1.695514100000000113e+01 9.777050911912519382e+01 1.300024404223136720e+01
1.181643140000000045e+02 2.271122000000000085e+01 1.030984075182467450e+02 1.023460637517558425e+01
1.337603000000000009e+02 1.258384500000000017e+01 1.169506498960125356e+02 1.334691578322688343e+01
1.242183150000000040e+02 2.629088000000000136e+01 1.085053792544660354e+02 1.756705039235082921e+01
1.050813700000000068e+02 4.424735000000000085e+00 9.295253472550342622e+01 2.868018734996564589e+01
9.793104999999999905e+01 2.979559499999999872e+01 1.188846314815682206e+02 3.345799903606436754e+00
1.369361299999999915e+02 1.332057299999999955e+01 1.345667849394197901e+02 2.138149241156612135e+01
1.268019900000000035e+02 6.239142000000000188e+00 1.155862864608128291e+02 6.293863148103257643e+00
1.206926299999999941e+02 6.446999999999999953e-02 1.147738384141106991e+02 1.811219513889546562e+01
1.224107740000000035e+02 7.443858999999999781e+00 1.078084009228797981e+02 1.681991479070567408e+01
1.158468500000000034e+02 2.654724699999999871e+01 1.201823122646430448e+02 3.101754330685595562e+01
1.276148699999999963e+02 1.206080700000000050e+01 1.246559958405773614e+02 8.362320765166105119e+00
1.311990399999999966e+02 2.885759999999999881e+00 1.052418653090367258e+02 2.039973169671209874e+01
1.081589000000000027e+02 1.194670699999999997e+01 1.361633026129105417e+02 2.180156912580729056e+01
1.235973099999999931e+02 1.219101299999999988e+01 1.105539554064157386e+02 3.288222778770050780e+01
1.344037299999999959e+02 3.264661399999999958e+01 9.369430267769297416e+01 1.035021500441979825e+01
9.410971999999999582e+01 1.075564600000000048e+01 1.311479670996085360e+02 1.240526718552794172e+01
1.320785700000000134e+02 1.136370800000000081e+01 1.310032812288613968e+02 1.627854414813535655e+01
1.129410900000000026e+02 1.928609799999999908e+01 9.260706321927443696e+01 3.115525130984542557e+01
1.128090440000000001e+02 2.218561000000000050e+01 9.640931861364200017e+01 7.981506483545086184e+00
1.213953300000000013e+02 5.272655000000000314e+00 1.122843133919904517e+02 2.864988929450266397e+01
1.230953449999999947e+02 4.679204000000000363e+00 1.031747562763770247e+02 1.152728663067543025e+01
1.260793199999999956e+02 1.507600200000000079e+01 1.278754769625791852e+02 1.987666072482762658e+01
1.130484199999999930e+02 2.044042800000000071e+01 1.185561361229659667e+02 1.339481556473915802e+01
1.367545299999999884e+02 1.483705600000000047e+01 1.164498267438667085e+02 2.696572650881393685e+01
1.262585600000000028e+02 1.632781999999999956e+00 1.134514845161711065e+02 1.807281860383493921e+01
1.276204900000000038e+02 1.005807899999999933e+01 9.594624574568371145e+01 7.782265440927257139e+00
1.135468599999999952e+02 1.324376900000000035e+01 1.078523129729293828e+02 3.752946836036956224e+00
1.085241099999999932e+02 2.678840999999999894e+01 1.159199823599408887e+02 3.144906679584074993e+01
9.999969000000000108e+01 2.509792300000000154e+01 1.148065820966106401e+02 2.727382503055529739e+01
1.076719200000000001e+02 1.886546900000000093e+01 1.211364880353060158e+02 2.565015256790882958e+01
9.884615999999999758e+01 1.700900999999999996e+01 1.304252415581899527e+02 2.120033966646613521e+01
1.079673540000000003e+02 1.237299100000000074e+01 1.188168878189493114e+02 1.183224434406052694e+01
1.264625999999999948e+02 7.166369999999999685e-01 1.355062679710845828e+02 3.877397145191949779e+00
1.130387039999999956e+02 2.450758000000000081e+01 1.062463011587890236e+02 2.780828856515559266e+01
1.230936200000000014e+02 4.996221000000000245e+00 9.402641298643280265e+01 3.209414531069774057e+01
1.080927049999999952e+02 1.663354700000000008e+01 1.007619046066721324e+02 2.475512983596118488e+01
1.248270700000000062e+02 4.432827999999999768e+00 9.603064158950097351e+01 8.401196146005524001e-01
1.234837399999999974e+02 2.555160000000000209e-01 1.281803754127243451e+02 1.713024216024585300e+01
1.188802900000000022e+02 7.100107000000000390e+00 9.513996588708619129e+01 3.425945034652558263e+01
1.363643999999999892e+02 1.274971000000000032e+01 9.873963872468790726e+01 1.506646687445047927e+00
1.358911999999999978e+02 3.048414999999999875e+00 1.027437734419198847e+02 9.784442750597543537e+00
1.290050699999999892e+02 1.324962900000000054e+01 1.358901101280765715e+02 3.592945498125144521e+00
1.090422400000000067e+02 3.257660000000000000e-01 1.250867883865326462e+02 7.385142317947240853e-01
1.109553400000000067e+02 1.066729000000000038e+00 9.593874018377013613e+01 1.170321157442453064e+01
1.078109199999999959e+02 3.159997999999999863e+01 9.941218954901556515e+01 1.274607811157969017e+01
1.037949100000000016e+02 1.724506999999999834e+01 1.143085213398347264e+02 3.754181211923635075e+00
1.274613300000000038e+02 8.821358999999999284e+00 1.024204130759415818e+02 1.250939654181449612e+01
1.180108199999999954e+02 1.392753899999999945e+01 1.023537407313566234e+02 1.570051649955786210e+01
1.252770199999999932e+02 1.020389400000000002e+01 1.217984200995518904e+02 2.790951409766337576e+01
1.051916099999999972e+02 9.920849000000000473e+00 1.001709481760198202e+02 3.099046642301372145e+01
1.367237700000000018e+02 5.390139999999999931e-01 1.332147250143528368e+02 9.234880736300672410e+00
1.258230060000000066e+02 9.050392999999999688e+00 1.200214734530690919e+02 1.237182394901783233e+01
1.098299099999999981e+02 2.569585199999999858e+01 1.144721151600476077e+02 1.616803351950194667e+01
1.156589100000000059e+02 2.078124199999999888e+01 1.361619892155279388e+02 2.496849951286530978e+00
1.105124739999999974e+02 2.767481799999999836e+01 1.152484037281616196e+02 2.806702067512060239e+01
1.017952350000000052e+02 1.828858599999999868e+01 9.340146424152420934e+01 9.729379847524359803e+00
1.352128999999999905e+02 5.011090000000000266e+00 1.349701671802479837e+02 1.945114845161945283e+01
1.066970400000000012e+02 2.854751200000000111e+01 1.178338926609184938e+02 1.084548846031044178e+01
1.235097959999999944e+02 2.681490999999999847e+00 1.377407710248622266e+02 2.420295488382235405e+01
1.064764899999999983e+02 2.161875300000000166e+01 9.967571066871778385e+01 2.316407859606645658e+01
9.877991500000000258e+01 1.703118500000000068e+01 1.358239939294519445e+02 1.047982963887838359e+01
1.214991760000000056e+02 1.366147199999999984e+01 9.738350118374422948e+01 2.540303770194244848e+01
1.325616899999999987e+02 2.183529300000000006e+01 1.014119636893508698e+02 3.964516617491397721e+00
1.202836599999999976e+02 1.236480500000000049e+01 1.051321551891813044e+02 3.297974792143412515e+01
1.213336639999999989e+02 1.455452499999999993e+01 1.034902590975377308e+02 2.214355182381914133e+01
1.291512099999999919e+02 1.286193699999999929e+01 1.233645699428345495e+02 1.161209530272527823e-01
1.068714449999999943e+02 1.286970200000000020e+01 1.111577218647562830e+02 2.459449550443555665e+01
1.245766100000000023e+02 8.309366000000000696e+00 1.254107907834067106e+02 2.052639695199949088e+01
1.007028959999999955e+02 2.068726699999999852e+01 1.105669318119761471e+02 2.183951730813878811e+01
1.245154399999999981e+02 9.428326000000000207e+00 9.251044769224654374e+01 8.600565713510617272e+00
1.218649499999999932e+02 3.051391999999999882e+01 1.085856369953814493e+02 1.598755982913474538e-01
1.308442000000000007e+02 8.125244999999999607e+00 1.362625039756772480e+02 2.929492908735279855e+01
1.009766800000000018e+02 1.603761899999999940e+01 1.064460533958491766e+02 2.458186804695134242e+01
1.158584060000000022e+02 1.987986000000000075e+01 1.057494644582280614e+02 9.411808853511532957e-01
1.349519999999999982e+02 1.169487200000000016e+01 1.104947204564172409e+02 2.451070123467447814e+01
1.355842399999999941e+02 3.165399999999999991e+01 1.052108018072103022e+02 3.482572634555711488e+01
1.198241399999999999e+02 4.847177000000000291e+00 1.019978378828391499e+02 1.621206445429412923e+01
1.167593700000000041e+02 2.162810899999999847e+01 1.053950601892771033e+02 2.152954317781884441e+01
9.996817000000000064e+01 2.509249700000000161e+01 1.336693638667003086e+02 1.045546643765937311e+00
1.295191499999999962e+02 3.220691300000000012e+01 1.163261802533443330e+02 1.245733780208389874e+01
1.222112300000000005e+02 1.084067199999999964e+01 1.235134874550113011e+02 7.237127569975976726e+00
1.072066800000000057e+02 2.882234800000000163e+01 1.263716355402073646e+02 2.934604266266810590e+00
1.148343050000000005e+02 2.582363300000000095e+01 1.300649462096806701e+02 2.194321207166408882e+01
1.015828300000000013e+02 3.012794999999999845e+01 1.288825324400231125e+02 1.802024320707875660e+01
1.174418639999999954e+02 1.991549499999999995e+01 1.273337761884942267e+02 1.267997241169131151e+01
1.063831100000000021e+02 8.929643999999999693e+00 1.005328569263745067e+02 2.024249431402886934e+00
1.013173800000000000e+02 1.780067999999999984e+01 1.078644190780422178e+02 2.539009577350611124e+01
1.078730850000000032e+02 3.194168000000000163e+01 1.143353902889176084e+02 4.763799447337668802e-01
1.207382000000000062e+02 1.915753600000000034e+01 1.164316866996814213e+02 2.357907513867235849e+01
1.060799499999999966e+02 9.110470000000000512e-01 1.173079047845278780e+02 1.817940391399619671e+01
1.132784039999999948e+02 2.408719599999999872e+01 1.365341997333072470e+02 3.536119656352321172e+00
1.040049199999999985e+02 2.438359600000000071e+01 1.154064001871488756e+02 2.483090390788310131e+01
1.264986999999999995e+02 2.455890000000000128e+01 1.230299185814210574e+02 3.618847376939687832e-01
1.305723099999999874e+02 3.448748799999999903e+01 1.156816369860094085e+02 2.658149206657625285e+01
1.029471499999999935e+02 1.203110299999999988e+01 9.267264270100029933e+01 1.823436152746130290e+01
1.080707699999999960e+02 1.541756700000000002e+01 1.123302101756907518e+02 2.268909523730099309e+01
1.182651900000000040e+02 1.205452299999999966e+01 1.068705465031596731e+02 1.547401778442792519e+01
1.349317599999999970e+02 1.207422299999999993e+01 1.167554360867271157e+02 1.635106873557899121e+01
9.987552999999999770e+01 8.232086999999999932e+00 1.171770830465119104e+02 1.932472557634759269e+01
1.281042500000000075e+02 1.263489599999999946e+01 1.322853261919053978e+02 1.858166364625035882e+01
1.153614500000000049e+02 1.834740400000000093e+01 1.235824562260208239e+02 2.562849134811438390e+01
1.286587700000000041e+02 1.192577099999999923e+01 1.085928843185573669e+02 1.682691032116714425e+01
1.287615499999999997e+02 1.689361399999999946e+01 1.368636499858649245e+02 3.062332967141153972e+01
1.082674300000000045e+02 2.621295500000000089e+01 1.035889313421952380e+02 1.907184908788371214e+00
1.114765500000000031e+02 2.000540499999999966e+01 1.373753135796891343e+02 1.405194876554378958e+01
1.002700300000000055e+02 1.703686300000000031e+01 1.243380437345802534e+02 1.955888307255807490e+01
1.195968249999999955e+02 1.992211299999999952e+01 1.182402031523454724e+02 2.307922456435724357e+01
1.053158899999999960e+02 1.049280700000000088e+01 1.203084265845103573e+02 3.057827074447077109e+01
1.286794999999999902e+02 1.162912799999999969e+01 9.335576429987844449e+01 2.478962620255326854e+01
1.126016500000000065e+02 1.711163499999999971e+01 1.333241856780347803e+02 9.033251604239245225e+00
1.134008259999999950e+02 2.899073999999999884e+01 9.597515959456008261e+01 4.307920887547003197e+00
1.085890660000000025e+02 5.622329999999999828e-01 1.055983125881399474e+02 3.345030909017877718e+01
9.897588000000000363e+01 1.434022700000000050e+01 1.302644856007699161e+02 1.538980895852252928e+01
1.014903900000000050e+02 3.396592700000000065e+01 1.151548681578076554e+02 2.876052987176514719e+01
9.639709999999999468e+01 2.889318000000000097e+01 1.135647539997607680e+02 2.333632416118097552e+01
1.074369499999999960e+02 2.925465799999999916e+01 1.378764320626899007e+02 2.851950202748798802e+01
1.237547799999999967e+02 1.402938000000000018e+00 1.073521378871992624e+02 1.333677210308498751e+01
1.074301300000000055e+02 3.293291500000000127e+01 1.007472230524685131e+02 3.080416129108289169e+01
1.323020500000000084e+02 3.039486999999999828e+00 1.203948624674050478e+02 5.756139224542633492e+00
1.210836500000000058e+02 1.404887100000000011e+01 9.367534254628266410e+01 5.367312174130491442e+00
1.036124999999999972e+02 3.156100700000000003e+01 1.038474675917582033e+02 3.125838902793219631e+01
1.049673540000000003e+02 2.282041399999999953e+01 9.767627420933908411e+01 2.212231654950437942e+01
1.374745599999999968e+02 3.138292099999999962e+01 1.327858093787747578e+02 2.930520525663462106e+00
1.092677800000000019e+02 3.181741999999999848e+00 1.174169263886936676e+02 3.204185037851619455e+01
1.047877660000000049e+02 2.743140400000000056e+01 1.038238584042367734e+02 1.520500723074088256e+01
9.288236999999999455e+01 2.260556000000000054e+01 1.082724059145738806e+02 8.535937221995080648e+00
9.974796999999999514e+01 3.379717300000000080e+01 1.039544912168622801e+02 2.795591138904116946e+01
1.031240300000000047e+02 2.424801599999999979e+01 1.045092958317231648e+02 2.827020572563638368e+01
1.134188099999999935e+02 1.023753300000000088e+01 1.215216571371321521e+02 1.410160207721735581e+01
1.130060650000000066e+02 2.550459999999999994e+01 1.210993289977048732e+02 2.688706036019846035e+00
1.224305650000000014e+02 1.482882700000000042e+01 1.035668972546060900e+02 1.147094849974890352e+01
1.226914500000000032e+02 9.774010000000000531e+00 9.518226443550632609e+01 6.811796847035408220e+00
1.200522399999999976e+02 3.491102000000000061e+01 1.187240734754081188e+02 2.189393076198293286e+01
9.588267000000000451e+01 2.653397000000000006e+01 1.309279210695852669e+02 6.009339347489793148e+00
1.006839099999999974e+02 4.718844999999999956e+00 1.214899072942437357e+02 1.746996280891783826e+01
1.175967899999999986e+02 3.310830700000000348e+01 1.289919609160272103e+02 1.898876531770681453e+01
1.259750059999999934e+02 8.296856999999999260e+00 1.060431599191229139e+02 2.712007207608132475e+01
9.848784999999999457e+01 2.775841000000000136e+01 9.328949586972073860e+01 1.970288456241990005e+01
1.344432400000000030e+02 7.931499999999999773e+00 1.167651706721411955e+02 8.736520576359474433e+00
1.305737499999999898e+02 2.831986999999999810e+00 9.859091479895407417e+01 2.871706637520533789e+01
1.137061499999999938e+02 2.920176500000000175e+01 1.356048136879351205e+02 4.896244603754347224e+00
1.292556600000000060e+02 1.137209400000000059e+01 1.126363990521328731e+02 1.043569872438732382e+01
1.164115599999999944e+02 1.850963399999999837e+01 1.110012616912487999e+02 2.409256068683890106e+01
1.229745099999999951e+02 1.295093400000000017e+01 1.094912563748357996e+02 1.403374906827675339e+01
1.007646940000000058e+02 2.517087599999999981e+01 1.091923837400527617e+02 2.591795751179601837e+01
1.210841450000000066e+02 2.834050999999999831e+01 1.107304067681082529e+02 3.075720497365978634e+00
1.332452999999999861e+02 2.728622999999999799e+00 1.340720467769763786e+02 1.447003360836605879e+01
1.291559399999999869e+02 1.352395500000000084e+01 1.170334342633322677e+02 1.527991904025357606e+01
1.188353800000000007e+02 2.132730300000000057e+01 1.312128021741706334e+02 1.161499346768247953e+01
1.165112840000000034e+02 2.327571899999999872e+01 1.149867756899191136e+02 2.458479417817267532e+01
1.331451700000000073e+02 1.564029200000000053e+01 1.099294015805139395e+02 1.090286199105616483e+01
1.370245700000000113e+02 1.147566899999999990e+01 1.352031828942964751e+02 9.276184674167682331e+00
1.197064500000000038e+02 1.762339400000000111e+01 9.326734002552966274e+01 1.250483839001159048e+01
1.159619799999999969e+02 3.274969500000000266e+01 1.182384541186152660e+02 3.343589660759875670e+01
1.221295800000000042e+02 8.650660999999999490e+00 1.238185053558883908e+02 2.672166429709314173e+01
1.196812299999999993e+02 2.088022600000000040e+01 1.237033600527334016e+02 2.894371097671361426e+01
1.068494100000000060e+02 1.800854100000000102e+01 1.334732285759696992e+02 9.321678468235091941e+00
1.093217539999999985e+02 1.300310099999999913e+01 1.073699709950635679e+02 2.181925994187805884e+01
1.135725199999999973e+02 1.487359700000000018e+01 1.154856184862170210e+02 2.250085824775305454e+01
9.893878999999999735e+01 2.680315399999999926e+01 1.223809630937221726e+02 2.160716754129464334e+01
1.178697700000000026e+02 2.086379200000000012e+01 1.156945204570493075e+02 3.469035311056607185e+01
1.221725399999999979e+02 1.971065000000000067e+00 1.148182331663551849e+02 2.654234962208244042e+01
1.148329200000000014e+02 2.281423799999999957e+01 9.470734046345725687e+01 3.058941951966776074e+01
1.003582999999999998e+02 2.007404500000000169e+01 1.049422119804548004e+02 3.040255842237484352e+00
1.130678500000000071e+02 1.070391300000000001e+01 1.178636577148968883e+02 2.509800910991257350e+00
1.294410000000000025e+02 2.921653200000000083e+01 1.070253349389290634e+02 3.448111918997120284e+01
1.152771500000000060e+02 4.479098999999999720e+00 1.098440571938212287e+02 7.590840166666360744e+00
1.015794000000000068e+02 7.872015000000000207e+00 1.349106080770585265e+02 1.081892186339993778e+01
1.221657000000000011e+02 3.453664999999999985e+00 1.297668366900905426e+02 2.834522591813874115e+00
1.195463639999999970e+02 2.841035700000000119e+01 1.220655148988019931e+02 2.356773640310370865e+01
1.231007100000000065e+02 2.744201500000000138e+01 9.442148338017619835e+01 1.244257686916810357e+01
1.066582599999999985e+02 2.877814700000000059e+01 1.337645292183647143e+02 5.281013012628430481e+00
1.044074200000000019e+02 1.407581799999999994e+01 1.223351774082325960e+02 5.058959570209452750e+00
1.259232559999999950e+02 4.161654000000000408e+00 1.165883450167783479e+02 3.014333746534610015e+01
1.365753499999999860e+02 3.356936300000000273e+01 1.324581108379183547e+02 5.913019699712357413e-01
1.130844799999999992e+02 1.852679300000000140e+01 1.261056829454129939e+02 2.850879255309951787e+01
1.022638800000000003e+02 3.262707999999999942e+01 9.943986751476755614e+01 1.055710640999309291e+01
1.333230000000000075e+02 1.215278799999999926e+01 1.122495305064788624e+02 2.696931509833040508e+01
1.139247359999999958e+02 2.117171300000000045e+01 1.261023579842640174e+02 1.641430590213536789e+01
1.086584299999999956e+02 1.116496899999999926e+01 1.103608898989430145e+02 2.872284757182142911e+01
1.132667699999999940e+02 2.412417599999999851e+01 1.277124249671608709e+02 3.462045114160161319e+01
1.118623300000000000e+02 1.493086300000000044e+01 1.061520458280157868e+02 2.836640090913099499e+01
1.231192999999999955e+02 3.669859999999999900e+00 1.356078744982378339e+02 6.876361487585600507e+00
1.066743699999999961e+02 3.105507700000000071e+01 1.186466740587923567e+02 3.154976128066902064e+01
1.228618239999999986e+02 3.672254999999999825e+00 1.057162655658371477e+02 2.268737414578092881e+01
1.225821150000000017e+02 6.734340000000000437e+00 1.053721658163662909e+02 1.293317173996506853e+01
1.010747149999999976e+02 1.745857799999999926e+01 1.267359956744089828e+02 7.576993528560063140e+00
1.320423000000000116e+02 1.426623200000000047e+01 1.074518745566714131e+02 2.532896738264854264e+01
1.344861300000000028e+02 1.449819800000000036e+01 9.481881074380206087e+01 3.197927810057477416e+01
1.165767299999999977e+02 1.286235699999999937e+01 9.768094150255224406e+01 2.688419924813276296e+01
1.370959000000000003e+02 5.531164999999999665e+00 1.089516922544176225e+02 1.244339380408362672e+01
1.048792499999999990e+02 1.661124399999999923e+01 1.057981498145578598e+02 3.066384512995835365e+01
9.234408600000000433e+01 1.566721100000000000e+01 1.279334985702408432e+02 1.642943165083410406e+01
1.166539499999999947e+02 2.553005200000000130e+01 1.068823671877712655e+02 1.841370629890656474e+01
1.175795600000000007e+02 5.611371000000000109e+00 1.176753474730185758e+02 1.584583462978013735e+01
9.446862000000000137e+01 4.517010000000000192e-01 1.045917873084853937e+02 2.662556764825638922e+01
1.065032039999999967e+02 4.921710000000000251e-01 1.330808452933480055e+02 2.970525628888252356e+01
1.120615540000000010e+02 2.049053999999999931e+01 1.043336501730586008e+02 2.908773094048195773e+01
1.205678249999999991e+02 2.621988100000000088e+01 1.243612799085255745e+02 2.289717065713627520e+01
9.918323499999999626e+01 1.574674699999999916e+01 1.267716347176613851e+02 3.455114370998304452e+01
1.169782000000000011e+02 4.263942000000000121e+00 1.361918001407721874e+02 2.102195240782948105e+01
1.019945450000000022e+02 1.624662599999999912e+01 1.122659867865847332e+02 2.074831674819033189e+00
1.165043500000000023e+02 1.716985000000000028e+01 1.281523436996806709e+02 1.363833128929886618e-01
1.034284499999999980e+02 2.847408899999999932e+01 9.773912774855850216e+01 2.807921070343374126e+01
1.205464199999999977e+02 1.931105200000000011e+01 1.281339629920370271e+02 1.338606522804523991e+01
1.123588600000000071e+02 5.283899999999999708e-02 1.285787923830720842e+02 6.687853983601166341e+00
1.314515000000000100e+02 1.002607700000000079e+01 1.004204004468834910e+02 9.030535579350711828e+00
1.101968499999999977e+02 2.375801699999999883e+01 1.317368757292585997e+02 1.834594373454395466e+01
1.351008600000000115e+02 2.345284300000000144e+01 1.329659709125448330e+02 3.012688632592372073e+01
9.911983499999999481e+01 3.033258400000000066e+01 1.108639565699837419e+02 9.799083069613748975e+00
1.073838200000000001e+02 2.117361000000000004e+01 1.076347298314506418e+02 3.807565540194452147e+00
1.293635400000000004e+02 1.894171000000000049e+00 1.087190010985530080e+02 3.406020129875112445e+01
1.281656299999999931e+02 6.427754000000000190e+00 1.252461245210836864e+02 3.000370215389447637e+01
1.179312000000000040e+02 9.954869000000000412e+00 1.032604977263162169e+02 2.658889113020875072e+01
9.755183399999999949e+01 3.184772999999999854e+01 1.132202068284060346e+02 1.825065994645638057e+01
1.109355999999999938e+02 1.694945099999999982e+01 9.985411334878742196e+01 2.463352513744930405e+01
1.005045199999999994e+02 2.882197800000000143e+01 1.042305815852011790e+02 2.691215794337229994e+01
1.108547200000000004e+02 1.948833799999999883e+01 1.123015369545360898e+02 1.058095321236245034e+01
1.038327500000000043e+02 1.301466800000000035e+01 9.717617818963854859e+01 3.972309621087541487e+00
1.162961800000000068e+02 2.799809799999999882e+01 1.221358236863589468e+02 2.552503761742065791e+01
9.515203999999999951e+01 1.569428800000000024e+01 9.961467364786906842e+01 1.668825519607119645e+01
1.219884500000000003e+02 2.734084500000000162e+01 1.368893730536725286e+02 7.663884317786674671e+00
1.283993499999999983e+02 1.234091600000000000e+01 1.224242308135711284e+02 3.087232970668059906e+01
1.048228900000000010e+02 3.249645600000000201e+01 1.062115687449643247e+02 1.393400292179928712e+01
9.954652400000000512e+01 2.725922600000000173e+01 1.098446883214618026e+02 2.415420567467716140e+01
1.365897199999999998e+02 8.289113999999999649e+00 1.213510551820011898e+02 1.222954190890060966e+00
1.006978600000000057e+02 1.544444200000000045e+01 1.171881923298778787e+02 2.290032830647412254e+01
1.205864299999999929e+02 8.516370000000000218e+00 1.215328113970895743e+02 1.541374109398351067e+01
1.063184499999999986e+02 2.189414199999999866e+01 1.256741865615142046e+02 1.840241206816876840e+01
1.082378199999999993e+02 1.562821500000000086e+01 1.106538517332767810e+02 2.648470724100700391e+00
1.302385099999999909e+02 7.992467999999999684e+00 1.071764236230522869e+02 2.191644921713487548e+01
1.020639400000000023e+02 1.681472199999999972e+01 9.869599968366564724e+01 1.977020455304425894e+01
1.346454300000000046e+02 1.258279899999999962e+01 1.101215107026050219e+02 1.114714982892908246e+01
1.078804999999999978e+02 1.347900000000000098e+00 1.253697789846068105e+02 6.850699976387985224e+00
9.715987400000000207e+01 1.592667499999999947e+01 1.015993351870774006e+02 1.114123434542916158e+01
1.239427000000000021e+02 2.807401000000000035e+00 1.217050855594322485e+02 1.929923561978102597e+01
1.215274660000000040e+02 9.855489999999999640e+00 1.334095629169272854e+02 2.485692247652711728e+01
9.882135999999999854e+01 3.069462800000000158e+01 1.034126328743675742e+02 3.116094270806577882e+01
1.148044000000000011e+02 2.044948799999999878e+01 1.063279644929426979e+02 3.311097050921858909e+01
1.006064200000000000e+02 2.769523600000000130e+01 9.617461168771561120e+01 2.799811829735198998e+01
9.286606600000000356e+01 6.433735999999999677e+00 1.279109325525925982e+02 2.180927323997660494e+01
1.015848000000000013e+02 2.689655000000000129e+01 9.640528852411733851e+01 2.540482853296379062e+01
1.210699099999999930e+02 1.798126600000000153e+01 1.138154916110212156e+02 1.338706379158657178e+01
1.331729400000000112e+02 1.186766300000000030e+01 1.040242917986265923e+02 2.844459709055074725e+01
1.004048300000000040e+02 2.599754000000000076e+01 1.354461373863143763e+02 2.325198610064628113e+01
1.130644759999999991e+02 5.041568999999999967e+00 1.291178907311275168e+02 3.100015960274603088e+01
1.203130950000000041e+02 1.544907599999999981e+01 1.200021076018244628e+02 3.323729332584378682e+01
1.086714099999999945e+02 1.278264599999999973e+01 1.002188222903136818e+02 1.685262930491154520e+01
1.144742360000000048e+02 2.767989000000000033e+01 1.017312712759268152e+02 7.640970334149684184e+00
9.954317000000000348e+01 2.821960599999999886e+01 1.306804971568976157e+02 7.250515045726504404e+00
1.268122939999999943e+02 2.672148999999999930e+01 1.353502991974171437e+02 1.045318719898530802e+01
1.117770399999999995e+02 2.602037199999999828e+01 1.206781087492074107e+02 2.463141185175485859e+01
1.239107999999999947e+02 6.146923000000000137e+00 1.249150973080553229e+02 1.977368689308812222e+01
1.055970499999999959e+02 6.590237000000000123e+00 1.180363141378176692e+02 2.420230688017007381e+01
1.234565599999999961e+02 1.023036199999999951e+01 1.041440995775203930e+02 1.387826935386067362e+01
1.006795400000000029e+02 2.482919000000000054e+01 1.122899820068631556e+02 2.215535931080783172e+01
1.303382699999999943e+02 1.019772700000000043e+01 1.325258618195885276e+02 1.564273385635046587e+01
1.088749899999999968e+02 2.917879299999999887e+01 1.086402243848439184e+02 3.436023985595856090e+01
1.121307599999999951e+02 2.552255800000000008e+01 1.110534190602585198e+02 1.932266780319367427e+01
1.182972699999999975e+02 1.483025899999999986e+01 9.393114325770586959e+01 3.404982412197716712e+01
9.977344999999999686e+01 2.670044899999999899e+01 1.321764863359450430e+02 3.382289570848304550e+01
1.209513000000000034e+02 1.574554299999999962e+01 1.176108260173827489e+02 1.299061641859575644e+01
1.166653400000000005e+02 4.134577000000000169e+00 1.122425939379263156e+02 1.341775508494233726e+01
1.204627899999999983e+02 7.529904000000000153e+00 1.340927230375394004e+02 8.773307901515026153e-01
1.100269849999999963e+02 1.782430499999999896e+01 1.096772695953378474e+02 1.271958629296693921e+01
9.462124000000000024e+01 2.250560199999999966e+01 1.288951845158510423e+02 1.666081665438087001e+01
1.242736299999999972e+02 6.831006000000000355e+00 1.214883041400110244e+02 8.141274617412991299e-01
1.217343299999999999e+02 1.486597700000000088e+01 1.298718710285932048e+02 1.913180320866418427e+00
1.148769499999999937e+02 6.728119999999999656e-01 1.057794369675638961e+02 1.348169454080389862e+01
9.801369499999999846e+01 2.871176499999999976e+01 1.217001339187728206e+02 2.675723035595412114e+01
1.257966299999999933e+02 8.756054999999999922e+00 1.257193524334760184e+02 1.472241860785269552e+01
1.065750199999999950e+02 2.890432200000000051e+01 9.384345084170519158e+01 1.624082249627263508e+01
1.227775699999999972e+02 3.331928000000000001e+00 9.438340260635085599e+01 1.492098835556645220e+01
1.180998459999999994e+02 1.284827399999999997e+01 1.343280237985608778e+02 2.101437964196339081e+01
1.122994499999999931e+02 1.439847999999999928e+01 1.233055243079931529e+02 8.909859791292046083e+00
1.221146700000000038e+02 7.678874999999999673e+00 1.119155666072516340e+02 1.751748744995185803e+01
9.491244500000000528e+01 6.986594000000000193e+00 1.171208350465593639e+02 1.338255964933732756e+01
1.262176500000000061e+02 1.077972399999999986e+01 1.313009932771418562e+02 3.060523499163826600e+01
